3.938976327246008352e-02
3.794842577352007529e-02
4.963772568976931865e-02
4.366404790613888365e-02
4.169999506781441739e-02
5.026189179402990731e-02
4.409033359314919881e-02
4.322878639037322501e-02
4.535510752790448963e-02
4.602437111209646547e-02
5.033447677006344656e-02
4.277119668447137979e-02
4.525394471087441917e-02
4.800643489882361337e-02
5.060227794985138611e-02
5.012836775309196385e-02
5.352773020770035944e-02
4.627437523106747719e-02
4.859514823982909182e-02
4.890492483845632066e-02
5.160518458469682407e-02
5.190136281239322857e-02
4.667914711774824588e-02
4.379238401236437012e-02
4.828628695348301941e-02
4.551869747337845828e-02
4.454285804000728682e-02
4.478161330086582320e-02
4.343862771428805281e-02
4.485275114629907328e-02
4.215275707869835242e-02
4.341300986144742274e-02
4.486063654371559573e-02
4.942926149701613175e-02
4.628393484329296897e-02
4.844728322067933662e-02
4.443742159457632346e-02
3.994172624626174395e-02
3.873573714874752050e-02
4.153614191289051183e-02
4.135772737602874671e-02
3.620454707429976438e-02
4.192077215626856951e-02
4.344626122677323204e-02
4.239444226155124340e-02
3.527773113859937471e-02
4.111072864160864038e-02
4.349945242362530939e-02
3.188852942987516204e-02
3.606942321169004373e-02
3.508482753566041779e-02
3.564540670331303729e-02
3.373385947725326267e-02
3.781930138771576189e-02
3.150177110016513099e-02
3.951365349500845364e-02
3.760643155988182412e-02
3.605987147208233184e-02
3.689959936901558712e-02
3.163911625240257985e-02
3.236153943546588724e-02
3.354735438473920028e-02
3.011657180883625662e-02
2.877391836201623199e-02
3.468504003724681706e-02
3.002904057199378904e-02
3.254855309848984912e-02
3.231464983295262439e-02
2.645494135952960318e-02
3.328037863157111420e-02
2.856896879840461687e-02
3.411291359960451353e-02
3.043753048202621839e-02
2.327953233211281156e-02
3.202246551628977478e-02
3.077994111929491933e-02
2.535561240954377349e-02
3.011360600422434072e-02
2.525092962775177599e-02
2.528987759099540072e-02
3.025133030108730775e-02
3.710982808230747082e-02
2.359463953456210697e-02
2.885170540082630450e-02
2.419211198056093678e-02
3.344200063237180026e-02
2.336638797538614226e-02
2.646742232792673871e-02
2.578445729098952782e-02
2.411916985578272526e-02
2.072664182308850411e-02
2.683791009048478934e-02
2.371686187192695999e-02
2.782912873046870447e-02
2.019721279252727902e-02
2.182505183073754976e-02
2.122955351693018439e-02
2.029464264098083254e-02
2.041287474603114757e-02
1.711324427718761976e-02
1.818458719438912491e-02
2.224354928741629003e-02
2.108675952736563386e-02
2.387022150687460528e-02
2.658803949010914158e-02
2.162658578295711606e-02
2.443556110447042684e-02
2.124615713231916420e-02
2.236910209440815672e-02
2.629359854870181104e-02
1.915012588202726421e-02
2.807738221248800778e-02
1.999137228168310423e-02
2.238872814809598696e-02
2.526313265798690866e-02
1.757345054380858931e-02
2.817296122395920172e-02
2.733429507735032904e-02
2.224993691523708891e-02
1.863642190974914778e-02
2.332671958174040855e-02
1.755425739172133612e-02
1.901850580903414328e-02
2.045067377461679339e-02
2.059565956999875533e-02
1.800361240885487921e-02
1.695660129911728820e-02
2.132202140739728261e-02
2.199842425859945688e-02
1.932965458376613085e-02
2.352346684787064504e-02
2.156252121260665219e-02
1.981011173451262264e-02
1.413320668674953803e-02
1.967839959673420291e-02
1.863622539324930744e-02
2.309311570606280284e-02
2.240932207208917379e-02
1.504386979421690890e-02
1.983925725813326726e-02
1.711731752790136493e-02
1.836949463542049063e-02
2.260138978260112230e-02
1.742183295676833291e-02
2.141259226180457914e-02
1.575969789261334741e-02
1.879777669146374952e-02
2.161098741013974325e-02
2.237111527811930928e-02
2.045155863177718081e-02
1.914688373262811438e-02
1.732211551407250930e-02
1.941769744122058897e-02
1.854685240631628873e-02
2.019792388139929340e-02
1.405509216888011989e-02
1.827867754090213570e-02
1.759435194332668873e-02
1.744578685871442034e-02
2.221059299934921918e-02
1.611061130033769259e-02
1.629489339484662888e-02
1.742434685922522944e-02
1.641989985064139929e-02
1.821778378584998012e-02
1.937897758073806043e-02
1.918296663386127171e-02
2.005417805328787648e-02
1.803033210318897780e-02
1.725789635285766496e-02
1.993353537268775788e-02
2.010545350357458363e-02
1.771149556831300154e-02
1.575422274015283661e-02
1.453261010412111760e-02
1.938564305886875463e-02
1.927300108791065239e-02
1.547778593692904908e-02
1.866666290583619825e-02
1.513976115861504976e-02
1.784403348546433066e-02
2.448266232155297747e-02
1.773201057757838733e-02
1.707293696777102687e-02
1.808186034361248043e-02
1.963098826502854277e-02
1.890589000711613218e-02
1.701177127540868042e-02
1.636331904481135371e-02
1.301506874612001416e-02
1.334132905073648345e-02
1.614920108945239532e-02
1.410804912891277553e-02
2.081428644107581952e-02
1.386938134193156993e-02
1.304601467083403403e-02
1.541634363194832776e-02
1.568538862949826751e-02
1.883097582567562142e-02
1.818226657737001539e-02
1.841152557555754410e-02
1.538046367065010710e-02
1.508065004246299072e-02
1.778979115873761951e-02
1.748249911323611003e-02
1.891482720766933176e-02
1.301036132104303744e-02
1.900377533808076530e-02
1.295319610894694884e-02
1.223690074186732472e-02
1.355538298257666190e-02
1.623162136032699557e-02
1.739711561800624806e-02
1.328092772195642660e-02
1.569592947550011580e-02
2.231930959252593355e-02
1.219763828336365742e-02
1.648139745850185980e-02
1.257822587831431728e-02
1.774796192853555707e-02
1.614122487061615124e-02
1.564674092453032309e-02
2.097342032439030932e-02
1.587392849595168492e-02
1.414667274366475554e-02
1.738916671899462529e-02
1.461573442891863153e-02
1.591474503202849541e-02
1.428118343098007913e-02
1.329133864099242730e-02
1.466299561555934293e-02
1.188146275317921753e-02
1.331333044466351603e-02
1.983689465626917517e-02
1.582591387532382432e-02
1.368261917274532329e-02
1.668381886913817072e-02
1.685257694724845781e-02
1.757494169687767380e-02
1.340854246202244186e-02
1.521554627057780662e-02
2.152908385379239189e-02
1.684420670855654376e-02
1.640293458257358755e-02
1.310965132832422886e-02
1.635817750764282860e-02
1.442686028140349568e-02
1.583904150990171969e-02
1.517160511912435221e-02
1.460496207372577980e-02
1.514294403073388265e-02
1.347753074432273164e-02
1.346375643918872045e-02
1.822050423375113498e-02
1.599777602185208092e-02
1.332092707947277015e-02
1.476306212693702206e-02
1.388174948636510843e-02
1.244540500318653750e-02
1.339542359094114156e-02
1.284234038269824185e-02
1.566631075444523818e-02
1.550823777675041162e-02
1.539194208890749642e-02
1.547358245211035398e-02
1.642464199342571346e-02
1.352783224003547592e-02
1.203539857930763235e-02
1.639282485408175005e-02
1.316498837833257607e-02
1.615290007466186131e-02
1.517759180869562678e-02
1.593808766649187567e-02
1.253270415797975990e-02
1.484322914919610978e-02
1.649659628192150576e-02
1.433179382909030922e-02
1.434392529377581833e-02
1.189022390237961385e-02
1.523935739933784776e-02
1.399620005285820770e-02
1.550744224067808832e-02
1.213714387830466118e-02
1.500216716574904324e-02
1.306366426745011328e-02
1.657442882174200993e-02
1.480396029350746108e-02
9.354819459291202621e-03
1.507248330060127588e-02
1.022395484005155473e-02
1.243473323779893495e-02
1.025533184310036851e-02
1.208069867395666040e-02
1.490362487807041919e-02
8.442605038695779815e-03
1.165651740527753367e-02
8.346230676449496733e-03
1.206454677764028614e-02
1.038635065474633780e-02
1.446343324751573484e-02
1.257783774214128736e-02
2.035044552235721824e-02
1.694507333449675121e-02
1.402249911179477386e-02
1.441827154247971379e-02
2.031200758871287010e-02
1.378686270126174181e-02
1.390657844214910656e-02
1.558060471871789386e-02
1.474862310494719914e-02
1.354171651956971589e-02
9.754687314202096365e-03
1.487310505677631560e-02
1.384307931278720184e-02
1.652325999417313118e-02
1.653659502095198436e-02
1.243051721645073784e-02
1.451774328779239197e-02
1.141487543038496866e-02
1.174908319465523682e-02
1.267959290768066322e-02
1.443421002562552541e-02
1.245099389988630484e-02
1.545834619307889270e-02
1.517390988162845358e-02
1.393686467649695587e-02
1.249814801029887866e-02
1.312873307779997833e-02
1.249419489506346445e-02
1.140833515114003487e-02
1.297895534965359289e-02
1.545983189901462690e-02
1.215113622497111280e-02
1.423145658706899928e-02
1.538297997347914947e-02
1.362045878394139292e-02
1.021523627204901606e-02
1.549251090766274805e-02
1.194895174819159134e-02
1.449843962716142708e-02
1.325557824282742360e-02
1.239177654056718494e-02
1.221386354341678047e-02
1.173160386514965174e-02
1.760900335257633079e-02
9.774713530295582598e-03
1.227182585640128332e-02
1.434946825097993713e-02
9.092402285465693915e-03
1.299617569326566233e-02
1.474276598606488742e-02
1.152974014904625290e-02
1.481938857621854268e-02
7.974487271503816546e-03
1.296215904251198439e-02
8.471163403297534561e-03
1.162127107149149921e-02
1.498994164047611974e-02
1.425315130049869747e-02
9.086665064609035850e-03
1.332609398409428415e-02
1.041261140135589514e-02
9.719560537391288071e-03
1.309421866012189066e-02
1.239254392471310535e-02
1.149297080747867933e-02
1.301414071837981960e-02
9.891043153260628551e-03
8.917996434357672308e-03
1.093091342821158295e-02
1.078147905303069622e-02
9.780247058354594319e-03
1.442084221610505715e-02
1.461587693015403873e-02
9.727803228101489230e-03
1.372835919113995877e-02
1.199504875497964945e-02
1.068323232082680693e-02
9.829071449070284419e-03
1.150126628998108386e-02
1.136865954259158248e-02
1.219147610691956839e-02
1.176551006036562902e-02
1.240231937026123159e-02
1.426292740831017029e-02
9.306488401706751110e-03
1.027662607649179605e-02
1.157194755637756811e-02
1.321748282681537746e-02
8.932162536072733514e-03
1.228373687709235530e-02
1.139076129488594130e-02
1.159410679406033991e-02
1.390297153377743206e-02
1.020233440531104555e-02
1.324316581083908977e-02
1.648994663509347272e-02
9.667630540718034557e-03
1.388681443934784362e-02
1.125732709720082304e-02
8.977286077399206088e-03
1.196879454141297136e-02
1.312322432697630124e-02
1.307608680336065470e-02
9.469334295883371014e-03
1.016647469696024299e-02
1.301615159318190822e-02
1.206742462360380248e-02
1.015245048078068993e-02
1.399942330611184810e-02
1.119667569900916794e-02
9.782941377173282049e-03
9.917762833608402898e-03
1.436918332078230762e-02
1.418377824166322521e-02
7.786102046349533193e-03
1.086119574810681492e-02
1.437044864947858297e-02
1.356588764717750646e-02
9.645275597310267249e-03
1.309476807183599170e-02
9.454314219802001373e-03
1.349452039007550085e-02
1.328604971938056670e-02
1.151742782223408139e-02
1.293861594853526996e-02
8.977519524841591839e-03
1.341833699059267158e-02
1.000854321240986743e-02
1.184868016036518153e-02
1.163560113029066256e-02
1.608874684595217389e-02
7.662258095353516665e-03
1.034627525759699955e-02
1.197927578558074038e-02
1.288535199211439559e-02
1.273094380415052025e-02
1.028511344747942355e-02
1.253997467118282347e-02
1.167475197687647438e-02
9.625093120281102282e-03
9.377437847089121689e-03
1.063744414621588079e-02
1.125500311663614472e-02
1.205228752277585393e-02
1.133511525360726691e-02
8.482151571022151712e-03
1.276058784195478225e-02
1.313066150154180642e-02
1.354271385927221204e-02
1.415250368803740340e-02
1.035527071963438309e-02
1.290077085983565644e-02
1.060327154252440653e-02
1.051053608290086934e-02
9.938279182186985500e-03
7.283773299214811245e-03
1.301233503318438220e-02
1.163453370348449187e-02
1.050518226709266749e-02
1.175024201182978296e-02
1.315162739576609605e-02
1.254659559710596950e-02
1.243778396768885873e-02
1.409036098690970469e-02
1.056224963306144106e-02
1.334060662936171690e-02
1.103252410473392654e-02
1.030322282244098414e-02
1.021379062057291114e-02
1.193688847023085219e-02
1.307167118328266854e-02
9.425816841980138444e-03
1.204220345015932607e-02
9.172693239895095968e-03
1.014600265508272016e-02
1.266772057080223397e-02
8.639050551084577825e-03
1.244723301926916291e-02
1.269807533318018447e-02
1.151044458679640128e-02
1.360390927835639606e-02
1.196973820563516748e-02
1.341821428903709930e-02
1.028606060964146196e-02
8.012179271697741911e-03
1.174532180015520726e-02
7.494781784908128783e-03
1.146311793552342619e-02
1.019475015206537140e-02
1.083835057002758770e-02
9.617665191142500333e-03
1.331202546358906981e-02
1.075745272023721257e-02
1.023970737468887088e-02
1.124084663993906059e-02
1.187831348692943920e-02
9.500913935511773670e-03
1.287532217094639921e-02
9.170589111947831037e-03
1.261821348771436507e-02
1.015502851020004885e-02
8.071895079843446896e-03
1.193195362130419074e-02
1.162756223037269589e-02
6.787139075013453107e-03
1.483181326195693629e-02
8.643102848135512939e-03
1.372106274092998839e-02
1.019219017205609708e-02
1.378803737110539593e-02
1.234001027244748146e-02
8.692065327198284647e-03
1.039760445468005876e-02
7.582874258387601110e-03
1.091279333873809015e-02
7.217496693892408270e-03
1.409256329150514707e-02
1.101431172029645154e-02
9.987290580968383874e-03
9.619963177013541450e-03
9.344841623437115732e-03
7.187840117802874254e-03
1.202156963774423173e-02
1.179596385156984895e-02
1.020620341936943724e-02
9.373695430194922684e-03
8.423418333041721162e-03
9.634688413637475593e-03
8.725811531252236630e-03
1.130361711580273043e-02
1.077195152171261071e-02
1.047205377437212225e-02
9.480404726598064269e-03
1.251557896061695173e-02
1.324174561269455923e-02
1.041840424608959578e-02
9.502722799774604087e-03
1.204883481370530064e-02
1.030311232619550085e-02
9.997421701716618231e-03
1.301995597237438212e-02
1.160880858273360440e-02
1.398560075614366065e-02
1.048379075557878508e-02
7.787928330915225295e-03
9.872925494649289688e-03
1.330138449627234556e-02
9.977501723512969753e-03
8.808792535648824959e-03
1.267867692280504402e-02
9.981339471975037708e-03
9.299545553488977948e-03
1.021525535545092685e-02
1.116724540754826522e-02
1.065686467065360410e-02
1.073062265646501472e-02
1.198620322812901651e-02
1.430083931933421454e-02
1.200925274356166861e-02
1.007967742222782431e-02
1.179036153390563765e-02
1.394928286647074446e-02
1.069156153485298182e-02
1.113666969209940391e-02
9.404574244500935737e-03
1.016492051119078158e-02
9.082730278102742888e-03
9.824689671380570227e-03
8.791191012524551124e-03
1.466688911947514572e-02
9.602276171435213115e-03
1.228152157330531652e-02
1.179979305192079345e-02
9.841994778046704931e-03
9.982467416612034877e-03
1.131480120001622861e-02
1.083708249257453113e-02
1.145639949996090159e-02
9.104968080596012245e-03
1.437721193370615838e-02
1.000942625718695064e-02
9.081570463551846828e-03
1.363946009708513589e-02
1.481247535592309685e-02
6.969026556778484122e-03
1.325294435641479786e-02
8.949197435109065846e-03
7.887387710362467677e-03
8.918562136185765460e-03
8.290169529863668577e-03
1.003609932190820120e-02
9.676264785699441665e-03
1.200412556383340795e-02
1.196644179022109469e-02
1.359132426671684837e-02
1.165572078979202134e-02
9.900460742255170338e-03
1.072971714951983548e-02
1.000744759258627090e-02
1.101145847675700715e-02
1.029067149546339897e-02
1.191796853613190897e-02
1.145170628203407044e-02
1.034548356313041984e-02
1.208118811215011697e-02
1.386168658871977585e-02
1.388150008135896792e-02
8.381033009642676820e-03
1.177313244839672118e-02
1.086435574255952170e-02
1.050101523009670107e-02
1.049661764915392308e-02
7.882923183853302387e-03
8.018887156506844527e-03
1.133890301084817046e-02
1.203666249409570364e-02
1.109200469371094365e-02
1.021358872913805810e-02
1.037373821905633771e-02
1.044344610993207419e-02
9.982538701914170018e-03
1.030288542270949535e-02
1.104990274378841487e-02
1.171285507679199062e-02
1.008744316403275762e-02
1.025796187474325473e-02
1.018021507936527938e-02
9.114669399052028123e-03
7.336707789807185402e-03
1.543543097445169987e-02
1.135360098911519788e-02
1.048920260299561133e-02
1.278209441963314499e-02
1.368515951589942964e-02
1.481208616868144763e-02
1.054857841495520678e-02
1.227941088805171131e-02
1.058767691214262605e-02
1.035244546328488967e-02
1.261876413954182187e-02
1.097127634382390887e-02
9.767930359583237507e-03
1.216084956122211527e-02
1.074273454001910787e-02
1.140346285906305643e-02
1.256811533415264255e-02
1.137521602970128706e-02
1.112127669476990245e-02
9.489582433394525007e-03
1.303232169767065685e-02
8.809568608698480768e-03
1.299269291656479468e-02
1.131272762057797428e-02
1.139054735824347221e-02
9.001605317869211184e-03
7.305810480850499430e-03
1.262229037970587046e-02
1.117937736384953980e-02
1.053426136151745622e-02
1.162844182642278588e-02
8.306284589017557535e-03
1.193772743037179243e-02
6.933899450539459351e-03
1.149575874344546320e-02
9.313202364157837157e-03
5.485095381660797312e-03
7.819603034446427972e-03
1.111913522603542523e-02
1.098205583041221914e-02
1.139053464437935446e-02
8.937520892116994006e-03
9.249099452144263211e-03
8.958256867402595441e-03
6.994866926025161691e-03
1.273829587081890327e-02
9.135365101184424880e-03
6.786542138974218860e-03
9.335187103774835946e-03
1.131950773715254162e-02
1.116830540321794851e-02
1.070101151959712560e-02
1.091755067023679471e-02
7.751986391899327866e-03
1.123027145963876108e-02
9.987529246813247122e-03
9.698128481511178456e-03
1.312723012264074320e-02
1.057313125092225817e-02
1.020235651550780755e-02
9.887745078145326882e-03
1.156966408524196660e-02
7.606274112907283023e-03
8.202928967657617185e-03
9.190128123015665895e-03
1.145210498695048255e-02
1.166542675208767296e-02
1.105732695056951820e-02
1.008619044034937684e-02
1.211145455448009445e-02
8.401191929620122761e-03
8.676423985247549292e-03
8.881287163193122072e-03
1.020829511566794315e-02
6.749188407237946205e-03
1.176670910291586700e-02
1.017439260425059659e-02
8.936654475821060109e-03
9.957924406806820811e-03
1.012688013479988089e-02
1.055226021168106584e-02
1.332304525436940612e-02
9.435849454204033385e-03
1.056480669703593368e-02
9.122132407241063598e-03
1.010102787273432605e-02
9.325532252503159966e-03
1.200448102127212383e-02
1.099797743298654498e-02
8.380435805300139387e-03
1.088733836387501680e-02
1.079419064781220010e-02
1.092823793483116597e-02
8.919650057569198862e-03
8.036231546930420674e-03
1.062970848993533175e-02
8.666019075026837673e-03
9.964685650347689799e-03
9.770182689234470363e-03
1.159241698363190284e-02
9.720077832467968401e-03
1.430059972798946623e-02
9.590778268413494012e-03
9.892528652495676672e-03
1.066131227817443232e-02
9.349604783379443854e-03
1.169145341284252675e-02
8.599009324837793289e-03
1.121074466115678202e-02
6.566459290878803867e-03
1.106071132567172828e-02
9.630876143514929127e-03
8.862402341490998800e-03
8.032245123700154643e-03
8.283016982770979864e-03
1.075251383455124929e-02
1.025789042491010578e-02
1.131798516080469857e-02
6.837456823482948066e-03
1.131368044784072241e-02
9.330686646537396031e-03
1.175609658832785405e-02
1.099372042895672801e-02
7.794774350274011158e-03
9.443802843095849484e-03
7.109663550084402948e-03
1.022434503645537618e-02
8.728452356720832819e-03
1.119903822100866073e-02
1.282607095531939842e-02
8.576603221537778057e-03
9.767346603865577001e-03
1.386724720800753922e-02
1.044668593786783270e-02
1.352057213774281001e-02
8.340413207734190607e-03
9.437287180482664337e-03
1.020084259703056377e-02
7.242953690790553123e-03
9.141326322354668965e-03
1.094722444738795673e-02
1.214784177536827950e-02
1.079190434394274034e-02
9.190502786782520778e-03
7.907141784581335139e-03
8.793232580209215526e-03
1.153469394916924705e-02
1.245612329093326830e-02
9.369706290626141423e-03
1.097555688751377170e-02
9.293567583470148039e-03
9.133104754833150374e-03
1.219451224839912008e-02
1.193315249895707773e-02
1.175603704866673947e-02
1.190276904961602190e-02
1.150933933933651065e-02
7.504282190703998739e-03
8.360112735207285081e-03
1.158261180940226183e-02
1.007669999665690083e-02
1.419025917741125256e-02
9.910838371118266266e-03
9.731756647387746970e-03
9.189588850035297629e-03
9.294280680059273034e-03
1.118221023146832513e-02
1.067553955366980223e-02
1.146285527953452670e-02
9.258275153781730243e-03
7.394366131365045884e-03
