4.887555822533668805e-03
7.130853351417584633e-03
4.194340001949327379e-03
6.868468377910891785e-03
3.441638871848203777e-03
2.911080596403985143e-03
3.000247081119260337e-03
2.686443995896480030e-03
3.747650603737452332e-03
3.444040904377106832e-03
2.226632314007062630e-03
2.029218444714296805e-03
2.688225289557420825e-03
4.236181225033476550e-03
3.031976939271180827e-03
1.761982446612214053e-03
1.802411726436343878e-03
2.323563578797573515e-03
1.687045334693204873e-03
1.213323126663974540e-03
2.853085422097753013e-04
1.247920932732333554e-04
7.502544538703909268e-04
1.357882719211644159e-03
3.930766416899795970e-04
1.451430558489612927e-03
5.898797537406570961e-04
9.595109350977398073e-04
4.664864638803303126e-04
2.551568900450303340e-04
2.834931947785123882e-04
2.690927528565408396e-05
1.487840748446796928e-04
2.226443221564717583e-05
3.427724997880151090e-05
3.889354418854695222e-06
1.627704931026356839e-05
9.277754665860010028e-06
1.603992361235465308e-04
2.313985726282784088e-04
1.432002474357963644e-04
1.262863933200622870e-04
3.939367613755683905e-06
3.189467794341303754e-04
5.223821289201227873e-04
2.488349380192999530e-04
1.872334442087108858e-04
2.008264247056121006e-04
2.522076834466191833e-04
5.284823282217929923e-04
6.063746863284810457e-04
3.812149052534266895e-04
1.301734633441730196e-03
5.393770196887139393e-04
9.079788427930789640e-04
1.176230163535363967e-03
7.441963032039426674e-04
9.429181437587070332e-04
1.735913326037997117e-03
1.314181396467697417e-03
6.341899941630895886e-04
1.085808399766071113e-03
5.199861545365615581e-04
1.232847328362041573e-03
4.844753634842079550e-04
1.152618117638695228e-03
1.657244363673213714e-03
1.639630968301751274e-03
1.056977258901607795e-03
1.087335231647930042e-03
1.455331309965079891e-03
2.466426928246563243e-03
4.951466647223709159e-04
8.214160009613836935e-04
2.249080826942158069e-03
9.386939321877378010e-04
1.721829171624419345e-03
2.387856624789857270e-03
2.582637274179950919e-03
9.383133620926395902e-04
1.578448409855551932e-03
2.479350923088822784e-03
1.559724041841772631e-03
1.766299146806955952e-03
1.696177167949622843e-03
3.418243009262452847e-03
1.591381216218884162e-03
1.411417302021697896e-03
1.152447626529720702e-03
3.007212222515166008e-03
2.077275989853219311e-03
1.843081197033646446e-03
1.479522763400370955e-03
8.000621676287371017e-04
1.657090594603945026e-03
7.810582385226196803e-04
9.534224244233842349e-04
6.003644567730549676e-04
5.956925037156531608e-04
1.320292565588907993e-03
7.551798583854184375e-04
1.829470054814680280e-03
1.226924673042234255e-03
1.416823722348060054e-03
1.461470649668811239e-03
2.990726826225661105e-04
5.697359384549711015e-04
5.778467802232644919e-04
1.492365561367474912e-03
1.669680124520323298e-03
1.198768541275301285e-03
1.630432142202398313e-03
1.753718221030939458e-03
1.881383984515810166e-03
8.434418206018113326e-04
1.297673881126169262e-03
1.746493428608755913e-03
2.413099767449333397e-03
2.257046662483588786e-03
6.790671288173475177e-04
2.328420390040080411e-03
2.394228657410345761e-03
1.456914151934975360e-03
1.756925203447755931e-03
2.528049459328916143e-03
8.379072158428278088e-04
9.453799349837814676e-04
9.272206958119115364e-04
1.306694264097328162e-03
7.358087826939697625e-04
1.224194942816281707e-03
1.918515696171649385e-03
7.995371310008817043e-04
1.028841059763417479e-03
8.741984309743208682e-04
7.168129723723446920e-04
1.479339138527864615e-03
1.521007712056797858e-03
9.791919045004002752e-04
2.138279699135757408e-03
1.535759091577165595e-03
1.603216954526932620e-04
2.288852188205130374e-03
1.383704092233896225e-03
1.369973214837080875e-03
9.080806499124016934e-04
1.652361885569818842e-03
7.254566065998361993e-04
3.908638642384365948e-04
1.163167754131269041e-03
1.196626129594492369e-03
5.316275674429341231e-04
7.257983734035532413e-04
1.128698592014584952e-03
1.959825132250482809e-03
3.946144699652474365e-04
1.369407641723079192e-03
1.772052606091038124e-03
7.412934567083222757e-04
5.190089914248315018e-04
5.797099134714431019e-04
2.291809033201863688e-03
3.355609958876011644e-04
1.974927866396989761e-03
8.838802523750333888e-04
4.322203811760813455e-04
8.410914554879222018e-04
1.076433085537444869e-03
4.199950670064058963e-04
5.339466274768962751e-04
1.796708712698391998e-03
4.212840787654102237e-04
3.052586908880193582e-04
1.557874948414863462e-03
1.303688560877530947e-03
1.437533197858865963e-03
8.810736597686974784e-04
1.970925853590068527e-03
1.590160843980667222e-03
5.230718191321498661e-04
6.979838729606088581e-04
1.114769657626380047e-03
4.915063204698063518e-04
7.938921650888527796e-04
1.878421982731840042e-03
7.664946828747048590e-04
1.277460786316999587e-03
8.121380662176202634e-04
6.229172707111769580e-04
5.055165250757063470e-04
6.254762105924068210e-04
1.297081611640262802e-03
1.899416373372300596e-04
9.699125951015100556e-05
6.687914292964950141e-04
2.129820753558102570e-04
4.384146247862897422e-04
5.043352041345439872e-05
1.095975326780411875e-03
5.955316209117801629e-04
5.962496151656893062e-04
5.689465634458569987e-04
1.891236881004141571e-04
3.588664839531960967e-04
5.043015593017833491e-04
1.846583319595797041e-03
1.158072899738545177e-03
8.877954199163828409e-04
1.001530264100367485e-03
2.888285556250421034e-04
6.223024238660679287e-04
1.707128243971903691e-03
3.752295325345768014e-04
9.065226085427378943e-04
9.119236855242022132e-04
4.231186034134253970e-04
4.710506634489352055e-04
1.653034434370621343e-04
6.385425601573939934e-05
1.546449795343784843e-03
6.516182537892907653e-04
4.698045062007963845e-04
1.317275053155063163e-03
1.769741019079778144e-04
8.842086357519750870e-04
9.575593575144694973e-04
7.427508363538299707e-04
9.767790946194447599e-04
2.723696503613484417e-04
8.890019983368952980e-04
5.507048686279797161e-04
1.192001172942726154e-03
1.599553714897543593e-03
5.651082418631384963e-04
1.283220625987959882e-03
1.091167949037284181e-03
5.615845940872550394e-04
7.275898727874525020e-04
1.247311173225685611e-03
9.279261232205269342e-06
2.231286181504656379e-04
1.402132254523255498e-03
4.152550971958211693e-04
8.280527727356466760e-05
1.110751169235858283e-03
2.017819048615199663e-04
1.685253847069703172e-04
8.759907923949581277e-04
6.791197237965249404e-04
9.484652669633741569e-05
4.037276079984737233e-06
2.616065842243343311e-04
2.567756949880795037e-04
5.605492330446296308e-04
1.299788070591882672e-03
5.616069065554707505e-04
1.437315513128347908e-04
4.726189556137145773e-04
5.139038762046387000e-04
6.225653293089670852e-04
8.683622536564166903e-05
2.761202158039929811e-04
2.555230441123777720e-04
8.204119201183942937e-04
4.197253047637353228e-04
3.125617046009221411e-04
6.508349229510509634e-04
4.879410475771959630e-04
1.291887825009084404e-04
1.612264526555233252e-04
6.656095961765944773e-04
3.036892201189452054e-04
7.571099464001319326e-04
9.026902423282931118e-05
8.074277952073497227e-04
3.288322136997074373e-04
4.587213216363903877e-05
3.047164746586926822e-04
2.285110354921022666e-04
1.935360378692289776e-04
5.195045700482767625e-04
1.654931494841751019e-04
2.117109397977574013e-04
2.185962529911331890e-04
2.526185164332900320e-05
3.801955368858712247e-05
6.254834900507759204e-04
4.514522120578472750e-04
2.498457875178991495e-04
1.657222593182284946e-04
3.943095259651239613e-04
1.212703027171594273e-03
6.391569152467258376e-04
9.491119226695619426e-05
1.529095618535066274e-04
3.381694562381763361e-08
7.529087846032772005e-05
3.065020366366998051e-04
1.891361832567928919e-04
4.227078025813148194e-05
4.847247380052703948e-07
5.287663994094351713e-04
3.649697228802913063e-04
7.331355254492517803e-06
5.326241606558943783e-05
2.122955775384487999e-04
7.067600380123470298e-04
2.317134147754684834e-04
3.481933865830067544e-05
7.280831292285966025e-05
1.391919271749150397e-04
2.947337626085154723e-05
3.552273138599198847e-04
3.363267465097503559e-04
6.289989857933303997e-04
8.094789776679023959e-05
1.539124526759530368e-04
3.465660017288325467e-04
2.440575230488280158e-04
9.569971667873914734e-05
2.613101550275923296e-04
1.640995534779089195e-05
9.072187942143811103e-04
2.662294621513289028e-06
2.213224889508775683e-04
2.134782908553892438e-04
8.669722008825728776e-06
2.099140993670865903e-04
8.288264207875135122e-04
2.200951662366835027e-04
3.562886056210545684e-04
1.275955637880484819e-03
1.893483140146232948e-05
3.080755207483211401e-04
6.293255535624532506e-05
2.051954808057390842e-04
1.975308926140307390e-05
1.111278662357341115e-03
2.239578373617461557e-04
2.323429882615532659e-05
1.544806701305145001e-04
1.470223279735456906e-04
7.830943041624030760e-04
1.759038993459761762e-04
1.571567234781593098e-04
2.288227472651127429e-04
5.169363396254643200e-04
6.679592229726604964e-04
1.512736093651869448e-04
3.159717846258081335e-04
3.305196197751837666e-06
2.355179423865461335e-05
2.161074168178657006e-04
2.921989790933484667e-04
4.986891122510132487e-04
4.486856003986125012e-06
3.938549001132548330e-04
4.167095528447396709e-05
3.217918369666844178e-04
6.249884621753994728e-07
4.457548616739172358e-07
3.092800120871513144e-04
6.642252924392044212e-04
6.589427987800487462e-09
5.478251107795469472e-05
2.090086808829713443e-05
2.531766392263819264e-04
1.870194490647114616e-04
7.886117866358145738e-08
2.403060812418599998e-04
2.341750538665500348e-05
1.253868514558729118e-04
2.627058056646112104e-04
2.608757631631824379e-06
4.226225472475550585e-05
2.301003176326881612e-06
1.712996896848354475e-04
1.010745226978692555e-04
3.080983148231777034e-04
6.960972344531046864e-06
3.497263011604742904e-04
3.690239875968684413e-06
1.037959431825235293e-04
2.062916686275232693e-04
7.034530848882773583e-05
2.523678829758225187e-06
2.537927302212190076e-05
5.224137741039651742e-04
2.854783754933378458e-05
2.446459509611442689e-05
9.644827872042630512e-05
1.690916484425084604e-06
1.437797395537509691e-04
3.450618808701608659e-05
2.028886583012990243e-04
9.957270967415272401e-05
6.442610171260652451e-04
7.907544410708058945e-05
1.625376605612460616e-04
9.027874853754210976e-09
1.119812021598936809e-04
3.809923631178027269e-05
3.719656784814394683e-04
1.607203230890943708e-04
3.148584351144056907e-06
5.726019456024695922e-05
6.829968725641623675e-05
3.236089170801969482e-05
9.136004337439475659e-06
1.884508855611417643e-05
5.161720463961971773e-04
2.245939889217772405e-04
2.817937710801836484e-05
2.632372327467442279e-04
2.988354113470641660e-04
1.822429919382219040e-04
2.816659478101991485e-04
6.923727136580883820e-06
2.972023158313217247e-07
7.839357253334988110e-04
1.005628474936263875e-05
1.101939600657940563e-04
2.799053962017873046e-04
3.786471841020957189e-05
2.950261920395109403e-06
4.503216794853727803e-05
1.000459642533872554e-04
1.436811288998885610e-04
2.674663741275604683e-06
2.587860969100035124e-04
2.941027439597889634e-06
5.857765927719595799e-05
5.411277550289789385e-05
1.494133089094369714e-04
1.463013616583791823e-04
5.507115960614006824e-07
7.290853495704952480e-05
1.481212155869051405e-06
3.429851473048753119e-05
7.418851304305352613e-06
1.449540897771303997e-04
1.391156269946994988e-04
1.811279436572273534e-05
2.924460779874285217e-06
2.210913248768970598e-04
1.048355178474648147e-04
4.119055147704421549e-04
2.014584525541068003e-04
3.061806821860451607e-05
1.613249277319166879e-06
3.649594487501182688e-04
1.539063203549201765e-04
4.809541342664520587e-05
3.679239062305423707e-05
5.857663977126389607e-05
6.853007478485523870e-05
2.817786270100092934e-05
1.066181597671785465e-04
9.335333667445571150e-06
1.089368376270574115e-04
2.144666009903149543e-06
5.079401906087756796e-06
1.141974211580482735e-04
2.733836897323070537e-06
2.157766602078025600e-04
8.051209187381117547e-05
7.072961933877273261e-04
2.452449299689640717e-04
1.031826972066116662e-06
2.451069443135730182e-06
4.348046824229285704e-05
4.923206117576296435e-06
1.134596705086924384e-05
3.617558746551759809e-08
3.610807112759196785e-04
1.815025066747742120e-06
1.891904193775736055e-05
4.648182747882767079e-05
3.709198885259503429e-04
2.181103950020819538e-06
5.247734773031311417e-07
7.850087700749661725e-06
1.379486595050987948e-04
4.122161803118007265e-04
2.362347961824573267e-04
1.242609596569375539e-04
2.268706892199446538e-04
2.347344994094962802e-05
8.791608723555604881e-05
8.915723613173780703e-06
2.569045718120767250e-05
2.297441598243270462e-04
3.397429464795715575e-04
9.371875082233439944e-05
2.614523459052202842e-07
5.358619516770688401e-05
1.276698217930723130e-05
1.555372560212484707e-04
9.870289641433047816e-05
1.041774035096856042e-05
5.717569799180209155e-06
1.669833870279684271e-04
1.117066255979954560e-05
9.829579884654992116e-06
5.085418296081076564e-05
2.916910277768986024e-05
3.394937091504015517e-04
9.732574250894862036e-05
5.825564292537841263e-05
5.060077729231496867e-04
8.945052255518674952e-05
2.320133209895996627e-04
1.966336171006635304e-05
3.843387183352143556e-05
6.969071424816142084e-05
1.430245640185312353e-05
3.697866938874905159e-05
6.193883044204813424e-06
1.414587488610130085e-04
6.509544242068293336e-05
1.056364657633571424e-05
7.851287260180046758e-04
4.013970772851559285e-05
3.181295968688266102e-04
1.637344082578333164e-04
1.117850235824324422e-05
2.121697137556149087e-05
1.165740626855382641e-04
2.147734343593923363e-06
3.115324317875287579e-05
3.641736871520225770e-05
1.409843694617742753e-04
4.646538772719993864e-04
4.616420811106148567e-05
3.592252599607213153e-04
2.162427788217473898e-04
1.083058000811642715e-04
4.478128461215891083e-05
1.851895813581970615e-04
3.320301804129304217e-05
1.236275785028097335e-05
2.888411306957220211e-05
4.538671715131715579e-06
4.432192187353410509e-05
1.475083835969407222e-04
2.839053197967323760e-04
3.797681187109024914e-07
3.122298635723036613e-06
5.913743693837486521e-05
3.371731979439660740e-05
3.810949986386525768e-07
1.966286470150610980e-05
9.521862271343178581e-05
3.646952760932322107e-05
2.028687562683784772e-05
1.875493449979250742e-05
1.682994345515417866e-04
1.021653513794060464e-07
1.478316418291988981e-07
2.307815784064965386e-05
1.328286807222451562e-04
6.907927799452774121e-05
2.839291119851758373e-04
2.934808613251545920e-08
2.744466183354506055e-05
9.675139391459962454e-05
1.063097817031782879e-08
5.293249959065633422e-05
7.478516965597279266e-05
1.755314712334335241e-04
2.005458083783313067e-05
1.720981059729272629e-05
2.711037110135373342e-07
3.131659988861113994e-05
9.797315037009707598e-05
2.835863858582658763e-05
7.947941471670990981e-05
1.032569265443134974e-05
6.526852741403319522e-05
9.940867274745249379e-05
3.274477348237810038e-04
1.994474311354457611e-04
1.060946636867144771e-04
4.722597431118885311e-06
3.589606241332536705e-04
7.379394972818105751e-05
2.861890526804445628e-06
2.228928299419311856e-04
2.095922097803073510e-05
7.750536733749908660e-06
7.180172598946446712e-05
2.670918250732815346e-05
1.276517573771638616e-04
1.162846911592316809e-05
1.219449609241196263e-05
1.700451343047718012e-04
1.630485670024902875e-07
5.638007946608982258e-07
4.061278015683451696e-05
7.223355517316702708e-06
7.850862655592215019e-05
2.232746797632493283e-04
6.802527818150555441e-05
3.184474231361722685e-05
6.183055263628627793e-07
1.663002349312026556e-05
1.934430683845765500e-04
6.096347519933571085e-05
9.002488978968574108e-08
8.077595692093036834e-06
7.679296791886159684e-08
1.698738803702827961e-04
3.669198559448949061e-05
1.229157180679255935e-04
1.865511606071206305e-05
3.373672902216046499e-06
1.368256436550782434e-04
6.243648231010012577e-05
2.808223646396309855e-05
3.479319016964751629e-05
1.874181884057250493e-05
2.006744750782222122e-07
1.301734867400252673e-05
1.788608467969807602e-05
7.247670636624735623e-05
2.028792931896217778e-05
1.839967756723561712e-04
1.663010411458110073e-05
1.742616470919056707e-05
2.290351199001477447e-04
6.454545987352154634e-05
1.579009400870039724e-04
7.593713343492996302e-07
2.867239046074088497e-04
1.802597623878028618e-05
2.361149673082388756e-04
9.392071414015479633e-06
4.269006617146227345e-04
6.298917064022580220e-06
1.583773941830555194e-06
7.084794344648516684e-08
3.892838843192002846e-05
1.995716243340480605e-04
3.277904982817949795e-05
1.229516559305936902e-05
4.658432614790541128e-07
2.300801042512651653e-04
4.335860414111465579e-04
3.102329742235608936e-05
1.049064666371749336e-04
1.280094985202094386e-07
2.906707750197384091e-05
1.179130767745817084e-04
7.905844592168521175e-06
6.116156920306291766e-05
3.158828195164108100e-05
1.505030249799449522e-06
4.644374169097816799e-06
7.732752509059435085e-05
3.628704908081789842e-04
6.669405038769484437e-06
1.228655343666953666e-04
3.382421617179235737e-07
6.224431380004279186e-06
1.641074504078290341e-05
1.893118342286782200e-05
3.553316008832356552e-05
5.777264824384420374e-04
7.221106278438302935e-05
2.683993252077511530e-05
4.187940939475888057e-05
8.540137188854322927e-06
2.095177342353529574e-05
1.086260623386338411e-05
1.751003811037642427e-04
1.717205439581145974e-04
2.691032755222348761e-06
5.986016062404082128e-06
1.249154829582037492e-04
1.428117584755913194e-04
9.693916410286109174e-07
1.553850937830018964e-05
6.241275082245360600e-05
8.910613576311553948e-06
8.022725595712905978e-07
3.873687828289912956e-05
9.987080642457817428e-05
1.047271597602992979e-04
2.919357927650348275e-04
6.754163842363133930e-05
8.757185900065426973e-08
1.130647804643921227e-07
7.005343675479013872e-06
7.246932194356765745e-06
9.254534230798720166e-05
3.421955751034746075e-04
1.139712175426393898e-04
2.937945296256779491e-04
2.556612416237867718e-05
1.789566834856214992e-05
2.601121981708732177e-05
3.005547050865189584e-07
4.323335710530832747e-05
4.436877051987321281e-05
3.978036712895960668e-05
4.212737875697303552e-06
1.018661826882367919e-05
4.649230068514704345e-05
5.837313265792150449e-05
1.062912270079408935e-05
6.178743423210139021e-06
8.276507075803620409e-08
4.498589572699742008e-04
3.454894680828269867e-04
4.206505893520952761e-06
6.362871022816518388e-06
2.568335924143064201e-06
1.029989680411144644e-04
7.044568266653024606e-05
1.240263096574381542e-04
1.305000598546652245e-05
5.245916163831821411e-07
1.298016378749548957e-05
7.032941060984237536e-05
4.262843728952457650e-08
1.051955098940861262e-04
1.406161012975525233e-04
3.537878789512564968e-04
9.792362175579607018e-06
1.715477620632296885e-04
1.339220416529682885e-04
2.327359302591687149e-04
3.517349735964026935e-04
1.030109125067812687e-04
1.132330764648111860e-05
5.310866553732152277e-05
3.355860520209792553e-06
6.230873555490847276e-05
2.716401055313000831e-04
4.454591204845703646e-05
8.421435050700452459e-06
3.206576899677861416e-05
2.211984012716660742e-04
2.215668058223535324e-04
3.783444201245784604e-06
8.903500846956741784e-05
2.644163950505816477e-05
1.462604844543202968e-05
3.149786777875719364e-04
1.491074484378087988e-04
2.850269909127460814e-05
1.114419013585293281e-05
7.231470960670783850e-05
9.725319138709676866e-06
6.205492551272473457e-06
3.110856984597755984e-07
1.278570463908563994e-04
1.629969710550002934e-06
1.482042210488881131e-05
5.320498405490800074e-07
5.409647061843233353e-07
2.290728668791119964e-05
1.337320140549146380e-05
2.624181540025505603e-04
3.194633267511897453e-05
6.045346402471178101e-05
3.370272605698898267e-04
1.935591109449214843e-04
5.319449245236915593e-04
2.384428858655324849e-05
6.780963356860481730e-06
3.248378917785580832e-04
2.751711086030078177e-06
1.262084860114843823e-05
2.597245463815291478e-05
8.821012979780866123e-05
5.789347577929183512e-05
5.002866597183590168e-05
1.004162343259055307e-05
1.066867465470450503e-06
3.541153466286184952e-06
1.427000062128607880e-05
7.919295995398272891e-05
7.102780840110080562e-07
2.275631632131346743e-04
2.847140014847371160e-05
1.799655994933399279e-05
1.625596921669546387e-04
1.512510182569024756e-05
5.010370203116347194e-05
3.844063570228630069e-05
9.796250662848434451e-06
2.089298801215514492e-05
1.016352928908691915e-06
6.433814911538238310e-06
7.055314965261172779e-05
5.161191540175806813e-06
5.532112857134905843e-08
4.080140181100790563e-05
2.237615797885723036e-05
1.793976304878437068e-05
