1.606139476694105894e-02
1.589672415155816282e-02
1.573587654745465733e-02
1.507234553551860257e-02
1.503070511168752912e-02
1.455894350045820913e-02
1.389674711436189938e-02
1.389498126364087718e-02
1.394879026489717101e-02
1.365521396548067395e-02
1.342371693720502759e-02
1.274144037660693458e-02
1.256164062031500141e-02
1.229614219423257396e-02
1.250065178080952619e-02
1.138851685147912463e-02
1.200785698933483706e-02
1.159049560882466530e-02
1.144454017393128041e-02
1.086431526502165852e-02
1.054309525710372605e-02
1.119207065260314354e-02
1.052323356283925773e-02
1.037380125411969597e-02
1.012278001060927524e-02
9.501503572836248607e-03
9.873338687097180100e-03
9.350823981188615894e-03
9.427756431210139454e-03
9.016978283019720652e-03
9.192910538464389714e-03
8.453648299594683502e-03
8.410439745241839182e-03
8.507551987102818236e-03
8.369692874221464074e-03
8.051436113941962125e-03
8.378020094193786363e-03
8.119366076401741961e-03
7.695387797729034453e-03
7.924114403711206289e-03
7.544877343818308206e-03
7.413704745950057060e-03
7.348360274582277016e-03
7.240630337928645639e-03
7.621646629526326183e-03
7.593473389135563939e-03
7.313725099403593950e-03
7.236802402921138806e-03
7.236965400762051734e-03
7.060914444850282211e-03
7.026009897131234479e-03
6.930873006958620901e-03
6.665594857332717352e-03
6.961516218762799600e-03
6.841254269110355266e-03
6.790338303760414321e-03
6.962883316473507563e-03
6.971953717752433360e-03
6.783940649968363441e-03
6.401587911442656841e-03
6.644264832213839060e-03
6.659585482123220671e-03
6.677921324020181203e-03
6.511172757798459367e-03
6.503103579762834624e-03
6.643603815392045212e-03
6.610858272886118055e-03
6.599555023876537904e-03
6.381791149165070426e-03
6.582742612281904798e-03
6.325183338437217334e-03
6.456004604239857364e-03
6.506540247804367197e-03
6.474702316055424602e-03
6.392050143332179274e-03
6.427425811839830236e-03
6.626611387245667090e-03
6.243905806073916931e-03
6.503990380713337016e-03
6.005733344204550357e-03
6.329939033611138750e-03
6.512139668114476192e-03
6.356198151167921466e-03
6.102484772356007309e-03
6.474261194226173591e-03
6.325745388624167374e-03
6.593803191443365144e-03
6.251904697731852298e-03
6.213095091135576592e-03
6.095687374121961516e-03
6.277420056886592360e-03
6.310060178754539964e-03
6.353629072991511667e-03
6.507279808488143115e-03
6.220154306545581761e-03
6.625902784811204226e-03
6.059074438175889032e-03
6.302100448991807859e-03
6.080601439456454448e-03
6.555656675401296506e-03
6.186555903256123375e-03
6.323795512276211145e-03
6.407788309137655777e-03
6.331270417153472309e-03
6.296608774437276006e-03
6.217856425307232912e-03
6.439505413809921974e-03
6.142563383341617320e-03
6.218839486113830924e-03
6.029622050541986501e-03
6.165945145807471064e-03
6.302593752860753337e-03
6.254551319758677556e-03
6.069022637296394782e-03
6.058755214083814782e-03
6.472038672806375119e-03
5.998552458389164177e-03
6.202064417526264618e-03
6.432922061853774479e-03
5.942100479621450701e-03
6.110639832628515788e-03
5.948764431030831301e-03
6.225645354949258491e-03
5.903290710821646609e-03
5.979537400247354403e-03
5.869876962555274635e-03
6.201589695998237749e-03
5.911483622661506919e-03
6.094919590899593002e-03
6.039305589099092444e-03
6.184275604947516054e-03
6.471668033793537278e-03
6.099055714465187461e-03
6.171915469364639209e-03
5.935163837887618039e-03
6.273650098976645863e-03
6.312904856545383490e-03
6.119934789826226608e-03
6.015687832374975834e-03
6.128727284712603800e-03
6.083582305789200957e-03
6.562269365877369982e-03
6.102404944262956529e-03
5.929039156962401073e-03
6.419460700267394515e-03
6.013879096095021450e-03
6.140068412359699600e-03
5.951658691654470971e-03
5.829734811381334994e-03
6.301565886554991169e-03
5.868969998061075548e-03
6.006575561459361751e-03
5.979518531577884648e-03
6.100196685453846898e-03
5.914100894668736924e-03
6.146671521780237325e-03
5.923997567261568738e-03
6.013022771088148005e-03
5.845628544361367029e-03
5.938336052198806697e-03
5.850817686940285381e-03
5.999826342437609289e-03
5.865540677522482378e-03
5.893654405085265585e-03
5.866732619121248563e-03
6.208800847451033389e-03
5.971732632686604057e-03
6.190406120612777438e-03
5.779688780636055637e-03
5.793267295049669974e-03
5.985725017910693661e-03
6.020792784456933944e-03
6.051460131327910177e-03
5.966388909707471232e-03
6.027602614848765611e-03
6.013873116132877061e-03
6.019933348194761967e-03
5.727402392386367683e-03
6.158423620568093115e-03
5.934618332220231371e-03
5.913869420072936922e-03
6.242302405863971691e-03
6.308229608627143742e-03
5.791973930435497485e-03
5.757828040847617380e-03
6.013559967166506523e-03
6.021936830310083144e-03
5.727382661192184816e-03
5.883462156152386921e-03
5.966404274856239136e-03
5.889758659259451863e-03
5.788335515930448892e-03
5.993468097161647710e-03
6.323371638178114894e-03
5.745525824680281987e-03
6.157886457139529791e-03
5.881448756369319665e-03
5.743086390530540743e-03
6.103499126865281378e-03
5.983841593538625526e-03
6.266207618023991559e-03
5.906077202722386649e-03
5.859779421442144927e-03
5.964648138810451326e-03
5.996877321295814890e-03
6.132040251890645555e-03
5.779256308632753011e-03
5.933535066779585532e-03
5.784083148497719089e-03
5.875730980290223143e-03
5.933959340828482559e-03
5.833166146112718151e-03
5.930366679444624978e-03
5.650479192340376183e-03
5.834924503993467633e-03
6.032918549900927706e-03
5.981248617891348970e-03
5.978738343172255304e-03
6.027811389148159983e-03
5.841192688958484272e-03
5.986229694474572496e-03
6.235628623651425645e-03
5.992302294331207542e-03
5.979021106479733179e-03
5.983919973738716265e-03
5.988762793595869480e-03
5.959112725619310214e-03
6.096888648499558701e-03
6.161201770763432076e-03
6.069413900109000420e-03
6.103758701131251074e-03
6.156734896530686139e-03
5.783661638887077627e-03
5.834129459432209688e-03
5.953714160851540128e-03
6.027548725327369107e-03
5.968368764517005196e-03
5.836175959123221686e-03
5.462334362067593034e-03
5.868024041153749142e-03
5.716230135562412086e-03
5.876671308785663683e-03
5.795213350395500389e-03
5.850603929310890620e-03
5.871865615517802076e-03
6.013117077562734128e-03
5.870058648514817415e-03
6.077198284926714836e-03
5.850941355801797875e-03
5.773151908290977824e-03
5.817565312367258164e-03
6.218651503955791547e-03
5.822476049617737910e-03
5.919628101318411689e-03
6.081899934030505703e-03
6.086504573819637165e-03
6.084464659397768524e-03
5.885662540417702614e-03
5.994902678500948871e-03
5.925882902484094772e-03
5.963594520900888409e-03
6.289805764141319540e-03
6.151367581470763499e-03
5.975477240295073642e-03
6.052109126315936838e-03
5.900842183844414411e-03
5.896908656634059810e-03
5.894780303789518353e-03
5.989090248671025477e-03
5.868971987936969816e-03
6.010863162854639466e-03
5.928566298795771676e-03
6.122560624951018868e-03
5.795212947039195435e-03
5.992393577275296514e-03
5.968772968335460220e-03
6.102241400758283765e-03
5.838670253436139927e-03
6.180874357914731103e-03
5.913044756491589969e-03
5.919954508665467227e-03
6.093840717366015222e-03
5.819165816227738451e-03
6.519320595285292737e-03
6.031708145378473357e-03
6.045970359142012474e-03
6.041831607684704751e-03
5.562634717267946755e-03
6.239259749634907572e-03
5.863311514611981023e-03
6.114147908771597369e-03
5.971926149918110709e-03
6.004093537008359065e-03
5.910859729835766553e-03
5.714817799113801680e-03
5.849250403922866791e-03
6.012341921160017227e-03
6.198471009763366867e-03
5.943989679307754362e-03
6.448695196782314350e-03
6.370116471852529591e-03
6.063233027375068696e-03
5.998620862783713044e-03
6.287851386632918940e-03
6.165996661612547711e-03
6.110896523346532987e-03
6.268600942604566489e-03
6.215796974009364477e-03
6.103342886505751935e-03
6.115940559847326749e-03
6.313516215902254328e-03
6.248218541293364126e-03
6.269684372860621045e-03
6.115683651228994572e-03
6.127912089364607844e-03
6.143859996715635152e-03
6.096712752689741055e-03
6.018294397827493591e-03
5.962857032635652220e-03
6.306715386831161785e-03
6.254735552760353964e-03
5.992347804084767818e-03
5.911582552821090415e-03
6.133097042286809152e-03
6.162493593556740874e-03
6.112989479329325460e-03
6.166538720118636650e-03
6.331410468061906063e-03
6.205017035568666239e-03
6.328805515889262580e-03
6.253828684584629774e-03
6.224454585010729887e-03
6.260958710189684466e-03
6.219441584299873274e-03
6.359579230658838137e-03
6.280596068474766057e-03
6.263652031409440782e-03
5.802713845995957458e-03
6.267448768348930603e-03
6.543959777386686508e-03
6.374465129366844660e-03
6.210217725951370712e-03
6.148350778545459347e-03
5.983933462867164176e-03
6.095468730287316450e-03
6.363542528404917721e-03
6.092849652713582843e-03
6.267102353845068786e-03
6.142239129979116738e-03
6.097840376979591845e-03
6.354043025548625906e-03
6.297809325118565449e-03
6.299051490329716889e-03
6.269334159443814593e-03
6.178243950282990248e-03
6.167425944898139584e-03
5.968313417485391140e-03
6.324990626433838782e-03
6.160084573670558672e-03
5.803006365099652210e-03
6.267639588388766725e-03
6.221738743946092325e-03
5.648294291301496697e-03
6.217635726009802626e-03
6.336709283289638540e-03
6.191483849900556412e-03
6.359479950287324004e-03
6.461473740169990099e-03
5.796980272590547545e-03
6.261751994589874297e-03
6.529572924933440582e-03
6.240225280914018027e-03
6.346614178001602595e-03
6.442705562959213927e-03
6.061962870441039292e-03
6.136247332820567169e-03
6.111521709185937373e-03
6.019900668156063367e-03
6.040435232771907033e-03
6.360488189416129562e-03
5.930931430935976537e-03
6.210247560973621191e-03
6.406675464342453941e-03
6.768775826084481514e-03
6.491868694610452954e-03
6.307176147306496269e-03
6.180409674792309259e-03
6.144059963911310471e-03
6.127360411361583784e-03
6.257874692407705899e-03
6.140979506834277207e-03
6.395916866217889706e-03
6.225321993300772169e-03
6.402033421167312513e-03
6.318781524697053044e-03
6.476178997133756610e-03
6.436420221051558990e-03
6.253785661865098738e-03
6.218583704897378064e-03
6.305595645682853315e-03
6.008579791851540938e-03
6.455078241171759157e-03
6.426629416930963387e-03
6.292179161895161514e-03
6.400155192141049852e-03
6.362122394699649269e-03
6.243122300099789891e-03
6.371155585530904018e-03
6.122489649483231142e-03
6.242972999585039151e-03
6.254351530749191132e-03
6.159983195541987935e-03
6.372355257658304101e-03
6.296108290617851745e-03
6.047743641882367960e-03
6.541513869680505230e-03
6.226913690450025865e-03
6.424891444322562532e-03
6.228821704579631455e-03
6.085654062640135503e-03
6.320996874360888980e-03
6.035938776301813871e-03
6.329322936123565890e-03
6.416658537972923584e-03
6.350332586532533678e-03
6.143762506732533199e-03
6.201857759889782030e-03
6.193143564277566425e-03
6.217228818549509414e-03
6.051965402579450107e-03
6.429311799932059014e-03
6.339065318432836153e-03
6.503037344591259747e-03
6.565902171237082870e-03
6.412674803916273980e-03
6.328192490640526316e-03
6.312792126622460143e-03
6.479517880304480094e-03
6.344736939181171327e-03
6.480939916833384183e-03
6.303123685536832915e-03
6.218407017244147530e-03
6.377233391854045252e-03
6.428427478716296217e-03
6.320892407587539938e-03
6.322795527434580364e-03
6.240215650500826293e-03
6.440533491448082772e-03
6.320122806266886654e-03
6.266527687596147589e-03
6.006028240557233049e-03
6.190692256890300074e-03
6.404580706751952096e-03
6.443307817880852134e-03
6.431681721990187978e-03
6.026660616349346217e-03
6.376835320160489234e-03
6.203797280257668245e-03
6.547791576346226675e-03
6.385760419550676192e-03
6.440663100129412691e-03
6.273679985749707443e-03
6.431801366672142313e-03
6.471734494049903239e-03
6.419836722835635043e-03
6.395518451713427290e-03
6.418905064394192159e-03
6.433172456444843750e-03
6.087251194838505693e-03
6.366794999162693827e-03
6.273275120237373909e-03
6.431280600593770186e-03
6.478060196905756352e-03
6.535971048534335200e-03
6.181392617781490857e-03
6.412270828802929361e-03
6.377338625476478527e-03
6.308495293815745072e-03
6.298304925430047059e-03
6.478537747240101750e-03
6.365245669612858495e-03
6.492467047107228738e-03
6.373183291438593891e-03
6.224512799522817497e-03
6.163325481548313257e-03
6.361705556821472228e-03
6.334661515844079369e-03
6.232503375905668053e-03
6.192586788153192807e-03
6.000118979048044490e-03
6.186500924352467991e-03
6.616666264550549216e-03
6.191463495590764088e-03
6.132669168236438116e-03
6.429472308743614320e-03
6.538226964295899488e-03
6.334162834366136897e-03
6.755220396604595667e-03
6.216441448080305132e-03
6.158979190262395438e-03
6.575822664711039947e-03
6.330445828020596181e-03
6.480222215633563848e-03
6.326464312853434524e-03
6.442863985099415297e-03
6.189005853702009285e-03
6.271478734273054287e-03
6.430983338101799521e-03
6.381633999470807603e-03
6.243522817660141465e-03
6.451622603782599177e-03
6.266019853809665606e-03
6.569114740078633823e-03
6.582080528173741424e-03
6.642788711597128609e-03
6.337784583214000483e-03
6.095328515749969325e-03
6.396528415064291380e-03
6.752402236389445575e-03
6.505623624168990239e-03
6.593505021350118227e-03
6.432092046602215507e-03
6.609679693822248167e-03
6.314839716026048391e-03
6.286867629449615497e-03
6.149330850662493297e-03
6.230327877938400712e-03
6.345404300686346283e-03
6.730342405216292213e-03
6.379932777767741321e-03
6.143192472419071321e-03
6.483967296804203813e-03
6.077285961637196067e-03
6.524787943813174090e-03
6.188871136153359723e-03
6.282970703366055204e-03
6.582907529290494067e-03
6.456970234621751958e-03
6.190195158214198586e-03
6.250839378797695689e-03
6.230672431154711359e-03
6.175105002680605915e-03
6.399472194229432684e-03
6.538783249798055773e-03
6.672299893260843356e-03
6.349918697009664798e-03
6.346481931322750861e-03
6.383705736938875309e-03
6.494102799557394980e-03
6.308112176934101319e-03
6.207361494737221458e-03
6.050932704243203002e-03
6.445498710172501561e-03
6.367895481500828944e-03
6.422150524365768422e-03
6.287657597549616874e-03
6.405352196341798296e-03
6.274744430984802168e-03
6.478654541002364792e-03
6.505585259791427447e-03
6.511965275540093981e-03
6.165813522743276640e-03
6.098156040306937017e-03
6.362535148549317704e-03
6.436586884564061105e-03
6.223181024410663099e-03
6.567293175243091828e-03
6.118792302715192824e-03
6.696710220744518834e-03
6.379766005186584057e-03
6.687269806667467224e-03
6.055914954364133643e-03
6.192193156819254113e-03
6.127363663591099859e-03
6.194745716061610813e-03
6.434656973952284677e-03
6.741515767434046874e-03
6.158520770503317192e-03
6.671708292601005209e-03
6.376873856651321844e-03
6.391765210187954488e-03
6.580881898625543132e-03
6.431940833275671260e-03
6.461980452654270818e-03
6.305729410934696362e-03
6.443196583444684052e-03
6.007516963557614845e-03
6.358424618965673528e-03
6.377976572194177934e-03
6.423287764852242052e-03
6.419125568666345268e-03
6.079593766021555538e-03
6.345292277790381616e-03
6.555056993436916141e-03
6.338679021672846518e-03
6.390352804895696286e-03
6.527463142642965857e-03
6.525847327321292017e-03
6.153651605200003392e-03
6.347598184238426901e-03
6.425543850719508433e-03
6.435229388360217892e-03
6.493627237124547508e-03
6.324622378105246127e-03
6.327190342032683323e-03
6.347683362266324375e-03
6.178394471181620877e-03
6.287215778866401573e-03
6.413726756332630008e-03
6.389578844137415274e-03
6.273513612331698894e-03
6.345816462269866266e-03
6.360097312705905760e-03
6.248526374984437505e-03
6.324991531025892823e-03
6.364041577264094134e-03
6.210291141524899167e-03
6.512495705820951254e-03
6.559029984888237012e-03
6.348597147844461594e-03
6.030824758562947432e-03
6.396439184753438534e-03
6.790732323071621383e-03
6.226003390456378087e-03
6.419847743435979671e-03
6.011156265317625647e-03
6.160027889442858118e-03
6.338131166642083265e-03
6.333623884973041060e-03
6.819434611437137986e-03
6.451453379305966199e-03
6.291136942633968401e-03
6.400454753777731071e-03
6.392899728341649643e-03
6.760468717666307838e-03
6.294873241441836451e-03
6.586806771170755463e-03
6.308009467231032348e-03
6.337253054361038397e-03
6.421200054603345454e-03
6.562590845737979739e-03
6.403701743697053951e-03
6.360203142633604617e-03
6.444779116059212026e-03
6.450542686138632971e-03
6.254218871502688348e-03
6.415258234542434157e-03
6.236153859528638724e-03
6.378675576014724950e-03
6.125535285564032151e-03
6.526746945115435503e-03
6.325692425002392601e-03
6.221615549012875744e-03
6.313640730629157573e-03
6.368572246303507399e-03
5.962896734054252794e-03
6.277253593361863983e-03
6.200340482716773169e-03
6.311543791815036469e-03
6.288081387321042479e-03
6.289491539000995231e-03
6.427850072312358068e-03
6.502483239149210725e-03
6.383024694343188143e-03
6.065193112865174645e-03
6.238127086414592057e-03
6.367420370774220725e-03
6.326757197254078216e-03
6.234753844410370616e-03
6.284194261810517601e-03
6.451039213624722504e-03
6.557971120016313840e-03
6.098456884277638455e-03
6.320726509577183003e-03
6.150460722882108294e-03
6.391351478369748304e-03
6.465967466326402388e-03
6.339509781626698377e-03
6.253006163639691396e-03
6.417418076397762502e-03
6.433733222965842477e-03
6.451660706635621231e-03
6.237276257353631392e-03
6.648303296110189692e-03
6.415003745274682097e-03
6.501879934286618028e-03
6.471286831716384705e-03
6.433848269905850965e-03
6.146385422027880394e-03
6.240587198818318276e-03
6.286858368832661664e-03
6.068656803086986198e-03
6.338776005856003141e-03
6.318718106483695203e-03
6.361005208892911954e-03
6.297122567487848863e-03
6.426401193822633279e-03
6.217771019625545521e-03
6.177754423843084472e-03
6.479332131009470606e-03
6.381018076858936336e-03
6.353293273830409177e-03
6.107090911454844673e-03
6.459404210466754455e-03
6.452439857334535747e-03
6.599767838925514434e-03
6.410099574520881222e-03
6.432131203319773130e-03
6.364263827731072264e-03
6.496113044553380490e-03
6.404784935593029437e-03
6.218793179340750821e-03
6.437691090703136568e-03
6.108063548786264209e-03
6.215549753198020347e-03
6.665688447904926164e-03
6.294246043591439355e-03
6.287236793362048666e-03
6.469602648042475229e-03
6.539167115375586932e-03
6.202349654337756951e-03
6.572701562977739317e-03
6.731801003561417585e-03
6.441054682244690306e-03
6.449638604157260403e-03
6.483215840638536717e-03
6.404795255378691737e-03
6.443232395748340474e-03
6.556712160726637859e-03
6.363831603112782287e-03
6.396162076390318058e-03
6.434398240698375321e-03
6.334623113416770063e-03
6.200870271326429893e-03
6.562651117974476617e-03
6.693390018157515005e-03
6.445323852191439142e-03
6.169163741414508857e-03
6.105245173013865850e-03
6.228345480981944092e-03
6.460762168438547066e-03
6.290174889909775149e-03
6.086608203286817363e-03
6.201414341884389433e-03
6.632506403743999857e-03
6.560150956166098390e-03
6.299100048514420964e-03
6.236500733914749142e-03
6.173888209551343931e-03
6.526582188486202731e-03
6.343542484028209631e-03
6.531602465986646906e-03
6.513760956964831546e-03
6.475876376006022526e-03
6.373775364491364101e-03
6.401143421235206202e-03
6.330055660319168498e-03
6.332686205255386169e-03
6.377960876584609813e-03
6.394079507828201794e-03
6.416607399922957984e-03
6.492373931368330617e-03
6.348892180039191098e-03
6.495103604064108097e-03
6.470897255787671186e-03
6.242959459116071731e-03
6.452258021087479631e-03
6.146853922495383767e-03
6.182932559060119737e-03
6.249651121003054095e-03
6.318219727389506185e-03
6.277094642296816851e-03
6.150566055505868671e-03
6.254420878383167536e-03
6.486740684889945492e-03
6.439221800067232264e-03
6.460629678477576923e-03
6.331373712255228270e-03
6.214980868295028049e-03
6.181626294950283776e-03
6.363687735332587171e-03
6.323499696461812487e-03
6.631524183985779489e-03
6.482055225250809780e-03
6.830252354264639524e-03
6.663697216547108046e-03
6.540589305951942899e-03
6.271389946433118118e-03
6.374016462613518383e-03
6.314294655885038798e-03
6.486552253673447295e-03
6.222609123931016964e-03
6.240305204355576542e-03
6.624469925443785857e-03
6.537305279065779365e-03
6.276561180819404534e-03
6.486232105498044090e-03
6.333816467597912572e-03
6.496216158606931378e-03
6.565193335656306986e-03
6.348465449018615876e-03
