2.046179113529811387e-03
5.119354596900204616e-04
1.271152256985889385e-03
1.122620762932028922e-03
3.027979120211019178e-04
2.063579014478058356e-03
1.759508697429032183e-03
1.133661099004661674e-03
1.269479263608580284e-03
2.979310624216310356e-03
1.695918100036313469e-03
1.551854196900947450e-03
1.847596068881475354e-03
1.333981125805390336e-03
1.180139271273148013e-03
1.101547372160760138e-03
4.738326341270580324e-04
1.373715906595363630e-03
1.154080590389677287e-03
1.270894260883861449e-03
1.440880992204859141e-03
1.834418708904208759e-03
5.896675747858287327e-04
2.099743680443673464e-03
2.552178180223074310e-03
1.531404827865339531e-03
1.853866036794270125e-03
2.911597542021107828e-03
1.182457017159423010e-03
1.741898702584425288e-03
1.390818845009636311e-03
3.867017991591826381e-03
2.821476626271009723e-03
1.762161022264031483e-03
1.544674596494259372e-03
1.874908013538663463e-03
1.723717818168802067e-03
2.448205708213496267e-03
2.235971330057116412e-03
2.774647830259639129e-03
3.213474555659418235e-03
3.189474319316359680e-03
3.991124880861175207e-03
3.686564866948347993e-03
2.885629966154090557e-03
2.514656429808572076e-03
2.084903911966938094e-03
1.912515823711846393e-03
3.426161514072828193e-03
1.398052930473830035e-03
1.662186768579109603e-03
2.996238310839057211e-03
1.963709048666135906e-03
1.893908638035286633e-03
4.188250575172727287e-03
3.138089701196891939e-03
2.893716460554641903e-03
2.806107606321788309e-03
1.983516387883400151e-03
1.237237859115390779e-03
2.431604898410452339e-03
1.821416706076389594e-03
2.389285048974198935e-03
1.301212428435372407e-03
3.666771787037790935e-03
1.235581728743642606e-03
3.203252636370591388e-03
2.220648597036244641e-03
1.727385389628847533e-03
1.843723565373551381e-03
2.164527705594972932e-03
3.584702226935704544e-03
2.259015420181924045e-03
1.687527486161831142e-03
1.590747266055644957e-03
3.751791097893210879e-03
2.834934026911132068e-03
2.782881320270001128e-03
3.341238704657368760e-03
2.700603809828847849e-03
3.590615240377869211e-03
3.052825476372425344e-03
3.480227270963534830e-03
2.395178045976645211e-03
3.237982028715210257e-03
1.728900495927155907e-03
1.584146002205721751e-03
2.948111888095382178e-03
2.367403113497755594e-03
2.870585833121780048e-03
2.921213016862769189e-03
1.587586721757337479e-03
2.408625986046730987e-03
2.451076453677819220e-03
2.176396347236604634e-03
1.710688035798719813e-03
2.306242650506825503e-03
3.156733758216250310e-03
2.126143666487972494e-03
4.093114694817996668e-03
2.213610467924116525e-03
2.610896042538916537e-03
3.796477009396504333e-03
4.686035749934623477e-04
2.555210537277109988e-03
1.999797715479354789e-03
2.196613275243738429e-03
3.370503898486402854e-03
2.647726686452416597e-03
2.090611683511522587e-03
2.160553832920082684e-03
1.358562651526179152e-03
2.706745024696026024e-03
1.782430975523057728e-03
2.579141682390363906e-03
2.548322547858201947e-03
1.611219233980135503e-03
2.097972323530605983e-03
2.129316149271138874e-03
5.356654961127830725e-03
2.055838998357456537e-03
2.831960717169744284e-03
2.451073011174969164e-03
5.510329304792523260e-03
2.790224420409751285e-03
2.792456832482117981e-03
4.397820797854236873e-03
1.920711327959114586e-03
2.655333455105449159e-03
1.950485126882685848e-03
4.860244375275324380e-03
2.204704297850947937e-03
4.215887995046876252e-03
1.747422021000370274e-03
2.631378567732995354e-03
2.299275726114416354e-03
3.632581336785278229e-03
1.244104964606797866e-03
2.659115482483910553e-03
2.956896084770359659e-03
3.124036437584016938e-03
2.081481241162609890e-03
2.029291516719103176e-03
2.821202296656604748e-03
2.632441586475410458e-03
1.633169609319751192e-03
2.448082530523100139e-03
1.478355808908838774e-03
3.912403038315926881e-03
2.129734599949441136e-03
1.907379948049238785e-03
1.289254093845796246e-03
3.209892245815039544e-03
3.147666986865105612e-03
1.925731683737860137e-03
4.277772396021416179e-03
1.541231011083608535e-03
3.019376427966207442e-03
1.067254443706606949e-03
3.657926136522451476e-03
2.550011467951794966e-03
4.427683197777842680e-03
1.223829053422822435e-03
1.923404884036348118e-03
2.576738200195050066e-03
2.087466616018460262e-03
8.089930335119840249e-04
1.959051366952525505e-03
2.466606062175593760e-03
1.615967003003451492e-03
2.016366682964833030e-03
2.207989582888609387e-03
2.803159588487441015e-03
2.490104166039964692e-03
8.485922072956013753e-04
1.974885262196828927e-03
2.776691050288092669e-03
7.092068312292603219e-04
2.492699900573188635e-03
2.336111278795047468e-03
1.246990509814174071e-03
2.225563283589802963e-03
1.331040898600861170e-03
3.002908106966040505e-03
1.244327714942360021e-03
1.882443628553414315e-03
2.785367408941536414e-03
1.905201933765884306e-03
1.765830938864119395e-03
1.803242522630419883e-03
2.358810486296989035e-03
1.858400948752424132e-03
2.067965614305799539e-03
1.874179864896357130e-03
1.584244688194085546e-03
1.188314479331060080e-03
2.840476323898716206e-03
1.895512452522367473e-03
2.537937698046562919e-03
1.652791881105387245e-03
2.882402679303634665e-03
1.846499088716171922e-03
2.275758515526478398e-03
1.838007173449851929e-03
1.928615994023131445e-03
2.507563637486340605e-03
2.265624143565858790e-03
1.433816559717954794e-03
2.396328682338687809e-03
1.038034719541401684e-03
2.255758562367186741e-03
2.607529989258437677e-03
7.239954167795197059e-04
1.916470667869175958e-03
1.447848878306342646e-03
1.922791096402908309e-03
7.884991416294009296e-04
1.897304843037996231e-03
2.686460594350927305e-03
2.382285313349958005e-03
3.258475209464581791e-03
1.734457204817179288e-03
3.524458027118387675e-03
1.970716227962090138e-03
2.711617627674799223e-03
3.287969607147311121e-03
1.648246956043419257e-03
1.938547015080296487e-03
2.127078094385784473e-03
2.386057617599788173e-03
3.643215068367124023e-03
2.141888014018674454e-03
1.561891839760002568e-03
2.137901826821417099e-03
2.894768057831403549e-03
1.419306956133110790e-03
1.211115796008668940e-03
2.203585813116483959e-03
1.904613050896504988e-03
1.806053500757641471e-03
2.806999878555288541e-03
1.460076649881093857e-03
1.825231169509513272e-03
2.416137965375912081e-03
3.015264448798903995e-03
2.327029869840477414e-03
1.159536563112451056e-03
2.798028419861018062e-03
1.607751503622818290e-03
2.060196318781845354e-03
2.563125411844060456e-03
1.947899725909964198e-03
1.078024645505494018e-03
2.617104611781533290e-03
2.399934721518352711e-03
1.000953515073674640e-03
2.660730607310484060e-03
3.455112962217461725e-03
2.596690133104081599e-03
2.550893468591734683e-03
1.235220555683114087e-03
1.761411781603147058e-03
1.633513396079291176e-03
2.508961331346053984e-03
3.354518369578206056e-03
2.537360785256199264e-03
3.034763362340698462e-03
4.178165904918654076e-03
1.552942330753906766e-03
2.026041929499795835e-03
2.451580816710515701e-03
2.585020721534269771e-03
9.432925203494791971e-04
1.827399406590633942e-03
2.008964287513479406e-03
8.167974572187715982e-04
1.738068547484444013e-03
1.965647261773631471e-03
2.480246904165479653e-03
3.531524449990796222e-03
1.826592019022057730e-03
1.432869047087418409e-03
1.768525931474884162e-03
1.672501832755793425e-03
2.050357737782003073e-03
1.368672208318181963e-03
1.800416322140776723e-03
2.930482309407602716e-03
1.319928977916277413e-03
7.134995011182687684e-04
1.174419306394233449e-03
3.219030690018349211e-03
3.584318490707923046e-03
1.261878831898977571e-03
3.301706950156874359e-03
2.967502044516256900e-03
2.993579090935638478e-03
2.682494615284671414e-03
1.723235282701866735e-03
2.504772584712699427e-03
2.922356187326677693e-03
1.842963498720515819e-03
1.360892427833936295e-03
2.277535182419949174e-03
3.108472638663763079e-03
3.696587176225482000e-03
2.446903682627850785e-03
2.404160923976530074e-03
4.379682021838787048e-03
4.078553549671739935e-03
1.847929677608218992e-03
1.151509530306796302e-03
9.837243028059405349e-04
1.542644580700760397e-03
2.211061403827010302e-03
3.934718574116798616e-03
1.766237782753007088e-03
3.148223150273866174e-03
1.327302467953148926e-03
1.891037913071126446e-03
2.158351818027118025e-03
2.661561011502726944e-03
1.857214030492177186e-03
1.803215018059090404e-03
1.398692438220662873e-03
2.469098352587391874e-03
1.464858562098154786e-03
1.322444523103097173e-03
2.362405437566966315e-03
1.952707557501852115e-03
1.947408589459282899e-03
2.256696617929222423e-03
2.696414505847130518e-03
2.439746032849435427e-03
2.486964525975497026e-03
1.497111385776410787e-03
1.858659212884896479e-03
1.191672740411595490e-03
2.777284454024008149e-03
1.995698741015999172e-03
7.869545461365826545e-04
1.898895883221639975e-03
2.213046152535456251e-03
7.244752504280657949e-04
2.521926108944584546e-03
3.014118542821430692e-03
2.072443969033367205e-03
1.613465312714538850e-03
2.782349291614459944e-03
3.804929777322395984e-03
3.068997154319710180e-03
2.438783489629477511e-03
1.931056930881008349e-03
2.372878561743169482e-03
3.466490405057998016e-03
2.482160545154188901e-03
2.190713282061057619e-03
2.429855673549530682e-03
3.144908546361344700e-03
8.287237951838961197e-04
1.857336201238271936e-03
1.699331581364002400e-03
3.641615301145264931e-03
1.482276299979666577e-03
2.991687967544718642e-03
2.413417763250775682e-03
2.335779944592483726e-03
1.689716351266636616e-03
2.855286139437622321e-03
1.424690310750561725e-03
1.631056640592270937e-03
1.098057326669496080e-03
2.652018095331349929e-03
1.492294053954811668e-03
2.196351598787758558e-03
2.400886686015844904e-03
2.319136291304223652e-03
2.100340469822993463e-03
2.962059542167983211e-03
1.345948668386335884e-03
2.253657724414758704e-03
2.823602511858046976e-03
5.785298552438972305e-04
1.333217761503868466e-03
1.386738362096486682e-03
1.692094984389369604e-03
2.691745238268406469e-03
3.532198539851233009e-03
2.435929329671847419e-03
1.688279386362771415e-03
3.180125561749004744e-03
2.092980824029660406e-03
1.447019528072942488e-03
1.751587295095593556e-03
2.622666037594462325e-03
2.011842934185639666e-03
3.180023584589072166e-03
1.788213434706750499e-03
2.173440728916907743e-03
1.991285195247891830e-03
2.060948443265934755e-03
2.553997377443438608e-03
4.081894317078921253e-03
1.187328970653785077e-03
2.308159745037532701e-03
3.337230932772316909e-03
2.784307541332668116e-03
2.776092896112909974e-03
2.813656964440994397e-03
3.403135780343020077e-03
3.165355174787284811e-03
1.295453440773908270e-03
1.930400673663492479e-03
2.690517204249770217e-03
1.848845916116223032e-03
2.761594114866630992e-03
1.692674127730609207e-03
4.417643095411295795e-03
3.065700939958053862e-03
2.055632760621484145e-03
1.475332302692911957e-03
2.642405993610369343e-03
1.561992950459517191e-03
2.082840132776031788e-03
2.703606095343588384e-03
3.378176899198657469e-03
1.030606547571468520e-03
2.362595931600912618e-03
1.481695093625041201e-03
1.175842674216403269e-03
2.746949793239785755e-03
3.124290840544733695e-03
1.462707432963927887e-03
1.580341215409841304e-03
2.684699635518428707e-03
1.838513624139773671e-03
2.581164319371400361e-03
1.257338801830528395e-03
1.393940440113357196e-03
2.098822102963591833e-03
2.367117194067394712e-03
3.713175002318241068e-03
1.192622742618113657e-03
2.227693426413846281e-03
2.005973611715664972e-03
3.498720098625251931e-03
2.791088123776486619e-03
2.645618630807700968e-03
2.079900752219213545e-03
1.812141845873391482e-03
2.547055424611324725e-03
3.537579050018567744e-03
1.615915644944572894e-03
1.275357151248771937e-03
1.094469660298388707e-03
2.260895491187990634e-03
2.825157138324688524e-03
2.338673852606457972e-03
2.544991660771696827e-03
2.955718241439068365e-03
1.412335455411705114e-03
1.962760524108641061e-03
2.572167405239986302e-03
1.235031026999820281e-03
2.387539922610116931e-03
2.354608639888046851e-03
2.461620322512401201e-03
2.384774287108370593e-03
2.403033189757252611e-03
1.499553391827525327e-03
1.977326177993512461e-03
2.045138456063218171e-03
2.303295602525546291e-03
3.850577922144518724e-03
1.985735149328660739e-03
2.528047427462001839e-03
2.225191350682965367e-03
1.900778685210884446e-03
2.809602760930291453e-03
1.699598058251098037e-03
2.644998471026558436e-03
4.822546114615522406e-03
2.664182956815845486e-03
2.905479822284607466e-03
3.213300574441355691e-03
1.814421978080656703e-03
3.259349882596535280e-03
2.625475221536791460e-03
2.484463876572523457e-03
3.421119986860748311e-03
7.696685328394336448e-04
2.038762428891693814e-03
2.061538511011098800e-03
1.699388863167859264e-03
2.983650061536572730e-03
1.353785814347454848e-03
1.917966533562695660e-03
1.029292767230354129e-03
1.667123848623593228e-03
2.492790998671944123e-03
1.818180911199462424e-03
3.967138411101574051e-03
1.458836251625414545e-03
1.774696479262828945e-03
1.416985934950605814e-03
2.812669856817414608e-03
1.495344337199979974e-03
2.122534227759502803e-03
1.667582230990572291e-03
2.177675733256937383e-03
1.485297448556727141e-03
1.738257181208604759e-03
3.285131236970029265e-03
3.925608647603303150e-03
3.090011614316458526e-03
1.990029564861975700e-03
1.866609359391113417e-03
1.953858808641853288e-03
4.174401832972104054e-04
1.316448686259971169e-03
1.081508647952624186e-03
1.380651383212619940e-03
1.575156231869940648e-03
2.239210244694972776e-03
2.663528929649858473e-03
1.952662601400267451e-03
1.841138621703882145e-03
3.273323867673834115e-03
1.630887099949493912e-03
3.341421763961880970e-03
1.302710412133340368e-03
2.680666008862889107e-03
3.862827120958582661e-03
1.465532339885539060e-03
3.373729367039802422e-03
3.878173867984331495e-03
2.585143202044961307e-03
2.567966650920842919e-03
3.133850473136595531e-03
1.666398095658736932e-03
2.550793600300704095e-03
2.067601147286576672e-03
3.193822454482941973e-03
2.510582249721196330e-03
3.059407551208919752e-03
2.950558997199304295e-03
2.642838456606295960e-03
4.187183200950176341e-03
2.033090378767757594e-03
1.179781444628119451e-03
2.796377943385614483e-03
1.456850286176895968e-03
3.212004702046748067e-03
1.509440977871671355e-03
1.540676493727663075e-03
3.705185753877641465e-03
1.083449748810124368e-03
2.988652018585908482e-03
2.839928783366003386e-03
1.018986300346165627e-03
7.101333685310845002e-04
1.917373239191812401e-03
1.285345350202910528e-03
1.932613684570158499e-03
1.947492975467841371e-03
1.189088453010702989e-03
2.859849638884964275e-03
2.179424965367798839e-03
1.109243542172049001e-03
1.939730599732990887e-03
3.242797794035319221e-03
2.836624136548936050e-03
2.670823283250395482e-03
1.122296512487727877e-03
1.854842505399976636e-03
2.492029234051125041e-03
6.916148150799724921e-04
9.975004114820002887e-04
2.208204754320070018e-03
3.010383173113841994e-03
1.666104974657828470e-03
2.824192696877899679e-03
1.540210717644318293e-03
2.927404652794991444e-03
3.705491094679025897e-03
1.539853611986661966e-03
2.295853032751886316e-03
2.310875156159532783e-03
1.960289454000753700e-03
1.458815792000091619e-03
1.697069547270765649e-03
2.394453369089438212e-03
1.955027150510269419e-03
2.992947928477284348e-03
2.686275124179194392e-03
1.696521555723904274e-03
2.230906722901675101e-03
2.786260980037256682e-03
1.278184088145231049e-03
3.117973934367443238e-03
2.579745679317585298e-03
2.481318541579903038e-03
2.943906572688663893e-03
2.306425526051631477e-03
3.843917391919649592e-03
1.441672177512199780e-03
3.456621851230074274e-03
2.155417828931764992e-03
2.070212805265741769e-03
2.066977465759012745e-03
2.659309191542351750e-03
3.263871816026484018e-03
2.317673766029581042e-03
2.589594310746315148e-03
2.374018350593122984e-03
2.093859616882998674e-03
2.030867472618585329e-03
3.433269789574783237e-03
1.645527096290356692e-03
2.427870463480221591e-03
3.550555182194826444e-03
1.436497807825233694e-03
1.731022594626687762e-03
1.902502772021150059e-03
3.977648836438824748e-03
2.291612759084514592e-03
2.421572846932451995e-03
3.015474044533457409e-03
1.715673767077099780e-03
1.384866721979413108e-03
4.086173128961714807e-03
1.656671321632276336e-03
3.155763856281828660e-03
4.015329915397108582e-03
2.923987336329385203e-03
2.069684090725337419e-03
2.000703449314804056e-03
2.160661664115006830e-03
9.065183457002333424e-04
3.135460772704525001e-03
2.908306486832060167e-03
2.149940076384259085e-03
2.092120327129082333e-03
1.431942803170425851e-03
2.914512990298644916e-03
3.172012359734119758e-03
2.627656766303497569e-03
3.323604503809365288e-03
3.554719209726194765e-03
2.031258850358869019e-03
2.751402475435835247e-03
2.086587673795352402e-03
1.391146233170913789e-03
1.501286360121299214e-03
2.049523911801605716e-03
2.132072109717111311e-03
1.294634254353831202e-03
2.600366202990717773e-03
1.983946160529351851e-03
3.157845974237667806e-03
1.701423621011385195e-03
3.448693638684059704e-03
1.398238892525592494e-03
1.735403026576437828e-03
2.232893245039700887e-03
1.689612583680710810e-03
2.653330925220629462e-03
7.078394010230305757e-04
2.747750660321024180e-03
1.318216190820746449e-03
1.301757088354741233e-03
2.594962753892886623e-03
2.826651105303428207e-03
1.489920353855145752e-03
1.792267101881672535e-03
2.229818457745400342e-03
1.346138109451890455e-03
1.783673550906471643e-03
2.669434322225458164e-03
1.638406956251542814e-03
3.323644762709289120e-03
2.609042244088790631e-03
3.789133402710943236e-03
1.442658068097779243e-03
1.275928871965773198e-03
7.734245178934748364e-04
2.389008478124821609e-03
9.376132924636738399e-04
1.208323263252246904e-03
3.175013357920582029e-03
1.632921559347044445e-03
1.395988750147915056e-03
2.047100790004767815e-03
3.019997976621768658e-03
2.743430575258665183e-03
1.310924885982651163e-03
4.439930039122481215e-03
1.134943237061856710e-03
1.363429954078299424e-03
4.601696610099080152e-04
2.457123419330669006e-03
3.606889298050431833e-03
2.123378301265299150e-03
1.458357019833591986e-03
1.449726254984111872e-03
2.825890464216985771e-03
3.953043046430428781e-03
3.331683472366884537e-03
2.299517072041711192e-03
2.248869469533278272e-03
1.939343430609215008e-03
3.347325600204997201e-03
2.552015345250736346e-03
2.228048064955552490e-03
1.374585365547493533e-03
2.727720966560890671e-03
2.344541656466831315e-03
1.349862716910727898e-03
9.030530861138700649e-04
1.974173828730462800e-03
1.872632824571128334e-03
2.143269433121647652e-03
2.519258954145953133e-03
1.252804203223693239e-03
3.037942784785876114e-03
2.383314402457565630e-03
1.403976874278815064e-03
1.503010326320203651e-03
3.067891725252131462e-03
2.636917667164974648e-03
1.260424675508841361e-03
1.903308692884185830e-03
3.525308406237469012e-03
3.627335834352795382e-03
7.283224789818984121e-04
2.082468986665315068e-03
2.805608000541981190e-03
2.363144893327935678e-03
1.867439778247311031e-03
3.488756914784426136e-03
2.694530169586757066e-03
2.784774636248279166e-03
2.549559542450282029e-03
2.136633854140219686e-03
1.238067526193166977e-03
2.010956198843350147e-03
2.899753186081926917e-03
2.384772303368190658e-03
1.199222483214990812e-03
1.357990813462790942e-03
4.162868852633914117e-03
3.055777627207924459e-03
2.703949810013852196e-03
1.275320069249294809e-03
2.237209346069466906e-03
2.142513936928668733e-03
2.952486209471390146e-03
8.980356208377037732e-04
2.456251322752757687e-03
1.769871465994423505e-03
3.363395081213072218e-03
4.003845716200034842e-03
1.922658346155108749e-03
1.352498806159245850e-03
2.730636303709162247e-03
2.308296334765993617e-03
2.263909656264493850e-03
9.570470632198411869e-04
1.059277438463397496e-03
1.283925402315660167e-03
3.340384248837880918e-03
1.677694572246416676e-03
3.041309507969973229e-03
2.207649972259754807e-03
1.115119707098883054e-03
2.624212962802003387e-03
1.873363946053461116e-03
1.840944113749962965e-03
2.878293510204098671e-03
6.282759993081904210e-04
1.647849056973925636e-03
1.998131184464217551e-03
1.650875825198639671e-03
3.841913601829167416e-03
1.039638325204479945e-03
3.061092935149930649e-03
3.135708626276737573e-03
2.133996072380440600e-03
1.567933528694530083e-03
1.183067419088165316e-03
2.234904246563610905e-03
1.449747837638773159e-03
2.001100840648803621e-03
2.740579599570169052e-03
1.820783265926624334e-03
1.356679270492237724e-03
2.090773539755867803e-03
2.930831248677200421e-03
2.159131893840925652e-03
1.660284427769706745e-03
1.476373946013541166e-03
