1.051205614738433616e-02
1.038538714254763802e-02
1.031333114602932602e-02
1.009350039606299494e-02
1.008165820206926265e-02
9.688688262938515566e-03
9.678873038670838397e-03
9.520965585976233839e-03
9.464312422782181558e-03
9.378095792326870267e-03
9.074860060661374059e-03
9.121187703760247345e-03
8.867105563331246360e-03
8.668166576684368380e-03
8.563080950584918763e-03
8.349536383505759551e-03
8.122506370016647353e-03
7.900591632524173874e-03
8.000810174990649268e-03
7.901794657770938590e-03
7.841023570845744722e-03
7.601834421760034904e-03
7.422582961243125513e-03
7.474265739325993557e-03
7.245529337182672960e-03
7.263882888346459912e-03
7.380908829976438532e-03
6.689386296740056428e-03
6.531749177281277220e-03
6.531253285511774698e-03
6.598831094286120025e-03
6.653998151786771897e-03
6.138713201475270997e-03
6.186169999677883051e-03
6.209966784172418763e-03
6.233300961004849261e-03
5.868529263498812980e-03
6.323711602244787115e-03
5.778583303105978147e-03
5.786439336582513589e-03
5.851339772070442841e-03
5.768544712093592007e-03
5.316014258953296288e-03
5.865872572378887616e-03
5.655503386800192663e-03
5.529719537633485255e-03
5.483349538443168733e-03
5.586397854251795060e-03
5.594063887289529857e-03
5.438760374507076341e-03
5.103795906200131807e-03
5.137913871363878650e-03
5.362277945258469083e-03
5.351882491616864052e-03
5.172115667400347359e-03
5.367570966537964575e-03
5.414789295292685850e-03
5.025454446913043410e-03
5.324536869055379248e-03
5.131600052143230756e-03
5.619702221309230347e-03
5.318906096640617365e-03
5.226096070292438923e-03
5.402951113563342345e-03
5.523205546248314592e-03
4.961756357095659792e-03
5.386797918753523373e-03
5.113844285971740414e-03
5.264924603965850242e-03
5.102807256500335731e-03
5.520266407674565348e-03
5.502490576271353191e-03
5.361606305913377626e-03
5.559358996786029940e-03
5.461108434571183834e-03
5.261208839119228819e-03
5.480066528566602396e-03
5.132740986658813030e-03
5.224407722041801705e-03
5.270404670204141551e-03
5.158728946697388462e-03
4.989759050675747314e-03
5.341686300541983665e-03
4.942155076729624549e-03
5.021250796824261627e-03
4.865329016209330587e-03
4.633000561981257502e-03
4.766359026002269308e-03
4.795798626603462247e-03
4.345083640882601780e-03
4.689779458613633004e-03
4.527639640009871458e-03
4.125183284448656618e-03
4.847596434144638665e-03
4.425446811059413621e-03
4.498377119388539437e-03
4.436362296393395188e-03
4.383042523141689878e-03
4.521043909552999521e-03
4.325828851414460080e-03
4.713451412131367674e-03
4.220993346595156362e-03
4.616893227992465570e-03
4.287498152133477521e-03
4.381101476928360612e-03
4.629896858236949922e-03
4.598661404622335185e-03
4.446719892419334630e-03
4.489758874177534123e-03
4.662822610423363393e-03
4.279759571550570928e-03
4.772549310228304045e-03
4.533704391377814218e-03
4.594235132008257089e-03
4.506308408868740616e-03
4.319104104828053181e-03
4.240721213728902012e-03
4.288526235027011711e-03
4.571610031782306210e-03
4.528455893555450792e-03
4.336688848288469851e-03
4.631854706913216685e-03
4.790819998360132392e-03
4.866237274262951579e-03
4.389333419827032116e-03
4.674189741082496186e-03
4.460443820480969324e-03
4.412414984366098969e-03
4.436341066794955747e-03
4.491611145476089896e-03
4.682403820863873314e-03
4.710869289124031481e-03
4.464810570079156236e-03
4.650214840588775406e-03
4.505923440776744317e-03
4.421106696344521275e-03
4.615888722961939729e-03
4.805720718449613474e-03
4.690077820645110855e-03
4.764263621775453525e-03
4.497594925272488560e-03
4.605575559947760675e-03
4.758017963747741136e-03
4.681005274045508743e-03
4.726198928436913319e-03
4.915369932904565392e-03
4.677991422663878990e-03
4.655273976399900739e-03
4.515790774932333142e-03
4.750922709347613938e-03
4.627410207235509339e-03
5.007582952401443306e-03
4.829815511922390218e-03
4.637522178457213241e-03
4.692653595756635619e-03
4.422097340082401309e-03
4.369080300250112979e-03
4.556259518545607498e-03
4.587324947651796707e-03
4.629447174573203191e-03
4.563473743482632412e-03
4.619052358425866471e-03
4.625890595901239501e-03
4.798815199814563011e-03
4.676104209645016128e-03
4.579599733908208681e-03
4.814009755329442392e-03
4.456169742305231447e-03
4.806967260111226492e-03
4.663691444771276423e-03
4.706017280837299435e-03
4.830301897737379613e-03
4.552368709203801801e-03
4.755313081519047316e-03
4.676095653268939716e-03
4.756294949233135991e-03
5.166956456696273139e-03
4.827494944467594293e-03
5.418045248309936654e-03
4.875086323569093223e-03
4.908700410998021423e-03
4.912725238681929854e-03
5.022804179307761852e-03
5.017081498772956588e-03
5.249938928502260321e-03
4.831543400037299069e-03
4.833733442638619981e-03
5.193626414219110199e-03
5.084947631433894139e-03
5.360987107631969527e-03
5.025775329402497153e-03
5.423574696297013553e-03
5.145991331783399299e-03
5.028064614415256144e-03
5.062384930385505251e-03
5.113058137833600622e-03
5.179911958423413267e-03
5.189113155987087368e-03
4.861996105604680755e-03
4.798625457129104474e-03
5.113937805709675016e-03
5.156849776508281961e-03
4.674165686594371726e-03
4.588999709426665706e-03
5.029306470620787881e-03
4.749327238047397134e-03
5.045597654731739934e-03
4.768027666346057528e-03
4.540580838287774056e-03
5.126539853072778485e-03
5.108298121897543974e-03
4.908848323514969532e-03
4.525624160862961633e-03
4.697092936367418432e-03
4.636697566849205115e-03
4.602845937517027058e-03
4.903099963369341938e-03
4.993453911422957199e-03
4.728133744866137335e-03
5.129251752501944039e-03
4.855703850263942863e-03
4.763395337552453999e-03
4.812199708226705223e-03
4.745272278046331650e-03
4.859565755456575487e-03
4.526493784252717811e-03
4.892262267341272036e-03
4.709271082792483923e-03
4.703079064543042552e-03
4.865099699382164494e-03
4.836221828689678433e-03
4.598140022603032853e-03
4.860534385561309130e-03
4.810490338298474035e-03
4.808382521968256745e-03
4.567746675154166214e-03
4.527631177390433782e-03
4.420037240951497394e-03
4.694664543224970517e-03
4.823881486961064703e-03
4.539843995114947045e-03
4.656792005940034798e-03
4.524501878551155654e-03
4.605662919433615131e-03
4.622495578053787031e-03
4.697305436586659763e-03
4.708002486556065597e-03
4.718001728514217147e-03
4.714383675890195316e-03
4.563733696932970041e-03
4.763229997566725306e-03
4.566600631660659194e-03
4.423145270288523188e-03
4.300785998813924475e-03
4.676967979671539828e-03
4.740613052176124824e-03
4.635585915366830304e-03
4.413161690176541432e-03
4.355124239626316333e-03
4.619986539056021579e-03
4.521990091179994148e-03
4.457766724594271895e-03
4.840866913555748503e-03
4.379649638876896046e-03
4.554670657439720965e-03
4.431349554975484197e-03
4.362399875673873134e-03
4.649002407416545982e-03
4.653782136809808678e-03
4.275783599793478787e-03
4.759466068924208745e-03
4.410157093465697474e-03
4.415128388763361715e-03
4.069108641059182400e-03
4.049096526573638284e-03
4.539324043528996343e-03
4.208221584283634333e-03
4.167607302375901483e-03
4.596149517722310229e-03
4.420406981759235528e-03
4.280970875635735189e-03
4.175390118631222211e-03
4.606415315590659497e-03
4.352949493871858394e-03
4.491878949559760179e-03
4.645846424481012323e-03
4.545944391738951720e-03
4.295371545774867225e-03
4.354852734167553342e-03
4.238142069044047687e-03
4.546500785461372353e-03
4.742257693351619764e-03
4.611739774236346158e-03
4.465036587754299575e-03
4.652220228104543380e-03
4.777040522539381315e-03
4.628790181396685681e-03
4.294026865378735951e-03
4.535910457088619327e-03
4.708512257666841623e-03
4.706128449874990086e-03
4.747437012560944657e-03
4.812264597572332887e-03
4.455633610293742268e-03
4.411208261179540464e-03
4.653219800706357226e-03
4.395475642928381790e-03
4.561891023043614969e-03
4.627346833202133219e-03
4.383928277220595048e-03
4.796381965900976124e-03
4.521423332152032550e-03
4.733351612688721163e-03
4.518430768988806155e-03
4.418008525791855545e-03
4.624938305081723218e-03
4.623406141238853989e-03
4.567699596992810807e-03
4.779295790792707603e-03
4.634220360273742789e-03
4.738072360257598349e-03
4.438331607155277664e-03
4.414868952311361457e-03
4.277453370981486487e-03
4.137676285492674494e-03
4.447375800762568172e-03
4.704431364881429128e-03
4.540917700393380663e-03
4.677259772192549937e-03
4.269115874065411605e-03
4.502064506473769240e-03
4.581684849545518932e-03
4.423991640502229761e-03
4.402212426527382823e-03
4.334466301218358776e-03
4.776578026100376274e-03
4.516257465272637342e-03
4.624918741771475404e-03
4.437628119526686177e-03
4.641829308352538042e-03
4.822303875922869833e-03
4.514175318462444395e-03
4.468529482717388361e-03
4.614650883988191329e-03
4.312173835295124609e-03
4.437454893982445761e-03
4.796896047531707882e-03
4.493890765398715278e-03
4.820564704588107749e-03
4.487136457690455056e-03
4.702761105834007971e-03
4.506509394312217115e-03
4.445127760014433438e-03
4.495706942231718350e-03
4.901139532750711271e-03
4.568018084200588420e-03
4.635773294588987903e-03
4.469513115417663753e-03
4.663395987625377180e-03
4.406105859535469280e-03
4.710301794459546831e-03
4.577097167700464216e-03
4.538807444682443383e-03
4.897089981081528820e-03
4.709344881243181583e-03
4.678272177408527785e-03
4.800052932724997029e-03
4.532174504051660578e-03
4.914365501300193596e-03
4.428218024800563771e-03
4.731267944568785105e-03
4.884628578629749383e-03
4.551623372233861223e-03
4.886659243730586723e-03
4.549050178396161354e-03
4.747509639166072951e-03
4.589934631683955518e-03
4.901556531880206166e-03
4.640974486518188551e-03
4.348512123446111530e-03
4.394272911052742210e-03
4.631102272547883356e-03
4.476971419334472256e-03
4.798532154706564717e-03
4.685433012290018961e-03
4.774044492022616951e-03
4.743841066755284837e-03
4.992541063811066319e-03
4.599369377979746314e-03
4.537971122315113785e-03
4.771153190384411560e-03
4.654976633376720768e-03
4.657365422478639862e-03
4.559400577994181941e-03
4.785361165064038087e-03
4.311607353060864685e-03
4.631360618375041441e-03
4.590187207504634048e-03
4.454776452832762308e-03
4.867495821003822547e-03
4.670562258845959054e-03
4.654770455797268766e-03
4.836535388957723981e-03
4.360337882321142083e-03
4.509594814732480715e-03
4.520350958294185560e-03
4.685758938575284270e-03
4.775593370394730364e-03
4.862906052855149250e-03
4.423647224005545185e-03
4.669508108752379663e-03
4.343110918094963621e-03
4.270033987017076912e-03
5.153929417543097122e-03
4.378390030953124845e-03
4.399293667650524577e-03
4.304287214872463962e-03
4.711499337152943653e-03
4.228119287927800327e-03
4.412710438759377164e-03
4.798150239411801306e-03
4.718324670953618488e-03
4.668367161136654890e-03
4.579348478855357722e-03
4.615002315795205950e-03
4.659925585864173672e-03
4.090597347453798008e-03
4.562123265981480290e-03
4.330397254864923155e-03
4.257158562494099512e-03
4.265333284628182627e-03
4.068880854428296757e-03
4.388691102860378321e-03
4.324260417437848086e-03
4.486937991166234027e-03
4.692110559414685786e-03
4.372670287615033728e-03
4.276521091501593770e-03
4.283893748916734606e-03
4.450018422438537305e-03
4.471170908154797029e-03
4.810226162115273374e-03
4.304923194982274680e-03
4.826726686360726867e-03
4.353236527328238278e-03
4.654788215622911000e-03
4.421231316153756245e-03
4.356005187967301913e-03
4.650628912352838644e-03
4.591901889970470378e-03
4.397471538826226711e-03
4.167306105178053728e-03
4.519450880129861729e-03
4.433053931737224868e-03
4.507209346679998813e-03
4.247389978651204198e-03
4.362720207077135440e-03
4.364041471519719030e-03
4.467652416373089561e-03
4.341608305154561614e-03
4.155439828928159107e-03
4.428665126997410016e-03
4.439492734500661425e-03
4.107117266550193782e-03
4.475352612659549978e-03
4.536871608571836634e-03
4.457877966140146898e-03
4.602312730383384745e-03
4.161875233145002212e-03
4.281823931561258394e-03
4.380108806823200009e-03
4.145165033829688317e-03
4.506663284683148744e-03
4.172851232205328741e-03
4.536420032405490826e-03
4.643358004096439541e-03
4.510654154269206143e-03
4.159026834486792730e-03
4.381643230550527623e-03
4.376312472168271753e-03
4.339427157266099316e-03
4.641044682968799122e-03
4.323667245389430785e-03
4.406919044061773788e-03
4.413753199839766557e-03
4.652347727561239807e-03
4.695393386896515656e-03
4.190810250063604914e-03
4.624478959953294381e-03
4.407955160632147200e-03
4.325510221821449522e-03
4.506155843849508034e-03
4.462913561344901761e-03
4.513355352876610022e-03
4.380971788395924930e-03
4.459584139670293504e-03
4.542458684492893008e-03
4.282881591470693271e-03
4.254854167235680787e-03
4.542379500218931415e-03
4.565727784645834744e-03
4.083595888676989395e-03
4.181247171642784102e-03
4.419757204915894869e-03
4.264595009481998017e-03
4.223320185496923403e-03
4.476200977967665674e-03
4.497063029058182004e-03
4.324743609808711156e-03
4.546568766960754418e-03
4.373814092967991118e-03
4.696247074455327068e-03
4.796444473494138397e-03
4.318577707423542147e-03
4.344908328537516393e-03
4.104941685760649626e-03
4.295594171471069783e-03
4.480350204409521558e-03
4.116883504402269953e-03
4.457565863780924530e-03
4.040897406635778760e-03
4.507747486661601959e-03
4.019289983637046489e-03
4.444094606592616410e-03
4.378336492617098188e-03
4.175810405915913147e-03
4.305897975460833138e-03
4.541796855103912879e-03
4.348046535759509182e-03
4.666521936688433278e-03
4.073726515670133934e-03
4.596101674135567687e-03
4.396567162426207563e-03
4.556090517980147109e-03
4.429633443467260838e-03
4.035845207911174098e-03
4.481447062115520574e-03
4.467587016660160525e-03
4.422087635749354095e-03
4.533083268643951086e-03
4.466653385381541899e-03
4.366206494804317391e-03
4.531835526937314645e-03
4.484189750797350042e-03
4.347397656272145375e-03
4.469556108864039708e-03
4.351997646736076829e-03
4.465079845343727580e-03
4.509966272474814214e-03
4.132920802117006492e-03
4.611642990163782561e-03
4.554600785257685927e-03
4.505514759458667355e-03
4.378062024864471866e-03
4.703250049110391934e-03
4.310801949606427735e-03
4.310903902189431279e-03
4.789906997869993258e-03
4.676963760569086137e-03
4.616650526705309496e-03
4.728566554961230635e-03
4.233236129435805420e-03
4.690954069519048288e-03
4.178510076955255399e-03
4.432550519464792740e-03
4.439084406354255191e-03
4.369326207082948645e-03
4.201084916448619144e-03
4.358294528453562564e-03
4.359890983779757256e-03
4.749813002474281495e-03
4.275887162438939820e-03
4.410594837180988916e-03
4.504425990748068057e-03
4.221895195034790216e-03
4.238393826987022286e-03
4.596559236235835642e-03
4.559876007271807322e-03
4.245260918886721753e-03
4.570381988613413451e-03
4.512530013398647483e-03
4.303959462778530337e-03
4.366945556570950467e-03
4.497237622478614076e-03
4.308390437305627090e-03
4.412624428213186671e-03
4.481236254809217549e-03
4.720799209878080542e-03
4.524859125256459717e-03
4.160812761271667944e-03
4.396141408675212706e-03
4.730097724794308719e-03
4.460926578417201763e-03
4.450505117964523999e-03
4.376936634872060847e-03
4.516391190306490860e-03
4.453991944979166992e-03
4.479838360608416267e-03
4.486055562780724877e-03
4.635554887212410373e-03
4.710493260715636205e-03
4.405852790683036438e-03
4.713376274237600534e-03
4.795442721190704832e-03
4.650912033121305279e-03
4.311688590621683657e-03
4.677334242049554017e-03
4.666344751610542255e-03
4.272365374841421114e-03
4.253446972281593914e-03
4.711531084320944897e-03
4.679998506492435116e-03
4.362607615722117506e-03
4.425173363310960437e-03
4.624702749371151569e-03
4.276480501506967936e-03
4.647893599077442331e-03
4.427511815877763213e-03
4.555992046412537036e-03
4.594695658313668538e-03
4.708686769361353393e-03
4.581721988938147055e-03
4.346495489904978263e-03
4.813999822641320744e-03
4.412587447587605800e-03
4.507463379442367898e-03
4.499329450078515084e-03
4.577246175560459492e-03
4.499720057395048371e-03
4.512649420768267104e-03
4.139473810593106810e-03
4.101381115947192249e-03
4.396654778877785025e-03
4.428333473784867684e-03
4.376002932931536207e-03
4.628018268199484558e-03
4.292241371812881290e-03
4.606975885806829929e-03
4.304438818550570915e-03
4.409102273444153418e-03
4.657544063699408168e-03
4.145784693973524927e-03
4.376884553847049976e-03
4.462535221218851510e-03
4.331802538614135112e-03
4.525993913582545408e-03
4.610428963828032758e-03
4.551954187010575845e-03
4.361758796351216175e-03
4.446101496014049324e-03
4.433644799894030826e-03
4.501042042664816362e-03
4.495526762507118766e-03
4.425805586055125973e-03
4.462837195318715942e-03
4.530438825448421768e-03
4.630705462900438184e-03
4.590526515108922685e-03
4.496141067704456130e-03
4.418053454987165909e-03
4.360634081796996644e-03
4.802134651321647227e-03
4.452094309014000342e-03
4.288426198200745443e-03
4.355268201307439281e-03
4.446381143064209902e-03
4.600528507427341027e-03
4.534597732879895246e-03
4.647049728921590073e-03
4.655456368659359641e-03
4.379920294033766773e-03
4.450534336826862322e-03
4.565454280203468107e-03
4.242127298800448844e-03
4.452199485069344501e-03
4.392130836182016156e-03
4.497483232394934062e-03
4.463514462534959142e-03
4.227584174929755953e-03
4.522786740045681847e-03
4.535038170258741050e-03
4.671258882633443944e-03
4.630808234067346381e-03
4.725353487130137288e-03
4.390774814623238723e-03
4.314346689406327318e-03
4.449850296002905332e-03
4.259462086706314321e-03
4.619964852091456263e-03
4.505120646912904800e-03
4.399826439132981624e-03
4.443808517308394518e-03
4.475434299058327937e-03
4.577983716727414276e-03
4.555627735608832121e-03
4.361680757495232930e-03
4.553879794462862077e-03
4.334660850840520163e-03
4.861705696650975642e-03
4.669080399272086679e-03
4.461748661112153493e-03
4.714274854738519614e-03
4.737876167459192586e-03
4.471967766693086058e-03
4.379930369852141729e-03
4.862391000650995512e-03
4.401261983784043874e-03
4.338242545848335248e-03
4.790106769934125708e-03
4.561125202754102645e-03
4.544669466516950383e-03
4.525912217978415690e-03
4.640983355055628562e-03
4.374235186201344897e-03
4.808492918637996549e-03
4.079124829878363889e-03
4.535340301357923543e-03
4.631745479092138837e-03
4.675164650572446491e-03
4.188776178158644045e-03
4.326010483849375421e-03
4.200991258826338240e-03
4.644847823831062955e-03
4.636917667902853632e-03
4.408075133855489207e-03
4.553042370742024086e-03
4.542836023139945438e-03
4.431404367371881078e-03
4.465564538175811199e-03
4.633832745247560767e-03
4.505258065002584744e-03
4.702151629353225684e-03
4.303972076348187847e-03
4.632564310302142094e-03
4.238235934414780713e-03
4.462985047558739107e-03
4.616554239232837677e-03
4.386461411124236570e-03
4.213628873932855415e-03
4.481268638660645259e-03
4.305753083865010260e-03
4.356936124793567462e-03
4.448558049599871979e-03
4.239232862737653783e-03
4.372772049824478341e-03
4.540828358992926757e-03
4.657211413355958479e-03
4.317367212402619704e-03
4.379276019062967006e-03
4.531540704253592643e-03
4.491539645713590358e-03
4.524510079930259276e-03
4.266746033871059683e-03
4.805258479764439733e-03
4.614120584791196571e-03
4.644835062214146965e-03
4.534405800353017400e-03
4.693271398838841021e-03
4.218207200796682960e-03
4.374046741762475585e-03
4.289082176016560319e-03
4.494822096769246142e-03
4.485619864735885913e-03
4.665797082248568373e-03
4.423665351856323827e-03
4.578676092616858033e-03
4.645370224089040954e-03
4.108044329051350335e-03
4.510754810931974848e-03
4.371171101059525416e-03
4.526119441648910474e-03
4.445940383340531848e-03
4.647787296739179681e-03
4.608800238796621936e-03
4.394814564698878295e-03
4.585652575203951267e-03
4.332016542100175678e-03
4.352615756609259402e-03
4.427820449019459481e-03
4.162134653310526830e-03
4.456006187899794885e-03
4.639281812424723289e-03
4.184111527648067506e-03
4.812382822441426192e-03
4.448953028126031300e-03
4.588913735466004958e-03
4.473873281429951998e-03
4.614915552338821197e-03
4.464088054219566074e-03
4.505531249976859644e-03
4.709945422527491397e-03
4.513864460016784458e-03
4.409011953784455068e-03
4.611745060511183297e-03
4.709272495138496634e-03
4.701138071487808399e-03
4.898091460711456215e-03
4.543725189003977594e-03
4.243065451726452109e-03
4.739190189057842194e-03
4.319554120158771576e-03
