1.050761161390831137e-03
2.534473615380020139e-03
1.989796034968472835e-03
2.750018896901778882e-03
3.766977343021428015e-03
3.001729398801704623e-03
1.836706031913995767e-03
1.553617115513890529e-03
1.901789471631728764e-03
1.818553870072465994e-03
3.331423564232814574e-03
2.957587350767456984e-03
1.805518903592544851e-03
2.195084980827901027e-03
1.921841578444406827e-03
2.181010657647902001e-03
2.958145405914731647e-03
2.191045631394455788e-03
3.680361181809692784e-03
1.288973071511683843e-03
2.798595501731133712e-03
3.390401742746608060e-03
3.500359420700689325e-03
2.749350118592474614e-03
2.843363335928130592e-03
1.799403921466736231e-03
1.725633166031170654e-03
3.207579286329410601e-03
2.868815785179556176e-03
4.955125697802119367e-03
2.149174217140142895e-03
3.717377721588630436e-03
4.101494064699901486e-03
2.698798489608488383e-03
3.678579552863455501e-03
2.953675640890001883e-03
4.110000278751101133e-03
3.063095228133085827e-03
2.533524915593315247e-03
3.046417916445043599e-03
6.005403992562247974e-03
1.368993293384786290e-03
1.692146428084837818e-03
3.898528258415080629e-03
2.367875901280007845e-03
4.639720800836645218e-03
3.390966608841684566e-03
3.189408562530842567e-03
3.169572509607378706e-03
2.484512158093506954e-03
3.125550051397722826e-03
2.736265715000752059e-03
5.006377068564556165e-03
3.812774911355616952e-03
3.288801409297166523e-03
4.647343321898134844e-03
4.136556648689008325e-03
3.807727103439181599e-03
2.453526786357888238e-03
6.847634432873274564e-03
4.236671824246392506e-03
5.556652821405199533e-03
3.205341117012939275e-03
3.717893636870705371e-03
3.300739627889421896e-03
3.737065885068091217e-03
3.186526646392378280e-03
4.560761142896544405e-03
4.261946521365662412e-03
4.159982100204320105e-03
3.392666441442458453e-03
3.445254796888894307e-03
3.641805540841930831e-03
4.272012295933814291e-03
4.170637986574315774e-03
4.672989596067698460e-03
3.109509443493146171e-03
3.766134717918289895e-03
3.366219152292057159e-03
6.300052434717409201e-03
6.360772529516122570e-03
2.811825882135736854e-03
3.653812848026600103e-03
3.878025323408975170e-03
5.000716975374844796e-03
3.211273102993934293e-03
5.504569285263861966e-03
1.584566974846796528e-03
3.671808347860580114e-03
3.548943084200008660e-03
3.492746879681550391e-03
4.134585573810078095e-03
3.693847935365289666e-03
4.785315274707784353e-03
4.894610086853162442e-03
3.290123817733484057e-03
4.540528418692274699e-03
4.918729800007750307e-03
2.307330204551383442e-03
3.426485422596402697e-03
4.105849584405363469e-03
3.506048573025779495e-03
3.693337371076408845e-03
4.231449315927747479e-03
4.477488135367889595e-03
3.986119503499910809e-03
4.017382957595846266e-03
5.635712967404485699e-03
3.155503402080684326e-03
3.398442952408352053e-03
3.706515697110998771e-03
2.846351303465397779e-03
3.148359681623150597e-03
4.456750172979816009e-03
5.416629179742541225e-03
2.438056855509715230e-03
3.148757863949423145e-03
4.316633706707878257e-03
3.231216967370489565e-03
3.470668389890827626e-03
3.067570037831856503e-03
4.325998807550945555e-03
2.638401577447066580e-03
3.093013254241967248e-03
2.599905966441718331e-03
3.162957902993640893e-03
3.627304789138465976e-03
3.816345774238212238e-03
3.393705221184476449e-03
4.052033456198345616e-03
4.975325967888808223e-03
4.092626562865352667e-03
4.972496869471874567e-03
4.469677995097930297e-03
2.401672645828655406e-03
3.711329420256242323e-03
3.484344247472775675e-03
6.086342792618658001e-03
3.470757112750010812e-03
5.172371122593779139e-03
2.552248599710271477e-03
5.209041443958019844e-03
5.515492566317856636e-03
2.692601247686484799e-03
3.092702419981161951e-03
3.873279544118246424e-03
4.676612260996438133e-03
4.276077750765552681e-03
5.072130488711171573e-03
1.902234753234276644e-03
6.588732520990662860e-03
3.748442228308475257e-03
4.725284647829503318e-03
4.000590322417559713e-03
2.896887415483428811e-03
3.127709331810323793e-03
3.288505037237948996e-03
3.017241217333364780e-03
4.531338500761600795e-03
3.589287414575110819e-03
2.827887293926677117e-03
3.184147934046285648e-03
4.452259709331931811e-03
2.928899756056424497e-03
4.032585500756862180e-03
4.610553985686963348e-03
3.863324060368522259e-03
3.227804971533333300e-03
4.568872153777067333e-03
5.066428103351726039e-03
2.014502973848260325e-03
2.567263138848381327e-03
3.379452119337799862e-03
3.352819620242084627e-03
4.431673274233457679e-03
3.161289149617952429e-03
2.920894609178643127e-03
3.649709671666766589e-03
5.466231764231626114e-03
6.091839552337291290e-03
3.641471048877670865e-03
4.678832475038296849e-03
2.873550669882528243e-03
4.332494110953826957e-03
4.845121083196281438e-03
3.538710950170142686e-03
2.158585876744198266e-03
2.950036598684522594e-03
6.462537618130852896e-03
3.242746195301875710e-03
3.833413205648942244e-03
3.408448356712294371e-03
3.417511808591276214e-03
3.284327875248347402e-03
3.101373152779851421e-03
2.501551874682080533e-03
3.560038115424057209e-03
3.437138745435951419e-03
3.303200557819005890e-03
3.014453260600650272e-03
1.908495032443816150e-03
5.178097453614046927e-03
3.143271811252520021e-03
3.682295341374265587e-03
3.069329812194400257e-03
3.864350571247254264e-03
3.944366132609279825e-03
2.972810609823216439e-03
2.461506666386227039e-03
3.774323437022593028e-03
2.456446409907904211e-03
2.756445716415864295e-03
4.515171355328847190e-03
3.506037166716395939e-03
2.908310061877537270e-03
3.716409911019907027e-03
4.677756826909818325e-03
3.344390692022170073e-03
3.301799547602360819e-03
4.204152734904542665e-03
3.936660201743135898e-03
2.802146424734716732e-03
3.136106755102746439e-03
3.433125333063005973e-03
2.640967732319860276e-03
4.317392881208865184e-03
2.971726943019099062e-03
3.097585317894484529e-03
3.729695240217404013e-03
2.964153957248679382e-03
3.111613321095989260e-03
3.009633747038117837e-03
2.825888812131880767e-03
4.799102015566296918e-03
2.051251572329384001e-03
2.277358794972044517e-03
4.103346534377297523e-03
3.394535391033300965e-03
3.765595336781912307e-03
2.735061100443237497e-03
3.713971244441761910e-03
1.400506386216217791e-03
4.122636313745676843e-03
1.596191939691657662e-03
2.428751535708659117e-03
3.287574104225692451e-03
3.592138575098856486e-03
3.039095057697262670e-03
3.361032203230183025e-03
2.827426684725668597e-03
2.122490267647300904e-03
4.355801897649898280e-03
4.821403702470326846e-03
2.411713218540229107e-03
1.302201399882492363e-03
3.299640685990743328e-03
3.073929535618604575e-03
2.686078278748356592e-03
1.787473208982350665e-03
3.284810890215403116e-03
2.290412893063112527e-03
3.684113887616174282e-03
2.793902581807481550e-03
3.378158465906332206e-03
2.353702427983156778e-03
3.436502597664187371e-03
5.602494595040837314e-03
3.406976747445505591e-03
2.110936226183605588e-03
3.326354085778404895e-03
2.065732011410926702e-03
5.048860616169464910e-03
2.659381598026457072e-03
2.093261821418236288e-03
2.735920597330124791e-03
3.514572100280205242e-03
2.360776751949693244e-03
2.619494327408620604e-03
3.989858665663947347e-03
2.526612141477394165e-03
3.029457108784530586e-03
2.503558297782852108e-03
3.420140479561462488e-03
3.480387467357175680e-03
3.015789671011211062e-03
3.022268987579199671e-03
2.871575624198709990e-03
2.564751127436034912e-03
3.312638934661626868e-03
1.468661593262423574e-03
3.439948649936600163e-03
3.364823922932948241e-03
3.529414596859578937e-03
3.240688709046699208e-03
4.350784512956919030e-03
3.361961909406785669e-03
2.479287846630625573e-03
3.012050331824446016e-03
4.092327528277068562e-03
4.045138666181405385e-03
3.200640507916212817e-03
2.724002516490677157e-03
2.739153490966175081e-03
1.741773464543219926e-03
2.763219325397883470e-03
2.931553644463146414e-03
1.842484917172095785e-03
1.630967868047623242e-03
1.210933067298897766e-03
3.601976013444383416e-03
2.368601662391845927e-03
3.750584523910801844e-03
2.785994614632325474e-03
2.691799067372925309e-03
3.552815097619304533e-03
2.381991744087235807e-03
3.807285164382700690e-03
2.402309547600912573e-03
2.580513776918388555e-03
4.105841487697992932e-03
3.132393092304498923e-03
2.131221427071610698e-03
2.868715205204824467e-03
4.107418710196581065e-03
1.299008669363134515e-03
2.100507922278981639e-03
3.817010794056455159e-03
1.600197842552987700e-03
1.670580822553890303e-03
3.065164715242963377e-03
3.360011703290244171e-03
2.970997980853656070e-03
2.395774274441787258e-03
1.326920263524623876e-03
3.666045942220230378e-03
3.577577691556031812e-03
2.746604294030517961e-03
4.469154311446631861e-03
2.687228833218429421e-03
4.031451035433742877e-03
1.918888121606913662e-03
3.842309332293801765e-03
3.309811463484698714e-03
2.429474235801615256e-03
2.585569370444553306e-03
3.777360781794741797e-03
2.438215799261939272e-03
2.629479955345059242e-03
3.762899403228964212e-03
2.967031995831953105e-03
2.881075533819078219e-03
3.596273874717827342e-03
3.032291535179022085e-03
2.217082645598965774e-03
3.478258644619351952e-03
4.662454325290645886e-03
2.383373758065957925e-03
3.060573699330885761e-03
3.194266102180104514e-03
2.761452495117767709e-03
3.278528498252757366e-03
2.939611394060720213e-03
2.134592791906749203e-03
3.284853237158243035e-03
2.197429779805189914e-03
3.034154787207187735e-03
3.129360883047401995e-03
3.049805902517007793e-03
1.700158341424557904e-03
3.806737102348732929e-03
3.321080191663611323e-03
3.632418360104412106e-03
2.230790400857112984e-03
4.218516308830313165e-03
2.179885156256428265e-03
4.757170107827913066e-03
3.564061956878917126e-03
4.114806238905084450e-03
2.999817958170704346e-03
1.854007132817116210e-03
1.376957734105918032e-03
3.139689782209691311e-03
2.285415818590592722e-03
2.539613501507506990e-03
3.801478099981271588e-03
2.634853262518466969e-03
4.139074595992268089e-03
3.312385525467356848e-03
2.600261695521740440e-03
3.275975256234540077e-03
2.521406377510456830e-03
3.755375068915988834e-03
2.594615103582141764e-03
2.433069750527001168e-03
4.310491030266397523e-03
3.397286302473861291e-03
3.172835470058293656e-03
4.448261339553144511e-03
1.841777955158334541e-03
4.389918667270314989e-03
4.557237621435275207e-03
1.490593246585268823e-03
3.066668104797819552e-03
2.382282021100962013e-03
3.276338726685607688e-03
3.264710094053132998e-03
3.829274260763574061e-03
4.332079478015431022e-03
3.686452660456999639e-03
3.284679933639455228e-03
1.388927169543777542e-03
2.647857410473555741e-03
2.538353299159582226e-03
2.718145921252857790e-03
2.976770391864589933e-03
3.168484946367680025e-03
2.969372848399406354e-03
3.324040873793035651e-03
3.181817168375216526e-03
2.896298679996035449e-03
1.879771436922718190e-03
1.520650357865373529e-03
3.814631181144969869e-03
3.744825506741478877e-03
2.278816370174527230e-03
2.761652331901717772e-03
1.640475272482766998e-03
2.137833155604492406e-03
1.929615469296793459e-03
2.680895568414895427e-03
1.865220451196986573e-03
2.491727812589266278e-03
2.976457761152874297e-03
4.057786332171188851e-03
1.835146747159822900e-03
2.197824414514416846e-03
3.614043091674182945e-03
4.165210356813994937e-03
2.831975974688847025e-03
3.726549296308654703e-03
2.794765891728765318e-03
2.640633700538982161e-03
2.548396459317809996e-03
3.935341328237742728e-03
1.604717408092647211e-03
2.603384574328134783e-03
2.083226752868847214e-03
3.142639169848471681e-03
2.520934641598195861e-03
3.501716659795915589e-03
2.252377252318309760e-03
2.374954794447015419e-03
4.821281440309291809e-03
3.883285286791060293e-03
2.427906425952359830e-03
2.893176900552832734e-03
1.518100172927865261e-03
4.415322473778662306e-03
2.409747008077673790e-03
2.426186518322479002e-03
4.360407435192567051e-03
1.687265414078752048e-03
3.247600565803051339e-03
3.727803429188240522e-03
2.504853281623850136e-03
2.216319906102678580e-03
3.183746897135626523e-03
2.428137783316690508e-03
5.557911388022043764e-03
2.824880823826675814e-03
2.385064792737972596e-03
2.199782480670694606e-03
2.823853451504942241e-03
1.793620306902573344e-03
2.397017946970137706e-03
3.714490642300342232e-03
2.415171750933980174e-03
2.568240456195304468e-03
2.858381103829081300e-03
2.852459820682096397e-03
1.566427031311019543e-03
1.510132617316483055e-03
3.863859916531632577e-03
2.218369772443697097e-03
2.022849202153124710e-03
1.975897912653014257e-03
3.593488260007375590e-03
2.877402925716684989e-03
2.697673364130681161e-03
3.159995699418682337e-03
1.956933841457323634e-03
1.619451391335137089e-03
2.610128798960370707e-03
2.823396103319291642e-03
4.624915088755801595e-03
2.411343404436466342e-03
3.783020538168958835e-03
3.312314090663627877e-03
2.534603500263304596e-03
3.785143238141120033e-03
3.954048637285188100e-03
3.198894021924495075e-03
3.278151463029012249e-03
1.549419447456497432e-03
2.914273522254685889e-03
2.610257418799710998e-03
2.043440219637562578e-03
9.388775448868179200e-04
3.754343001404724690e-03
4.153669706710043374e-03
3.552269681263404023e-03
4.413670395943277910e-03
3.567786651470974263e-03
3.261789055992163344e-03
2.695119905795977013e-03
2.240349703037007936e-03
1.809458552189407163e-03
1.597856362191315063e-03
1.327609784913437842e-03
2.576710932134309694e-03
3.014116672251687321e-03
4.699561372114037169e-03
2.520219147097625938e-03
2.610736268398497657e-03
3.653591267748745354e-03
2.440664361853148081e-03
2.880991875859550098e-03
8.639000158813852021e-04
4.093426350270757547e-03
2.026963207808609412e-03
3.562760599684296463e-03
3.394328158340002843e-03
1.276526629747486413e-03
3.530197028436874492e-03
3.371384806185472385e-03
2.887586996582797334e-03
2.241703633473091095e-03
3.470315418964379974e-03
4.180013803327872757e-03
2.850786270833341549e-03
2.564478069006912841e-03
2.851283079574547068e-03
3.903234206493681312e-03
2.367499131983288787e-03
2.284093302976294721e-03
2.939323850258688739e-03
3.063356354618706947e-03
2.252859140084477289e-03
2.341218165192010189e-03
3.257504231428964142e-03
4.245623378947507506e-03
1.798713764691058266e-03
3.039104311540836469e-03
2.462989555588988941e-03
2.954231198364069833e-03
1.906873518408750941e-03
1.913828328263931676e-03
3.091178065792291735e-03
2.909857055151481107e-03
2.843217737988021267e-03
1.267252544435010274e-03
2.115401455367499611e-03
3.605398662131866806e-03
2.510717346447976193e-03
1.996635135367426112e-03
1.593954113433093071e-03
3.040681464420863685e-03
1.914305874873000477e-03
2.574113455781038180e-03
2.625814394126371482e-03
2.593740692315838533e-03
2.345508333565635237e-03
4.585862641649032963e-03
2.797791876145643876e-03
2.706755396012891675e-03
2.455752247361640567e-03
3.579680429118006334e-03
4.618144305233044811e-03
3.680288967084236786e-03
1.310582676109096033e-03
3.714521247306647525e-03
3.109833551728571465e-03
2.263847142196048160e-03
3.352992958325582903e-03
2.841546585990204193e-03
3.274839528954793036e-03
2.374710736986808315e-03
2.113360065621563196e-03
3.785187130590404563e-03
2.260167967928535058e-03
3.273162640485742601e-03
2.879904053243385800e-03
2.299871161684599943e-03
2.949788622165343179e-03
2.701565751820077070e-03
2.472536785419027997e-03
2.656449550308113278e-03
2.906119786886392393e-03
2.064057194705511480e-03
2.956714180929560440e-03
2.963393024938765392e-03
2.472256483778132070e-03
1.968679261137230418e-03
2.236472186848012089e-03
1.809882342264649419e-03
2.643131359201572519e-03
3.495972738410853698e-03
2.367245669146216328e-03
2.055015669452588730e-03
2.570524822058277599e-03
3.274427278065780798e-03
1.582907806610585116e-03
3.138887995773666142e-03
2.501457080780894026e-03
3.010208542881128400e-03
1.660974061210061933e-03
2.693225867730622645e-03
2.730616254074777656e-03
2.513281168381197028e-03
2.278225924673332736e-03
4.653306080193866587e-03
3.981557304042883036e-03
3.083504305008416459e-03
2.423494813952718156e-03
3.580312080628686878e-03
2.225995539185094286e-03
2.111960470136904199e-03
2.455138156531308253e-03
2.314514176957367317e-03
2.105532468745116310e-03
1.760571354723107496e-03
4.298016365419789903e-03
3.195966477446513052e-03
1.620519718180990325e-03
2.531252998498662553e-03
2.774464946907505888e-03
2.630145382459820290e-03
2.117367264691073087e-03
3.612152426686173791e-03
2.349866794931327729e-03
3.144662923141818521e-03
1.895004274170647169e-03
2.660321099426080863e-03
4.113860304072414383e-03
2.694980815143478790e-03
2.730104361271534080e-03
2.714016981171841342e-03
2.646988220148727665e-03
2.912735949618848030e-03
2.375024011918672965e-03
4.134461879334158305e-03
2.599287247051446179e-03
1.363272194860001840e-03
2.241554171420507332e-03
3.556640227674121545e-03
3.267217605627204847e-03
3.109023206790150363e-03
2.551948459766452404e-03
2.960810208651089813e-03
2.654463066168426776e-03
2.363880897430895717e-03
1.584564103975787727e-03
2.207181992766406309e-03
3.459895671854661039e-03
3.799060249272637625e-03
4.004666317202356003e-03
2.901524796044238283e-03
2.078925525338912259e-03
2.502495073951461254e-03
2.794357710187214076e-03
4.423167396109621216e-03
2.874394579166968024e-03
3.826846198145956741e-03
2.635054553939682274e-03
2.581321345904919861e-03
1.922521074247006282e-03
2.286812795083294388e-03
2.396513896115561384e-03
3.215920986958263530e-03
2.440902341226006220e-03
2.150915202790036704e-03
1.988756861337179042e-03
3.735615498969808903e-03
2.556871946502782458e-03
3.725534601681118087e-03
3.252388523090949616e-03
3.950552292200738835e-03
3.138387212858436467e-03
4.101480984565793707e-03
3.993818973184685289e-03
1.301273238655404393e-03
3.299856754221747440e-03
2.265396893102599504e-03
2.037166791850270227e-03
2.017561779579728643e-03
2.187192872963982047e-03
4.902674760496341343e-03
2.416105613135079589e-03
3.245154281500105872e-03
3.840646309800365126e-03
2.973266890679642036e-03
3.014010236368866447e-03
2.641887734970999740e-03
3.294213829485894730e-03
3.268328105297380222e-03
2.346021075444365816e-03
2.580153999140440049e-03
2.277186128453444116e-03
3.601618097135653260e-03
2.325470004520656039e-03
3.358506903989200588e-03
4.739614360266397944e-03
2.891356032453613889e-03
1.876319166857194718e-03
2.701647049664709574e-03
4.013577988513697924e-03
1.707247684283689018e-03
3.500515640973214659e-03
2.806420807975567970e-03
2.260226900139699919e-03
1.554284550849501173e-03
4.065604973490810972e-03
3.014763690501662957e-03
2.247731971587202827e-03
2.159426943839611382e-03
2.466648871763549907e-03
3.558445430743430431e-03
3.395311546141655153e-03
2.826041586122549423e-03
1.348715909528220430e-03
1.425259140951233225e-03
2.185355332904667311e-03
3.080252252391242791e-03
3.076134320904832554e-03
2.980094896534001524e-03
1.661423574273097805e-03
2.430035437585566400e-03
1.666772342352844383e-03
2.671682994753251869e-03
2.121826313143305824e-03
1.991443578339024533e-03
2.294933315105777711e-03
3.370409518449649523e-03
5.667132188735421461e-03
3.114368111096164557e-03
3.945975581105274146e-03
2.244570580081063464e-03
4.079433470995525932e-03
2.555940331305182976e-03
3.270543955887011793e-03
3.967003615743006258e-03
2.438476583067724929e-03
1.866545906037902960e-03
4.204157130378190915e-03
2.697064852477826929e-03
1.981158344322692111e-03
3.843114276905921708e-03
3.939832018238800977e-03
4.434936091397671115e-03
2.579361202574596054e-03
1.651046335522855790e-03
1.784821956223528114e-03
1.881605050452764098e-03
1.920509920385871832e-03
2.423000185348380981e-03
2.663390941743921849e-03
3.054789494616690082e-03
2.837857232705931401e-03
3.195314296442450328e-03
3.856033246204853843e-03
1.738334050387144994e-03
4.071613795259315834e-03
2.820909883414449149e-03
2.073077584550304421e-03
1.839474037012315535e-03
2.259504420090415432e-03
5.026742779895241979e-03
2.991801922183263442e-03
1.635116773255232457e-03
4.082091829543185377e-03
2.425022092923553602e-03
2.811119894146117768e-03
2.929569878471769209e-03
2.827455929172913943e-03
2.342785140276712561e-03
2.193309682410328389e-03
2.568449809981086102e-03
3.372931007877118248e-03
3.323621106360756701e-03
2.156595140886849362e-03
1.716791039210676870e-03
2.961821899843146942e-03
2.322946650642102907e-03
3.072699711815608109e-03
3.929878170216602462e-03
2.265510771789772809e-03
2.739775217982394137e-03
2.578645786153504343e-03
2.973499787103126707e-03
3.469082205292467989e-03
2.393774497227387724e-03
