1.672065620855978096e-03
2.158022966179055924e-03
1.632905943005577088e-03
3.337571287266765611e-03
2.653181008784607706e-03
1.484497883351765420e-03
1.525319264630984250e-03
4.396801067697068965e-03
6.244844506474349702e-04
1.664439331091981935e-03
8.960891718288848664e-04
1.853703654901055859e-03
1.130548500635812853e-03
1.611515370137755728e-03
1.293757635027820672e-03
1.313527794293648963e-03
1.416931034968795401e-03
2.123244613173798888e-03
3.002188358838999999e-03
1.477121616629142355e-03
1.677648270664009768e-03
1.697710133705897326e-03
5.555525332436064530e-04
2.391070087801623958e-03
3.286160239320616810e-04
1.182534575056208657e-03
8.131799200618290528e-04
1.537640364945702621e-03
1.494073166735699959e-03
7.972009677603456804e-04
6.694116976382986570e-04
1.041376408852107442e-03
1.081199935288923919e-03
7.898419959253887099e-04
5.039569116306909236e-04
9.597692108007349057e-04
2.772519284639184383e-04
1.205856237755383248e-03
8.844657123296512883e-04
7.938101212518084435e-04
1.065575570557763391e-03
3.884720033800476559e-04
6.839345440926362625e-04
8.123564997658785014e-04
7.982911793501309018e-04
1.291474989923827076e-03
9.185420004527479216e-04
2.811587346538102733e-04
4.896335624260597782e-04
4.768515743608021159e-04
1.195401044959592055e-03
6.928181320638920416e-04
5.706991513940158731e-05
5.131454160325660437e-04
1.616632597603829765e-04
3.871919515936278976e-04
6.369977868927630127e-04
5.441412700036110965e-04
2.250593329493682588e-05
6.007230064127281515e-04
4.492995932944076980e-04
1.406306103108344904e-04
9.989418810222461947e-04
2.859941028757232123e-04
2.581290910576899337e-04
5.505928251855586944e-04
1.048045318912909209e-04
5.664537418930058700e-04
1.016402045907784237e-04
9.608250480823468101e-04
2.749764418807216474e-04
1.745971190683485194e-04
2.166008822130155106e-04
6.233762487721940639e-04
8.617315899897135716e-04
9.252575986207897869e-05
2.971425129662289780e-04
7.904959446308864246e-04
7.058276800592754030e-04
5.823565679666654719e-04
3.849490919292276208e-04
5.181462329057314126e-04
7.623378853290728322e-04
2.672728072119226689e-04
3.371180494208492152e-04
3.617862700958126405e-04
5.835437546037623496e-04
5.292157097450602300e-04
8.474995009373890680e-06
2.283629162813657161e-04
4.694412019605788693e-04
4.128820873084107133e-04
6.306938304405476104e-06
3.892798167820772735e-04
9.037434557743681540e-04
3.062063423874272772e-04
6.230134598173134091e-04
4.256163953736462970e-06
1.012410186867308782e-03
1.295637830754384646e-03
1.314287359524525739e-03
5.590978855452233493e-04
1.255793809711694452e-04
4.076311048112726040e-04
3.019498787857010334e-04
3.043296651865946552e-04
5.796956498753340738e-04
5.906049461054869217e-04
8.500912582288605796e-04
2.762026922325931015e-04
1.154432048755389776e-05
4.132093498950870731e-04
3.724872758209634132e-04
6.063430327196136583e-05
8.281380930672135139e-04
6.286859677584473016e-04
2.941671770388123931e-04
1.983049379659967737e-05
7.957785784061725907e-04
1.306102863429598176e-03
1.529707707921118261e-04
1.992233933236953365e-04
5.980903425922898383e-04
4.489800020604773050e-04
6.958646823695069589e-04
2.122045403442175408e-05
4.076983588072009769e-04
1.355733609993394417e-04
2.645124254351210557e-04
4.201224368383625618e-04
2.839084045650092395e-04
2.034327762308666115e-04
1.031988976441185679e-03
3.039919142317723080e-05
5.163512234612758134e-04
2.065883689441001868e-04
7.013604358981527715e-05
3.174985839929702356e-04
5.169248431170361336e-04
3.048408567163967331e-04
7.131959059312394328e-07
2.999988697081900174e-05
2.843111950969782684e-04
5.390240147204348672e-04
9.552247485296661619e-04
5.727009873912646595e-04
1.695340456583197290e-04
8.097708102378347456e-04
7.190695632964389222e-05
3.417315728674135658e-04
4.817287756757870356e-05
3.887091325101298166e-04
4.662812650289281419e-04
3.480748439334855693e-04
3.592447098942756789e-04
3.414970862721045455e-04
2.030595282298042258e-04
6.216633437992297372e-06
3.606375614977711539e-04
1.097639021609798991e-04
4.411731936511724622e-04
1.805878589990633516e-04
1.641649896628747177e-04
2.990320361690652668e-04
1.496376017204894247e-04
4.505689181372660710e-04
7.320245041340532523e-04
3.731572421007814849e-05
4.805185323662251960e-04
7.303337297685900498e-07
1.072241512577420649e-04
2.487403931654367378e-04
3.042228330501130923e-04
6.212185332577238811e-04
6.692783110788252542e-05
2.281385330739476311e-04
9.387339179554647325e-05
5.879669322265971198e-04
3.671396696194684857e-04
2.664465601937822479e-04
8.191295091397194630e-04
4.878237826773134441e-04
6.102497228514643319e-04
4.200256792778174573e-04
4.819835287362942864e-04
6.898939530892702829e-04
6.028455705811823105e-04
4.194134870698467939e-04
3.202980271308031399e-04
3.676385379418066522e-04
4.214117874165852306e-04
6.618346276119487729e-04
3.006535595547715458e-05
3.559123864007890815e-04
7.116631242396816593e-04
1.638911034387599921e-04
8.061079730766762281e-04
2.421850379830161392e-05
6.197711568747459130e-04
7.992565769613728898e-05
7.479436999768841179e-04
1.028863340049741056e-03
6.763538301045526760e-04
1.701097907335594075e-04
6.992173922083124013e-04
4.359735254776686835e-04
7.064809489712508899e-05
5.213422748808289788e-04
4.127276713198656309e-04
1.766719881997635988e-04
5.996275403209792940e-04
5.851148172652638957e-04
5.842006078220552713e-04
5.988704818330902900e-04
1.929765920293222982e-04
7.145931870936641497e-04
8.883143994419858823e-05
4.114984773970087480e-04
9.079218739304912439e-05
2.651922600039309063e-04
1.696825574978536738e-04
5.245305041997912329e-04
9.918721751222077301e-04
7.602703504258943130e-04
3.544007215506315761e-04
8.047505643373203824e-04
3.159228210240580407e-04
2.226637890791561614e-04
5.070609308864540074e-04
7.502495112916330883e-04
1.474363626873106611e-03
1.007055463105909930e-03
4.008720161495517276e-04
9.761627363303336839e-05
5.643352240502355144e-04
7.200570388140295399e-04
1.108402637495158147e-04
2.068101583900358760e-04
1.242553010230902687e-03
9.277951123017170825e-05
6.828825165926967868e-04
9.573971600360103992e-05
1.023021567500093836e-03
2.751100496628588001e-04
3.159384060716859707e-04
2.561410451581036963e-04
3.673062710044163598e-04
1.038089330556796848e-03
3.759543292200518945e-04
8.012542148365191762e-04
1.082541508192511552e-04
6.805792938395387236e-05
5.360994257167588876e-04
1.119864390329038985e-03
3.060545749372556757e-04
2.361238829816029029e-04
2.827787107371613671e-04
7.291707123708054516e-05
6.108451942120369117e-04
8.666938056938769354e-04
2.294670828990859150e-04
8.233138347941293270e-04
1.375776575073910904e-04
3.985664752204139019e-04
1.561293272228106378e-04
9.465251851672703328e-05
2.455227713006580248e-04
2.043619827793103695e-04
8.643923764582304341e-04
1.037635614397077778e-03
5.285863112079994177e-04
2.853098657430828836e-04
7.639578448560871123e-04
4.503432033476931977e-04
6.365603566478152207e-04
9.019708293459423841e-04
5.205014208093784820e-04
3.512843058415152466e-04
3.741304198818386868e-04
6.249453179310706990e-04
5.415083264961207277e-04
5.789388212219686615e-04
6.259031525990119051e-04
3.025069264901405412e-04
9.119443324490855083e-06
3.381099256196343369e-04
9.478360925848618114e-05
1.287389422969623887e-05
7.836872656061001901e-04
2.211895746614864731e-04
5.391109702948234175e-04
9.059933147146155986e-04
1.438793593467431399e-04
1.082982463185171126e-05
1.489461312981530479e-04
1.091645895890464897e-04
6.857397243006874490e-04
2.486278536563129725e-04
3.724755325270157438e-04
3.441566774226048712e-05
8.597132217805293934e-04
1.344330150817942850e-04
2.043477184663079727e-04
8.026169449331730776e-04
2.480354989800562953e-04
3.348328883814395067e-04
3.053566393269510344e-04
2.373354118900458101e-04
4.850966639478265872e-04
7.556197602841061966e-04
1.114799364136303471e-04
2.747554101445015873e-05
8.057829898860735052e-04
4.074670363086414847e-04
4.424398262059136178e-04
5.650378575081352637e-05
3.958530258745291829e-04
4.198242282779541135e-04
6.653617429443001033e-04
3.113974793313748174e-04
1.940480810757125256e-05
7.474595057696180409e-04
9.832022583708449788e-04
6.541134296461413675e-04
3.708337539088511921e-04
1.361458852686173962e-04
2.795270605295139730e-04
4.963582871527534189e-04
3.497122489315895497e-04
2.420119916819347842e-06
3.101886201673077585e-05
9.557525410044575209e-04
7.290630654943967533e-04
5.437465418634035473e-04
2.476849762680196818e-04
4.127787249380237113e-04
3.795992543909783843e-04
5.618664240553436322e-04
8.665737015973992491e-04
8.297024513545670898e-04
4.874996639145498853e-05
1.625019106843298214e-04
9.334831945798833814e-04
1.093315534029691213e-03
7.347569344107695005e-04
4.276299469653473996e-04
1.488423260931916485e-03
3.073203114331113741e-04
1.890510500609206355e-04
9.989381932750131233e-05
3.536965441401277821e-04
2.823416074097472549e-04
7.555442577166029700e-04
1.981946487524583096e-04
3.202694109203317574e-04
2.226032864591359357e-04
8.418303056155008945e-07
1.641782012711239392e-04
7.580391259552202773e-04
5.183968379272431773e-04
1.186341549705216070e-03
1.446686194242065391e-04
4.339507425010327214e-04
1.453693215027714643e-03
2.423762616980838964e-04
6.949659599626725835e-04
3.781324715716248932e-04
9.731539254517242990e-04
6.397448702582811614e-04
5.565838366230897423e-04
5.913242471403018811e-04
3.347183329110319286e-04
4.310673014333584558e-04
1.607464074605049478e-04
2.551031890505257903e-04
7.653715061227507393e-04
2.382244761217158801e-04
6.633540558089191233e-04
3.926698034587302699e-04
2.257343274981041064e-04
5.485448817473438524e-04
9.321571704668410820e-05
8.734499286472216127e-04
6.199057203015382721e-04
1.729869499354137231e-04
2.614785619034815274e-04
7.033625038610225857e-04
6.718128312447633815e-04
6.468095359305016173e-04
1.683651906331841701e-04
1.108201243941227959e-03
7.171652560660179672e-04
2.370262328098617110e-04
4.786524451252676835e-04
2.948049122799472959e-04
7.795276192493255565e-04
1.994351427007162649e-04
8.455407303777654144e-05
2.803275536776953544e-04
1.369313623919075462e-04
1.905819867876863694e-03
7.689887168530856439e-04
2.036780194595569013e-03
8.433502974498250596e-04
4.547227391977548333e-04
3.534740684328446748e-04
5.891693600553058385e-04
3.442102126749574647e-04
3.458324746230707902e-04
3.351024668294873840e-04
3.440590853540266016e-04
7.076043758168870472e-05
4.384776674982538238e-04
4.395952258810278393e-04
2.378448006517211596e-04
2.057114364012273527e-04
5.867148629980265635e-04
1.510192709679290422e-04
8.314788032710294149e-04
1.978758166330801132e-04
4.061215872542280037e-04
1.712843986765459408e-04
3.352602855232830075e-04
3.010079670790063392e-05
8.371197310745080866e-06
5.425687420015372527e-04
3.760120868259044348e-04
1.727219625651658680e-04
2.789632648059914982e-04
7.472545024527888326e-04
3.910535245658785662e-04
2.402737288047136766e-04
2.181488657546788972e-04
3.148141929404137660e-04
5.278120520436330827e-04
5.675570558316525615e-04
5.590768444777447161e-04
2.386601172945998500e-05
3.001747266733096361e-04
3.963947018223746839e-04
7.087519578001647870e-04
4.520250060574352029e-04
5.973696150057234778e-04
1.772194365226878411e-03
3.779397017944807519e-04
9.528791511505545382e-05
2.109194378228366920e-04
6.734072923634196054e-04
1.764266359677640330e-03
5.625784427196687523e-04
4.566259970733054299e-04
5.668158619828595748e-04
1.062085651660673577e-04
5.600421427056489088e-04
2.431465633766930542e-04
5.425599199124414357e-04
6.737834723914994627e-04
4.821035379546590653e-04
8.062760357692498429e-04
6.247806001504420566e-04
3.478000632482527695e-04
5.043718552847718112e-04
1.312202892840352592e-03
6.126917645807676007e-05
4.040199395764583934e-04
7.713579113565440177e-04
1.957328186626016331e-04
2.762761883585858856e-04
2.192930536784723277e-04
2.759695919739538176e-05
8.615429149604891812e-04
1.088005127743143716e-03
5.422806555130466402e-04
6.234701466923068397e-04
3.121087387484024179e-04
9.365895769025590770e-04
1.017496601568910466e-03
5.627514011072095191e-04
5.214424251712522626e-04
2.158115331835869059e-04
1.349509306014316085e-04
2.692148481312364532e-04
3.465354752535059033e-04
6.787162338282845325e-04
2.940172563711408835e-04
8.928371749251456067e-04
4.807750568498178937e-04
1.174944489695675968e-03
2.902897947682664967e-04
1.352461575006509481e-04
8.868226874338167942e-04
2.445179627492268882e-04
1.061115356070796479e-05
2.400308100794308261e-04
9.733837054574165511e-05
5.149640615552921385e-04
2.573749525295496946e-04
3.813844738448622391e-04
5.670002020309261809e-04
1.392459344408291435e-05
5.173217796843512101e-04
4.621116617438414940e-04
9.765501220374992125e-04
1.592197511964229314e-04
1.969835703300546620e-04
5.872483554414617579e-05
2.728287737760569246e-04
2.714469547810427507e-04
3.458867015947438375e-04
3.009154976506650493e-04
1.062312795429093621e-04
4.327982802023906672e-04
3.085164510401304278e-04
3.779699035635215019e-04
1.301191095524330786e-03
6.765407421759204629e-05
2.261795913488137385e-04
2.855922719765791019e-04
1.232083149151977797e-03
3.626305923506522146e-04
7.613807224504820113e-04
5.067990546096156007e-04
9.354297039939566544e-04
4.170921469680453561e-04
6.697491824804335152e-04
5.031100001516133945e-04
1.195654285619139005e-03
2.115589119849041629e-04
1.052025914285514103e-03
3.022513353762027377e-04
5.219844670599476516e-04
5.616390961535413541e-04
3.731937191054157470e-04
4.319773131549146526e-04
4.476754348956368357e-04
5.872193239693197309e-04
1.167389508598462404e-03
1.193970797448269889e-03
8.366411478875041647e-04
5.081077739284208536e-04
7.671418383513478893e-05
1.587723276008338666e-03
6.701596741168210991e-04
7.712424008400823715e-04
5.752837836214996130e-04
6.951769702667913767e-05
2.380207106307965863e-04
1.129589806319061286e-03
1.061944931793962405e-04
4.632432301485991900e-04
1.989340761858403002e-04
3.386839538546505888e-04
5.460710860771150234e-04
3.574752462464139951e-04
5.505501931577180298e-04
4.550386808650114142e-05
3.602209894154562121e-04
3.879032901780056909e-04
6.733255230122329234e-04
1.180752933908880975e-03
7.621665639944111715e-04
5.271864951408213734e-04
1.860067662986838576e-03
3.665351209800790091e-04
9.103406486466955345e-04
9.783181228693376905e-04
3.845195277607524136e-04
3.071584427060100641e-04
1.101503593209915421e-03
1.474959283129398749e-04
1.080062557546017507e-03
6.518798608157631369e-04
7.352766005117087039e-04
9.535846657851029893e-04
4.171931154768681953e-04
3.212112945558928722e-04
2.043871324853744709e-04
1.102708875091086820e-03
1.062498459999151065e-04
4.245877391794207218e-04
6.775188863784166286e-04
9.089778841032847712e-04
1.970130948590784431e-04
6.023886914070397279e-04
7.379185774596261826e-04
9.809955496439856214e-04
4.705930873015461450e-04
6.360289184924963236e-04
1.062084515613870642e-03
6.088746990886249053e-04
1.690394953699522035e-04
6.948621230980658956e-04
3.227939430771791998e-05
4.522674758308947718e-04
1.641710643098999998e-04
1.230438383533031870e-03
5.800203060713791719e-04
3.199879638051264042e-04
5.646424840797573640e-04
2.030626211179159719e-04
1.401928853190500439e-03
1.444115485533783907e-03
2.441099808394620898e-04
2.002056359207943876e-04
6.415343146422553119e-04
5.948255462827123146e-04
5.122880240348165210e-04
5.808889220698115622e-04
1.082250365481165312e-04
8.750814137948714072e-04
1.497110866009600460e-05
2.131198350307135243e-04
6.460273070446834339e-05
5.002800182108811276e-04
3.866386762515373735e-04
6.193724177125554953e-04
5.123136744620974178e-04
1.083149319143820576e-03
7.586949985556324652e-04
3.439359462944157849e-04
1.239965069336469283e-03
3.169656859710533420e-04
3.481190335906806169e-04
9.073159862248959210e-04
2.082078988090800271e-04
1.839156569819304908e-04
6.898190035764521126e-04
2.609527006326047807e-04
1.805777720204978663e-04
2.723288351271125501e-04
4.209758924531071026e-04
6.565410156245234455e-04
4.219217705303302565e-04
4.373382514180954961e-04
2.279618682903012262e-04
3.186631175801024011e-04
4.077252485576549849e-04
2.505415040221363769e-04
4.080997648644849908e-04
6.435810706145149711e-05
4.692263892930249500e-04
8.921144322433249038e-05
7.044998251976243488e-04
2.936891212755912131e-04
1.416076203892902398e-03
7.623734239520726669e-04
4.130731802806704585e-04
6.447297000411899735e-04
4.046762999848157690e-04
3.423374094561041801e-04
5.529695292234267437e-04
7.214686707646343318e-04
3.437550563489056893e-04
3.654017662837320043e-04
2.306414284726050420e-04
9.128929359033819205e-04
3.654554047471704481e-04
1.557165809571377007e-04
5.534304721938387633e-04
6.410445375549090165e-04
8.850517334740581627e-04
2.725556234713298023e-04
2.990384476786095208e-04
6.440525010825955479e-04
8.197752866096685246e-04
6.346912045105524260e-04
1.233355731855933059e-03
7.814146896742389659e-04
6.505755196075918644e-07
1.319902624464940229e-03
8.395486794701372381e-04
8.136294187437936127e-04
2.919634113396729993e-04
1.439367274796723344e-03
1.026263475723747474e-04
5.510851044928895878e-04
1.041125991021000510e-04
7.600304767177628934e-04
6.167892389519408821e-04
9.691833748545962369e-04
3.226549018174298868e-04
2.065431648639420772e-03
8.528011741144124859e-04
8.232597592861126213e-04
7.305902125511247686e-05
1.756863005216161271e-03
3.740476341974486446e-04
4.750299659883467349e-04
9.430794365520853758e-04
5.230818920388074058e-04
2.303543378663488279e-04
1.108967974637261071e-03
3.877008178634511627e-04
6.371442041843945140e-04
7.947384547311547691e-04
1.130014191127698018e-03
2.703149512490918058e-05
2.724186634102658154e-04
1.192199323448336597e-04
6.242217786259789038e-04
4.309302018835712168e-04
1.446545850038300743e-04
2.772998472093691222e-04
4.172036027186985145e-04
2.972158549476401688e-04
4.131564994471830193e-04
5.871683299789692790e-04
4.624820731201736610e-04
9.070116084960637513e-04
7.372536700361264055e-04
4.893448048479285883e-05
1.036283885605996887e-04
8.264393162897875397e-04
2.759651244713514487e-06
9.240808262483512885e-04
3.516076453528508942e-04
7.220207173527145314e-04
6.175186329358036547e-04
3.279926076673593972e-04
7.917674834253360817e-04
1.000228740162144390e-03
6.843032659852984405e-05
1.201351587958698463e-03
8.061658946829281837e-04
6.071454208050017535e-04
3.272464614981413552e-04
6.599272542017365229e-04
8.294518013514739314e-04
5.983710459695760131e-04
7.814130848246897063e-04
5.997302085043971576e-04
8.496260741242786822e-04
6.208151232644067499e-04
3.751164938656246020e-04
4.870736243627187293e-04
1.793750316721792228e-03
1.387834109103909617e-04
4.356771344609646434e-04
1.132255277704931080e-03
1.213959296268361104e-03
1.061728286976904110e-03
4.964342615243314038e-04
3.782466089974480077e-04
2.922809688640873337e-04
6.383502110508222031e-04
6.146272321659521217e-04
7.830798659140922758e-04
3.190167615030418675e-04
5.299155295926475653e-04
7.962931335028373666e-04
2.836650472883427859e-04
4.631099923532507479e-04
3.258315693056685843e-04
2.499720622414843170e-04
9.394523741991351825e-05
1.597562061032796943e-03
2.141260719359444002e-05
9.059416682858115145e-04
5.308773742265876722e-04
3.540323869580614064e-04
1.075000068908200327e-03
1.191842114516314079e-04
5.363612722242547043e-04
9.015233238842324708e-04
2.428041405174272583e-04
7.407381067942165991e-04
1.361626130869839383e-03
5.505143758399472665e-04
3.894146548646834584e-04
1.986469953014908239e-04
1.133362107616032143e-03
8.894512662022330870e-04
1.530951156399043686e-03
5.712693185815813715e-04
6.493411478188384437e-04
1.436625732385995785e-03
6.746864175788679389e-04
3.153895062228378576e-04
4.021682843959018504e-04
4.556031562612020656e-04
6.509845657135380397e-04
5.783001613286031621e-04
1.116871863575423160e-03
6.881205217963419930e-04
1.377024567663578600e-03
9.322543625728172377e-04
1.871656437713798608e-04
9.500901577715815038e-04
6.556587899304241757e-04
1.995675281030982046e-03
6.835081565016732632e-04
7.539031133944315349e-04
1.228747941837461135e-04
2.660455408589073754e-04
5.095274008910002624e-04
1.860578025676584875e-04
8.185427675401915713e-04
6.825373230349654095e-04
1.203551868047883326e-03
3.943845391150194017e-04
3.190931475111612745e-04
