1.315110548110321430e-02
1.313379682424722396e-02
1.292726112923256454e-02
1.278000174531434240e-02
1.290256926377698204e-02
1.251689436466443990e-02
1.264891694132776016e-02
1.229698062288472893e-02
1.231127308096698937e-02
1.224798095232147201e-02
1.181751395999173886e-02
1.188122760638320521e-02
1.161792061792262659e-02
1.156509253895565692e-02
1.133120670998981165e-02
1.115803402237141272e-02
1.103802415629081581e-02
1.086454210068848319e-02
1.084067551356225796e-02
1.045773479030429227e-02
1.035048852678907561e-02
1.032279575898707204e-02
1.012035278005674055e-02
9.955101518842775221e-03
9.816965793496001957e-03
9.544901673968774619e-03
9.557862151760557548e-03
9.108894979892871030e-03
9.039364959434777538e-03
8.672125920587312256e-03
8.494645719393362909e-03
8.523764879927252236e-03
8.248797737211946424e-03
7.944612761484294225e-03
7.871565537526607065e-03
7.810813496674208489e-03
7.346380384757720053e-03
7.282340762980583221e-03
7.141229775898962073e-03
6.785798370664276186e-03
6.665505966511445918e-03
6.707705531630343485e-03
6.636982343606098907e-03
6.243098321488768643e-03
6.146674937716589682e-03
5.912241243742028668e-03
5.893805309595248967e-03
5.661165070270274095e-03
5.879820385362496266e-03
5.497638411217634601e-03
5.290085690676842034e-03
4.955271845516542872e-03
5.224325978222317535e-03
4.940691493509125586e-03
4.864330637283415318e-03
4.647816377996974793e-03
4.624348478597745983e-03
4.738594786874004809e-03
4.965460083380032578e-03
4.425416702015301518e-03
4.508486129487686983e-03
4.366502720896481803e-03
4.485697537499413329e-03
4.411962564015738802e-03
4.235785516973272942e-03
4.466446674881725809e-03
4.377964724508246613e-03
4.159624116575657768e-03
3.995199700018110811e-03
4.028869636379604421e-03
4.300282619995663205e-03
3.952280652873020259e-03
4.214161148591505542e-03
4.397250110348450980e-03
4.152560366167431030e-03
3.907101759332782046e-03
3.997209569870895964e-03
3.898200384507292428e-03
4.013550676335443657e-03
4.032930687782695922e-03
4.067096305656978106e-03
3.966641604952115228e-03
4.054873212023871187e-03
3.795826761729415629e-03
3.880095758897395084e-03
4.182833283308741434e-03
3.691817213645302419e-03
4.011666351450835985e-03
4.226667333078418937e-03
3.685550513540394781e-03
3.862582892447839842e-03
4.178768530114438697e-03
3.882546965871561291e-03
3.988656388130067294e-03
3.890935237512793167e-03
3.855156504713357253e-03
3.986933233703736715e-03
4.122047677264584035e-03
3.742300889797840063e-03
4.072838774934113039e-03
3.738571790857785938e-03
3.984595403927459686e-03
3.751756307426022327e-03
3.867426590714882588e-03
3.949991692255329367e-03
3.892559476084387054e-03
3.852187145037823304e-03
3.818852797729429573e-03
4.193576603084694238e-03
4.044149449718910036e-03
3.946502912146690814e-03
3.904514984473275458e-03
4.131839135573016353e-03
3.789334161500358331e-03
3.760717637908383461e-03
3.781517701450102294e-03
3.472571215466129999e-03
3.803954400721982956e-03
3.803428009902133124e-03
3.410290156259526868e-03
3.788765796589876889e-03
3.973888342610686422e-03
3.595322489824275946e-03
3.737934660407164333e-03
3.842944254774871386e-03
3.830900727228501741e-03
3.573963361356367018e-03
3.727328706264407873e-03
3.790992580212995677e-03
3.756435724823678751e-03
3.476372273398142809e-03
3.812625588720488200e-03
3.500647675285289452e-03
3.841996793601295656e-03
3.382392778828876082e-03
3.727261485207335190e-03
3.667966333712649463e-03
3.659325641306168057e-03
3.757805849274072421e-03
3.530168664094337876e-03
3.766819838675931464e-03
3.877788587855823983e-03
3.622638689813662861e-03
3.673968624267903976e-03
3.606130223772343463e-03
3.835355527298764042e-03
3.569264039244799194e-03
3.120130352797166086e-03
3.908285076158592511e-03
3.785425281242173895e-03
3.904289924925447453e-03
3.362505331677296747e-03
3.513455073495443202e-03
3.680480010871470687e-03
3.645384091489589119e-03
3.375139392238143098e-03
3.465223246742661373e-03
3.835485781118084733e-03
3.646216546256952299e-03
3.569842786915459597e-03
3.204517772321143713e-03
3.631686229668361875e-03
3.832771938954703059e-03
3.625320007615314213e-03
3.719481496924341261e-03
3.510965858496094098e-03
3.704201122851514833e-03
3.458246970933292856e-03
3.431210376898561482e-03
3.581243626273987110e-03
3.721924886737903743e-03
3.757977300293216527e-03
3.463768672540550909e-03
3.428754861206277302e-03
3.846975070817282467e-03
3.643174619329707202e-03
3.586568578938178695e-03
3.431427374796578236e-03
3.639517920974601368e-03
3.876028220937044379e-03
3.406840573685792836e-03
3.701136824544263432e-03
3.710940097271361350e-03
3.587947361196296148e-03
3.791861840903710049e-03
3.621016841219772565e-03
3.285886122795948338e-03
4.022676145978766604e-03
3.842916682677980159e-03
4.013765059311975338e-03
3.519189486326900450e-03
3.634999205314606331e-03
3.374912780229344118e-03
3.238525059039701857e-03
3.795229857101523226e-03
3.337658781069919971e-03
3.254793886612428189e-03
3.759045467785590566e-03
3.232534942129597442e-03
3.704568356749701058e-03
3.770365177191517016e-03
3.528263130726115061e-03
3.150792694994775187e-03
3.573340967490364235e-03
3.661890146649129148e-03
3.212868945111883520e-03
3.700182816634667651e-03
3.736409823048944534e-03
3.328627698076952815e-03
3.746486067387519436e-03
3.263917248654349141e-03
3.093339455711510699e-03
3.637107116789220322e-03
3.292465489674847173e-03
3.284365139919728175e-03
3.800997366609383879e-03
3.585537273079918673e-03
3.411957593295553062e-03
3.568606054369403285e-03
3.304548545454370941e-03
3.254400054610453487e-03
3.249742705044855740e-03
3.109383727409105458e-03
3.109667213324701206e-03
3.265578265709242686e-03
3.112293015909907857e-03
3.401907782526459451e-03
3.626760994744054195e-03
3.831949971282132706e-03
3.334532945808622688e-03
3.064761866581792484e-03
3.568986501927555628e-03
3.633374656738919302e-03
3.477896133621941922e-03
3.444497360487673489e-03
3.386036181026742461e-03
3.385288880622547292e-03
3.467075494230460395e-03
3.217226357118142897e-03
3.207863197899519722e-03
3.266316344970071183e-03
3.424134743492715863e-03
3.677324478511218540e-03
3.096786869731100750e-03
3.416031754886346070e-03
3.458759659918458906e-03
3.770521207067352616e-03
3.634790557687417236e-03
3.479887562495603132e-03
3.142620863342631809e-03
3.365733810475612930e-03
3.337415808122262077e-03
3.214056928145008624e-03
3.302098286017832087e-03
3.571227036505264258e-03
3.437006052034102116e-03
3.721292240651241732e-03
3.303497788430532957e-03
3.800924264500393605e-03
3.374947469142234712e-03
3.089402949856322710e-03
3.182034813479801567e-03
3.554342958249013824e-03
3.620270722649259962e-03
3.388875626646039273e-03
3.180079983788284062e-03
3.551214610287939562e-03
3.697201963671861713e-03
3.685903902196479773e-03
3.230443674030923466e-03
3.183144071662204980e-03
3.307208216488806765e-03
3.255537410599923173e-03
3.369651300917834904e-03
3.335550362417377852e-03
3.690802945565173875e-03
3.162308068375147517e-03
3.433851659955893670e-03
3.590731537458789931e-03
3.441981028201083603e-03
3.277752983964641632e-03
3.276832787562655638e-03
3.565105442246787638e-03
3.097741536534062180e-03
3.666824074520085366e-03
3.053360977893662502e-03
3.626652028513056673e-03
3.245728889029951894e-03
2.831079470484165750e-03
3.329543634059487119e-03
3.375577831395316572e-03
3.421173090033732649e-03
3.036377054669745119e-03
3.286628657808627219e-03
3.521222637536002356e-03
3.243631341637811649e-03
2.990224890590544114e-03
3.330008520280006764e-03
3.731717244605626399e-03
3.398566362263924587e-03
3.303000711814061633e-03
3.264986342792106002e-03
3.009256035546940908e-03
3.291123814505110025e-03
3.348197909907593521e-03
3.468293917346783502e-03
3.185400769713032584e-03
3.242897704462306858e-03
3.199007716750281761e-03
3.382788205496835982e-03
3.266798717811077949e-03
3.435875772594737011e-03
3.020818064155632830e-03
3.042038751177881563e-03
3.255650422292807183e-03
3.589085728344192788e-03
3.393001364199491401e-03
3.839495562352509671e-03
3.281741766620752468e-03
3.183742324610300267e-03
3.192382154794878857e-03
3.098266637847472450e-03
3.032055765145334758e-03
3.326888071142568466e-03
3.097622852912664069e-03
3.316123794099462650e-03
3.349383619035790991e-03
3.131244748170758461e-03
3.200125863041652745e-03
3.197905321069765411e-03
3.308035449444051389e-03
3.211295672834567436e-03
3.180096434399345799e-03
2.751340614965087222e-03
3.208148887971567012e-03
3.304587622316312520e-03
3.347168542938826034e-03
2.906925909843151648e-03
3.207398342820232465e-03
3.364428524154131593e-03
3.233558037443858869e-03
3.459411508630096284e-03
2.963550714306116551e-03
2.987087942226891377e-03
3.231898063819630545e-03
3.175576461770928186e-03
3.010370479416905106e-03
3.120093130356836001e-03
3.103325759803731744e-03
3.304872172705790138e-03
3.134636340927467353e-03
3.123756174589675284e-03
3.381431126383007205e-03
3.140043214246635538e-03
2.971039685125097252e-03
3.249053672359622415e-03
3.326834508899456297e-03
3.297612763301911807e-03
3.342326827556008594e-03
3.418714616433227594e-03
2.966302367877744414e-03
3.305034354957129324e-03
3.200066319441299476e-03
3.201783540969204908e-03
3.137402802849230312e-03
3.526014691411704857e-03
3.468718944930608127e-03
3.000748728853607373e-03
3.219913849855216611e-03
3.083208580150754302e-03
3.164822238879240468e-03
3.510642791023863615e-03
2.932946602829932751e-03
3.596696578119723021e-03
3.379845942184997801e-03
3.209521600911459382e-03
3.051614197495372723e-03
3.489700701011748309e-03
3.126036938387185236e-03
3.222478004027135804e-03
3.057474431041695521e-03
3.225298323676599119e-03
3.070191515965383158e-03
3.263153300751063350e-03
3.645180128932811511e-03
3.043281525855848994e-03
2.811859246962449509e-03
2.954750234973421274e-03
3.007570845059289247e-03
3.122169016969351431e-03
3.034651245714185298e-03
3.043383803001289793e-03
3.148626657791654335e-03
2.995409940904649425e-03
3.238914894631042714e-03
2.765230372524147412e-03
2.946119844886109073e-03
3.174221843040447855e-03
3.348622611467302890e-03
3.309068571603440874e-03
3.066987370820448318e-03
3.097308249215779095e-03
3.125818800792300352e-03
3.060916308182303359e-03
2.972043464284096579e-03
2.765658573075668782e-03
3.235913929790411314e-03
2.906886335590887129e-03
2.865406583275349924e-03
3.051380782665268770e-03
3.197705632629352021e-03
3.260292377900638437e-03
3.157278046847176219e-03
3.369207613409838480e-03
3.224629114055825238e-03
3.082043743864427542e-03
3.338194527947034671e-03
3.179632972286569777e-03
3.213540141282264506e-03
3.050716475039517463e-03
3.254951178566823505e-03
3.101214374643891138e-03
3.108721388937281307e-03
3.214137321517254384e-03
2.841534130648975306e-03
3.295661697901589460e-03
2.996957275546025846e-03
3.263834080927401245e-03
3.000048162418346084e-03
2.895803766973251148e-03
2.964522804088177803e-03
3.076419861480716132e-03
3.103398333211630864e-03
2.919237227939693036e-03
2.759127315982053998e-03
3.196813523693211798e-03
2.906355241232492538e-03
3.099653586155473942e-03
3.232777338217905118e-03
2.742454100691633923e-03
3.050449623074575223e-03
3.119670455846470548e-03
2.881667218411329903e-03
3.145450277884070944e-03
3.070471551536539494e-03
3.217284704750704785e-03
3.277516249193675093e-03
2.990678567760514904e-03
3.612622402999052761e-03
3.060361494778704276e-03
3.037762794639783069e-03
2.825560293051134972e-03
3.281518019956360978e-03
3.105074618887182589e-03
3.302758532089079650e-03
2.896411102333676033e-03
3.026170239384838676e-03
3.035974430722098057e-03
2.914257223058132253e-03
3.214929783560161684e-03
2.874776835042777007e-03
2.849105030944373146e-03
3.034296643136218455e-03
3.250055547384529155e-03
2.980716833937694515e-03
2.939725190484603588e-03
3.058138746525542080e-03
2.850985313175693169e-03
3.001146862437506935e-03
2.991736163281862905e-03
2.870859454535080492e-03
3.200131949968069642e-03
3.149462852015315513e-03
2.922894869548059091e-03
2.828582646903705141e-03
3.414948526498940481e-03
2.960670500815868258e-03
2.881059941594115228e-03
3.150441447033851261e-03
2.994340067559510786e-03
3.287674114989330969e-03
2.929561043826763196e-03
3.084844511279124721e-03
3.185867611528836463e-03
3.064551237536655270e-03
3.189810234398791564e-03
3.228302363826814764e-03
2.862002085260243953e-03
3.054565379676349793e-03
3.162698445045842438e-03
2.797608598728474824e-03
2.806912199569577826e-03
3.164589758851469280e-03
2.880217058149857345e-03
2.818016106154797203e-03
2.665101899884237020e-03
2.945824720498650424e-03
2.925317959604162386e-03
2.892156451047414589e-03
3.008930796462903380e-03
3.101961957780015322e-03
3.067801663032576967e-03
3.204001241874207019e-03
2.913063729273135827e-03
3.211893101361150762e-03
2.960397874468960813e-03
3.305648565032987419e-03
3.000790445865377746e-03
2.967853155868139907e-03
3.295594952213199563e-03
2.911268637344368963e-03
3.471823079396744137e-03
2.993208429074752097e-03
2.910671708775421258e-03
2.923904436208630588e-03
2.848340137116473544e-03
3.193431184284248065e-03
3.229640242538340308e-03
2.864696985201457650e-03
2.847806072163287100e-03
2.806704797326068593e-03
3.039893013289857171e-03
2.894742486798428452e-03
3.152977161352745784e-03
2.809247396282668965e-03
2.614820981042265992e-03
2.790725993952157102e-03
3.122602851675437136e-03
3.030409901131445906e-03
2.907368456643563692e-03
3.071991571672393062e-03
2.842046376523026281e-03
3.187889905558391468e-03
2.918791795065978772e-03
3.139127177397000104e-03
3.044686853478561703e-03
3.023052850295310321e-03
3.274707280316989204e-03
3.014355643718685807e-03
3.027629536486192274e-03
3.264544514226792524e-03
2.896310220953310366e-03
2.979832350205204646e-03
2.905051594057712384e-03
2.939621978526580411e-03
3.088440207697858500e-03
2.852972294796413035e-03
3.074678248633119261e-03
3.010009123737847347e-03
2.879283771524906305e-03
3.068844076094002886e-03
3.207550646166704763e-03
2.827371189185614187e-03
3.043250391123333322e-03
2.970929107223832001e-03
3.025612577579426133e-03
3.174620600519081903e-03
2.645479941802491956e-03
2.975579882187958866e-03
2.813086567098335104e-03
3.246781594705480407e-03
2.901476846267674915e-03
2.934856113565336398e-03
3.086255626530271228e-03
2.885911628333444855e-03
2.816151982664650850e-03
2.987021442110797485e-03
3.342545564920907947e-03
2.921963087489908191e-03
3.001943304181505477e-03
2.839087412345454777e-03
2.588832288213393368e-03
3.227258028314063543e-03
2.973232753379715515e-03
3.041605677780169839e-03
2.978918186184600827e-03
3.009193868083180710e-03
3.172333668456918995e-03
3.229399822635294504e-03
3.188944560200800658e-03
3.276973038454956098e-03
3.054504084726307554e-03
3.013089105595634712e-03
3.043960159884923512e-03
3.407018694551907680e-03
2.923738537089998722e-03
2.900986857698329389e-03
2.826213619871056990e-03
2.917336596583635332e-03
2.848477712212671951e-03
3.378467100159841807e-03
2.920232941218662507e-03
3.024449245046808600e-03
2.802461217204709962e-03
2.887950826935623081e-03
2.870995776948203140e-03
2.670298464239770960e-03
3.227043371410598209e-03
2.794446644163573520e-03
2.847673181734353479e-03
2.870614596608976263e-03
2.873590059310109860e-03
3.256465146160279246e-03
2.847848331300664032e-03
2.815156796815272700e-03
2.866895057150774077e-03
3.046581482328418987e-03
2.702880474045160717e-03
2.927394864778554151e-03
2.936104851468359939e-03
3.423748884933726887e-03
3.217017775314055545e-03
3.059143611862980266e-03
2.714036434788226655e-03
3.050799534881028664e-03
2.691297296699007423e-03
3.045990340896553329e-03
2.886801579729258993e-03
2.976243870413428343e-03
3.018946779422218389e-03
3.002551864138323836e-03
2.915328971658194893e-03
3.116086856238407116e-03
2.799845578496409221e-03
3.059571789419406659e-03
2.782968787822980711e-03
3.095556809712331648e-03
3.062351760879025199e-03
2.890268672429194014e-03
2.693391957380070461e-03
2.983241611865541498e-03
2.946574867307732125e-03
3.117520828279020384e-03
2.752285988557305607e-03
3.193191794072617728e-03
3.209875234360637722e-03
2.971149269405370594e-03
2.927569253361759615e-03
2.870616854586051543e-03
3.296312024402160441e-03
2.870579139522833664e-03
2.715070458894469282e-03
2.890963381549937344e-03
3.200992338247843523e-03
2.933590535415579736e-03
3.223635895103384944e-03
2.893170655237428581e-03
2.840009609517132622e-03
3.109708448601736577e-03
2.876235102104861014e-03
2.936297693755820625e-03
3.282398694478817075e-03
2.845074778030854540e-03
3.081045048656678217e-03
2.866495670491074708e-03
3.116971194270571916e-03
2.929038409923192306e-03
3.014365237772982480e-03
2.907705632284552852e-03
2.796574249030530160e-03
2.994343223637339121e-03
2.984628314159043418e-03
2.769040251740795266e-03
3.009779617637750593e-03
2.876685276761574081e-03
3.033169858890387687e-03
2.992797588074329416e-03
3.003500918660267308e-03
2.932742583549443911e-03
3.069575883163704662e-03
3.076223905425989284e-03
2.956600213728963113e-03
2.746212407815722643e-03
2.678858602979297242e-03
2.761141347957706427e-03
3.006821235055475317e-03
3.144450162626956195e-03
2.921227632461124470e-03
2.967019749747269470e-03
2.858829288819350178e-03
2.889283561649800755e-03
2.811142095012706451e-03
2.873458862770687967e-03
3.005366263927932227e-03
3.034594392817565635e-03
2.847343712428324243e-03
3.158802423597648328e-03
3.106346260471873951e-03
3.001361190232415023e-03
2.948672676172538806e-03
3.176579583078628904e-03
3.063451346662564127e-03
2.675035377296329682e-03
2.870780147668569940e-03
3.081603560440768913e-03
2.829564497230583654e-03
3.068623817840766821e-03
2.563665784637438917e-03
3.227206319154637439e-03
3.016837914686098208e-03
3.041865433332933705e-03
2.930789111605165264e-03
2.871054565434045559e-03
2.662474958319414452e-03
2.765151546506230441e-03
2.901069803579476875e-03
2.755010734829565697e-03
2.990514313236940832e-03
2.994079476694403753e-03
2.858721130986444613e-03
3.224958041513800201e-03
3.058940871506856275e-03
3.128002230921379193e-03
2.852508648936635024e-03
3.162396570128410238e-03
3.105744811425941755e-03
2.932313357794466557e-03
3.350052906194013989e-03
3.047668550188252067e-03
3.011192744628444183e-03
2.893857164520893983e-03
2.693037985812826458e-03
3.325213803472612702e-03
2.961633700650436515e-03
2.961301774252507110e-03
2.894419394649068271e-03
2.915130527351593968e-03
2.808194093902647345e-03
2.909369143148812439e-03
2.969683320577552223e-03
2.937170437638692878e-03
2.856440488609697861e-03
2.768525348693987725e-03
3.017318618800383066e-03
3.134933824756321302e-03
2.975412634683798335e-03
3.110069152193415450e-03
2.862830959162759002e-03
2.999424630149585824e-03
2.902683685618907654e-03
2.943669423503890263e-03
2.773255505648232130e-03
2.869293547254363544e-03
2.711487256691152981e-03
2.912350599208793876e-03
3.224178548525033841e-03
2.802903268313232995e-03
3.165472718595346759e-03
2.924376970145793793e-03
2.890136962807128909e-03
2.899869390347210949e-03
3.113885099591923514e-03
3.154922201238368959e-03
2.806795651580056353e-03
3.075377957422754591e-03
2.868367513497289533e-03
2.771803401127870270e-03
3.110699995780151234e-03
2.694740144463649966e-03
2.776224677024523128e-03
3.072715727814945633e-03
3.112925567892907940e-03
2.778908003643284531e-03
3.303671037736185916e-03
2.811865592831606052e-03
2.925889882493048350e-03
3.280092073761579820e-03
3.107402664296839319e-03
3.062726726400828367e-03
3.190657016824875649e-03
3.281323641629674791e-03
3.103875272883916282e-03
3.214622624784313140e-03
3.012938807431219702e-03
2.722965427136265961e-03
2.819387796346564667e-03
2.862551388650240967e-03
3.114645019301994118e-03
2.624175391842443333e-03
2.849155475295385431e-03
3.255923198819841644e-03
2.706849739705404888e-03
2.970870128891040657e-03
3.078582235822318984e-03
2.787538581047655731e-03
3.039940668122256395e-03
3.421970891157668799e-03
2.990418259046873257e-03
2.722277392081698215e-03
2.866239136778454474e-03
2.860757102609176594e-03
2.980682589092185312e-03
3.127253312351271995e-03
2.981060402270842725e-03
2.714969624987537654e-03
2.937953054071792275e-03
2.881646254766171561e-03
3.145586299917295554e-03
2.872987771328930004e-03
2.889065903207022751e-03
2.766800065702356565e-03
