4.204521755285385576e-03
4.868728523878200487e-03
5.616894780689757512e-03
5.248250629721374315e-03
7.570833630573857789e-03
4.949956911549994489e-03
7.613978574807432100e-03
6.878139472747409923e-03
1.225729969204290316e-02
7.725288272468608733e-03
1.008027572316494425e-02
7.204767965703615107e-03
1.025301423501828561e-02
7.910227456761004597e-03
9.334848930855227725e-03
9.347021789349962625e-03
7.994662082091321190e-03
9.200920034728696933e-03
7.270246948135301347e-03
9.554031997066106049e-03
1.094066002179759980e-02
8.613200863713253372e-03
1.062451375592387594e-02
1.145970975389875614e-02
9.347757531886869559e-03
1.005539897374028990e-02
8.649848890802476833e-03
1.076062973059892756e-02
8.814562643865146707e-03
1.247629207802564318e-02
8.513807214619216468e-03
8.698931341835589373e-03
9.991123394876023564e-03
8.028218527223603476e-03
8.165260587194862751e-03
7.446860196239100081e-03
9.732137952793455324e-03
8.607358671563258845e-03
9.467292906535262204e-03
9.401679251182732192e-03
8.723902211464719392e-03
6.994545061998142313e-03
9.354563252962239464e-03
9.353233516834393718e-03
5.800532703513856282e-03
1.285269138183657046e-02
8.767242817244840988e-03
7.803471347844290890e-03
1.159299289117938885e-02
9.873237051666559905e-03
1.306768224915513289e-02
8.027788242668526877e-03
1.147779735871241359e-02
1.468734792456432951e-02
8.239542091453911157e-03
1.189063036375371044e-02
1.488240841511007453e-02
1.121173659511315139e-02
1.158208067824912334e-02
7.227539305930287886e-03
1.408923443091761318e-02
1.177057494326258849e-02
1.673092658896238594e-02
1.465842215220678098e-02
1.089002255617808369e-02
1.111844229914813083e-02
1.529287913315573351e-02
1.112392384434979578e-02
1.070843553908433152e-02
8.573659490302981342e-03
7.484628269765290949e-03
1.353797955227476271e-02
1.332354021494360809e-02
8.252890839136857795e-03
9.291247999067997476e-03
1.063816604830198319e-02
9.528807564350401729e-03
1.032458100418653414e-02
4.809126667845747827e-03
1.019206684157248494e-02
8.390077435314642965e-03
9.334986688444485425e-03
9.636353159241661803e-03
7.602777849620553398e-03
6.697399838427658611e-03
8.169797550481446360e-03
6.422188333276734884e-03
5.655266822467535856e-03
5.942364788671328224e-03
6.196221384325368425e-03
4.730632356792926173e-03
5.752971307777288851e-03
6.491735386932869639e-03
6.966857541187944196e-03
7.526270686132056388e-03
5.945135827504344390e-03
6.476527629748969270e-03
6.803598222499005442e-03
6.409813488823455120e-03
4.281716636766374519e-03
7.480031226714116931e-03
4.979923946343238830e-03
3.476507015806940600e-03
1.971312390084451957e-03
4.938155858878818388e-03
2.788619657477522940e-03
2.857019005370766904e-03
2.456020867000693626e-03
4.474962027286765592e-03
1.986331999577991159e-03
2.874943087155930506e-03
4.815493222221609720e-03
3.532263355670315578e-03
4.632690533890634031e-03
2.516524322899998858e-03
2.412830619640081789e-03
4.835906322669793721e-03
1.227795492600096405e-03
9.056864648477044389e-04
1.207725854615651455e-03
2.314567804437089437e-03
1.522355338362038667e-03
1.180010584641404733e-03
1.273930955545357407e-03
7.955755407511949867e-04
2.018872081050247357e-03
2.027329618267696611e-03
1.496015177679751616e-03
3.133989013893339389e-03
1.118271331885917512e-03
1.651739786327632506e-03
2.259976462042105876e-03
1.388001695684577472e-03
2.464285209286776364e-03
1.155316430938939463e-03
1.499216220228941250e-03
2.207004651190879255e-03
8.127550202818945653e-05
2.338776468936665416e-03
1.701076685251579155e-03
1.391454361548076718e-03
1.992231550079759210e-03
1.069565484231563886e-03
1.155506832620304672e-03
9.165193159813487774e-05
3.287362349231040529e-09
5.855088088469695069e-06
1.716614667177649486e-03
4.944576583708205474e-04
6.106838814008847807e-04
1.800707180517985458e-03
1.740993226149747074e-04
3.291697786683132920e-04
1.216383172497078171e-04
6.030616740122405565e-05
2.899379986677926805e-05
2.461390203473562557e-06
3.152697091836707387e-04
5.621356001818842373e-05
1.179969817162540113e-04
1.782158637798321801e-04
8.170424662007145632e-04
1.337337630295991689e-04
2.699800204595941564e-04
5.693665642390444539e-04
9.877056309323327366e-06
8.264534208143225124e-05
2.129981407250239894e-05
4.449562463287019430e-05
6.895148009046609089e-05
1.878339420631421649e-04
7.769958620035472604e-04
5.712820988229141630e-05
3.672638412142807934e-04
5.977793134625274263e-06
1.607650130272932163e-04
2.594046511977996482e-04
3.555912540203842671e-05
8.386960995679647616e-05
1.126022366902560452e-05
3.967996844523140196e-05
5.948947487970295900e-04
1.564614659701850092e-04
5.523121402918110528e-04
6.186645579623313378e-05
5.367865283966464178e-05
1.606646856133891273e-06
1.960887546692546496e-05
1.238453056511523145e-03
1.029844336354721908e-05
4.418726377818299532e-04
3.256671854504695671e-04
6.202293407050471019e-04
1.235895076553909355e-04
5.616685713842447722e-05
3.930589637797176271e-06
1.523813848632483839e-04
2.189726036510585930e-05
4.152744133467112242e-04
1.296090690853646385e-04
3.233600870086432042e-04
2.572685734031931494e-04
9.396088375948581433e-04
4.613979107638877019e-04
1.196238999724483882e-04
2.276103853897423334e-04
5.231054460045454161e-04
9.989094411850028919e-04
1.090960995043090652e-03
4.892637068051312226e-04
6.413955305355667665e-04
1.102272127655082746e-03
1.297832359150963592e-03
4.911922445890310992e-04
9.125817095502884073e-04
1.348460058399486529e-03
2.878900134614963049e-03
2.404238823620944831e-03
8.240898699869159127e-04
2.686503125812289648e-03
1.112391323410024139e-03
2.558980454834238177e-03
1.477804257789147764e-03
5.056317755471503557e-04
3.283689426649428252e-03
3.048119114267372216e-03
2.334969509987003256e-03
6.626087799664341811e-04
1.678631640336487700e-03
1.681026225987848621e-03
2.621444025532263487e-03
2.949050779866423111e-03
5.583407584117424001e-03
4.090908009167859051e-03
6.131085997658480662e-03
4.252167710537504107e-03
3.940402252608696948e-03
3.162650378548421699e-03
3.650639930488670283e-03
6.489337760691820702e-03
5.089966526335888523e-03
6.406240601515769163e-03
7.334351139558020760e-03
6.882866913540558809e-03
6.632330652662801057e-03
5.053025427687788014e-03
1.022278207885698835e-02
8.912134272132729920e-03
4.429249337128468925e-03
6.725594265114853351e-03
8.499280699388730639e-03
1.127958369933502146e-02
1.218854586612229569e-02
1.077699932523079260e-02
7.728895060390077870e-03
8.028437384304877231e-03
1.071541494458522550e-02
1.181149414374135093e-02
1.070558759514648149e-02
9.871202598177565568e-03
1.350874213572000708e-02
1.037744989250074037e-02
1.264284805806445942e-02
9.446109352408558341e-03
1.427486575784582198e-02
9.773044716875060878e-03
8.983215988885665318e-03
1.119836926722903372e-02
1.487553504132727543e-02
1.140846354823543858e-02
1.399896246021378743e-02
1.271618354276974477e-02
1.028460396392622857e-02
1.174051416301091430e-02
1.365817351758756744e-02
1.675832254478580585e-02
1.753429300298481319e-02
1.407375149327361359e-02
1.512070260141245084e-02
1.040119076573421154e-02
1.248738209280226413e-02
1.523693198209251365e-02
1.585154214783457416e-02
1.502909635440318782e-02
1.677827484332014563e-02
1.863150051067140323e-02
1.984150253309640080e-02
1.899460100180846989e-02
1.586078177142245110e-02
1.347045542482309954e-02
2.133708084687457873e-02
1.446141255740762688e-02
1.932978207502117698e-02
1.728640219441718653e-02
1.699907113644357273e-02
1.834039806931692801e-02
1.624760928860180878e-02
1.798020050639316525e-02
1.898499707000876266e-02
2.241001213470893497e-02
2.198805155428744731e-02
2.220496551926494019e-02
1.601957347401149201e-02
2.118209075734753255e-02
1.819529305924989446e-02
2.211950899021893763e-02
1.391391573050822748e-02
1.930555562404345088e-02
1.617083472055402468e-02
1.917669739514622773e-02
2.127008752015770859e-02
2.208910445975621750e-02
2.025724647411773771e-02
2.015120183418492653e-02
2.179243627642237641e-02
2.115055527479556621e-02
1.983757683365765939e-02
1.962789959845479687e-02
2.730090980987838478e-02
1.845169002316267987e-02
1.826859924464831544e-02
2.613937616984543522e-02
2.301292250331861758e-02
2.217630753653297357e-02
1.919027110120884866e-02
2.396937213375585629e-02
2.075895234122264107e-02
2.725855240233483398e-02
2.405770789918947397e-02
2.804130399116246813e-02
2.513716516671976250e-02
2.232430505388391037e-02
2.033869222008206218e-02
1.965583607914014874e-02
2.454742438178527872e-02
2.714415275686009321e-02
2.368910044723638100e-02
2.184444313376339777e-02
3.650969069769794545e-02
2.831165149131814607e-02
2.769022081402451943e-02
2.657588277488610179e-02
2.644049656325118958e-02
2.598757806687438526e-02
2.551075415813361391e-02
2.894355870236805031e-02
2.561339759532279409e-02
3.016925976499270842e-02
2.771980109630649627e-02
2.402968451051127122e-02
2.380260108154595364e-02
2.646442809872258731e-02
2.841355623225970406e-02
2.863200026387233144e-02
3.135956010700310242e-02
2.509427053303265459e-02
2.672859921962648933e-02
2.845553063472677086e-02
2.897847797466031675e-02
2.917467002953072486e-02
2.972181247901502232e-02
2.554254541223677927e-02
3.296923642360449769e-02
3.392922174300608273e-02
2.947689378025634618e-02
2.928134191184430732e-02
2.639277529429925884e-02
3.066988369753236715e-02
2.935605769211787827e-02
2.927953495110209928e-02
2.778556935633997096e-02
3.196356480449431131e-02
3.206781512699225650e-02
2.993600914811311853e-02
2.860911790908484201e-02
2.584191895919824358e-02
3.926787335831100761e-02
2.725544980588358659e-02
3.275207375344744987e-02
2.786512855994401766e-02
2.637827434647487326e-02
3.144790308061606171e-02
2.811534995307954019e-02
3.602093270168790079e-02
2.552334467427806036e-02
2.674767757760235579e-02
4.072392261836433464e-02
3.395404805907848572e-02
3.222798602247027577e-02
2.505079891911878714e-02
2.915826707346505509e-02
3.057528623957031511e-02
2.953600908446816706e-02
2.968639318556489520e-02
3.218568680147634170e-02
2.748880116268937954e-02
3.369864493118280430e-02
2.970200341882813996e-02
3.791161044670021685e-02
4.141432533490319728e-02
4.108648037931589281e-02
3.524289724011377134e-02
3.252964369761988939e-02
3.206874251400803483e-02
3.714705982269469325e-02
3.502825048618046777e-02
3.280217611464807115e-02
3.092940727185881922e-02
3.440089157998250935e-02
3.331254199376096348e-02
3.081703173465333984e-02
3.071617363198229575e-02
3.912094361385527741e-02
3.851950719323009309e-02
3.287405167591840593e-02
3.851926528271864408e-02
2.968232929932728900e-02
3.652957870078353542e-02
3.168742264053609620e-02
3.315130933679645564e-02
3.430991832773509775e-02
3.513256124932528923e-02
3.440805852289912509e-02
3.316156347200647364e-02
3.166823726696511854e-02
3.293639509561657741e-02
3.524428519377652974e-02
3.740994341622586733e-02
3.595814180391542630e-02
3.886540111604491754e-02
4.086075082063028718e-02
4.203936307758587843e-02
3.468188168064320620e-02
3.297013545616573477e-02
3.996977828539062527e-02
3.370582083350767699e-02
3.352737905517914896e-02
3.507005149975957886e-02
3.696648944899196682e-02
3.754907692990465395e-02
3.887296127008474378e-02
3.613906230420323162e-02
3.814834200570313416e-02
4.522324385358362370e-02
3.958893011426760367e-02
4.008092078578506801e-02
4.026234413753970731e-02
3.921679954904521564e-02
4.088596828131878247e-02
3.621639599553946182e-02
3.875986035204877223e-02
3.886717446476659760e-02
4.679511410681488903e-02
4.300806208366245165e-02
3.779463948312798693e-02
3.824455910906750244e-02
4.079855978870376709e-02
3.522044435491808456e-02
4.152254906948078111e-02
4.414469414536566910e-02
3.969463632527077401e-02
4.161518071422135728e-02
3.897711903108840026e-02
3.719179893922335695e-02
4.188890167642900925e-02
3.688358766454550436e-02
4.089200520771577724e-02
4.005605013004071707e-02
4.452416708898379594e-02
4.456832834712024655e-02
3.421458550293385997e-02
3.717532050790389730e-02
4.396400319924641253e-02
3.768932240921206434e-02
4.475000077162031437e-02
4.274716878549515708e-02
4.723663783755609885e-02
4.003500662981085423e-02
4.736129431885396229e-02
4.151548564292429494e-02
4.343118237264430304e-02
4.487634964378219710e-02
4.061417547851004645e-02
4.375634120698237289e-02
3.349265352673368862e-02
4.466874040092932291e-02
4.209014464970954605e-02
3.759433006635326535e-02
3.473573337403466910e-02
3.981199297970898499e-02
4.884587209670917390e-02
4.479784006247698042e-02
4.801875102730315120e-02
3.809360078619097173e-02
4.644556351540422151e-02
4.241238429265518223e-02
4.185214410178530325e-02
4.747189650979087572e-02
4.220845526436095563e-02
4.282625075621795258e-02
4.014528694853120028e-02
3.844513341077672453e-02
4.281627996405188569e-02
4.594916113426515680e-02
3.892472876393261727e-02
4.271479208843616260e-02
4.371613593760284577e-02
4.581445404140618849e-02
4.381467197062412222e-02
4.330085776850649965e-02
4.761134180413227612e-02
4.483482795620655909e-02
4.473124106263039190e-02
4.063442033628083400e-02
4.676203234361631100e-02
4.493049372259750457e-02
4.103213469540994279e-02
4.776139182088531832e-02
4.659116731739414152e-02
5.186610471813208473e-02
4.323148626198197036e-02
4.263707803412197100e-02
4.419286208250836762e-02
4.759959109592867138e-02
4.642182739904461564e-02
4.845783529350439905e-02
3.870702345133670425e-02
4.717242634467851831e-02
4.848084617558361120e-02
3.893749051732323108e-02
4.677775937007212087e-02
4.414895258657873522e-02
4.931117381501420871e-02
4.777427413773221998e-02
4.166550447295606224e-02
4.441282224391794597e-02
4.521724875836178464e-02
4.527049730217837936e-02
5.273386093426352117e-02
5.056056189556003971e-02
5.597867250920040422e-02
4.918972838660545799e-02
4.910686835460449651e-02
4.860882677614306036e-02
4.851779947201247112e-02
4.328142840274359915e-02
4.422811542659323136e-02
4.865764755751325610e-02
4.369356709923270105e-02
4.564696087375080119e-02
4.576657430022758322e-02
4.606634395076805027e-02
5.420345338802536744e-02
4.222694064259378821e-02
4.470883381766219827e-02
4.705708460910604934e-02
4.530403561802279905e-02
5.043541322284788436e-02
5.206307963570701303e-02
5.233355568787670387e-02
4.487401405469297611e-02
4.987921956669947449e-02
4.934251784280598019e-02
4.721311889686169438e-02
4.926910735128408464e-02
5.390985681475064101e-02
5.061326199942174642e-02
4.331653352480428765e-02
5.129252335668751939e-02
5.075418867810961576e-02
4.764657034008275283e-02
4.223527863549622618e-02
4.469542663265228810e-02
4.934738229793500519e-02
4.927405575028635798e-02
5.491426882050580438e-02
4.594971766345371661e-02
4.708187999708848825e-02
5.782444383396227044e-02
5.018872222627752261e-02
5.456681205179359645e-02
4.646264501771209254e-02
4.522817651759251933e-02
4.395281053821415568e-02
4.429933679449430534e-02
4.827830562632409034e-02
4.568402208218232813e-02
4.981733551689399020e-02
5.128226196186692204e-02
4.786076968900133954e-02
5.139318277637068555e-02
5.638523816149260126e-02
4.658822739030816368e-02
5.107708018761011187e-02
4.950653737806134241e-02
4.922816333874691780e-02
5.069741640968669638e-02
5.138352605043772225e-02
4.671827943908863495e-02
4.863931562984144530e-02
4.542550940871958182e-02
4.467401136779111659e-02
5.077314396471702823e-02
5.102464029080745755e-02
5.718300760785127029e-02
4.760275297411271922e-02
4.724549629380614402e-02
5.334894504778978086e-02
5.241307851838301890e-02
4.352654575755215971e-02
4.740484508974703720e-02
4.752827087671499667e-02
5.021286202671506466e-02
4.648870703918154407e-02
4.776847609050845905e-02
4.882772045978999581e-02
4.466921351866749712e-02
4.827929124000354677e-02
5.070950681145800637e-02
5.003975392588510401e-02
5.236904532102551468e-02
5.100977238465750213e-02
5.376484438725748216e-02
4.284346481987238303e-02
5.247377212632069188e-02
4.526594414562340463e-02
5.683891498618639376e-02
4.656934053561349179e-02
5.183977752571423958e-02
4.662603878765247262e-02
4.983288060074156367e-02
4.684503668004214721e-02
5.110259239155354877e-02
5.353397911569725276e-02
5.447031660723630070e-02
5.031931350121923024e-02
5.030075162154665214e-02
5.468171305515484582e-02
5.001985697815806292e-02
5.389794715763751576e-02
4.908530855873943083e-02
4.625819239230764823e-02
4.808221569383412664e-02
5.133441151680897402e-02
5.280771683580351428e-02
4.886729555919943485e-02
5.239866696561990694e-02
4.859615178751131720e-02
4.646335733950102825e-02
5.359954059677474181e-02
5.261186789932793123e-02
4.528298310269063265e-02
5.092184093911983345e-02
5.404020684285346099e-02
5.054653994337606621e-02
4.893106629097009747e-02
4.160389424382917450e-02
5.415514735346028258e-02
4.785969438898735051e-02
5.289908349415819305e-02
4.850299587656967115e-02
5.374036162081382434e-02
4.501568127860074847e-02
5.656121075599977732e-02
5.380450298662122627e-02
4.967123954628610560e-02
5.118897304924980435e-02
4.638818034633629406e-02
5.326237231189974441e-02
5.483018977642920011e-02
5.428149736169778083e-02
5.166645980495204737e-02
4.861297506044016253e-02
5.696178744910933289e-02
4.904047838081732752e-02
5.319594302657303792e-02
5.081753581923512120e-02
5.039009165210966978e-02
6.081767972774600878e-02
5.204576348230524618e-02
5.316287593244078263e-02
4.981476364615620295e-02
5.792671296954302745e-02
4.835427810076129568e-02
5.346345006922909732e-02
4.845100090460816716e-02
5.032804525169381343e-02
5.444833156639864585e-02
5.141119988164713495e-02
5.344865541506169104e-02
5.647854545821870409e-02
5.140865237311290081e-02
4.695427545553777782e-02
5.621787291464165615e-02
4.888306763853689924e-02
6.557640028418491862e-02
4.654548152014204715e-02
5.786966655478908983e-02
5.410795517715179248e-02
5.257590541059365546e-02
4.812230024820554619e-02
5.499645795753503597e-02
5.644321062374416109e-02
5.119517445770026265e-02
5.891800675658692699e-02
5.799231066004698065e-02
5.424650739808975497e-02
5.394720910091362065e-02
5.874491280242068875e-02
4.742396193532131404e-02
5.061000887026619738e-02
5.172907330834693868e-02
5.908481017711977867e-02
4.849641477574970910e-02
5.612599552877280823e-02
5.590619096003219407e-02
6.126868560881664622e-02
5.628639345798450155e-02
5.501398258421286158e-02
5.209429378084986378e-02
5.279511335831560404e-02
5.785158949582262788e-02
4.665017600678077192e-02
6.229592293223812360e-02
5.374980138770341087e-02
5.394916182848956410e-02
4.874152208536075559e-02
5.535837641681303628e-02
5.007175624757662785e-02
5.465586496383382370e-02
4.971871838254116743e-02
5.533470088578700680e-02
5.618137586656388877e-02
5.254980045625189111e-02
5.125578437380109292e-02
4.984759579825975145e-02
5.629307023106593089e-02
5.354713317016014662e-02
6.089514310996488322e-02
5.016126656931418210e-02
5.588309058281875491e-02
6.204966427123262407e-02
5.472976068018122614e-02
5.819889559544741409e-02
5.368195395355840338e-02
5.379706110538195335e-02
5.944990003970645337e-02
5.862717705098165893e-02
5.595764530318247942e-02
5.167308156954887599e-02
5.683521842569823346e-02
5.695254296506353092e-02
5.487582033151392619e-02
5.234834232197414089e-02
5.160423554166376769e-02
5.289563714519607274e-02
6.009532370749944008e-02
5.527302350769412037e-02
5.336639983343886146e-02
5.902921390058849666e-02
5.844398768446729120e-02
5.650433336377159305e-02
5.021770045907952840e-02
5.536282994614028646e-02
5.710654082868301534e-02
5.943957915521760199e-02
5.958099724705626099e-02
5.956246707936557055e-02
5.745549748683773800e-02
5.748567384334280633e-02
5.280151662510650101e-02
5.521712933635979786e-02
4.852658208224042147e-02
6.136046394512625901e-02
6.296073192995441103e-02
5.187688964811527220e-02
5.993636056467300383e-02
5.805888354239278210e-02
5.658207410759864137e-02
5.692356747357323749e-02
6.085174115652665361e-02
5.757360071879380481e-02
5.578649605911441961e-02
4.699189291729351237e-02
5.585123126069978933e-02
6.728803605152655631e-02
5.190489165901897295e-02
5.848797664759730619e-02
4.830107705506473531e-02
5.956722755617997050e-02
6.071070680179661144e-02
6.175062443292102243e-02
5.662590198331676067e-02
5.639609251014375546e-02
5.978437870720290648e-02
5.827113733526993050e-02
5.856991586441223641e-02
5.492412068003099668e-02
5.671215649158675015e-02
6.291409406962601703e-02
5.886555745217256913e-02
