1.518594192532443307e-02
1.644814572874882252e-02
1.440405398154151473e-02
1.269115326448102925e-02
6.394348258026567346e-03
8.638532278380656182e-03
9.043396801145273806e-03
9.572710692571970159e-03
6.321689459495854688e-03
9.350682140282498209e-03
8.417667774637732636e-03
4.440072564186507177e-03
5.792262361034966958e-03
5.486682407231172065e-03
5.969829842677716950e-03
5.832950953511613357e-03
7.154663986000143854e-03
5.225059080357964854e-03
7.842036164187769429e-03
1.042659769100333367e-02
7.555004394635487196e-03
5.711968289037173095e-03
8.676839432357355206e-03
6.919257805855796861e-03
8.200892765756350247e-03
1.001305089579806150e-02
7.252759956887277863e-03
6.872692315263947450e-03
7.341465690218275907e-03
5.377353203712733828e-03
7.646450410243703540e-03
7.626500376581759298e-03
6.646716813928799789e-03
6.686389284336030463e-03
8.443886751570928162e-03
9.440211909300805226e-03
6.610831525503757869e-03
7.795518757302836305e-03
9.200314786652088322e-03
9.740221386823028765e-03
9.134240457003058727e-03
8.611512155778636504e-03
9.164198878635097106e-03
6.583490127602328011e-03
9.253048663165929985e-03
5.744862931717747111e-03
1.010358618225419038e-02
8.874284142552002833e-03
8.261288313593552479e-03
6.141737823801169185e-03
9.968677020634895275e-03
8.402281214898570452e-03
1.077974043382028471e-02
7.793091432646162206e-03
1.134325817854654576e-02
7.838712902434779098e-03
8.487410389023206797e-03
8.317319898782165113e-03
9.679994265810962575e-03
1.186593736537082215e-02
5.588886230616287726e-03
8.683905269696708118e-03
4.618116305529524658e-03
5.722949889032867034e-03
5.404398620521708163e-03
6.456433574936584589e-03
4.154466338279328048e-03
7.359752535215200939e-03
5.288977752035876542e-03
6.790182588243928036e-03
6.407123026584823564e-03
6.974609578650131821e-03
5.456718042371106782e-03
7.031173028111719486e-03
6.590341621525945721e-03
9.724783685214276677e-03
8.068075908384890818e-03
8.114633260869100195e-03
2.852807905885842207e-03
6.099637536912209772e-03
4.475753170476715059e-03
5.721596209351416211e-03
4.856739841238944498e-03
6.800674713125827962e-03
4.907912926246402012e-03
3.301348145977193397e-03
3.275185447362330676e-03
8.236692819151934103e-03
3.762278823730467927e-03
2.970258083530297188e-03
7.433154481705782878e-03
5.068932892147421862e-03
6.190689684852817773e-03
6.517638587479491347e-03
3.950224954426086350e-03
3.755198436856127617e-03
4.419725060130170156e-03
4.743244925940289479e-03
3.964953054606413368e-03
5.584364213840317497e-03
7.590722727053813255e-03
3.609999354523781880e-03
4.089449714480841887e-03
3.070397298315663288e-03
3.747657101634614945e-03
5.788000883086912365e-03
4.809143090800109717e-03
4.848089155024011727e-03
6.506325040720575652e-03
4.994963780909920763e-03
4.841067193689203678e-03
4.223059163264903694e-03
2.877756676073310160e-03
4.780641950792969934e-03
2.499389564193408436e-03
6.836805521563297378e-03
5.954737358895534696e-03
5.439253057515314356e-03
4.011052656244828638e-03
3.420159217804263213e-03
4.846294120698264006e-03
5.368989534904312043e-03
4.441734207279299761e-03
4.413141026029168169e-03
1.847258198011468610e-03
3.447804120029251355e-03
4.335840264846025846e-03
3.603710274045274740e-03
4.403985507936299809e-03
5.113869454968558541e-03
4.324215405351375906e-03
3.820181454057084217e-03
6.163509372202729750e-03
5.029463712384925865e-03
3.952913145911797141e-03
1.484068864265509265e-03
4.957154057942387074e-03
3.599492675144373276e-03
4.879723297715262906e-03
5.137475049689801607e-03
4.800780878886647639e-03
5.708042219211469266e-03
7.791193947795879184e-03
6.548810432988864776e-03
4.160300087804935654e-03
2.397890963194093672e-03
4.166659389632571507e-03
4.633038007717048268e-03
8.646631660515819232e-03
5.197793866133199048e-03
6.273374586885536661e-03
6.107305751453438042e-03
8.559373351393721741e-03
4.763573442392777038e-03
5.179072974095917485e-03
4.590588140622147220e-03
5.646729557044333908e-03
8.312711258377283516e-03
5.092345584008436954e-03
6.578396967352326090e-03
6.213781107608029944e-03
9.393718321265757606e-03
5.778235258155760279e-03
6.033786529089825088e-03
8.145648142908945219e-03
6.069565562880714985e-03
5.637587763346995316e-03
4.745024988476717609e-03
7.438663835807567126e-03
8.983781728930911870e-03
5.816038303710057908e-03
6.720788622299155024e-03
6.242744170234968207e-03
7.917215045472415780e-03
4.086338805105615112e-03
8.182365782114665170e-03
6.360856914026512265e-03
6.659382300849159102e-03
4.359319817827525707e-03
7.236729111725250484e-03
9.133786503958881212e-03
7.473572947036493004e-03
6.408266537547962008e-03
5.531948416309003837e-03
4.439089114575764036e-03
4.550682001171365426e-03
3.932602368102978974e-03
5.700493389360950652e-03
6.870969223982252225e-03
2.942711613158835102e-03
5.383491068810980149e-03
7.992994324214503996e-03
5.322337463871106358e-03
4.633737793261802351e-03
6.120352455770462080e-03
5.771557471929692450e-03
6.809060513267071665e-03
7.304458204526013965e-03
3.861132022349928090e-03
3.179543833557744916e-03
7.789283738643485062e-03
6.270951225364511210e-03
4.114588145855278128e-03
4.518716768258657090e-03
2.169009184801370775e-03
4.714616748587479797e-03
4.855276970421247215e-03
2.800248701912437001e-03
4.678987397714753395e-03
5.142404013185051734e-03
5.022763523439092818e-03
3.422319808799075512e-03
3.123090150303261398e-03
3.017618943167300026e-03
3.051993195731238315e-03
3.188884854076959232e-03
2.998742326428566023e-03
2.109433133075050079e-03
3.497325597061875114e-03
8.021753373234211722e-04
2.942361999388455780e-03
2.073529616673772114e-03
3.258668020760101258e-03
2.656243850009918760e-03
2.594974251376768251e-03
1.941092225491663700e-03
2.349528269986806816e-03
3.331333804808522467e-03
1.267989847675261980e-03
1.492045215177941874e-03
1.736200159352787285e-03
1.278674045821034076e-03
2.304099328686994713e-03
7.904326453674897926e-04
5.494723914796708412e-07
1.269102968296175913e-03
1.187434928888504541e-03
1.325218162395447536e-03
1.345224603992101024e-03
5.244679710381117133e-05
1.092290787655705517e-03
6.811204958418003554e-04
3.426243121505702350e-04
8.116260766017229823e-04
9.383240400937785950e-04
1.608244735538100689e-03
1.139185970145780141e-03
1.245027202709852109e-04
7.002783234233427197e-04
7.393845390639902002e-06
5.566604843265189400e-04
1.092781597218614791e-05
1.080779069359268601e-05
4.495861387696369776e-04
4.593702422592196443e-04
5.846066159946630399e-04
4.878041056188844545e-05
3.326097825685525215e-05
5.931718556967689520e-04
4.917917120359660988e-04
1.150143259910127454e-05
5.833400185478112888e-06
3.741430823887020400e-07
3.516361837928274258e-04
1.370158681345883589e-07
3.287069203471872347e-05
5.308085498317914423e-04
9.631248759306166576e-05
2.955714777293590081e-04
4.038357677223816780e-05
7.829706231380144344e-05
3.266504582906011724e-05
2.897958214099333488e-10
1.953706351218394537e-05
1.187382274036099947e-04
7.890780329378547511e-05
3.004206312435427446e-06
3.943799298680091431e-05
6.334511768142092603e-04
2.562602101989877351e-04
4.028654821385045486e-06
4.915230957132919639e-05
2.728497435363813271e-06
2.496457123881549219e-04
2.384584941913947423e-04
6.671720546791301565e-07
1.159631089532991017e-04
6.519618078807116026e-04
3.374586780688689099e-04
3.406369103826952288e-06
3.069980273100192674e-04
1.378902553441278850e-06
2.799760177676303345e-04
2.335433550094339288e-05
1.704484159283773162e-04
3.516347509207465652e-04
1.660952148418072961e-04
4.492271469628337350e-04
1.104102911232987755e-03
5.074991558508976314e-04
1.070192554424817229e-03
1.097092046402133687e-03
7.946633776025487886e-05
4.915814415321578899e-04
1.048570859911357233e-04
8.107834405244520194e-04
5.268704059075960707e-05
6.526082225141733705e-04
1.072945271202655948e-05
1.583956806966619636e-04
1.489149978578054360e-04
1.240661699099895919e-03
9.386040144303543732e-04
2.987631094467745182e-04
7.439662447471141618e-04
6.086495457437906056e-04
5.969093022931155207e-04
6.449343483136368328e-04
1.898507730750403997e-03
3.162043926135953316e-04
1.783034982290664192e-04
6.462664225770379731e-04
7.922843440045282924e-04
4.384386999201881924e-04
2.732098772778345300e-04
5.776174352434214863e-04
4.426766739278281226e-04
1.097509249551528081e-03
1.151573825200320539e-03
1.134366535095781203e-03
1.310546435870994786e-03
3.984154309979915276e-04
2.158999902864823745e-04
6.963700909967131779e-04
1.791229889132376100e-03
1.286076109132326586e-03
8.432284841664375308e-04
3.446140014180057724e-04
4.181327158938647273e-03
1.995783568709743033e-03
1.056615942557888191e-03
1.259592740224405559e-03
9.410916917072887971e-04
1.908792311906185209e-03
1.827841406793271999e-03
2.128740118947137355e-03
1.845718417954770934e-03
2.108138102656547178e-03
1.723887476133131522e-03
8.702914546947897742e-04
1.023102732988236422e-03
1.115235272330922581e-03
1.732921541206510277e-03
1.650101211776649340e-03
1.778388581799775561e-03
8.252879427575454934e-04
8.202444224487786791e-04
1.867958508688846546e-03
2.116109533977012045e-03
1.660331457857319249e-03
1.890490495056396146e-03
1.251203218133996320e-03
2.843332511666164797e-03
2.321121536088320645e-03
2.565624259775712082e-03
1.638438633411102088e-03
4.747191659652021589e-04
2.549206363848142195e-03
1.567767335232073079e-03
2.198964201458488213e-03
1.980653410181630169e-03
1.555754588398499966e-03
2.711280207764739381e-03
1.957696462995227316e-03
1.809690278747270141e-03
9.185709282202494247e-04
4.744355459355959967e-03
1.065544919545128493e-03
3.223834253611263141e-03
1.858540905328549212e-03
8.621418081257545447e-04
2.348903428079817963e-03
1.384515586633549037e-03
3.538609140129862860e-03
1.317136252143286720e-03
8.135747526439216469e-04
4.099001728693282484e-03
3.331676798675181975e-03
2.222128802296789198e-03
1.607291678457518740e-03
2.123132882237632139e-03
2.093475005762607862e-03
1.535832258661708367e-03
2.280450812476872511e-03
1.894166928066837001e-03
2.249634313891483040e-03
2.542691449075394194e-03
2.081606798936489183e-03
4.324248785233754042e-03
4.790348841645223829e-03
5.089879970841849031e-03
4.464582946601770852e-03
2.662019058190426713e-03
2.855006123836271309e-03
3.365697817893280840e-03
2.579931517640852209e-03
1.614260123704904784e-03
2.288257650522291988e-03
2.413791832799893049e-03
2.259649011162986627e-03
2.047308068052880892e-03
1.892312749183644970e-03
4.606563769855400933e-03
3.681993227107431110e-03
2.654748004447453867e-03
4.953577187419028888e-03
1.379397236333032659e-03
4.354858305012597290e-03
3.416482632520336654e-03
2.535454387594381857e-03
3.471377096982280162e-03
3.441881015428385933e-03
3.351620370566165460e-03
2.896207287887179842e-03
2.527657702974476801e-03
2.819260693118481962e-03
4.638095639966002999e-03
4.066852229212919619e-03
3.719016614625432916e-03
3.987748609325689891e-03
4.511989275379696580e-03
6.480646330432733755e-03
3.199131388074696099e-03
2.615151365446856391e-03
4.855683319327151921e-03
2.631800388552040914e-03
2.727454830696340090e-03
2.794416157451410070e-03
3.677316625548836173e-03
5.007573881258044375e-03
4.776272724352469308e-03
3.574422343153578312e-03
3.242095573500708254e-03
6.220235745709783159e-03
3.305114772973690752e-03
4.183934764655227422e-03
4.945010743827458512e-03
5.027526838883305746e-03
5.677875141668566397e-03
3.290891287725822983e-03
4.082619499872479352e-03
4.198573672865674351e-03
7.950684635159827041e-03
5.748249892804431493e-03
4.235679677245798511e-03
4.476295336786306235e-03
6.105369363751665321e-03
2.623454923113313977e-03
5.087061267181819564e-03
5.603669090045938946e-03
4.555832674521843872e-03
5.491897459131020454e-03
3.755827548249110383e-03
4.549126831323211349e-03
4.683325587606396168e-03
4.579524945604700192e-03
5.275793662972764336e-03
5.234507087393582177e-03
7.054626373177364483e-03
5.361476688101516307e-03
3.344571335319119435e-03
4.564894311371009601e-03
4.494516896474048256e-03
4.607345624591739977e-03
6.029069266875459847e-03
5.859242382986416635e-03
7.778765460141732861e-03
4.620380140176007407e-03
6.432802325492165824e-03
5.605142341182123809e-03
5.491888463343338848e-03
6.229935538935342347e-03
4.847080601715170883e-03
6.540569817172305067e-03
2.746926749492320432e-03
6.612180404566552622e-03
5.643831400502054459e-03
3.524367389116116103e-03
2.895649768539032033e-03
5.012762832402062677e-03
6.973045356822186146e-03
5.142443096858424940e-03
6.980642187470186520e-03
4.768435258719391952e-03
6.679696228037533892e-03
5.509797169580585123e-03
4.843690900413921696e-03
7.709956871320452869e-03
5.653833193203642790e-03
5.646362518252132437e-03
5.068152938100151626e-03
3.703457861799626730e-03
5.247194397265841914e-03
6.565931199727433921e-03
4.603289348915977700e-03
5.575942081800442686e-03
5.578735042752721099e-03
7.125756723029359925e-03
5.572005534041946616e-03
5.544429620679936291e-03
7.297361945054986997e-03
5.347257737015925945e-03
6.309784588384325342e-03
5.776991774648094352e-03
7.000484510681559067e-03
6.263749149680118873e-03
4.731019088556411706e-03
7.353452796534264667e-03
6.702745693426266464e-03
8.958021544274781534e-03
6.726926655212950995e-03
5.135006370939689674e-03
5.089702551133951612e-03
7.544351983692403063e-03
6.974088694326676698e-03
8.892140505973184991e-03
4.226326517708368230e-03
6.806635155781586531e-03
7.777527630625255366e-03
4.114420438767197631e-03
5.999512280853870790e-03
6.747773522841437992e-03
8.376654610863161141e-03
7.082538834411993695e-03
5.193572152362265631e-03
6.317823075471711534e-03
6.362623849386326441e-03
5.988400063150541713e-03
7.949470434369314970e-03
8.426214730729724572e-03
1.104599913145208959e-02
7.641078934550570544e-03
7.417993688700975918e-03
7.045272473587941425e-03
8.559967470166194095e-03
5.268540191411825134e-03
5.985548719795467411e-03
7.026687759876743336e-03
6.557667485009513117e-03
6.784785006021607466e-03
6.964820344850392204e-03
6.293719961721982135e-03
1.036013701029088983e-02
6.571681900748905375e-03
6.856757719037708497e-03
8.433429109871966659e-03
7.075088114738658021e-03
6.443320246713349179e-03
9.525417740480461234e-03
9.511485860888622620e-03
6.909108975525128302e-03
7.723318812074481295e-03
7.919695633440361829e-03
7.803239176028542445e-03
8.007640096386197531e-03
9.191879458921106000e-03
8.626213532241050475e-03
5.633769839489950922e-03
8.042951739335044148e-03
7.673382961719074462e-03
7.538870602221312348e-03
5.316804428778970290e-03
6.341905241176197180e-03
6.747255047144026276e-03
6.539301299100325204e-03
1.049452420021193197e-02
6.431526521677684467e-03
7.005281255904120298e-03
1.069039336467125789e-02
7.673050907153572582e-03
8.709417039151380602e-03
6.547998656105968353e-03
6.259148350026220650e-03
5.784896642136003533e-03
6.716900034337719774e-03
7.719280988789331034e-03
7.657363067955572956e-03
7.662005172502002644e-03
8.945027782397422383e-03
8.194688732061482933e-03
7.792140918622808381e-03
9.948092497792156846e-03
5.620148806904926714e-03
8.740038509384815898e-03
7.465456105289658591e-03
8.518640958038791594e-03
7.884033082282615110e-03
8.186704641130455526e-03
7.108608712113230997e-03
8.210556775090627896e-03
6.027351070313902506e-03
5.664910175899701486e-03
7.734803407753352948e-03
8.447620384289563147e-03
1.093490050509510203e-02
8.157464816867684293e-03
7.283142478385965651e-03
9.515756707527639122e-03
9.017204842564668227e-03
5.292258116531109620e-03
6.955389655246845687e-03
6.936116614456202915e-03
6.963388009214204095e-03
6.537403678924805922e-03
6.747943004351550540e-03
8.245173686194465570e-03
6.917503016823072642e-03
6.583992535008882999e-03
8.369572349832999844e-03
9.230341442923194195e-03
8.731529923455702558e-03
7.589542224201556962e-03
8.183910378983571057e-03
4.773197133752545354e-03
8.060357312156098478e-03
5.860925963095947946e-03
1.074761870769835870e-02
6.482991223190991310e-03
7.808264805827449563e-03
7.185132474954547370e-03
8.104097499162530097e-03
6.998228202350821429e-03
8.012048219438140315e-03
8.868231855333388175e-03
9.213514478627456150e-03
7.873734046170076731e-03
7.844327492729551501e-03
8.876667558150152376e-03
8.516979544991714127e-03
8.697878143835461803e-03
7.401194792455204584e-03
6.115195700944989037e-03
7.212353060933711542e-03
8.632822511264562002e-03
1.023102256573184266e-02
8.176542320256727572e-03
9.044540675660812240e-03
7.216533814827775367e-03
7.295452971306185669e-03
9.098882638438304804e-03
7.312142861584752969e-03
6.623896757650220117e-03
7.660692011211081738e-03
8.727970004929907002e-03
9.891660982248987044e-03
7.059326859129824022e-03
6.543071928532361373e-03
9.675208936835284074e-03
6.818061251329310055e-03
9.138327440851639824e-03
7.385680709838791415e-03
1.033370436082488124e-02
6.354386474209394037e-03
1.065511894658347468e-02
1.040435666971583663e-02
7.932247650021108029e-03
8.505959714743891245e-03
6.825572576298202104e-03
8.267557444137688463e-03
9.488410642597542091e-03
1.058992050092232712e-02
8.021355229229301317e-03
9.339882845220255636e-03
1.105866760602401168e-02
8.265313002877505352e-03
9.040688599427535235e-03
8.149734130147530398e-03
8.546486528594314860e-03
1.106650585776309051e-02
9.347479192426138075e-03
9.571838208291475261e-03
8.094852172102330254e-03
1.111978723096432135e-02
7.912982253208956235e-03
1.076799232357501628e-02
7.415814082070227090e-03
8.208755457048386855e-03
1.005271754876714552e-02
9.294454995765455071e-03
9.482297803274629747e-03
9.384919354847713960e-03
9.212165226941846849e-03
7.663599183745361046e-03
9.651643420260379996e-03
7.704897658502917607e-03
1.308829121362109320e-02
7.127234136287897287e-03
1.145821555222348818e-02
9.312100953829650918e-03
9.509058214562210801e-03
7.567106390678918562e-03
9.376860284024516462e-03
1.013032521023018301e-02
8.182835836950249839e-03
1.160569425535062059e-02
1.232411254327476884e-02
8.853150427226676514e-03
9.586991727773771371e-03
1.100013641744214746e-02
6.980213600807318695e-03
1.080291359818271076e-02
7.810600765252523683e-03
1.059367486032447396e-02
6.991597516198815900e-03
1.053433256144306954e-02
9.708396706476843385e-03
1.177998563667253390e-02
9.770211706527516179e-03
1.027273813248900762e-02
9.568823598325140040e-03
8.820711404695915844e-03
1.104209473437174974e-02
7.976428793841215670e-03
1.310387281667076825e-02
9.108076315057861416e-03
9.437815605097243585e-03
7.069543632050262136e-03
9.635090389677291103e-03
8.225696118340623114e-03
8.947060547093514324e-03
7.505959165146503659e-03
8.536344616299141458e-03
1.004625140121657295e-02
8.318323041984265753e-03
9.026143759002978884e-03
8.060326797991887449e-03
1.081392147092485878e-02
9.881257572564458580e-03
1.150217469141548432e-02
7.364318530622650759e-03
1.074507317914948079e-02
1.315868519423701345e-02
1.095567642811947490e-02
1.181471323471476598e-02
9.561757303339541575e-03
8.393707638364859489e-03
1.122783474779607757e-02
1.097316932109833679e-02
1.083166324958600817e-02
8.463468706476873563e-03
1.027346592837887103e-02
1.081411819209932013e-02
9.513667290187891035e-03
7.574017333706745125e-03
8.251088576692145599e-03
8.912275255339214067e-03
1.113245333600677324e-02
9.509316486538221466e-03
9.409307653644987529e-03
1.187934365271968266e-02
1.149418924232584009e-02
9.803698907547739663e-03
8.781551452632116103e-03
1.112342038454064083e-02
1.087786896154105745e-02
1.176073554964081683e-02
1.191433184450084969e-02
1.092709069764746799e-02
1.018173131895315150e-02
1.166174433760869093e-02
8.575039879189706726e-03
1.054671547651621528e-02
8.111188974951227468e-03
1.241785271812153452e-02
1.372655414068069471e-02
8.075726450314473295e-03
1.279238095662308707e-02
1.069000659230825469e-02
9.763016359145179970e-03
1.058485885854703289e-02
1.021220573539442095e-02
1.130995247762453873e-02
1.089774448194385723e-02
7.201004166929597314e-03
9.910673382867472153e-03
1.452285564346058461e-02
8.479916285306612206e-03
1.091708627720069241e-02
8.389484664559724095e-03
1.284167725665784528e-02
1.187936091796113099e-02
1.269287405076875187e-02
1.057284391529613073e-02
1.165876241176092530e-02
1.131305393305321108e-02
1.246875243081119189e-02
1.101015018992205878e-02
8.825173740349731566e-03
1.022030148988922575e-02
1.376727074369541760e-02
1.098338421455999879e-02
