3.312700850105715442e-03
3.086480781682025484e-03
3.232081735241211593e-03
3.200232709313642013e-03
2.977823470733996589e-03
3.175216606588452881e-03
3.435598041914867621e-03
3.547584528782998185e-03
3.231856012309620736e-03
3.344687124057848897e-03
3.277428393343825158e-03
3.492979878670046667e-03
3.719740850767308191e-03
3.569425838794902661e-03
3.726348391518110887e-03
3.845192448990621906e-03
3.588374873429073068e-03
3.758935559961733806e-03
3.845324217216667187e-03
3.783515243816918359e-03
3.968771353498898834e-03
3.828829164708072875e-03
3.614089350732839923e-03
3.649383605945348552e-03
3.440784031066768198e-03
3.363038484480057252e-03
3.260717210011793762e-03
2.982248577153479800e-03
3.101916362074745321e-03
2.896296845330787600e-03
2.647286240118115492e-03
2.681643481577906940e-03
2.272147016380534918e-03
2.053492971928418467e-03
1.749969813667381392e-03
1.988487637825323527e-03
1.569444889187297061e-03
1.502266728891549045e-03
1.471358604511863177e-03
1.531638772809581399e-03
1.314041172716542191e-03
1.296620098663551785e-03
1.249360659569466675e-03
1.111713398725536813e-03
1.028722165962828476e-03
1.077809081387291973e-03
1.377181513169280398e-03
1.327291752807492750e-03
1.128463859945565834e-03
1.323505540848374760e-03
1.367081143032540915e-03
1.139789363980173468e-03
1.205397422904688678e-03
1.472278030030712984e-03
1.434472687326817644e-03
1.420270826915932165e-03
1.557131232640932787e-03
1.475625189830045069e-03
1.420340278197471540e-03
1.518702896407178767e-03
1.495658719319958602e-03
1.627146905316631444e-03
1.592996744390956596e-03
1.571772721696463801e-03
1.647513405379324482e-03
1.689726761377821152e-03
1.729302868380758846e-03
1.620829830478276272e-03
1.806343982611699874e-03
1.839405705641690598e-03
1.866315953848104569e-03
1.684828833621576476e-03
1.837168056701560682e-03
1.764233275045976263e-03
1.848158927788762836e-03
1.983621592096371580e-03
1.958500603177675947e-03
2.057740883647110088e-03
2.002671267763310795e-03
1.937546499364529605e-03
1.910064635105147672e-03
1.899079504956702235e-03
2.011526932129681627e-03
1.897258471670025927e-03
1.956647990294081707e-03
2.109887934009819100e-03
2.142123227055046323e-03
1.840438357204792234e-03
2.133856965203807451e-03
2.375326510555876743e-03
2.313930851470320533e-03
2.040202853819702081e-03
2.332500702995007197e-03
2.523340030351683191e-03
2.438475421335041787e-03
2.634627524671096128e-03
2.948976132807464099e-03
2.668852208002974857e-03
3.088226563994934427e-03
2.736144847395787037e-03
2.873791436555187071e-03
3.050598970780430720e-03
3.077143860849357142e-03
2.971008986224923151e-03
2.831662735521217698e-03
2.921520149615373842e-03
2.385602781554100639e-03
2.829716645804388614e-03
2.551783045605662652e-03
2.613903781071371529e-03
2.722441334817826165e-03
2.227726917501799114e-03
2.527959833622243045e-03
2.626396262368636391e-03
2.208166182135867708e-03
2.260077117264333753e-03
2.207290219679222502e-03
2.192937648723467144e-03
2.608658350086268812e-03
2.365684069154154034e-03
2.424225091626978912e-03
2.605102961080055148e-03
2.284609417711094825e-03
2.308205199617043187e-03
2.386887028397964398e-03
2.422054679429042415e-03
2.191790226950929288e-03
2.052616299605052302e-03
1.921013195636833617e-03
2.213210106337115939e-03
2.308532210725606961e-03
2.411827516216244298e-03
1.977166807118295629e-03
2.105822078466278429e-03
2.743358635414669226e-03
2.520760894770272560e-03
2.252589034203225041e-03
2.504249236246869348e-03
2.470203595767663310e-03
2.509591580736591013e-03
2.396434840838498025e-03
2.288243848291177454e-03
2.332340970904739005e-03
2.383171075736311220e-03
2.738947145267765955e-03
2.737449960827463471e-03
2.559057754767539265e-03
2.329590696600408739e-03
2.123309106358490031e-03
2.567849348025872530e-03
2.423706519626816699e-03
2.250027419106793904e-03
2.372727260602562355e-03
2.209455151435883724e-03
2.392293375071183077e-03
2.079872370540601645e-03
1.926125941726102150e-03
1.946831562254652554e-03
1.781570724552961147e-03
2.012836836033002862e-03
1.871692621364351352e-03
1.899560123574613223e-03
2.080310029990943468e-03
1.619940333071748836e-03
1.539481545918743683e-03
1.527764259125695759e-03
1.434351730805043159e-03
1.450052500068087485e-03
1.412789006290173692e-03
1.292574792186931398e-03
1.270969772932855138e-03
1.446480855337600865e-03
1.430351704899981979e-03
1.323355882424226372e-03
1.348987653361824121e-03
1.372306644469189606e-03
1.534455438388726252e-03
1.340134592580253517e-03
1.263373266795839254e-03
1.332711665490655083e-03
1.266288120854369660e-03
1.372742918839518073e-03
1.234877656505692801e-03
1.475434991889702611e-03
1.151120904803274022e-03
1.419816133778060421e-03
1.245213072379619881e-03
1.434783985937727532e-03
1.536471647068672489e-03
1.304008978102328895e-03
1.306973660797729805e-03
1.427832389790903737e-03
1.464794189519361307e-03
1.571888485056249524e-03
1.613141174555407249e-03
1.574260912445519817e-03
1.585655878506693223e-03
1.582163965299762795e-03
1.624760647029090945e-03
1.817475189570729593e-03
1.678949246596741617e-03
1.830575951135022389e-03
2.022938895167342328e-03
1.995526417135465129e-03
1.707053350350477405e-03
1.762281654866904718e-03
1.968654940779867440e-03
2.261477087540697366e-03
2.330400809097780794e-03
1.815297927684038966e-03
2.188972235238532179e-03
2.404363379144967665e-03
2.716199489307254307e-03
2.525256273064313810e-03
2.584393244757185806e-03
2.556914520880057811e-03
2.687424575724278036e-03
2.601546019825855087e-03
2.805157155271058994e-03
2.761534921664129082e-03
2.890976683675063573e-03
3.028748739052687915e-03
3.036507215386984211e-03
3.286624901163151188e-03
3.218695268997719648e-03
3.157140186472873287e-03
3.351902683625986468e-03
3.529748113190163926e-03
3.210573946128125050e-03
3.587570301362554698e-03
3.793605691430077930e-03
3.497517137326134739e-03
3.935678374229272317e-03
3.975855426953125125e-03
3.785820787079233456e-03
4.090981000219076971e-03
3.739015440313889129e-03
3.922584861526147090e-03
4.242436438546307378e-03
4.028695284282397641e-03
4.302543494270290314e-03
4.187300090696280050e-03
4.352930819109252294e-03
4.642429560728799330e-03
4.545434243301730431e-03
4.733377600680600296e-03
4.658350853039502221e-03
4.540360016170788895e-03
4.646921281550484353e-03
4.808831670054740381e-03
5.009287483356571202e-03
5.041632601046684529e-03
5.148142128216817021e-03
5.084755778026387937e-03
5.241047778712073536e-03
5.161492346617546460e-03
5.164202415591165329e-03
5.308085058154663957e-03
5.253785866338210771e-03
5.306994475632870537e-03
5.608451537906506204e-03
5.546681276809955520e-03
5.787622973146697852e-03
5.890216389023216620e-03
5.588103683191639193e-03
5.718822031290864139e-03
5.811843099595263157e-03
6.004281880852382555e-03
5.978465680295434216e-03
5.920581306247361085e-03
5.735806748876942640e-03
6.158942856443975350e-03
6.059783538028924374e-03
6.152277603775138659e-03
6.115467757071185555e-03
6.371999770754433953e-03
6.273409116514812311e-03
6.422083762175361324e-03
6.692537774146861337e-03
6.195266541051803674e-03
6.382698793495643341e-03
6.386477599392016702e-03
6.601686476937863174e-03
6.598438163088280600e-03
6.836160969423206619e-03
6.790910258229481029e-03
6.586628942059776295e-03
6.786916036735092875e-03
6.914462883804733950e-03
6.801269709143686025e-03
6.832964430574757671e-03
6.861879234498706459e-03
6.918829404136989970e-03
7.116588298432623312e-03
6.981972661468369146e-03
6.974887506911702645e-03
7.211568033529585156e-03
7.111363499648843886e-03
7.157628838162649609e-03
7.427200406367510076e-03
7.464159770034602646e-03
7.373015628359092313e-03
7.323408225519349724e-03
7.418807800447730152e-03
7.398637509348144833e-03
7.480867158278369997e-03
7.406556701872926002e-03
7.450165762476857606e-03
7.577575433211702211e-03
7.420474449626502517e-03
7.627123442733865603e-03
7.560277729326842638e-03
7.366833517561932262e-03
7.829785964999979794e-03
7.822257878997995045e-03
7.606024846248182064e-03
7.911851005131238443e-03
7.809646596365947026e-03
8.003234688425668597e-03
7.770606550670281290e-03
7.879029578779485343e-03
8.059282582831608574e-03
8.169527895706310550e-03
7.807015036731598280e-03
8.231592173392004996e-03
8.089789007183902786e-03
7.935211305858513170e-03
8.108953133022324400e-03
8.165873134296961280e-03
8.165728018424028498e-03
8.100536335546179578e-03
8.150933127034545173e-03
8.406523758775681990e-03
8.416556328275603266e-03
8.217064615899620852e-03
8.705273112877269515e-03
8.408053990044947468e-03
8.417294031483300853e-03
8.494063187865696571e-03
8.568887367897522200e-03
8.521987838115047814e-03
8.620649841559857585e-03
8.567996255278167994e-03
8.670422623103350712e-03
8.720831724442554625e-03
8.632447563894309409e-03
8.739225154380209776e-03
8.720916343478950575e-03
8.650972464470267631e-03
8.578328053616225690e-03
8.511001916993322230e-03
8.777542004021098715e-03
8.845605081942313486e-03
8.956391172107171575e-03
8.994311057562941886e-03
8.814070011712060379e-03
8.913107875188919574e-03
9.110792586757980246e-03
8.915817734447811088e-03
8.922421948621448579e-03
8.883301386243096232e-03
8.985077382237478816e-03
8.812811293690159253e-03
9.041751038537809010e-03
8.973844168602503404e-03
9.073475527933411514e-03
9.073808361976904227e-03
9.094076348326584139e-03
9.179054886367166155e-03
9.306547209340449572e-03
9.235616720553046360e-03
9.290203249026908819e-03
9.434331692688056881e-03
9.155051527675862194e-03
9.237084879418343275e-03
9.003432833237175886e-03
9.254583253635578072e-03
9.350791274980414097e-03
9.322189765315045534e-03
9.214155564052957034e-03
9.357633943983562075e-03
9.292765037422160562e-03
9.318369855466664478e-03
9.464800753812931122e-03
9.385166896168979644e-03
9.437890481452161986e-03
9.268648770759632324e-03
9.587818773893794222e-03
9.476361051672795369e-03
9.528559954412662431e-03
9.384107863078191419e-03
9.513040424287706048e-03
9.599398763311544486e-03
9.555361400483719167e-03
9.579698052862717014e-03
9.444021755956181693e-03
9.660982400416052995e-03
9.355230747875739605e-03
9.666463084582322188e-03
9.900252082915759338e-03
9.967198367917276536e-03
9.658775742640818285e-03
9.742800925508211113e-03
9.749582317922989710e-03
9.713390103303760209e-03
1.006328864004609608e-02
9.743283972638253077e-03
9.814784618524927465e-03
9.901873526690183058e-03
9.833645329376713637e-03
9.885625123732560970e-03
9.705422895792428090e-03
1.000086511234382636e-02
1.000547662420129061e-02
9.868465103652471898e-03
9.887520367249125544e-03
1.023011743978450433e-02
1.019498399264726768e-02
1.007328982127585378e-02
1.021497328786673958e-02
1.019784928008246432e-02
1.003993209135222234e-02
1.008351482362902785e-02
9.938051357995469903e-03
1.016789112087364624e-02
9.993571754546686989e-03
1.011140850077708701e-02
1.017700410057349736e-02
1.028077231072812431e-02
1.035224838891675957e-02
1.041076152536276472e-02
1.009687300769020711e-02
1.007269605349359054e-02
1.012759438143083501e-02
1.033763691686809955e-02
1.032133528499078537e-02
1.031516851405326826e-02
1.059942997249682661e-02
1.050479806591112647e-02
1.044422780693938027e-02
1.054612329887399252e-02
1.030676551723063578e-02
1.049422499185417509e-02
1.050607021618417576e-02
1.079649858881157748e-02
1.066237975317508441e-02
1.055034142173637106e-02
1.057680239716610009e-02
1.062277626947617098e-02
1.067864678604008022e-02
1.066892013286623031e-02
1.075537074571608631e-02
1.086690328428286355e-02
1.053257707814120835e-02
1.072744070016259585e-02
1.080665196250237339e-02
1.078283372729619063e-02
1.062290587092968967e-02
1.067099926876946721e-02
1.078149635829475997e-02
1.063685637066700759e-02
1.083878757559872570e-02
1.073943486372319969e-02
1.083921326322499420e-02
1.083773559145045397e-02
1.085332373607793971e-02
1.064535573311480368e-02
1.099931216584076887e-02
1.075830772206064385e-02
1.092074696367234185e-02
1.085583139570555147e-02
1.082529935825905093e-02
1.118513123788766883e-02
1.076005063778749660e-02
1.109982030199422112e-02
1.098912489066738649e-02
1.116763084372120012e-02
1.090583113559808609e-02
1.101849680477282566e-02
1.095184674447453876e-02
1.087502273317061605e-02
1.105743049332776062e-02
1.103894407845751498e-02
1.123967856098368953e-02
1.112145395835669077e-02
1.111828091153276542e-02
1.134184451074991828e-02
1.098235187812286046e-02
1.102968681551333950e-02
1.103249777550261747e-02
1.113331141818589207e-02
1.124932844738588296e-02
1.127257187886188464e-02
1.099310266156325669e-02
1.122161327119258409e-02
1.116166898078146778e-02
1.129905384940084120e-02
1.138145173604402163e-02
1.122261432138820479e-02
1.131309459664216720e-02
1.102499973084072535e-02
1.114977311931534404e-02
1.129220657176163711e-02
1.121571818234447585e-02
1.139758648866898323e-02
1.132291519890558582e-02
1.098560800890338411e-02
1.138462366022145386e-02
1.133289258898555717e-02
1.139228974336757225e-02
1.132919632194101522e-02
1.149583139880051147e-02
1.133073521068713417e-02
1.125031203149224820e-02
1.148599808098758716e-02
1.123044746735810118e-02
1.152780326128799784e-02
1.153520333380309189e-02
1.150299598524178249e-02
1.143567433411646350e-02
1.139376289283463781e-02
1.127972763896915344e-02
1.162434533023598213e-02
1.136114440605869719e-02
1.139763683315798276e-02
1.132774442547377497e-02
1.116808247479982724e-02
1.155375366931930652e-02
1.146821328772920645e-02
1.162770564519629429e-02
1.159935889385896660e-02
1.140824901906186545e-02
1.145829694178034618e-02
1.143023013430539449e-02
1.155395795324334896e-02
1.154202580902147744e-02
1.150393630741197021e-02
1.161103355660910233e-02
1.160552111166766182e-02
1.165191882901265089e-02
1.168776713005533277e-02
1.175862865863530268e-02
1.169831581364482939e-02
1.182651443099442395e-02
1.159541075388140566e-02
1.161127985429081730e-02
1.139547875914765501e-02
1.161492884489266977e-02
1.153786756870296693e-02
1.153366959157129702e-02
1.160715421745999593e-02
1.159588040636386208e-02
1.162293671763752617e-02
1.158525219922030593e-02
1.165330775253949590e-02
1.176108821949746475e-02
1.165894130336216084e-02
1.142562504571162374e-02
1.188500933507185067e-02
1.166412467840100692e-02
1.163652349430382288e-02
1.165719802050533931e-02
1.150568733461175379e-02
1.169619154792608112e-02
1.159685659553596343e-02
1.189086206142614399e-02
1.161003237767116794e-02
1.156668427984666389e-02
1.185829935726790546e-02
1.170659888398405644e-02
1.175160446867968243e-02
1.164853479281675527e-02
1.186032828814837826e-02
1.179926324131884072e-02
1.162126120145843752e-02
1.189363431589524414e-02
1.170911632702775068e-02
1.179571660451172142e-02
1.196073983656673057e-02
1.173039606535964188e-02
1.194322446342583645e-02
1.174906296960643790e-02
1.182432162014988158e-02
1.185013298263815421e-02
1.177977799050043337e-02
1.188219624712098105e-02
1.207744343543775203e-02
1.182343080919362466e-02
1.191424383374180794e-02
1.188740120925027739e-02
1.191344452740981073e-02
1.193415401485337091e-02
1.174114111093211427e-02
1.173398730577271572e-02
1.183586787805164867e-02
1.181124767801282338e-02
1.182221023792648373e-02
1.190128681956392764e-02
1.168486867720687841e-02
1.190947861786384628e-02
1.182369579752004865e-02
1.197038292144647111e-02
1.172284122608565141e-02
1.175561520146082076e-02
1.202068719111656914e-02
1.204687204335317535e-02
1.205612816759091092e-02
1.192225543003861896e-02
1.195364422335030638e-02
1.174017764049211862e-02
1.212269086097679874e-02
1.205852976461173169e-02
1.184969120980673002e-02
1.193278771366407080e-02
1.189853578691168687e-02
1.190384865881457394e-02
1.200247493547105387e-02
1.198053036898794922e-02
1.187846454999700804e-02
1.207542241572955033e-02
1.218104795179916419e-02
1.222855765315204735e-02
1.207335302690369996e-02
1.198479405036424750e-02
1.188168903188053377e-02
1.193369176871434713e-02
1.216190997882765981e-02
1.202046248847996393e-02
1.203184702270300790e-02
1.187185869719857047e-02
1.229438033517496302e-02
1.208297702016189294e-02
1.214293371457548024e-02
1.201211702440243938e-02
1.228127666467597988e-02
1.207552122898341435e-02
1.199159340826261473e-02
1.209818383133817385e-02
1.209814674232413678e-02
1.204583565425293608e-02
1.211637322402062122e-02
1.219470268218272868e-02
1.219506503435419283e-02
1.208421144360722829e-02
1.217781939010169345e-02
1.212096435154687984e-02
1.223686416971551602e-02
1.201268721991539425e-02
1.211258988665704639e-02
1.223721303066948804e-02
1.210742161646864712e-02
1.199067849603746919e-02
1.220605698184171542e-02
1.200141405069935462e-02
1.192595208578727146e-02
1.223689113623330216e-02
1.191973774863367558e-02
1.225195479062482322e-02
1.229096861051400327e-02
1.219248644516427241e-02
1.222835740784115541e-02
1.246183266001432526e-02
1.222459691949073085e-02
1.229504660057088514e-02
1.236054685324930111e-02
1.213780322094004140e-02
1.208935528698711764e-02
1.220332197298842729e-02
1.231982887591743202e-02
1.220523900617423441e-02
1.231293514653818318e-02
1.223992392005441784e-02
1.230918894034127922e-02
1.231745775751309085e-02
1.198302245333558030e-02
1.221970428512816551e-02
1.236882797137684592e-02
1.207290687374009373e-02
1.257352286342410322e-02
1.211824669777607742e-02
1.240180979488569001e-02
1.215714457953417579e-02
1.235134589351389450e-02
1.206664056726454090e-02
1.227684389718461909e-02
1.219231571336256911e-02
1.235743452740514087e-02
1.232458551990162597e-02
1.229316259800870142e-02
1.230623053268830105e-02
1.242220331735306715e-02
1.228964874845801108e-02
1.230784209251590752e-02
1.222232154563908553e-02
1.229988543391907947e-02
1.237406246686800944e-02
1.240948644023099137e-02
1.216001419920354452e-02
1.215769782168428167e-02
1.252084889622971826e-02
1.240162823629785936e-02
1.239566226845625896e-02
1.223228062590254496e-02
1.241418041197032453e-02
1.245645808302994068e-02
1.238523307943700975e-02
1.243577303484574501e-02
1.239754971261379513e-02
1.238671519113419481e-02
1.258708483448402020e-02
1.241188397966898685e-02
1.244347035054497487e-02
1.253511844397036529e-02
1.241323674730215182e-02
1.216020486009685569e-02
1.246947890524240966e-02
1.272668700617614161e-02
1.248271456624010581e-02
1.231819383227752453e-02
1.235449203016251128e-02
1.252834482399403475e-02
1.251312549828525848e-02
1.244391798693349378e-02
1.249826245886069900e-02
1.235929908350449219e-02
1.248799983287038513e-02
1.219210246538139988e-02
1.245752327755834422e-02
1.253263836191933350e-02
1.260902744467272407e-02
1.234251562968510622e-02
1.253535550682973940e-02
1.245496424671081737e-02
1.226987637609067323e-02
1.267350970628195947e-02
1.286085891487650720e-02
1.279071602752292550e-02
1.253941017859239691e-02
1.255649969728633679e-02
1.249433722979375466e-02
1.245748673429459413e-02
1.248338821973434855e-02
1.261782253374359175e-02
1.260948302011585288e-02
1.246161776826929662e-02
1.256391022765960055e-02
1.257920099489810359e-02
1.255196612806983372e-02
1.267547868547270334e-02
1.276300838331570139e-02
1.272264500048765276e-02
1.268146073738340984e-02
1.263026823148959317e-02
1.249473579576684118e-02
1.273953654581102581e-02
1.269365689031655246e-02
1.249694451060633441e-02
1.253230523562601402e-02
1.252671094569675000e-02
1.282140578308578992e-02
1.272267571501626247e-02
1.237108386411850044e-02
1.256310980827993369e-02
1.254896085870911386e-02
1.287949707120952109e-02
1.249598369654940019e-02
1.259356107186355121e-02
1.268432454071816325e-02
1.264518200313650455e-02
1.282404832575110253e-02
1.272107983179339777e-02
1.255354301850943217e-02
1.274759384771848025e-02
1.260707807328186915e-02
1.259667291900612614e-02
1.242538683185912332e-02
1.265495381214444201e-02
1.251427011625782029e-02
1.254341254675519352e-02
1.271673132100324850e-02
1.275426925785498079e-02
1.283201025775683804e-02
1.264101246006662724e-02
1.260413764272624339e-02
1.253010332502407266e-02
1.268865774815700065e-02
1.275449847089096811e-02
1.296025020819883099e-02
1.265112579839290999e-02
1.299555522958166336e-02
1.275606567289045042e-02
1.256965363286155837e-02
1.268552523532334372e-02
1.286344387989731344e-02
1.276518699855676287e-02
1.298995653392665678e-02
1.274549266382572765e-02
1.292455134821561720e-02
1.292706425060160223e-02
1.288667228451269992e-02
1.288314383382344053e-02
