1.765867891502522977e-02
1.947999389951934196e-02
1.559224763162537185e-02
1.475425235017524365e-02
1.484288766624661769e-02
1.509371109210499128e-02
1.115693290314574530e-02
1.367944567395149372e-02
9.953707876559643453e-03
9.939907163120475023e-03
1.192259147609959179e-02
1.203817925544282096e-02
1.262854207800845861e-02
8.068534817631822093e-03
9.426214707120456407e-03
8.865865776945130311e-03
8.151727236580757693e-03
8.962566971676015626e-03
9.185858904464916028e-03
6.056575695858099247e-03
5.650669566264190577e-03
7.054006895628515614e-03
6.883718131168773367e-03
5.837439154138794432e-03
4.733658236130848344e-03
5.185071755395989114e-03
5.631388917052242496e-03
5.505159338959513156e-03
5.044993939826814683e-03
3.329747656545675120e-03
3.234161664776930706e-03
3.489051118450596945e-03
4.136184018472816373e-03
1.763912792236798375e-03
5.044149634036893676e-03
1.872815438505540152e-03
2.588203303944193023e-03
3.552897218952874234e-03
2.781075942685169115e-03
2.654714495773726184e-03
1.437986956919427850e-03
1.674047411523314679e-03
2.786827883102655206e-03
2.715701045894875192e-03
2.345590878486706384e-03
1.745207548231935898e-03
3.239447499226724096e-03
2.081750953581429798e-03
2.334120982006237469e-03
1.352920897082393473e-03
4.884155466361852181e-03
2.431860233708703963e-03
2.539085169541750817e-03
3.013906946014273218e-03
3.854665701805641120e-03
2.182888508726787274e-03
2.855647800786817719e-03
2.908764036496380018e-03
1.998207448010715440e-03
3.496513330882595333e-03
3.149979858237419734e-03
4.392283712510661881e-03
2.590440472627219323e-03
2.027358007853887183e-03
3.281141546034042639e-03
2.038100290258250315e-03
1.975321855020424622e-03
1.873638090596651444e-03
2.397370049528454485e-03
3.600663576183688909e-03
2.212459385733174522e-03
2.893748841871209704e-03
2.511624706782665875e-03
1.879492833028697856e-03
3.653849824955491751e-03
7.881965463510652060e-04
2.922651072246958050e-03
2.938000834247511857e-03
3.869320549249509900e-03
4.088247289178752707e-03
2.378175160651339621e-03
1.694043653709858925e-03
1.582551217160665285e-03
3.768256026228329614e-03
3.678840204580296775e-03
3.487767225262871848e-03
4.926417752203318505e-03
4.094657217852448565e-03
3.985406603001095602e-03
3.031834489027716070e-03
3.422312378545871135e-03
3.918256160773053894e-03
2.810433204521246928e-03
4.307544741943095459e-03
2.907471625169079279e-03
2.959248173182371048e-03
3.592639230109201127e-03
3.183557851641205961e-03
5.130073616912671740e-03
4.329354880228674339e-03
2.783255843058398370e-03
1.723615980160176937e-03
3.940653748688954273e-03
3.406379957142499984e-03
3.659967826497199320e-03
4.695191071478363627e-03
4.763263010186310348e-03
6.586799563962258790e-03
4.351131603633040523e-03
4.371720070616295743e-03
5.113125698245028251e-03
4.807584799955018189e-03
2.520881175505940066e-03
3.864573186211399218e-03
6.489725070444686550e-03
5.981163936504615454e-03
3.264125223123731830e-03
5.810479455518889440e-03
6.519043797302948896e-03
8.131236053219704704e-03
6.572106528705424361e-03
5.221378679443045706e-03
7.286837955832055867e-03
8.620227879225859924e-03
9.162905713865547239e-03
8.651867738951355552e-03
1.070281322487362519e-02
8.322443658029102243e-03
7.220756708974027972e-03
8.974361905256942468e-03
7.581109633627697124e-03
9.244445586303572104e-03
9.774346877963536670e-03
4.106753230963110929e-03
8.894242146407809607e-03
7.522947374742969609e-03
8.584781657511373135e-03
1.122170868131904670e-02
7.954531748685602158e-03
1.076301535862522057e-02
1.025339166788537433e-02
6.946642151299838377e-03
9.065692648907908505e-03
8.506563668970318348e-03
1.269452953179018434e-02
1.564482091060242705e-02
1.236338187834031509e-02
4.605872587319413160e-03
1.109331984940718947e-02
6.384037520608404868e-03
6.493294623544239828e-03
9.258220167117811941e-03
1.221955147244815562e-02
1.195364181152283427e-02
9.536290192005083058e-03
8.800819391666915570e-03
8.005262516250256921e-03
1.148321204136939187e-02
7.986484332656230978e-03
8.386077952300502805e-03
7.222684989027307149e-03
9.069275494294872300e-03
1.034640770069542547e-02
7.810890750492213534e-03
8.790032202506663922e-03
9.358844625162385245e-03
1.025280357343221795e-02
1.223307800335718398e-02
7.083798319961935076e-03
6.999019382160670717e-03
9.934507973213482432e-03
1.012005452464240576e-02
1.020458776597447069e-02
9.153374971897177900e-03
1.108975380763368469e-02
8.173641538507520413e-03
1.090446915295234347e-02
6.827586885318896390e-03
8.268598611125308612e-03
1.107243680610347017e-02
7.298102265428802957e-03
9.434402541116925292e-03
8.935437894007443663e-03
8.349840713506870640e-03
1.097350156795251844e-02
8.933409416317599980e-03
9.333689271790334210e-03
1.211873681591538708e-02
1.559273663164173138e-02
1.129133783489536316e-02
1.098499133659269419e-02
1.272971020360560285e-02
1.003249002566799011e-02
1.462825501494850571e-02
9.129003551554651028e-03
8.663140715328055200e-03
9.170444487458842206e-03
9.403559535821741713e-03
1.240135452622192005e-02
1.314071322146526284e-02
1.173457886426144091e-02
1.250484415809550130e-02
1.491739518026650654e-02
1.218356354978343374e-02
1.279870960371809127e-02
1.191176668178593918e-02
1.553316081401879753e-02
1.287292988324270464e-02
1.498225319015221262e-02
1.424077374683357065e-02
1.053942892749320202e-02
1.305362475326842311e-02
1.548960798323826583e-02
1.184243204070149769e-02
1.371276422994672020e-02
1.580583419333716350e-02
1.233291492515213063e-02
1.898726180099186839e-02
1.430837524286904250e-02
1.840921304658912211e-02
1.814781015983520790e-02
1.749148034689959261e-02
1.297546913726663025e-02
1.495634646822379885e-02
1.837264445097751622e-02
1.975842330396265431e-02
1.456513580064551158e-02
1.433990040026852236e-02
1.865681768299589510e-02
1.529467678512851612e-02
2.012018631771227833e-02
1.704109370128880849e-02
1.866695081533322961e-02
2.243506427150953469e-02
2.399749898922726166e-02
1.995701554190547691e-02
1.964247724382239130e-02
1.513832485309467464e-02
1.858991630040534096e-02
2.551033532773754747e-02
2.067866697678475210e-02
2.183359987486552245e-02
2.837438489034543182e-02
2.404589086748313426e-02
2.277404341527966211e-02
1.660118108027366229e-02
2.757488722407094167e-02
2.528273669711257957e-02
2.278212620506818095e-02
2.482808689375370220e-02
2.603357417115382752e-02
2.971507500351452252e-02
3.017278780222900844e-02
2.789517157901495389e-02
2.780224624313359233e-02
2.197705399684314956e-02
2.820456078714117867e-02
2.924168058940004866e-02
2.721439581813342792e-02
3.346639135705274659e-02
3.369543082092540248e-02
2.953736335616596875e-02
3.226811919247254967e-02
2.867300068316134751e-02
3.407356818409052607e-02
2.979212611810007350e-02
2.854976819233758303e-02
2.931704270589070155e-02
3.118863777656411332e-02
2.766830027106067375e-02
3.372776081248436003e-02
3.411497085676243324e-02
3.019552214379611285e-02
3.414303103156846736e-02
3.406757260431204914e-02
3.297113686784027692e-02
4.170768434498879629e-02
3.621427098269387052e-02
3.918047310227752711e-02
2.937732676822278621e-02
3.415392511874709019e-02
3.800350651091856380e-02
3.887798823642924645e-02
4.138396480362446089e-02
4.400009100962450764e-02
4.214536858243553286e-02
4.615079731320739787e-02
4.226797458076406167e-02
3.967975443071843772e-02
4.332928574237428915e-02
4.404047743674610604e-02
3.699658206439696700e-02
4.820897441368716951e-02
4.482110770300704733e-02
3.843928820223999065e-02
4.195355703715272777e-02
4.044906556657055369e-02
3.930583361183593444e-02
4.852694408944879800e-02
4.688553970288349831e-02
4.850278194781681290e-02
4.836595735548399055e-02
4.504954314838139490e-02
4.528441290629145466e-02
4.560944236344028485e-02
5.249273480273432269e-02
4.477231569907655362e-02
4.804219266620304851e-02
5.025671856511714636e-02
4.475222750015139805e-02
4.720445566604797999e-02
4.801020190307429131e-02
4.653547070975616595e-02
4.735316768748783905e-02
5.060864176270235548e-02
4.619095917532181628e-02
5.135020867631855113e-02
5.210711851564298752e-02
5.611414592234281046e-02
5.087735697309941213e-02
4.334286114214423724e-02
5.700517500000072679e-02
5.103423443426897271e-02
5.545729403662494339e-02
5.487780067270806028e-02
5.040151763433330795e-02
4.708387288583876923e-02
5.745566822158024861e-02
5.563410510770452205e-02
5.603301865834157958e-02
6.084904394425316027e-02
5.481681491894462716e-02
5.480722149381655334e-02
4.881531998525583810e-02
5.583986867243451169e-02
6.106237340999806640e-02
5.358564285926829818e-02
5.577707448874143215e-02
7.964822063428289578e-02
6.383544223201211010e-02
6.233163972851930856e-02
6.279661142504196214e-02
5.851641421696879980e-02
5.748864350846314558e-02
5.958749197808570902e-02
6.299011972505996759e-02
5.466961316791376507e-02
6.627013031306035196e-02
6.397722774783083655e-02
5.977123556555724582e-02
5.498825034983408772e-02
6.251419022272496073e-02
6.343263611305893779e-02
6.183046310026710235e-02
6.623895163047660573e-02
6.132498147731216265e-02
6.033614466850792390e-02
6.338349235213021349e-02
6.678754106754833386e-02
6.278691563562464883e-02
6.518102481430129713e-02
5.961676555411862116e-02
6.778469491156131899e-02
7.217784098667476278e-02
6.659482529133799178e-02
5.832196805142126489e-02
6.616473374069919977e-02
6.681687106712266844e-02
6.922613432586584292e-02
6.432323231718464762e-02
6.458679195451923205e-02
6.747980975203016207e-02
7.320984957229999257e-02
6.846518290711117727e-02
6.607288239235041549e-02
6.660273510533312735e-02
7.159569948707371345e-02
6.511690267182308756e-02
6.346890785675295132e-02
6.269025740048095319e-02
6.737456549937322070e-02
6.986181383091262520e-02
6.134837632073288777e-02
7.261473640944218766e-02
5.927707111376236820e-02
6.478851657855519419e-02
8.241453534158980909e-02
7.278226318498935699e-02
7.032278177101468353e-02
6.466407551889687133e-02
6.551719951166262712e-02
6.583849681887397887e-02
6.959379860329205358e-02
6.906323971092317993e-02
7.069908136805597154e-02
6.628799395954418361e-02
7.439331403822470323e-02
7.136105260312131104e-02
7.841531926645081696e-02
7.747839639970161008e-02
7.590112460201138556e-02
7.690089139429723275e-02
6.589272421669072066e-02
7.288139834024366659e-02
8.351961730315549115e-02
7.348278489353840537e-02
7.245118047234333503e-02
7.890060108859321686e-02
7.664664494690362484e-02
7.748491526923087513e-02
6.832643869184142071e-02
6.922918278749840004e-02
7.407610418644575145e-02
7.508372906987957618e-02
6.843686278989080662e-02
7.837272478089303551e-02
7.062322844911972375e-02
7.894624935954759615e-02
7.684030387561184561e-02
6.825774638333985400e-02
8.105151936982839256e-02
8.092535096402174444e-02
7.781399860020254966e-02
7.478178728378805096e-02
7.858369895226667567e-02
8.072063833381280806e-02
7.127497605502763900e-02
7.949567494344331187e-02
7.602871491790373637e-02
7.766300149037443090e-02
7.983934098348997865e-02
8.423385031589496197e-02
7.600107712563239359e-02
6.854975681646886809e-02
8.224025906657128626e-02
8.094075536814666905e-02
7.557226905148033136e-02
7.256073357969222704e-02
8.129212739873435678e-02
7.374913156006313031e-02
7.994511382927128873e-02
7.817746119061791399e-02
8.404437901844537262e-02
8.368211136093513247e-02
7.384547939243621406e-02
8.290775116203397133e-02
8.765652630751807894e-02
7.912196050753178556e-02
8.694202409832195444e-02
8.146034571521505729e-02
7.478856396747661506e-02
8.258874371884987464e-02
9.391294903495918389e-02
9.331661234012603168e-02
8.091257226544465442e-02
8.245451267492127922e-02
7.103702780240311876e-02
7.599126833359169664e-02
8.171713843763186991e-02
8.941645507086162792e-02
8.545760429901380628e-02
9.068040314130339230e-02
8.556661578714941374e-02
7.614001836324406358e-02
9.212291863691958460e-02
8.035846475897943930e-02
8.441331043590286076e-02
7.983571010068350737e-02
9.234899964568721309e-02
9.055579671511652939e-02
7.811255771061216546e-02
8.161001589201333228e-02
8.512323570542185136e-02
7.984269017421335990e-02
8.848091466970023355e-02
8.863601695021267046e-02
8.889955806409678696e-02
8.389643593221482454e-02
9.035523927771574315e-02
8.281533564605504660e-02
8.978816563387893857e-02
8.404125338012635726e-02
8.456258060760289685e-02
8.720269950678151416e-02
7.641708618795145513e-02
8.826187822908614089e-02
7.977643111121134056e-02
8.215274267709232747e-02
7.653346872727770367e-02
8.250222388985756217e-02
8.940655779889282451e-02
9.195306275207038027e-02
9.508235993674227227e-02
7.899152823733243678e-02
8.841503809179807050e-02
9.365250851364100015e-02
9.251054057214828930e-02
1.005121086792398338e-01
9.047362232018132944e-02
9.143612452179337990e-02
8.181969867267226137e-02
8.338417825594955646e-02
8.782866464905264570e-02
9.903011730551705694e-02
8.295425071220870195e-02
8.626553908196731013e-02
9.126155623306499154e-02
9.785848482578088370e-02
9.687738901144324344e-02
8.510871487354804144e-02
9.763621129366567564e-02
8.959995608478674156e-02
8.503276465643591631e-02
8.615125939096475449e-02
8.678609740611366308e-02
9.096405089760256635e-02
8.305849315481962647e-02
8.895065830615660196e-02
9.162355972929581149e-02
1.034400009636398110e-01
9.238360689728382369e-02
9.022303058379924079e-02
8.747888766916742109e-02
9.514300746817520860e-02
9.461051120412643234e-02
8.958515980708300908e-02
7.959728294643669821e-02
9.034710195630851759e-02
9.385187883110403251e-02
8.018664847658624195e-02
8.996209160429120832e-02
9.013144542868654907e-02
9.062036742368123621e-02
9.449941768947327236e-02
8.499806430648407241e-02
9.456020398475163680e-02
9.587805724989016676e-02
9.544264119606118979e-02
1.013630901036677856e-01
9.756614878201190499e-02
1.074525063640585087e-01
9.824737041783919433e-02
9.669621172101769413e-02
9.334264840095350679e-02
9.997322463557267724e-02
8.398529580929779692e-02
9.491143016693082135e-02
9.938479882920922548e-02
9.534849084754085102e-02
9.065914511857663116e-02
8.869626503916097637e-02
9.200959884494025465e-02
1.061843232937014492e-01
9.063107985796382826e-02
8.782575052411911720e-02
9.444307203861108946e-02
9.182027656074927269e-02
9.832125879055297890e-02
1.022472279099866654e-01
1.031686951896959997e-01
9.458543426663845732e-02
1.032751757138037491e-01
9.504114297635452013e-02
9.474475834434632759e-02
9.378691766495758642e-02
9.997430928879449952e-02
1.048897730078306584e-01
8.699767510302110207e-02
1.024778678740726479e-01
9.962022060045493121e-02
9.785941786226733108e-02
8.679076759881854120e-02
9.132577324484686399e-02
9.825430692799619337e-02
9.050260694270931272e-02
9.932907699209542196e-02
9.006961575525923580e-02
8.925721702141420355e-02
1.075358236601881845e-01
9.921588648896122187e-02
9.835889739469086401e-02
9.405253796746697315e-02
9.038863109415476438e-02
8.911001122000471175e-02
9.095224036139114288e-02
9.567121153243894616e-02
9.022952865052603910e-02
1.016474815293145900e-01
9.829475092942571712e-02
1.003657237626599530e-01
9.906449271154978142e-02
9.924535209247151157e-02
8.784355305046753770e-02
1.025029000007721125e-01
1.001389567507570133e-01
9.533524095205872517e-02
9.999031692170519403e-02
9.374357856696609315e-02
9.048665942585733257e-02
8.464435337646653013e-02
9.677661469118704896e-02
8.728723948003695721e-02
9.678980313795756962e-02
9.547120315121152001e-02
1.078001503142951845e-01
9.164446288607391855e-02
9.717231694932715325e-02
9.732704841424848208e-02
1.023222342163814386e-01
9.424479998434552586e-02
9.332524479859480304e-02
9.579282379429467087e-02
9.855215546632618839e-02
9.088953250953023255e-02
9.332761850050830255e-02
9.466645132824649811e-02
9.066407612140973959e-02
9.612923967966079120e-02
9.729093415506820386e-02
9.750682126164827990e-02
1.003973403502045614e-01
9.445207981950903831e-02
1.020634258583911769e-01
8.820033216156066003e-02
1.067714990891898419e-01
9.276291452333262910e-02
9.651109650940674356e-02
9.358605022330451773e-02
1.015551047629725812e-01
9.692406737222220015e-02
1.010553180329647610e-01
9.768904335456454757e-02
1.024558661947161387e-01
9.786915256021146148e-02
1.029449648780255966e-01
9.588730023094764465e-02
1.009445498836865351e-01
9.841373293099849040e-02
1.059512561667553809e-01
1.151974105816492705e-01
9.502291967240783510e-02
8.449004950552359283e-02
9.909133539599079832e-02
1.019697927270278720e-01
1.013136453530986830e-01
9.305409989491181255e-02
9.693259491261389804e-02
9.770546211904961031e-02
9.045100736056052582e-02
1.029023277587015617e-01
9.802064409420474522e-02
1.005510024414992543e-01
9.618897230946768517e-02
1.046818053244773089e-01
9.369727945011990800e-02
1.014278898334067813e-01
8.577775351376704105e-02
9.536622345284766211e-02
9.030965685161232437e-02
1.043715924852913618e-01
9.074659067849893956e-02
9.331267865447522014e-02
9.309345732884145852e-02
1.023318327723395788e-01
1.015262873307469504e-01
1.018001149847878595e-01
9.669776991268681787e-02
9.730784839116797535e-02
1.016257874974618586e-01
1.045718256218733794e-01
9.432751000239153472e-02
9.857136844948388710e-02
9.126932179494812170e-02
1.022688660902310448e-01
9.899662017843093020e-02
9.526398245521058850e-02
9.556755163576542700e-02
9.874438914538222201e-02
1.045456199949753723e-01
9.326361276886144247e-02
9.518976172276079339e-02
1.006940179710788530e-01
1.053686980429883457e-01
9.606913172325474981e-02
9.576121545033509930e-02
9.257410165822559101e-02
1.005182447457948769e-01
1.082578016501977713e-01
9.945455456888958878e-02
9.903102863572743608e-02
1.027885044928984470e-01
1.094320956403594669e-01
9.503123002232963246e-02
1.036833302272199692e-01
1.017938015325083462e-01
1.159749101911952407e-01
9.806334783609252370e-02
1.063950710324827742e-01
1.097377258059103189e-01
9.555325331206901418e-02
1.018127645652808361e-01
1.051030326468037068e-01
1.060402080191613500e-01
9.556993276963167416e-02
1.062602530591356537e-01
9.985514352534591298e-02
9.564327583941881206e-02
1.024368989569963972e-01
1.066587183724766047e-01
1.006277429527192568e-01
9.848130037440183671e-02
9.931559216140369017e-02
1.016659828315230191e-01
9.183249471033429201e-02
1.093037867106474159e-01
1.039763672123251576e-01
1.150557357084852766e-01
1.054629533766282545e-01
1.069172013547312478e-01
9.536054809021853040e-02
1.027058224735540037e-01
1.067489490897570309e-01
9.330632751734518893e-02
1.107463039934155347e-01
1.020073545137259868e-01
1.055957685210137387e-01
9.690868952699130401e-02
1.051264104540768352e-01
9.656146375734521448e-02
1.000142187945122635e-01
9.626574101944682105e-02
1.007666286545423895e-01
1.078888238159898677e-01
9.814406434245696864e-02
1.015429328914667501e-01
9.781873374373821484e-02
1.080011681400150636e-01
1.026924734665226741e-01
1.058432177487923509e-01
9.961388403997559204e-02
1.062494787912936084e-01
1.115595548119021480e-01
1.037859359894694744e-01
1.105943655916442198e-01
1.018630142820075024e-01
1.024534172507571145e-01
1.105921509944531173e-01
1.122275080543700815e-01
1.019046659739975130e-01
9.901760786209308496e-02
1.094149448584434137e-01
1.044210894886789254e-01
1.055458364450115871e-01
1.001055907080708879e-01
1.000995859599130289e-01
1.062056496163336777e-01
1.082937700411298332e-01
1.039223322980601383e-01
1.043289484941969381e-01
1.076535893188228371e-01
1.066046900649780110e-01
1.038050177220367909e-01
9.983246191329488151e-02
9.656651325834991750e-02
1.089521347771770787e-01
1.077705771051505751e-01
1.044028649129680880e-01
1.140551409387353388e-01
1.079139410931167220e-01
1.118824089187308302e-01
1.035507497235173824e-01
1.032742180244088370e-01
9.851213136404830817e-02
1.082326896297725605e-01
1.153737813513779492e-01
9.715782545220542910e-02
1.112479990081299136e-01
1.072120835826091689e-01
1.080885614369450909e-01
1.103966386242283826e-01
1.025341345277088201e-01
1.063464109030599070e-01
1.108100276774019594e-01
8.913026411522718961e-02
1.076842515495228386e-01
1.199858781706850258e-01
9.301128553980858582e-02
1.112578279463729558e-01
8.987869926486621863e-02
1.117159329451748867e-01
1.132531762417788856e-01
1.152391327107917668e-01
1.012336985728782557e-01
9.458868255764128763e-02
1.078276551628733343e-01
1.099208842026756783e-01
1.075295559394221223e-01
1.063951698639809540e-01
1.043542993513220107e-01
1.116678420005923350e-01
1.105386276934796352e-01
