3.357640500811478468e-01
3.426535153589741478e-01
3.265602657061019154e-01
3.274834569115032123e-01
3.105755206468508445e-01
2.836131133281456496e-01
2.563136427220847335e-01
2.233515428132127056e-01
1.794571347747618839e-01
1.324194726137748468e-01
8.521018284593860626e-02
5.813778049377409107e-02
2.734371260941064960e-02
1.200349553765923775e-02
3.837671442468630276e-03
6.485407746442824976e-04
2.603009397306929595e-02
3.375590803757674840e-02
6.473416927830800971e-04
4.356905315302294149e-03
2.769000834062450636e-02
1.845075065974926404e-02
2.560565515996906117e-03
8.290982204418958666e-04
4.118659935540684735e-04
5.017753933870940444e-04
4.067885500586157846e-03
7.025130890751882934e-03
6.034757217528116148e-03
4.613878103660706831e-03
8.664928956328909419e-04
8.659502726000694586e-04
7.627178722430440205e-03
4.121902967214045171e-03
3.632094610059533046e-03
1.932089335846632412e-04
1.120131202882745935e-04
2.769504218430450266e-03
7.115952194109563533e-03
3.748232188972851035e-03
3.416747649793292017e-03
4.500621644008507768e-03
2.307073879795847374e-05
1.341733804441417243e-03
2.800457126956085955e-03
3.475566642923677649e-03
5.555918721034235758e-03
9.093428222580619488e-03
9.530928081740120891e-03
1.167012785304976687e-02
1.042890861974370316e-02
1.104637115148289495e-02
1.246969344777347499e-02
1.438942303307077196e-02
8.364392444982271524e-03
9.069102752393852843e-03
1.476491266052987715e-02
4.927923048857911492e-03
8.055647046771457348e-03
1.573346870271906048e-02
1.073267231352878666e-02
1.553418323472318709e-02
4.785464740774747656e-03
7.270503432865133703e-03
1.820355745831430316e-03
3.273023645325952627e-04
2.729875933673376191e-05
1.103931987738995465e-03
2.863584847358093921e-04
3.890586532885193649e-05
2.028746756087143957e-03
4.766494031792888227e-03
1.724286760941563454e-03
5.528460513172355970e-03
1.278958664286278940e-03
8.849651661144786532e-03
4.860420489580062099e-03
3.304170016546130722e-03
2.046430194012955131e-03
2.108330508858768330e-03
2.007816619161769105e-03
8.019830735581474792e-08
3.294595981812009069e-04
1.492165076347342235e-03
2.163635332469561554e-03
7.368451054853179057e-05
1.859488074515074953e-03
1.482473836622739179e-03
2.930693187937113953e-04
8.476646977586102570e-04
4.170754630658157140e-04
5.712055736871351000e-04
4.727970979196600173e-04
2.341136780096985011e-04
7.574618214446884922e-04
5.076787872858174984e-04
8.811026519760605229e-04
2.457459442395502704e-05
1.282664738140454206e-05
8.876070517447727336e-06
1.382564817328259515e-03
1.220006459313810796e-04
2.122280749800645443e-04
4.298906795478097255e-04
1.717578200666339868e-03
3.474455501233131814e-03
1.339410385499139201e-03
9.136681169681575660e-04
9.405044458300973538e-06
5.603068978120234007e-04
5.985587526428610302e-06
9.812345466824753888e-06
7.048222617176620503e-05
1.462413398061552334e-03
3.173354506094335035e-03
2.381604127164923125e-04
5.399980589905337873e-04
2.616094995767792456e-04
2.331029518409083977e-04
4.184480367856383129e-04
5.888328311821929137e-04
8.708089405124641008e-06
1.104466899334794941e-04
9.151928294646656219e-06
1.733822457328831261e-04
1.403736853254072695e-03
8.823978151818132618e-04
4.464687562228037733e-05
3.555968516591165632e-04
1.468020998325367609e-08
1.413988905422583833e-03
8.996605601589674039e-05
7.861538896622446374e-04
1.593285358560227519e-04
2.988254612157556500e-04
3.168377458979214334e-04
2.759054177143987780e-04
2.598103339738609035e-04
3.254951285511681097e-04
6.272149529398034174e-04
2.513338691910331714e-06
2.027130847249533261e-05
8.907951875573520193e-06
1.938407795068306801e-05
6.939043829562756444e-06
3.348450495973353229e-05
1.482828834513153865e-05
1.464280955909475531e-04
4.546236109944774254e-04
1.778041041158371206e-04
1.259920540694322742e-03
6.002405396996841398e-05
1.801161262021963930e-04
1.460242892998395027e-05
4.989841755509993686e-07
8.893307584389484159e-05
2.743961780510947488e-04
2.011560647813734044e-04
6.305110838763717173e-04
1.433088180283677600e-08
1.073041665194187332e-03
1.768727054666496476e-03
2.909320429933925110e-06
5.350315943738218017e-04
3.801055927166045235e-04
2.102005872426512419e-05
5.439035507883912277e-04
3.794664138844524421e-04
1.272127077672864084e-03
2.428591405478746842e-03
6.148496883175842394e-04
1.190107365927448344e-04
1.013931445734073816e-03
2.261650764968869531e-03
7.515809899532152789e-04
1.264487559213613469e-04
5.894708836493359872e-05
1.829846884700494657e-04
4.120880225697200482e-05
1.639324077957802052e-04
1.015344397614830141e-05
1.434337595072139506e-04
3.429922628565923665e-04
2.264422185850274228e-05
5.192666091211533630e-04
4.458811171759468109e-04
5.347860611445150143e-05
7.728394804325826877e-07
5.545457305385939574e-04
1.719908945108544838e-03
1.385782012363484701e-03
6.782177894434230150e-04
3.763860563534033731e-04
2.106823339751287259e-06
2.621550020177774109e-04
6.318071504814310986e-04
7.333903877520319770e-04
4.092494145082469924e-04
5.837959570766513466e-04
3.407465395994818571e-04
1.174278766793554170e-03
1.500462862374545838e-03
2.442507078028949632e-03
1.770211644728650075e-03
8.849713593466739664e-04
5.294313462347408766e-04
1.911238656890889014e-04
2.557139424304819518e-03
5.428562369948447368e-04
8.712553240240721465e-04
6.795214130153549772e-05
6.219578993457831699e-05
2.073667219375391509e-03
8.957490485323252316e-05
9.901140383156074691e-04
2.148292888845764782e-03
1.595320506539602695e-03
1.489169895758580739e-04
2.496148686810666399e-04
9.456011652704250734e-04
1.827562207385762883e-03
1.209722523429421649e-03
8.346668828820053183e-04
3.584253880292283213e-04
2.983277879207137866e-04
3.128543633506074653e-04
3.371307789812739552e-05
6.756344572336278479e-04
1.558956649024916777e-04
1.322190538502364442e-03
8.559396309144324654e-04
2.046704324371429774e-03
2.082294606563981059e-03
2.373923463588515183e-04
5.088875893629299107e-06
4.184236450628808931e-04
4.442488457562761089e-04
8.435438424037554599e-04
1.886858994841113290e-03
5.336380043498355034e-04
3.510091020467847049e-04
7.115854289762344560e-04
8.849095309884194333e-05
3.611542784035667256e-04
8.445739096716081609e-04
1.523735480683602534e-04
2.189500377353262293e-07
3.899841912333106117e-04
9.769687220534627170e-05
2.432551223421523876e-04
9.230419102356127812e-07
3.218547049613239611e-04
1.048706759598648465e-03
2.343218520377660606e-04
1.029782061175646689e-04
1.549654740328757201e-03
1.203145687838585000e-03
1.085557682487020472e-03
6.681757808565955484e-04
2.571920502867687270e-03
2.944728227207787496e-03
1.989035117383247328e-03
5.177851627385374796e-04
3.335552482909713611e-04
2.849501768628063701e-04
1.137755293180043453e-04
1.046842321758124569e-03
9.947882197037733257e-04
1.729637079143597452e-04
4.331850280317801785e-04
1.262895501227122947e-03
1.330582516977653253e-03
1.876253312088176734e-03
4.625195571276207243e-04
3.455134564113229441e-04
1.080621575610256216e-03
5.958568458547715014e-04
1.896908121268084217e-03
2.271541788074251007e-03
3.040026998153748939e-05
1.050651736160886936e-04
1.102708963257323935e-03
8.139297620052591501e-04
2.830844210955405600e-04
5.048850852009421691e-04
1.378274587705213784e-03
3.539232883489526992e-05
1.658126634002413612e-04
5.897231410512355430e-05
3.234028387494990316e-04
2.091538729060135387e-04
2.944872186945228466e-04
1.393552461222653327e-03
7.441136047189420444e-04
2.248080975115407051e-04
7.416002862857325618e-04
9.142002298073844888e-05
2.889542792936166817e-05
4.941802556490100876e-04
1.744847033370563257e-04
1.229865343694123200e-03
3.388272545982435702e-04
8.019949191767675699e-04
7.900245742787404034e-04
1.268683180395929148e-03
3.779822220999617542e-04
1.260252612553857201e-04
3.426013808870471576e-04
5.610329143190084626e-04
7.252387513951794864e-04
3.663648251378681252e-05
1.312456858194759003e-03
1.356141326493302173e-03
1.326619087812750146e-03
3.095837091446211652e-04
2.305077101781759447e-04
2.820165604183258999e-05
9.773290268976003378e-04
1.593073146440423561e-03
1.715534492752056502e-04
9.861545708786964657e-04
1.133609160896292432e-03
5.700253401320158056e-04
6.193586979322656663e-04
7.641013049504359915e-04
1.746162537260103915e-03
2.498268750333378107e-04
8.764807420380943924e-04
3.282743662611215646e-04
5.181119430267346092e-05
4.494247572864979129e-04
5.116572450983034124e-04
6.326770432933042721e-04
1.541527033386802439e-03
6.523170783991654375e-04
5.409323495677642113e-04
1.909327527087072336e-04
7.955835963150179697e-04
2.550812946517036907e-04
2.962512101911652881e-04
2.829586489329986073e-03
2.776593610906790918e-04
3.568689386321704550e-04
5.031041047435963779e-04
1.484009040181833664e-03
4.369295718742105474e-04
3.075358789633945430e-05
4.052278880891012564e-04
1.163186239030828198e-03
1.053538307733772189e-03
2.972576183990683252e-04
8.967022603442941723e-04
1.162651104532178329e-04
4.827101458008982286e-04
3.313479318908164233e-04
1.594085209545789434e-03
3.822407532233889878e-04
1.074576114053821989e-03
9.756463689343287688e-04
1.505948286660203830e-03
5.737726548957846912e-04
8.386466502416782846e-04
1.559165122852437151e-03
6.543637078913437785e-04
7.420095560920215690e-04
4.841674423899573233e-04
4.283162899636473687e-04
6.662922128577593826e-04
2.953338715604889269e-04
8.580966225176095419e-04
6.958447680754611302e-04
6.921075308150145215e-05
1.109226514019771240e-03
5.892627378338531619e-04
3.220179614818588824e-04
1.124816732305526819e-03
3.550907479900885318e-05
2.007764001175001167e-04
9.146440838373330650e-04
1.310858826111963808e-03
7.876216983663967891e-04
6.063440903725439554e-04
3.760015195885095811e-04
1.221292522215403477e-04
1.042923486028022369e-03
3.482406909282795960e-05
2.129436338543955903e-04
9.338967419809341905e-04
5.643819532909889834e-04
1.046114016772518819e-03
1.055004122087795830e-03
1.039338199810550296e-04
9.820349590191279014e-04
7.961136986374745721e-04
9.659695484080429431e-04
5.748894050405212825e-04
6.100627753051334357e-04
6.533658991376304693e-05
8.047030532465910386e-05
6.393538553716656987e-04
5.869546067260728028e-04
2.193297876261782620e-03
2.895051122567677383e-05
1.779583596609686136e-06
3.282565797959602349e-04
9.416901243194939538e-04
7.536312219120951941e-04
9.316153464320535123e-04
1.009388885716104144e-03
1.920741209802650194e-03
1.244182536150464230e-03
2.042623084867885535e-04
1.340974198410884279e-03
8.396603519360935431e-04
1.252530641418155748e-03
2.022735840021927620e-04
1.500878676977413992e-03
1.590330628153117888e-03
9.455047819234522078e-04
7.001974475268291304e-04
1.185004849414453650e-04
1.244785611252630965e-03
3.159879532840252810e-04
1.060108951847635360e-03
1.014591021718387576e-04
1.035678439403220888e-05
8.877672058880732185e-04
9.656077857356029377e-04
5.735124914229417078e-04
4.385045267519982904e-04
5.970885336700564559e-04
1.553765896026365221e-03
1.163137392108479868e-03
6.465594023040235373e-04
6.303207758515126701e-04
3.130237112017752077e-04
2.015598880847167406e-04
1.479200873422388627e-03
2.479585992658586268e-03
2.262686718657745590e-04
8.040610086459284945e-04
9.661763935283371012e-04
8.189619492703530460e-05
7.582817144991141432e-04
2.222209986278951034e-03
1.406459164163466335e-03
2.763550851434970631e-04
1.368082216527998071e-03
1.990968852880128145e-03
2.220054975074924237e-04
9.048523171237460349e-04
5.956167482338379365e-04
1.160143327004786512e-03
7.742731635260509003e-04
9.858691473511880035e-04
1.447929969404991536e-03
8.473442233336413859e-04
1.163253328414991109e-03
1.779360001623036354e-03
8.130043812805149567e-04
8.618711682921944726e-04
4.862360845044177027e-04
7.866431956913601332e-06
1.008090265423757957e-03
7.533425165128874177e-04
1.591507505597409026e-03
1.871584999685643215e-03
1.874341811820315904e-03
6.537286715756237925e-04
2.355349031467565170e-04
6.905379436655389048e-04
4.000186987200141163e-04
3.925713156131138020e-04
2.692967024543940551e-04
8.916957060252667534e-04
1.629873499005732567e-03
2.479354975197058976e-04
4.821539892249237721e-03
3.717122424564948307e-04
6.852712084217433977e-04
9.975841651489016429e-04
7.894632950229990998e-04
6.012374623285440638e-04
9.446663872029579948e-04
4.275777946471054445e-04
6.810688669214193681e-04
1.084918362396555510e-03
1.508888854560609238e-03
1.431760740497224757e-03
3.370833547121250269e-04
1.351156448641932907e-03
2.880092452213658775e-04
4.633238205631823119e-04
2.250944268862280478e-03
1.437485256154998753e-03
2.275348173254838164e-04
8.652618673177567667e-04
3.266655426139514012e-04
1.173685922309144038e-03
1.216478749067683753e-03
1.473276761320191494e-03
1.325272431251956189e-03
1.602524159196010026e-04
2.107936166661515242e-03
2.269874534608118041e-03
6.860048566489317361e-04
1.341956809576619336e-03
1.491468985871485277e-03
2.738096653727069849e-04
5.923073786784810750e-04
1.489992881010648645e-03
5.936431682791855433e-04
1.124867178239592020e-03
4.867883820526995239e-04
7.894067379925191839e-04
1.358665227942381553e-03
1.963877926854701761e-04
1.109548906637649202e-03
9.127293171900317630e-04
5.250142642941403636e-04
4.498031307458048378e-04
4.028709844542177404e-04
4.808162547594825110e-04
5.665342061452049039e-04
1.164066527764002481e-03
4.012105765870582525e-04
8.768178596487468312e-04
1.365644903440590193e-03
3.248822161666956791e-04
1.293513569195933050e-03
1.578273187175387485e-04
3.697197908912269824e-04
1.196213097189051085e-03
7.362624849927741372e-04
6.250125506480653246e-04
1.937404415265887641e-03
3.555045240310237913e-04
5.226541545623552721e-06
1.108054704594283661e-04
2.915067882772998499e-04
4.484985841514261521e-05
1.477474512022620588e-03
6.350876677969583559e-04
1.482890463178746822e-03
3.894598147706712730e-04
4.793563131477278100e-04
7.102693589828418513e-04
2.642667951808052424e-04
1.273589960133443772e-03
8.721545783695944980e-04
3.049228560284574343e-04
1.586583711152250937e-03
6.382015754680332763e-04
4.194720558188681889e-04
1.790591246035018545e-04
1.294407919506797657e-04
4.110563652291395506e-04
7.853515561562380296e-04
1.141177995485062819e-03
6.027627210152889910e-04
6.096451561748011949e-04
1.026509085315436458e-03
1.631838920926861501e-03
2.381322584213454475e-03
5.595471850217892049e-04
6.605658584923352738e-04
6.578545641604579674e-04
5.116831920428202042e-04
5.692811655130359345e-04
3.303726957437505898e-04
8.857007363086447050e-04
2.150892709399266834e-05
2.298339531637458007e-04
6.503959738860933069e-04
3.634219512207038233e-04
4.661701351632435166e-04
8.835076928533638300e-04
1.612377672594535530e-03
1.867927332677611066e-03
9.728116914918922501e-04
1.079129563391384179e-03
2.476970013003459634e-04
6.264139914495747089e-04
4.515571221769813142e-04
4.774625957744599346e-04
1.196241943358046641e-03
2.740076610871034564e-04
7.183310945016549865e-04
1.202759540550893077e-04
1.086855565473324241e-04
7.705923657090652011e-04
1.016482834820121211e-03
4.162385175574884926e-04
2.520145960751492579e-04
1.223304735718233442e-03
7.488814918618618560e-04
1.705040668034043941e-04
7.958456663509047872e-04
7.615271218256073433e-04
1.347736925787945640e-03
1.039508595177288743e-04
6.461282513930754557e-04
1.269783126252388504e-04
1.273942524225210029e-03
3.153681500243345963e-04
1.974432079036846002e-03
1.054796836748520504e-03
7.327875997056959535e-04
8.670839814385739031e-04
1.316711674262205237e-03
2.654324192227385708e-04
4.480484785497778656e-04
4.206444092004056628e-05
1.141524842154789145e-03
1.568762252489382071e-03
1.145181696213330366e-03
8.914392767763703240e-04
1.951191863154968305e-04
5.767909447681156135e-04
1.831120395511724004e-04
6.939319422340427766e-05
3.999980704838376126e-04
4.642001753524518590e-04
9.021077848299644463e-04
4.944701222004611223e-04
3.678362987183963389e-04
1.908914945798849394e-04
2.434527242742766883e-04
1.206276042745676406e-03
1.689045397661973901e-04
6.279905042306393754e-04
1.714823718892434490e-04
4.474528205003129133e-04
6.663177046136281156e-04
8.503083523198057400e-04
1.011182739396074542e-03
1.748481623755610394e-03
8.410161142912245822e-04
6.317878006340530610e-04
1.151637884357553177e-04
5.613615977721035699e-06
8.005268637374352795e-04
5.910479924282453041e-04
5.112673933342028101e-04
1.888688375088713582e-05
9.740010513886677903e-04
2.109587880435399778e-04
1.580989855486910137e-03
6.365105658054418490e-04
5.931385850355246894e-04
5.939838168823500337e-04
8.397349767565536437e-04
4.824803942211340646e-04
3.161046131936681995e-04
1.540756321016451165e-03
1.494099757594588877e-03
7.840218601033713177e-04
2.187276640840586477e-03
5.300931029961636082e-04
1.211344569679286432e-03
9.112335761159600679e-04
1.574449933076295816e-03
8.117303612727799029e-04
1.300942277018420816e-03
7.862039934994288510e-04
2.869521741027164963e-04
5.858484081364985887e-04
7.318467042660944163e-04
1.338959193684324898e-03
2.925109380799845713e-04
4.573455194585047002e-04
3.083367210686486105e-03
2.821932351649472648e-03
7.762151531850626377e-04
1.063406481397138545e-03
1.124784556124688384e-03
8.224867942062941400e-04
1.578054445008053152e-04
3.372129781586307904e-04
3.120257715322988321e-04
9.674406487902019762e-04
5.225796431554263896e-04
9.897421508145713871e-04
1.094350784883479618e-03
2.175833201272755254e-03
9.023340679034717697e-04
1.177086447880880751e-03
2.216006808203830215e-03
2.882668305249706710e-03
1.932464853452798290e-03
1.111565636289082093e-03
1.961937007418629482e-03
9.888816858348000241e-04
1.267430570097852118e-03
1.753476004803212205e-03
1.307375336995235697e-03
9.738822918794980263e-04
1.229470993800440247e-03
1.232535429829116624e-03
5.244892279866599860e-04
2.455111251729859018e-03
8.186395844582227245e-04
8.091077604254952402e-04
4.616643095780421598e-04
8.615073524016074241e-04
8.919930306586838125e-04
1.836077561493024580e-03
5.376307759306031770e-04
7.224436683172112727e-04
8.273741106797437685e-04
9.220059075556357245e-04
1.177481762736229615e-03
8.894847973977978127e-04
6.907410841196321913e-04
2.510590043627991888e-03
2.965870315752054936e-03
9.711806183478848128e-04
1.175280570854847018e-03
6.432064982855113843e-04
1.051775825921672436e-04
1.915871286660478213e-04
1.419325668452226007e-03
1.501106077559656278e-03
2.170429026352926980e-03
1.275502380590390989e-03
2.433989088755823555e-03
6.259147806766930883e-04
1.441307249381748286e-03
2.069024791563030003e-03
8.536223980840250067e-04
5.610090155797566773e-04
8.157348157897954507e-04
3.396208987790014775e-04
1.282438263399753129e-04
5.535194929223225717e-04
7.307124017984895602e-04
1.031643170949500272e-03
6.825481856557892970e-04
7.756935734244539042e-04
1.458830546894188509e-03
6.975219657130164903e-04
7.418412196864668543e-04
2.954683039101495528e-03
4.811128504869328844e-05
3.132621549559116460e-03
7.806229687155271952e-04
9.538441486149341854e-05
3.228055587538258787e-04
7.095207326722804270e-04
5.007632270104708490e-04
4.261482325571519210e-04
1.302344749594782931e-03
3.825789229372525651e-04
4.768399963402138435e-04
1.403386810597749253e-03
7.000543958618318970e-04
9.635947284076531137e-04
1.112958780094121724e-03
1.886625058073461252e-03
3.583950108727922633e-04
5.895253296844245403e-04
1.718756541794025112e-03
1.594358975871578734e-04
1.254255267737001099e-03
2.302480835822022683e-03
9.075053349366355750e-04
1.561456382548990444e-03
7.677499385658394931e-04
6.305721932123140201e-04
2.639494398092342119e-03
1.205860864996815066e-03
1.076476922763513859e-03
2.036506870599232022e-03
8.215978044802940954e-04
1.318907681085718228e-03
2.358407931061524618e-03
2.567161288880304322e-03
7.394629182856124559e-04
3.767708472032031772e-03
4.136367956738914065e-04
7.553340263062765765e-04
9.497534471355777077e-04
1.841434671171964009e-03
2.208460803783061899e-04
9.925605351068203692e-04
1.538957231149069155e-03
1.123425849121709955e-03
1.883646214174553848e-03
1.450727883985690816e-03
9.338989637633248516e-04
1.892989625279471191e-04
7.368095548171601497e-04
3.298538601347888316e-03
1.529422830060261744e-03
1.493355911891783901e-03
1.573191094883709656e-03
1.372162642832958643e-03
1.635588169490202574e-03
1.682122375311482501e-03
1.910702647665166740e-03
9.487569589645868107e-04
