3.968027292388184163e-02
3.223961919919671182e-02
3.325307570138447827e-02
3.579831857294759473e-02
2.452432188490299286e-02
2.151859325228372422e-02
2.118257158279414701e-02
1.482254443641426583e-02
7.781253021226395769e-03
8.020624340637175220e-03
7.535672835395930587e-03
3.332096316737231598e-03
4.078996131164331664e-03
2.473322937329775883e-03
3.248401066927534848e-03
3.420948364541713266e-03
4.315997803419072826e-03
2.813210941961630674e-03
3.780280156426567457e-03
1.405243095641198117e-03
2.104960159516638084e-03
1.866854155363607869e-03
2.237127167506832402e-03
3.073202648234931583e-03
1.794975831391899205e-03
2.109592768351992251e-03
2.744356094865585752e-03
1.798567800232459338e-03
1.822099753314014451e-03
2.630102948976198451e-03
3.662210630239092195e-03
3.608023255903060594e-03
2.676656246376883652e-03
2.100993610795253135e-03
3.085387303942589612e-03
3.383411241637128506e-03
3.041623395015814139e-03
3.648734925216723379e-03
4.480142890073431951e-03
3.941677891508389882e-03
4.147237595335042347e-03
3.212318424259597970e-03
2.399798623391419510e-03
4.494525318646858981e-03
3.551609568175705112e-03
2.592634391773317257e-03
3.604277357875853433e-03
1.725268278382768297e-03
3.173335775838839572e-03
1.945657304541284060e-03
2.287823742142824218e-03
3.092296846417371108e-03
3.605958130810868467e-03
1.001021191099116942e-03
2.462002751805541893e-03
4.083982446073925084e-03
2.528421995597723501e-03
1.680332264098388217e-03
2.880313184178157331e-03
2.732932990543503540e-03
1.300162610408750344e-03
2.825356974177492802e-03
2.910941586951093854e-03
9.043170932846235919e-04
1.843036362122167909e-03
1.930268213417988101e-03
5.898499738300499486e-03
1.469367392964637678e-03
3.290659536659015002e-03
3.245683622697722020e-03
3.532007365653639947e-03
3.284556697762865823e-03
2.242759228263812351e-03
3.066391074846310915e-03
2.302186707129932203e-03
3.158713137393633855e-03
2.671252148331491882e-03
2.967176663105060633e-03
5.281784580244516802e-03
2.389833086301026716e-03
3.705022372220377006e-03
6.077882385701790548e-03
3.953169794111256220e-03
3.714597028191581919e-03
6.098409324858377993e-03
3.642423614134231418e-03
5.208799770432176457e-03
3.235544779210947422e-03
4.849067672614595405e-03
2.315807937838131828e-03
1.653516255875855934e-03
1.693584191145394800e-03
2.403867255404971114e-03
1.416585550810461848e-03
2.385156673229043081e-03
2.899554719196100611e-03
2.955497188933749794e-03
3.534942328981617241e-03
3.490970605424703783e-03
2.371308106521293011e-03
4.063451474129109280e-03
2.677872800585618177e-03
2.450390044331523902e-03
2.175119725286041392e-03
4.069952723780254425e-03
3.302829289750910946e-03
1.862838842400370287e-03
3.515544303601305775e-03
4.151336919593396485e-03
2.899245871900014808e-03
1.928384063403961769e-03
1.740615053852792712e-03
2.796449964941356316e-03
3.541502682236196981e-03
3.448102144489857343e-03
1.699331672320479126e-03
3.130453325611648376e-03
2.146351634940238309e-03
1.415020363988237460e-03
3.277949924661263843e-03
3.020503355679864804e-03
2.073885014838852941e-03
4.442201548960734298e-03
3.149990158283752940e-03
2.321009746380784181e-03
4.716986823050999152e-03
1.532226517232283293e-03
2.052630656016236291e-03
2.862813096460518035e-03
4.809547617158687824e-03
2.824975319951077753e-03
5.352474818592841375e-03
1.088142869728637042e-03
4.185823222568723842e-03
3.766180915326325200e-03
2.421852168486879342e-03
2.624515379320529421e-03
2.621693934527303226e-03
1.821822821233533502e-03
2.444813902339444591e-03
2.934186390649792114e-03
2.752883881719563920e-03
2.237729903162149602e-03
1.650010515601462498e-03
2.685126196586424575e-03
2.008990128115231526e-03
2.951273514957036131e-03
1.925294577544977041e-03
3.825242464270870411e-03
1.949229477116676268e-03
1.801611737854637470e-03
4.228126291548292039e-03
2.830127883284683666e-03
1.166446116006781024e-03
2.312362749995731416e-03
4.355312863749746279e-03
2.639117915732291930e-03
2.042199331801374321e-03
2.070803812827907379e-03
1.918530146314072942e-03
2.452971232591494646e-03
1.415687392376520273e-03
4.223833765289144310e-03
2.471079973498151172e-03
2.663510905113804228e-03
1.684597729959056659e-03
2.657858153739357972e-03
2.660025725366048800e-03
3.669266168903274634e-03
3.182377476350895917e-03
3.249658069144507281e-03
5.530078473964005967e-03
5.303755745423630215e-03
4.039393142033179118e-03
4.271252290859416101e-03
1.430931368454671808e-03
1.474918464382870458e-03
1.318870864958085823e-03
2.587712308872572309e-03
1.163131137205589962e-03
2.240677520727262471e-03
3.411815152200642180e-03
3.738845343001020137e-03
3.006108308848814102e-03
2.670514546919199733e-03
1.483095373752295202e-03
3.665434694043089026e-03
4.086621948811202699e-03
2.128393315434147677e-03
2.899614510884451074e-03
2.981234962626850768e-03
3.961099314200488587e-03
2.927588522210265980e-03
3.327959811409814030e-03
2.609919128471527728e-03
2.001498105532138142e-03
1.642787515165654863e-03
2.716877580800224675e-03
2.854820655832131758e-03
5.075004296953337934e-03
2.985354071129333719e-03
1.102750339694537254e-03
3.375986930204869386e-03
1.898455613721189168e-03
1.355599086123888269e-03
2.204439860270091152e-03
3.665536382340628830e-03
2.671149060920325908e-03
2.270087779518231274e-03
3.209340815420002550e-03
2.461623102095678289e-03
1.581924238239505558e-03
3.867182929582664574e-03
1.565510445134881638e-03
2.663320779945099661e-03
2.608051572106180258e-03
2.531782244033779512e-03
4.256345200919896959e-03
4.014617050778725681e-03
1.863601582702253305e-03
2.518026956855040546e-03
4.366509661109862356e-03
2.184284834152913721e-03
1.129827044985636875e-03
2.831967855203698561e-03
2.448750159514684853e-03
9.829782823048982283e-04
1.820987522845459675e-03
2.357788599572020055e-03
2.658553594316304634e-03
1.785566749499716346e-03
1.042296221601862359e-03
2.619827959218696146e-03
2.036593936033965786e-03
2.720403874388575144e-03
1.875236121540581813e-03
1.810036911999527223e-03
3.523235578347884336e-03
1.316532841436300659e-03
2.269272709781579560e-03
3.755155416177712990e-03
3.117190730034012994e-03
1.472576414538637321e-03
3.115101644304837675e-03
2.291984003004172814e-03
2.329980324967310164e-03
3.010237209793868718e-03
8.409222603271044065e-04
2.284579102290919782e-03
1.333879840644137255e-03
2.596331454349944286e-03
3.396656383404350436e-03
2.995501428056689727e-03
6.225624661944386372e-04
1.343638067971812721e-03
1.745028209427608099e-03
2.715936701735028550e-03
1.403769143298495923e-03
6.810245909658565631e-04
3.145755572493635042e-03
2.409922877852983987e-03
1.777987071629310092e-03
1.784640227736806941e-03
3.207534193321869530e-03
2.740503699645463996e-03
1.313931884408553723e-03
2.093140450533979759e-03
2.591963041778881215e-03
1.990738423141706279e-03
3.357785962581516515e-03
2.526741541582590289e-03
2.500523688954032868e-03
2.001499214210209800e-03
1.542460197208373818e-03
1.732533523220307868e-03
2.296516876932821680e-03
1.826695079970529689e-03
1.869202999756263165e-03
2.620129161790014233e-03
1.162322304979273527e-03
3.958393274253767420e-03
3.051544754998729552e-03
3.553251263535559153e-03
3.030215028569319818e-03
2.822889487509249416e-03
4.262058263791497319e-03
6.175546234175664610e-04
2.918953166021452834e-03
1.617305805336431744e-03
3.505230458425009129e-03
2.195086426071191088e-03
1.613090232203239242e-03
3.979961003792663841e-03
3.583567478513287330e-03
1.805667183324855679e-03
3.288483257718842825e-03
3.494063879256467924e-03
3.337934366415123803e-03
2.335165245883108736e-03
2.497546446348120584e-03
2.652708796301155372e-03
2.401762958826141308e-03
1.986605492521279197e-03
2.814748954941927780e-03
1.388557214563591836e-03
2.494038402307241845e-03
1.446364948762242928e-03
4.569235918118464551e-03
4.022196049545969342e-03
2.283819366244898424e-03
3.776799628083190447e-03
1.426939927845478516e-03
1.252621024553611951e-03
3.053441638361066319e-03
3.450102597890073418e-03
2.446201166760005822e-03
2.543645078674374935e-03
3.001039254227453809e-03
3.027635393900818522e-03
4.038469379249033479e-03
3.314618051760506983e-03
3.381390132085704096e-03
3.588725549059115089e-03
2.653514439248409826e-03
1.545818668336774830e-03
2.355832553094139043e-03
2.520239851367103191e-03
2.688563613377533378e-03
2.191209888527132464e-03
2.197146208473875831e-03
3.151576680906824530e-03
2.426248441762651406e-03
3.420562702939629069e-03
1.675883973593342638e-03
1.675937678370335556e-03
4.299223891993626118e-03
2.096731513141985182e-03
1.853945560769181813e-03
1.211509574107989167e-03
2.067169157835870019e-03
2.632931209361968981e-03
2.079536122591670207e-03
1.175544848212877478e-03
2.477686010181414083e-03
4.840774595252936296e-03
1.148641368490066960e-03
2.339865506834858805e-03
3.445958085285420053e-03
3.821198595916442103e-03
3.702653915113495158e-03
2.941372641071918030e-03
3.597411784436898262e-03
3.485062329646767924e-03
2.801045557367861337e-03
2.735403602753616083e-03
3.668790390794526412e-03
2.318430192993250084e-03
4.188898716496720388e-03
2.350758025176115634e-03
3.744982110618050742e-03
5.931021636029883137e-03
1.888661129157791479e-03
3.444119049087669953e-03
2.591646651408251959e-03
4.112634124158700243e-03
2.077275060164386882e-03
2.743387611184159615e-03
2.336810999668713189e-03
2.986572905099126561e-03
2.837849502604271931e-03
4.574483386687368605e-03
4.282663922143984357e-03
3.143816042112723263e-03
3.875720918132962052e-03
1.802555824606464231e-03
2.189563014691585461e-03
2.252586870411175859e-03
2.493148346311413292e-03
4.218135417467457765e-03
2.966658928741789693e-03
3.333080331077831800e-03
2.449189499866877544e-03
1.267384810420991905e-03
2.997532125882254508e-03
4.380521264690314005e-03
2.704244385472800993e-03
4.308876210132264566e-03
1.398883938867221668e-03
2.844483974018411146e-03
3.274901102627768030e-03
2.254559532597717828e-03
1.548243820960852829e-03
3.933954411377322755e-03
1.004024189969438680e-03
1.080469130949476657e-03
3.422187188806237717e-03
2.232068749906722903e-03
1.934119046846020538e-03
2.082788063244081327e-03
2.151573863497019488e-03
3.840490629181713463e-03
2.747959213368551899e-03
1.422940382302502514e-03
3.642559431921748442e-03
1.730764384571535294e-03
3.060139417297748788e-03
3.510213113504017258e-03
1.795454790415692463e-03
1.450059109138332339e-03
2.808140859246911238e-03
2.557240620557669174e-03
3.051162424572935027e-03
1.602286327748349152e-03
3.857218408011418419e-03
3.492652632525238519e-03
3.505367022765949834e-03
5.266206432943377168e-03
2.346835594476046755e-03
2.240194374068658033e-03
3.084842095790478380e-03
3.825407243741879831e-03
1.455322921960833628e-03
1.925876107117746507e-03
4.394806260424087910e-03
2.673921056308036902e-03
2.359197283700106753e-03
3.057129632481809557e-03
1.872356992943909754e-03
2.474128999572115534e-03
1.943496868826537476e-03
3.264890496480769583e-03
3.647464096154229979e-03
3.055055505925159069e-03
2.433659235738001945e-03
3.035900288590055295e-03
1.617029817975072304e-03
3.423326282605175779e-03
4.587337723424429227e-03
1.067480284645004390e-03
1.642660992216558478e-03
2.701003208867713053e-03
5.546855141277615316e-03
5.540816041238163549e-03
1.977728788253267991e-03
3.934609528391489787e-03
5.463214648534839638e-03
1.800593227680969202e-03
2.639421026564638378e-03
2.507303269507675080e-03
1.683650725595883151e-03
1.587454630945335987e-03
1.636989228059133796e-03
3.000311668499192064e-03
2.123534936812223554e-03
4.484739451926229685e-03
3.167082740389192113e-03
3.433103551844500067e-03
2.807457062601203483e-03
3.356251104763392171e-03
3.472364463487705600e-03
2.360288708485873150e-03
2.414737905721823195e-03
2.666026583273488695e-03
3.047393808728055681e-03
3.675861589745883524e-03
3.737634547735088717e-03
1.697919644123818510e-03
4.152760118162277837e-03
3.489443196487617468e-03
2.991219522858300749e-03
2.683107292903164510e-03
3.657527272769456154e-03
3.340769362337984646e-03
1.320758441171508398e-03
1.905708939599390795e-03
3.358006659427737860e-03
2.319712211462749904e-03
3.156178182200246578e-03
3.162001590464787529e-03
1.075480375890940738e-03
3.594593762005141371e-03
4.168863795956879916e-04
2.618886811837096203e-03
3.478371578660049632e-03
4.243452168847353621e-03
3.696541260011188598e-03
3.221200003659684553e-03
2.817749972862348008e-03
2.325388235433588271e-03
2.797799472377730367e-03
3.893190222445845096e-03
1.904121077304140241e-03
5.076868328202258779e-03
3.404468479696357627e-03
2.631114652024561448e-03
4.123571404337205565e-03
5.268764210849071275e-03
2.581738668067860235e-03
1.450533943902751477e-03
1.201549082722113120e-03
2.988228581222790274e-03
2.517098288873281797e-03
1.583337942328631991e-03
1.790813365530098417e-03
3.144408280201559450e-03
2.035763345939513910e-03
2.591756813439034194e-03
1.062264867130779554e-03
3.211310178556750754e-03
2.800128413031518528e-03
5.306105599804385176e-03
3.254124990062758939e-03
3.229286244395444903e-03
2.686855092689819074e-03
2.248519075529646378e-03
2.143518645692577169e-03
1.571530773042201234e-03
1.561477155477256637e-03
1.072913735912854518e-03
4.591982850710185117e-03
3.870044953434067809e-03
2.034993289525323552e-03
1.939233941550881158e-03
2.936831578589792387e-03
3.416292494500000436e-03
1.436688002119073130e-03
3.497834218427952821e-03
2.648700862178794864e-03
4.257870898265626348e-03
2.783757547702856144e-03
2.276567550195860833e-03
3.165489859184826213e-03
3.680960930691016923e-03
1.062561868612863121e-03
2.382927877490395412e-03
4.235515501380618039e-03
2.226809144690245629e-03
2.605457616681702924e-03
3.782926625058177783e-03
3.120145981671517462e-03
4.583143224920759561e-03
2.515485063115348047e-03
4.582366831711173066e-03
3.634488162947783259e-03
3.186407045833811180e-03
3.381599177574743861e-03
3.392526077108225062e-03
4.919209975585377148e-03
4.287339144057688775e-03
1.729741811580860810e-03
2.767222450551202854e-03
1.859857226442297121e-03
3.706489779547929991e-03
1.404668199195617658e-03
1.547699452046693083e-03
1.661918749196152675e-03
4.652253700336355172e-03
4.259054153332801282e-03
4.812188206412138479e-03
1.845296099165983110e-03
1.077327509071034995e-03
3.747550698154869953e-03
3.820133516981067626e-03
2.691269230980485212e-03
2.037697675575205359e-03
1.854125951655105284e-03
2.549200307516044477e-03
1.386283257311273290e-03
3.982125520488065396e-03
2.338946339107215999e-03
3.983236885266056883e-03
3.906479892805855315e-03
3.298656812078761512e-03
3.475607499295390104e-03
3.764322424110773044e-03
3.215981096341858671e-03
2.018368313184286215e-03
4.267840410489323263e-03
1.034026689948359034e-03
2.742920027430013376e-03
1.785231743685700666e-03
1.115446868240329648e-03
1.405426219516550971e-03
3.007115267710056255e-03
4.705678957902061088e-03
3.961049899141615670e-03
2.505032110854988302e-03
3.137507588031220821e-03
3.254599817246400708e-03
4.608867308956251206e-03
2.718882903445768006e-03
2.178171872637955832e-03
1.898041653168637067e-03
1.595989183522965836e-03
3.513267761638968079e-03
1.851724112664601945e-03
3.960339987178746954e-03
2.128583691712644058e-03
3.103766091765488861e-03
2.810521963083335590e-03
2.633612615794150933e-03
3.067826044591263901e-03
1.120909700754074353e-03
2.955336575096411279e-03
2.932442673094571347e-03
4.106222008104305939e-03
2.081995201958129153e-03
2.944786874586691281e-03
2.378682985421000460e-03
1.376859539637855911e-03
4.691443716566550022e-03
3.080226081785979609e-03
3.784147554762197409e-03
2.217330731562740503e-03
6.819945028815988875e-04
4.123994451631154967e-03
3.913896277575658680e-03
1.768267161747075602e-03
6.263551873291176367e-03
1.090794351907982320e-03
2.039121419962789880e-03
3.855688481701836316e-03
2.032448480867327361e-03
1.193753006165134030e-03
2.688817022086050033e-03
2.405823447473540936e-03
1.736258282565856419e-03
3.550620619004383766e-03
1.916216203889166718e-03
3.704277891456108328e-03
2.821949012720856298e-03
2.091600902093061157e-03
1.872431688436058299e-03
4.734330387368730977e-03
2.395967484418187136e-03
1.778447372231323079e-03
2.623702936640223606e-03
1.159394734833094987e-03
1.788490187040968869e-03
2.896544569254531128e-03
2.265459552255693048e-03
3.498675682265378010e-03
2.752434355359660318e-03
9.533158123025190205e-04
1.311371982810064429e-03
4.399343622134653693e-03
3.545095966167658742e-03
1.842204795567222407e-03
2.034255213330187287e-03
2.968082526410917386e-03
3.465682268236694886e-03
2.518296725866423988e-03
2.011609676175711917e-03
4.550643114861688786e-03
3.137747797238725749e-03
2.504419673122755367e-03
4.548221609702780312e-03
3.664338049628141931e-03
2.185462396388001410e-03
2.415215748220349897e-03
3.772734320825156182e-03
2.460950172413173091e-03
2.936105944400223874e-03
3.019624697831227098e-03
4.090522781872676927e-03
2.450385532817472671e-03
2.620352606425637842e-03
3.177347753703443477e-03
2.451106523435084977e-03
2.367660136111489864e-03
3.187010457732949737e-03
1.688490263906492752e-03
2.087428196072258369e-03
1.741342475412057701e-03
3.618316673390185520e-03
2.616428341432127432e-03
4.020556970680206135e-03
1.799672073349075068e-03
2.617273982225120938e-03
2.755149404865604723e-03
1.949400497894126540e-03
1.469048667061577341e-03
2.917572576698394555e-03
1.590109243532102827e-03
1.993418786538644818e-03
2.188095069378173489e-03
2.720861638639096233e-03
2.284020250031077760e-03
3.511374066571456946e-03
3.228776795874147877e-03
2.051113824651059053e-03
2.191562639288584073e-03
2.230151997774061385e-03
2.816416514159173542e-03
1.458885148292559915e-03
2.889066281561426548e-03
3.384859114367735813e-03
3.159616834575914093e-03
2.946977683499933665e-03
1.999743606455467015e-03
1.587419751922495691e-03
2.583664551355744753e-03
9.891544088692447861e-04
3.628173780448027547e-03
1.536980251316812703e-03
2.400975936530449183e-03
2.953322685602814083e-03
2.607247064676580101e-03
3.639950624307552573e-03
4.199064410800814988e-03
1.045521940329094315e-03
5.145261654925480099e-04
2.696798201162181781e-03
2.843182128212959001e-03
2.614688537546221939e-03
2.384415199314360561e-03
2.033183425762933629e-03
1.449952263798118344e-03
3.115268010384744744e-03
2.451721693280655562e-03
2.493799518735161265e-03
2.752413578367659749e-03
3.058583062046673923e-03
3.577241897537832786e-03
1.885667206869673894e-03
3.607870246370024209e-03
3.595120810979671698e-03
2.670267850522679669e-03
1.956659447550080679e-03
1.896786775241254353e-03
3.305077406853478006e-03
1.918905833365968944e-03
2.396388085045622618e-03
2.215771218680339522e-03
1.369483990740342745e-03
4.327094086656690583e-03
2.754928811831305110e-03
2.483734920689776617e-03
2.142953940731742463e-03
1.707819075866136250e-03
2.314797066762299196e-03
9.498699291732582957e-04
3.805430085636972611e-03
1.794944982095624366e-03
3.347866432407308000e-03
2.869750927258874623e-03
2.573453349835820320e-03
4.227541464892375055e-03
3.128994324888841050e-03
1.778209578869683954e-03
1.080463347799420814e-03
2.879464174038252108e-03
1.547412650835856308e-03
3.093226440281204425e-03
2.459407244975228730e-03
2.585225105416954269e-03
1.461051608185783305e-03
3.472645372258251466e-03
2.678707171769296493e-03
2.686476381092383053e-03
1.293864973567748376e-03
2.436745090358761415e-03
2.040575426195357853e-03
2.840648727683627202e-03
3.311509897029549405e-03
4.285300811469290767e-03
3.904721940655527749e-03
3.386232000582062480e-03
2.231765934009795858e-03
3.574878263063643001e-03
3.021665608099428652e-03
1.907677702113711989e-03
5.679378687253916654e-03
3.680956266824096657e-03
1.713530375311821119e-03
2.151858245608357853e-03
2.614424030652056589e-03
3.884360145731034775e-03
1.832710322254396760e-03
2.408535176696295459e-03
2.975458759091603213e-03
1.976157174757821149e-03
2.130734973656395973e-03
1.316813404848257360e-03
2.476688275722610001e-03
2.602081300826224186e-03
3.113461013354988649e-03
2.556509841961313815e-03
3.501144316076700274e-03
3.204310797709525750e-03
2.416508385400072036e-03
2.168442175610900847e-03
2.540974854531280035e-03
3.604600174557846815e-03
1.850230862596248787e-03
1.098710458234612502e-03
3.822011786373052770e-03
3.517725310452512414e-03
1.523189603332930804e-03
7.154620525773229631e-04
2.217695612595277886e-03
