9.193113766529420472e-02
8.923294264845485491e-02
8.500915109214329801e-02
8.207576314538664319e-02
7.700640778770365125e-02
7.117531142863166294e-02
6.459795137150295408e-02
5.705129031462730788e-02
4.853507100157841703e-02
3.980093937783955871e-02
3.014650864016688372e-02
2.136342235859835931e-02
1.228554577746298823e-02
4.874076155299155236e-03
2.172272176372685819e-03
4.644672713189607928e-03
4.372084593734750640e-03
2.717013640084858274e-03
2.440011671208628351e-03
3.780134798262079800e-03
2.521782411741571150e-03
2.545298933784595312e-03
3.063107244830368461e-03
2.671282070645738475e-03
2.528872156490678640e-03
2.949748599467742240e-03
2.556949088174917221e-03
2.338543273012408906e-03
2.342917887641058662e-03
1.848484090945685943e-03
1.990726677286810790e-03
2.110135212200475036e-03
1.605333793610695193e-03
1.200295323873552854e-03
1.581112829092616795e-03
1.507021784738444030e-03
1.599064209630844885e-03
2.062579444532971346e-03
2.048985253463108704e-03
2.314307045249288514e-03
2.674854857145977406e-03
2.930511655822917467e-03
2.649535003058184086e-03
2.447455391882636007e-03
2.447193226266633319e-03
2.195468011374688416e-03
2.084231408301165205e-03
1.859667035633253036e-03
1.965220794662773246e-03
1.744993143642121656e-03
1.522248416459405507e-03
1.372461149051035787e-03
1.549052429926827193e-03
1.414317877569647164e-03
1.595917008774108909e-03
1.500928102956621208e-03
1.342118437601532484e-03
1.269338555036358517e-03
1.533622281509208849e-03
1.260026963037003903e-03
1.165130965648889308e-03
1.002821046628250400e-03
1.185063124460864446e-03
1.009749717925338425e-03
1.174839888984148453e-03
1.300914005350678904e-03
1.214478274189903593e-03
1.231234055032795916e-03
1.206771049382588876e-03
1.273654824322143029e-03
1.177733172733442819e-03
1.036945177674426875e-03
1.206327163960892266e-03
9.686215119602089490e-04
1.224909561147224761e-03
1.189213404099476916e-03
1.297529765850775115e-03
9.569146324247318394e-04
9.773142368509652334e-04
1.025019529634632869e-03
9.145316541095301066e-04
1.119268157597325250e-03
1.207338069047794900e-03
1.036473608052904029e-03
8.904709262048902127e-04
1.046049663351978666e-03
9.985240192229376775e-04
1.022319377518642047e-03
1.067829801223166980e-03
1.011725904171760894e-03
1.028954785323037396e-03
8.268158601495575414e-04
1.126135091275908386e-03
1.103375168750903197e-03
1.260103368877043759e-03
1.080717271230715757e-03
9.721125506546137232e-04
9.426016277266274562e-04
9.706319702106600868e-04
1.364821772265967757e-03
1.332220211488488893e-03
1.006046340345568809e-03
1.101561532426961710e-03
1.012499002092936539e-03
1.321363171255252478e-03
8.739464845977554892e-04
9.787003141534834916e-04
1.063382847836060992e-03
1.157526342214399697e-03
9.025994259625749142e-04
1.001685013896908135e-03
1.021945168081286534e-03
9.497628210093373834e-04
1.016539168486186922e-03
9.797048090666351638e-04
1.092419741078711273e-03
1.517690414209924314e-03
1.262571990508537913e-03
8.404765517434512143e-04
1.231279911551285029e-03
9.877290419816431126e-04
1.205490529430496439e-03
8.800911444350545745e-04
1.307388053412947499e-03
1.045378789356554965e-03
1.133700086671157303e-03
1.112025155078089902e-03
1.154110899409701739e-03
9.117796238328914173e-04
1.140325723137126544e-03
1.086574836773143921e-03
8.754140736628608904e-04
1.370421824596183141e-03
1.088427949815545977e-03
1.164079078917790860e-03
1.191720884194029037e-03
1.602956153308490684e-03
1.400381404224835700e-03
9.739665889516022686e-04
1.302286906567732497e-03
1.125283390406720332e-03
1.085456907363621572e-03
1.142929855628840559e-03
1.221846429621603006e-03
1.349054208915259579e-03
1.134255438089047923e-03
1.320931692853538446e-03
1.555275826978194317e-03
1.109518891465800794e-03
1.151268465269859528e-03
1.291017643244414970e-03
1.218416610789940053e-03
1.352069617073350547e-03
1.384463819376795636e-03
1.219200086406230839e-03
1.080636466900250069e-03
1.280576362328851234e-03
1.247066184330448491e-03
1.281703269097424604e-03
1.235739866100604885e-03
9.773574862477437709e-04
1.223339902967408247e-03
1.094523232089928463e-03
1.136853355186262949e-03
1.217070578158382932e-03
1.537886185632659011e-03
1.412669171174222660e-03
1.149048347511974879e-03
1.241318008442854641e-03
1.083222076806573692e-03
1.145062968146915144e-03
1.446258841635353386e-03
1.217339410807843697e-03
1.141647627787543712e-03
1.314116030091335612e-03
1.307512727664375193e-03
1.230108324185768664e-03
1.416962743658661253e-03
1.184396794839416176e-03
1.309903633589878328e-03
1.555480636026093915e-03
1.377542220368017933e-03
1.350641207412166950e-03
1.140091477467606446e-03
1.068936441582058611e-03
1.606911089827938637e-03
1.363591445424500604e-03
1.355923245923467552e-03
1.334924586711278872e-03
1.147543099734075383e-03
1.342548825266419487e-03
1.330482058242660713e-03
1.526141781485708133e-03
1.577099558155961112e-03
1.455574452259841400e-03
1.324785431472241381e-03
1.418247673101941239e-03
1.210370428259465326e-03
1.280082801838921310e-03
1.169624209714724286e-03
1.310189900452048443e-03
1.391106696394063535e-03
1.300657597365494295e-03
1.196541184314554472e-03
1.271906302016548003e-03
1.281170056856266969e-03
1.237444495409827398e-03
1.053296191822844508e-03
1.281631326719001769e-03
1.183185176230820744e-03
1.130922577082425599e-03
1.415266011355231085e-03
1.137258636614489138e-03
1.223477877315638481e-03
1.203596546715800155e-03
1.101215157029780027e-03
1.322451247263384993e-03
1.319262373733117886e-03
1.678789790486921556e-03
1.317127412195249689e-03
1.190781711997179445e-03
1.287975302258567364e-03
1.254802069597047917e-03
1.439800972762622601e-03
1.608574659474921922e-03
1.298923992418120560e-03
1.412440831710735705e-03
1.432349314535322129e-03
1.458179784679964220e-03
1.262079743999014675e-03
1.387041249662101204e-03
1.231545808379781856e-03
1.386509430664647786e-03
1.333824525934591831e-03
1.533160036941114222e-03
1.255432209795914918e-03
1.140182860927393613e-03
1.224727720300432254e-03
1.236509848797281161e-03
1.515825118470085463e-03
1.378772581191006676e-03
1.253589120815877317e-03
1.472924323439800572e-03
1.358910969297232822e-03
1.271101259883251162e-03
1.339497600703912217e-03
1.537083151531693295e-03
1.526985966084202671e-03
1.549014420306489299e-03
1.477989371873211777e-03
1.473282179061225720e-03
1.411827102847070751e-03
1.319722582793454724e-03
1.472019672651750681e-03
1.510711870028008056e-03
1.287428311718216310e-03
1.275589377201430830e-03
1.139792216109447977e-03
1.126243298183607876e-03
1.191006318793126758e-03
1.170700830492009794e-03
1.556875172300932735e-03
1.325184340722235666e-03
1.614122580841111055e-03
1.466806350183979656e-03
1.697290472825760703e-03
1.518270482146971169e-03
1.219873095695076654e-03
1.126657370576380005e-03
1.373547298433829217e-03
1.377791455343515235e-03
9.866913348117246126e-04
1.407510553507351119e-03
1.480109010475482312e-03
1.269071010221861640e-03
1.238841781740203677e-03
1.128640565225165916e-03
9.896121587818693371e-04
1.299644038153765276e-03
1.572784369419366439e-03
1.344802764727987508e-03
1.419540880753943470e-03
1.316701398723957913e-03
1.195008892527381003e-03
1.225672657746266657e-03
1.083602172510804386e-03
1.512872609444672421e-03
1.238458688724027468e-03
1.114512594391931519e-03
1.199574414791489043e-03
1.262794896883552695e-03
1.148868920497864718e-03
1.197087695741330107e-03
1.255583387145929467e-03
1.220886405396196233e-03
1.395737056490739579e-03
1.273372406816536016e-03
1.315265729322008526e-03
1.201017973440746383e-03
1.259123129093688660e-03
1.328847537059224104e-03
1.223405673408149447e-03
1.219018107809612247e-03
1.265362863442704615e-03
1.346433715650696868e-03
1.322867521213142881e-03
1.400070594822794322e-03
1.274115463623985050e-03
1.209603653256305887e-03
1.286647038299218318e-03
1.421182387351091741e-03
1.276128153429624329e-03
1.119429740420408055e-03
1.482055070820588460e-03
1.474013154427620577e-03
1.520757562873921269e-03
1.450624188770208199e-03
1.293415373762660161e-03
1.247600444437421945e-03
1.261240420770685933e-03
1.224467281553816419e-03
1.195373956072712761e-03
1.620904354997970524e-03
1.318636657714972963e-03
1.418756417707636459e-03
1.255803339282942667e-03
1.533682448929276753e-03
1.441279264739482894e-03
1.382414417087251450e-03
1.240796953566117083e-03
1.404358748912249138e-03
1.094567773031401977e-03
1.101650956191890015e-03
1.226960972864469569e-03
1.061197670472203199e-03
1.342289850308272126e-03
1.272712504494335692e-03
1.586887777712467276e-03
1.345822616458454803e-03
1.423691592355617180e-03
1.034435996235260301e-03
1.127072071646998026e-03
1.377484503514489218e-03
1.137604617027715122e-03
1.165085064108293926e-03
1.251474218502302222e-03
1.619426731678771589e-03
1.169783395828749529e-03
1.242907565776958830e-03
1.404655051606309166e-03
1.121984814824029779e-03
1.120284009058428740e-03
1.210130317312928120e-03
1.103436524115992533e-03
1.167348054040098478e-03
1.110814358003149160e-03
1.318768601372310566e-03
1.360498937914874805e-03
1.226039595243880393e-03
1.138372963708253732e-03
1.377718063837153444e-03
1.271331938378628817e-03
1.241142238879952044e-03
1.482454091538037803e-03
1.330992757018014273e-03
1.262996216631977718e-03
1.379326177579885855e-03
1.385369133356605066e-03
1.251266669821503611e-03
1.346697806693629646e-03
1.288134059420091918e-03
1.510033254137708525e-03
1.296909294774659712e-03
1.604092944237249692e-03
1.241196457419421750e-03
1.454359438855781263e-03
1.239428848263230158e-03
1.134363061751539640e-03
1.291027026942144626e-03
1.449421951488103367e-03
1.482829290064754295e-03
1.369511257259350447e-03
1.361269342605906339e-03
1.450841317843821815e-03
1.261964146603414706e-03
1.343943439281078314e-03
1.488224598117292036e-03
1.293465400578102092e-03
1.388264901777748993e-03
1.261122778354271598e-03
1.580344012730757874e-03
1.414631058889647243e-03
1.530137866944383460e-03
1.754656943937142914e-03
1.230427495468355229e-03
1.450178076081198517e-03
1.202695320942496473e-03
1.331898983263529604e-03
1.313821292340175244e-03
1.393751850886500946e-03
1.358878346225187404e-03
1.230413529174099584e-03
1.469992811812245292e-03
1.356889507208013448e-03
1.371447004796036645e-03
1.172060813077187551e-03
1.374885778804423465e-03
1.272329000776636562e-03
1.451262571002473641e-03
1.070963930358365731e-03
1.279271006258219864e-03
1.420948681724761064e-03
1.180908502846542878e-03
1.329648885938776882e-03
1.450524387456595798e-03
1.249783603593805333e-03
1.236274695614896727e-03
1.330928779985154908e-03
1.288695839915382328e-03
1.548637295793572856e-03
1.361215287355506832e-03
1.155837959540056189e-03
1.504651269816437934e-03
1.244015815615397277e-03
1.315781012370450609e-03
1.249558270612148147e-03
1.340307609848320064e-03
1.450801539543055459e-03
1.220277376764794140e-03
1.708087503001822112e-03
1.316410458707094073e-03
1.245593956958751742e-03
1.415985457698396791e-03
1.242409681375024853e-03
1.370207456626665538e-03
1.167042782016981632e-03
1.466411361271364750e-03
1.284892836813009013e-03
9.831429079097588758e-04
1.427841462557882628e-03
1.341315811233680533e-03
1.414390958496301821e-03
1.479742308602810443e-03
1.119081218031383815e-03
1.328198405661108923e-03
1.302082372375264066e-03
1.645412223669073023e-03
1.398447665048035016e-03
1.371307547573310474e-03
1.404645446062789942e-03
1.416604143522578064e-03
1.420757494766252413e-03
1.378926268126873071e-03
1.378645923277831749e-03
1.344809416384066744e-03
1.426478004598605905e-03
1.559487656452521491e-03
1.485795148173493481e-03
1.541282001692984450e-03
1.341806416616616714e-03
1.526911465573411357e-03
1.485382713692713153e-03
1.408888947831087989e-03
1.599759013014951173e-03
1.145142241999954616e-03
1.289503523791753897e-03
1.246701651488921203e-03
1.195068044571244350e-03
1.224190384320244683e-03
1.334429752370433790e-03
1.191216743043778349e-03
1.436377819829342834e-03
1.203532408805597876e-03
1.293578374863173577e-03
1.691771724197177387e-03
1.134399866204120061e-03
1.350182538033882756e-03
1.402639990539789093e-03
1.325075217152348831e-03
1.126224653147226730e-03
1.082880762075164732e-03
1.219051946735600581e-03
1.381207731418696190e-03
1.197706811957887415e-03
1.368721302004244356e-03
1.159856972066576879e-03
1.239324193314823765e-03
1.311326409464249427e-03
1.036594004349975298e-03
1.239115800373760592e-03
1.665758503105738749e-03
1.216883030710169417e-03
1.304243913582599831e-03
1.035907321132173127e-03
1.264855034660944530e-03
1.272895251002170236e-03
1.222793519773333112e-03
9.797647209610358190e-04
1.567336449966334928e-03
1.096263550643481648e-03
1.142972077777424387e-03
1.193898962209904730e-03
1.294360149196026669e-03
1.210249886107886332e-03
1.322014957446586685e-03
1.310866540329434131e-03
1.443865555097935405e-03
1.155331045542228301e-03
1.655848296072221122e-03
1.326193434196143699e-03
1.525858106892368816e-03
1.303762550106070915e-03
1.412940920333287560e-03
1.419463126620711894e-03
1.543421287738502411e-03
1.198312333309737004e-03
1.463074985824163593e-03
1.317147929367032183e-03
1.419148879307448969e-03
1.245422457021621437e-03
1.420978331350290129e-03
1.640095125718739073e-03
1.393228800535754918e-03
1.476784151337443528e-03
1.344314729549472582e-03
1.424584285571853064e-03
1.252994812362211901e-03
1.163119840653010746e-03
1.130787796290327798e-03
1.112689581604737717e-03
1.238461722749453330e-03
1.329840471666655704e-03
1.168589816393917355e-03
1.149665904008881009e-03
1.391902560891945069e-03
1.363210242213223986e-03
1.441934946515407252e-03
1.138842171945894958e-03
1.407586277283711133e-03
1.367941314185654178e-03
1.422929827691979919e-03
1.251424645019724160e-03
1.445794473468264840e-03
1.243710352734143194e-03
1.364857613274750347e-03
1.257215584831854064e-03
1.344414512444311750e-03
1.269411431711580784e-03
1.321021050912837662e-03
1.270572115594857231e-03
1.094388183682115266e-03
1.251631206354170958e-03
1.258993320878309518e-03
1.237076983016473057e-03
1.399935280009186999e-03
1.419515728661238652e-03
1.215563296955214992e-03
1.324359159779031798e-03
1.281545643631437463e-03
1.196494889888934663e-03
1.331060782938314237e-03
1.284294799178775518e-03
1.180474937619599950e-03
1.064368006030045818e-03
1.130667868927212431e-03
1.140646929341973537e-03
1.339460507962238027e-03
1.152238841519104707e-03
1.310360512123083521e-03
1.147997705663392079e-03
1.219314213317571061e-03
1.383229537557099887e-03
1.408836134419981121e-03
1.330716080017717946e-03
1.323055937286283157e-03
1.361506550717985278e-03
1.286339702041228378e-03
1.228351836421205222e-03
1.334850695309140831e-03
1.078764550514389351e-03
1.285276554213684187e-03
1.352543450345463933e-03
1.547345157933795916e-03
1.441895390221762134e-03
1.248795263322494695e-03
1.240065899195395491e-03
1.212404506535884677e-03
1.475031335045504707e-03
1.204184981629674751e-03
1.278283244309699274e-03
1.284658655724569198e-03
1.255634881968094741e-03
1.252520457797637495e-03
1.391240135382742528e-03
1.349330880846791054e-03
1.204528497791439428e-03
1.285878584035413845e-03
1.342059409721080678e-03
1.292664508850236262e-03
1.271625132603611220e-03
1.073242779511022430e-03
1.140334928129950942e-03
1.435042107931266226e-03
1.410013731388052444e-03
1.119390832623824543e-03
1.220857059582242674e-03
1.603081027781001365e-03
1.389938894268405271e-03
1.189576412154856599e-03
1.404744437331739704e-03
1.341170538565522510e-03
1.403137481472962675e-03
1.273060268948772878e-03
1.348818995418525494e-03
1.243503447280388911e-03
1.263336863736265556e-03
9.819946445957965838e-04
1.161875999035510065e-03
1.182986950399393970e-03
1.182597357260368716e-03
1.080894326293981196e-03
1.124066309415607456e-03
1.145442168248589528e-03
1.080393695463713116e-03
1.365183090164271730e-03
1.218100176800873810e-03
1.352203968527811726e-03
1.128748496179119007e-03
9.724140914042394331e-04
1.216083958322194351e-03
1.320253767891333601e-03
1.134638154281498914e-03
1.162434173476779766e-03
1.243512549367488135e-03
1.211612223542595825e-03
1.084670213294840592e-03
1.157925478901076100e-03
1.140685696757709477e-03
1.244857467161016506e-03
1.407405511987074725e-03
1.360875098581229656e-03
1.201736398911722355e-03
1.170542371913893022e-03
1.207116295385239754e-03
1.304038604745444245e-03
1.326330316202149664e-03
1.484533660793711319e-03
1.118820903785993932e-03
1.444418196671539778e-03
1.159579368167717008e-03
1.543407959680978894e-03
1.258136245569529315e-03
1.417839189131102871e-03
1.490364167229170280e-03
1.129862207136039798e-03
1.228033254317651476e-03
1.265750204997372107e-03
1.169784400022920055e-03
1.178511518601862984e-03
1.207436919272665467e-03
1.001013557243785436e-03
1.191940893591581863e-03
1.017897368976137650e-03
1.064037853243813159e-03
1.361828915610966860e-03
1.184736785409809491e-03
1.217998391767928729e-03
1.096174636658304525e-03
1.255281105038247866e-03
1.564342710046260319e-03
1.246606542050290433e-03
1.243268547162855887e-03
1.189135488034878370e-03
1.145609163366946180e-03
1.329171058896252110e-03
1.501429730117028339e-03
1.154278028073739849e-03
1.402197236940103163e-03
1.164060127157563740e-03
1.358293750862603431e-03
1.097117379881962793e-03
1.406982391581809277e-03
1.132870135979943248e-03
1.389690008180824356e-03
1.203630688168917055e-03
1.183824714866110956e-03
1.077154887518722882e-03
1.035072631247469822e-03
1.084247765300294045e-03
1.113259918462172759e-03
1.158949881105669809e-03
1.115279011417730747e-03
1.369888990361561301e-03
1.330358301251016988e-03
1.204982618008710888e-03
1.402722360519800555e-03
1.236659417486574803e-03
9.368611451085989521e-04
1.200704104034301710e-03
1.433636854988084956e-03
1.116397654414414027e-03
1.263073039823369836e-03
1.257816880703162667e-03
1.327104953336265790e-03
1.282506150808560182e-03
1.413168493907455752e-03
1.021295063985729014e-03
1.344341746354720847e-03
1.543706482200085791e-03
1.497450663862750142e-03
1.281053579686670940e-03
1.254951133373370751e-03
1.415690283874512703e-03
1.246451940149771167e-03
1.110441529938006877e-03
1.031831040537441874e-03
1.048215715290456984e-03
1.286838570138955579e-03
1.152241023279074227e-03
1.606531896671194778e-03
1.657533982810788578e-03
1.393714867458268952e-03
1.197580569197754640e-03
1.042554457833196275e-03
1.375521330047277044e-03
1.091319219750355599e-03
1.199456323384525758e-03
1.234921235019603974e-03
1.123360911354958410e-03
1.356516985930489912e-03
1.216974651834885337e-03
1.389023537017642675e-03
1.072580023241884607e-03
1.216829351911648477e-03
1.142768851562322345e-03
1.182987530779266386e-03
1.282642188820455435e-03
1.086258250506174500e-03
1.319192376027461186e-03
1.360539002099770030e-03
1.255217829664547879e-03
1.159655994130517811e-03
1.102937355716770724e-03
1.359564951921426405e-03
1.182789056405836011e-03
1.160197072827889083e-03
1.367804043423616073e-03
1.195553874104224572e-03
1.234283773538743341e-03
1.102693301670844197e-03
1.308302674968090220e-03
1.152784258455187604e-03
1.473847118161145716e-03
1.362943997283076357e-03
1.217171196199765383e-03
1.328782592656345797e-03
1.257673717201254933e-03
1.464664172988564949e-03
1.215473194314685770e-03
1.163221573855312318e-03
1.367233302862547141e-03
1.339084245333221554e-03
1.411431863866701580e-03
1.219175131154337901e-03
1.025443902162334218e-03
1.229654928669655662e-03
1.267591943001904198e-03
9.923512167981302697e-04
1.159678723865255204e-03
1.159245256489680560e-03
1.126958030868831749e-03
1.597832567458524165e-03
1.086703775358134096e-03
1.411844409944703390e-03
1.055245827406583580e-03
1.433139837136682398e-03
1.301543013373139459e-03
1.343104067901114765e-03
1.087098377728475335e-03
1.067651385692564448e-03
1.693408428399394931e-03
1.345526176319207599e-03
1.241818076295285846e-03
1.154197279492506431e-03
1.398776986991171313e-03
1.422347982227631282e-03
1.351923630575651908e-03
1.245601667501122561e-03
1.292688828769690849e-03
1.448378355239650795e-03
1.260093026763742154e-03
1.000981576875851955e-03
1.308841594177567649e-03
1.148914026986044921e-03
1.313575912372798825e-03
1.148106725990734409e-03
1.094385467955204987e-03
1.291578358937837609e-03
1.570009119597454584e-03
1.149530330622282543e-03
1.279747994346754156e-03
