1.224318210143013515e-02
1.391059962662627263e-02
1.271719491949404798e-02
1.380940498583413042e-02
1.386595695935925743e-02
1.254199225050202197e-02
1.164350810155265377e-02
1.096350438635458439e-02
7.625176848359540606e-03
1.696688761568807338e-02
1.164801595350134673e-02
9.932962582176114649e-03
1.577074678418068435e-02
1.366227981791730099e-02
1.220030086554606784e-02
1.417196792552285339e-02
1.288495547437514509e-02
1.242880201639512579e-02
1.155209930815376262e-02
1.225676965445654520e-02
1.269130114342914041e-02
1.487251832852908365e-02
1.263845200006675530e-02
1.061378302357966937e-02
1.353581299134176685e-02
1.204835272522843288e-02
1.223900668435476922e-02
1.415226295163067756e-02
1.308139868858548306e-02
1.500514565900010026e-02
9.371149880492691403e-03
1.333539164265526086e-02
1.560118889382556932e-02
1.343053758819691239e-02
1.296606378956552570e-02
1.359013986379178224e-02
1.400119703194756607e-02
1.375374259275035684e-02
1.170531289524000783e-02
1.215579326240195761e-02
1.898987587642163646e-02
1.125172924993546666e-02
1.894387432061328189e-02
1.559471548549941529e-02
1.304058238791427210e-02
1.553666487973381048e-02
1.180032700074506828e-02
1.510484678379690401e-02
1.274438502721629389e-02
1.179344735398340886e-02
9.664347198181138382e-03
1.374782428589520211e-02
1.425732882773888405e-02
1.772523133666718473e-02
1.366280045606286901e-02
1.621566600702185890e-02
1.384145166713179886e-02
1.470506502505954799e-02
1.184190384063297033e-02
1.572835999823326766e-02
1.141276054814460705e-02
1.630803692263141022e-02
1.218274604458397144e-02
1.286816680209409806e-02
1.417322792256331052e-02
1.089450013974413954e-02
1.635348297707004891e-02
1.685768982475562699e-02
1.171718247431419516e-02
1.451370557567931846e-02
1.007006586444503422e-02
1.434921104964393367e-02
1.550317564896555762e-02
1.298769054233927731e-02
1.025717544244840462e-02
1.257937696500522479e-02
1.537825445629191663e-02
1.196832379135595245e-02
1.423275017259404730e-02
1.426168046763390262e-02
1.598566984213706590e-02
1.205982922189813462e-02
1.376573144258995234e-02
1.339069278614567725e-02
1.626554594270016724e-02
1.377882752984211333e-02
1.591253939094436354e-02
1.293852507591384225e-02
1.712507484997687068e-02
1.406163214360981600e-02
1.505623105341129253e-02
1.318422660797290494e-02
1.286658772641417064e-02
1.095762616352262929e-02
1.160693607908581775e-02
1.525607996031368499e-02
1.220779433720192014e-02
1.420623732476918380e-02
1.354032125960541802e-02
1.213818861937990268e-02
1.281908863919789879e-02
1.282280218660116454e-02
1.377123185577364822e-02
1.299068659968996391e-02
1.245709597117540708e-02
1.286176386225745295e-02
1.287239400987796531e-02
1.446774624412261456e-02
1.240329985540828371e-02
1.057737683852354865e-02
1.407818431009704753e-02
1.533547815079392904e-02
1.246359095327136644e-02
1.342742254791435760e-02
1.467125734542900489e-02
1.282397151636766389e-02
1.430509616563302097e-02
1.952369407254891942e-02
1.339897498937720963e-02
1.197812656001541638e-02
1.546146175339046212e-02
1.200392416437738759e-02
1.669290789783274553e-02
1.143362002483786985e-02
1.319383275265106036e-02
1.288332357051641050e-02
1.605909036559300188e-02
1.317477653962192616e-02
1.506849061161193853e-02
1.184557449974773385e-02
1.484256917720805716e-02
1.443986142917484498e-02
1.580913293138508022e-02
1.201637530299592624e-02
1.352367341257804632e-02
1.076085238932867651e-02
1.367708665778858725e-02
1.271033455925875064e-02
1.396511640327060405e-02
1.488677805980134425e-02
1.552528396483838363e-02
1.264992833969392876e-02
1.458228681872230335e-02
1.462416640907801026e-02
1.364265025767274347e-02
1.847207357394575408e-02
1.219109126044671740e-02
1.380560883531711108e-02
1.606547537698323203e-02
1.455640472762057165e-02
1.610517473107836786e-02
1.633807465474381923e-02
1.700787678374986872e-02
1.247902901282359200e-02
1.261873268461744142e-02
1.413022647248442405e-02
1.245315312104027135e-02
1.418481157037473211e-02
1.165855013401260500e-02
1.412627729129574405e-02
1.114319415166175990e-02
1.250746116520371452e-02
1.370255830729627186e-02
1.437128737511021367e-02
1.428854200037343522e-02
1.679603727411932076e-02
1.677884971408103582e-02
1.205656305096125189e-02
1.147131912623008260e-02
1.714363952419984197e-02
1.348735016626236190e-02
1.702866759230020621e-02
1.359463246401526430e-02
1.661968454140193979e-02
1.519450181104023238e-02
1.697851153768694873e-02
1.345061804466369214e-02
1.329490155861536189e-02
1.341487632127319821e-02
1.393770270928152213e-02
1.220785156460258737e-02
1.043809607480123032e-02
1.098613909246196063e-02
1.778325417040961531e-02
1.432306594571280609e-02
1.240585120494837670e-02
1.361218179143914957e-02
1.618958612326669780e-02
1.537831501206812085e-02
1.260872460026136663e-02
1.461791533761919518e-02
1.190850502818054796e-02
1.252968557774424008e-02
1.240677005711939875e-02
1.241441449763123345e-02
1.454132348219891804e-02
1.462191661487726758e-02
1.217026618989581685e-02
1.174431104623396317e-02
1.342086913434404651e-02
1.607363603710147693e-02
1.209043870554448764e-02
1.119423788522406690e-02
1.498938316633538319e-02
1.747971005850968221e-02
1.413495961481286804e-02
1.249499392687833388e-02
1.541862434598699136e-02
1.527055364818824708e-02
1.310442049928804871e-02
1.207070281542115681e-02
1.373239030059273703e-02
1.253111539483697280e-02
1.302138385794257905e-02
1.360254368073809082e-02
1.323504900677625017e-02
1.142466929686533975e-02
1.198140879508244501e-02
1.204320345920964486e-02
1.607199643856392288e-02
1.484009109632967831e-02
1.532552594338451937e-02
1.237229780088587063e-02
1.370166068984340554e-02
1.362815027223695553e-02
1.572440685196932822e-02
1.241649580254714468e-02
1.430994352040647344e-02
1.433456087549716748e-02
1.577587399793759296e-02
1.254233669781366044e-02
9.130811828820941528e-03
1.020050408745451845e-02
1.731507556583936763e-02
1.311608685259098121e-02
1.083387712022726608e-02
1.399800443614133277e-02
1.403552769236498035e-02
1.731821361526660746e-02
1.119427833561817583e-02
1.431423379369192034e-02
1.159638585530789988e-02
1.584046208739161785e-02
1.381923407412075956e-02
1.253790705254791658e-02
1.416694529754773842e-02
1.251645388898064114e-02
1.275495441665052201e-02
1.050435887491414644e-02
1.285786715973700166e-02
1.224783145602002972e-02
1.261139206632627512e-02
1.572202454303015320e-02
1.295474778905381617e-02
1.438105111884177556e-02
1.293217575592855301e-02
1.243714131638576359e-02
1.154695323534127641e-02
1.223837319671725737e-02
1.537005417928223421e-02
1.209583499980152257e-02
1.336522345335273108e-02
1.276034640104657149e-02
1.425047391038741437e-02
1.363381527114911410e-02
1.250721444838867082e-02
1.217558536951881230e-02
1.212209930772467810e-02
1.102370671716548442e-02
1.611597346819815604e-02
1.397289861733422289e-02
1.398810842267806699e-02
1.152821407568033543e-02
1.486387086566177441e-02
1.451622099066842385e-02
1.343248491678949302e-02
1.337724425395431758e-02
1.264275362696884626e-02
1.582948250452131597e-02
1.627823697364113795e-02
1.358297484839349895e-02
1.147206218743889068e-02
1.143074773439461782e-02
1.541883545983233593e-02
1.390233260650816649e-02
1.385714240727128899e-02
1.435047733070503838e-02
1.317740142947466248e-02
1.140612416403985301e-02
1.234002213817901074e-02
1.592256668362734481e-02
1.032886926505640832e-02
1.304194789155981547e-02
1.009369536172572204e-02
9.647241358492519500e-03
1.562296413548669091e-02
1.162956398097120085e-02
1.232464501071335941e-02
1.389809830586823981e-02
1.391338155929494613e-02
1.466383124593877846e-02
1.305699461761933820e-02
1.144179159482688196e-02
1.260325755160117758e-02
1.043718923753098049e-02
1.313512844136436458e-02
8.555195635854931022e-03
1.312742162303367870e-02
1.755828917864023231e-02
1.656883383743736407e-02
9.992108058708379717e-03
1.336852203942686702e-02
1.289172183393894923e-02
1.513002773753724557e-02
1.246305433845277394e-02
1.173530082343374019e-02
1.427915393853835223e-02
9.416789278910481578e-03
1.619400562339009739e-02
1.240802317109420891e-02
1.499768210435255787e-02
1.364711292095558033e-02
1.448390971304657805e-02
1.483634546892066350e-02
1.319490730454948510e-02
1.251037823179167695e-02
1.344408593310754407e-02
1.434452999582307153e-02
1.548507318195441011e-02
1.402100540903787780e-02
1.254543112714565437e-02
1.519894465900268471e-02
1.212478502301132972e-02
1.433228926193343654e-02
1.187567756820904694e-02
1.539673818354629457e-02
1.416299976355841345e-02
1.302647405360190559e-02
1.352382124748826610e-02
1.338864885136391639e-02
1.277967266026191692e-02
1.122480443320071283e-02
1.216386335719347317e-02
1.255933960579663777e-02
1.368795549679257574e-02
1.255366871928287158e-02
1.484001828566774463e-02
1.474600981154655481e-02
1.418330302302268572e-02
1.165182283242050497e-02
1.372626858978182214e-02
1.279680083848339436e-02
1.271834800175204554e-02
1.390436208349081146e-02
1.019293638911933017e-02
1.532932482315351765e-02
1.830115028452829543e-02
1.489111282704716314e-02
1.542801965265287907e-02
1.441006103864788702e-02
1.226056508494069094e-02
1.602454732965581663e-02
1.242735281394670432e-02
1.276107800875750375e-02
1.384001201959812744e-02
1.068376217866759577e-02
1.236043118743688184e-02
1.481267533471802150e-02
1.364023204970651361e-02
1.263966244022020520e-02
1.151020885831740420e-02
1.604985235050543357e-02
1.268278487756976415e-02
1.520543966504375906e-02
1.140161648375065395e-02
1.344210719952517244e-02
1.336804742213411855e-02
1.335061834442026647e-02
1.303724903373730190e-02
1.762342167800608206e-02
1.321090398091746658e-02
1.377809536718222448e-02
1.288690543092625186e-02
1.098295022895644929e-02
1.347070847324429756e-02
1.387188466107605947e-02
1.309380354841148050e-02
1.581018181788048163e-02
1.420886423706016997e-02
1.606866723770528776e-02
1.631329413298274189e-02
1.070097358591402294e-02
1.274660388286505755e-02
9.937035137119406419e-03
1.499225795045073736e-02
1.494688531750154592e-02
1.557352935659632974e-02
1.774157024097108154e-02
1.192614782558532385e-02
1.283869610654695195e-02
1.355066660190243528e-02
1.406347814967578297e-02
1.371341609863414336e-02
1.421679579885652515e-02
1.646617672432913737e-02
9.698482880636785305e-03
1.056963392384780570e-02
1.419396482367272019e-02
1.311079873231725534e-02
1.317708901430283443e-02
1.511945432567358451e-02
1.401285933558285915e-02
1.348010454455594864e-02
1.036705755751429585e-02
1.474911702613309304e-02
1.585682849161429778e-02
1.308499321739719536e-02
1.192203936774355669e-02
1.494095915502345433e-02
1.555051719647850689e-02
1.472567757761472119e-02
1.298404763396061000e-02
1.473296835080501258e-02
1.335909252699960664e-02
1.369593629135183559e-02
1.092011103168282794e-02
1.155454259083537466e-02
1.339562567073069102e-02
1.288290374870248133e-02
1.121645110280579047e-02
1.295307820698833080e-02
1.308578118208607484e-02
1.458850472300455246e-02
1.458650667132934536e-02
1.364559995149162118e-02
1.351960869134711737e-02
1.677643132173902915e-02
1.204395527667141523e-02
1.330263750939500271e-02
1.206948239813035104e-02
1.528126842074067557e-02
1.322030265298829513e-02
1.171779933248906502e-02
1.244803657219988036e-02
1.356192825836054043e-02
1.094901809023192049e-02
1.399266896248669949e-02
1.361249454675628884e-02
1.278705569691354973e-02
1.367970279599294361e-02
1.635048985332213448e-02
1.190489379707924088e-02
1.317336184931231641e-02
1.484528832744080873e-02
1.619576472154435690e-02
1.317383989451176990e-02
1.371210573742445531e-02
1.494081795414995383e-02
1.273427578510700174e-02
1.170149187503559743e-02
1.266174363635068877e-02
1.502444269144540337e-02
1.633805379546533071e-02
1.485462452582576517e-02
1.776541407983775467e-02
1.121698025546985500e-02
1.565495516506581336e-02
1.232445880660053457e-02
1.536458811774840325e-02
1.603320912713453866e-02
1.465855032409954690e-02
1.742257099786727326e-02
1.343332743925098986e-02
1.688036134550563103e-02
1.659974278925382962e-02
1.447285807703184435e-02
1.200060810194942054e-02
1.272393199213449691e-02
1.288764377632387048e-02
1.405059256514559242e-02
1.105681490646621794e-02
1.217068875898105751e-02
1.504134632973513214e-02
1.210576703083057412e-02
1.224237509422974358e-02
1.229720272557355276e-02
1.216922431918648038e-02
1.107488363382916167e-02
1.441518161184903411e-02
1.429992203201395015e-02
1.278374794341966686e-02
1.242389976865185437e-02
1.453661079700418156e-02
1.148966690877279914e-02
1.496627991994752514e-02
1.407759466215958814e-02
1.611798729509789432e-02
1.316832093651905747e-02
1.658030138008195070e-02
1.427416283758519734e-02
1.263065696896883798e-02
1.309161599610229876e-02
1.344450376965389445e-02
1.013010569776891592e-02
1.407234814371090270e-02
1.337637099555114353e-02
1.301736365957433493e-02
1.765500609752676531e-02
1.474013011497159707e-02
1.125861212147269245e-02
1.224944213350617067e-02
1.559540604352580365e-02
1.382886389935029416e-02
1.280187912104259994e-02
1.363076206014292129e-02
1.454587544760194660e-02
1.698437790943773534e-02
1.281542954928112377e-02
1.097598731498886440e-02
1.009886914593344405e-02
1.716229748785432982e-02
9.886177442186271438e-03
1.328285486387842385e-02
1.302622922997971958e-02
1.542275325877551576e-02
1.303092671880269095e-02
1.477027752433838180e-02
1.389272932225080366e-02
1.437755003359998326e-02
1.161957003524789755e-02
1.266883277136663342e-02
1.356196429790062705e-02
1.607726498947117943e-02
1.273247796791861404e-02
1.369212378764924146e-02
1.284228885504167320e-02
9.440454813443669227e-03
1.235713584450262061e-02
1.289960623351819012e-02
1.502538713690894021e-02
1.280002088312955609e-02
1.141059764025774935e-02
1.298846662978536855e-02
1.171856890019196303e-02
1.427047313263127455e-02
1.588751856825328795e-02
1.243302521190533909e-02
1.413818540245710166e-02
1.338027161300530885e-02
1.192260871085843062e-02
1.328957485171966546e-02
1.185335539420685584e-02
1.179260507133963153e-02
1.212348358730154854e-02
1.516169974309060711e-02
1.387555445628404702e-02
1.180200762008586264e-02
1.299610725407970846e-02
1.232742058454980826e-02
1.220180045374888618e-02
1.379308308459929917e-02
1.653043558513804870e-02
1.522570453034082644e-02
1.103027005183368492e-02
1.374181955401467328e-02
1.327566167152451765e-02
1.679350124855255935e-02
1.314783354467437791e-02
1.369285611339730868e-02
1.379861190528930415e-02
1.302108571242592550e-02
1.457582138062444611e-02
1.580998818424192778e-02
1.446938197882949827e-02
1.390572816286249000e-02
1.611638641809374009e-02
1.429228537688497641e-02
1.849391700203641825e-02
1.574239202027992793e-02
1.355760622737255464e-02
1.675202576067178623e-02
1.389471496645550662e-02
1.014080201389547242e-02
1.721482526932227239e-02
1.428385875610353219e-02
1.383779089017405338e-02
1.301237446649232930e-02
1.378926367761934731e-02
1.429537772876637858e-02
1.464600619263870668e-02
1.428331289568285020e-02
1.022200199067543891e-02
1.480552905523390729e-02
1.243518952928432918e-02
1.391075630895107981e-02
1.023070856208489927e-02
1.393110142244719483e-02
1.357927039610631707e-02
1.046889165698530050e-02
1.169130557013312900e-02
1.531628280625110111e-02
1.225799694831386684e-02
1.564724589894285131e-02
1.510560788138730522e-02
1.530474856406418768e-02
1.387267791861585171e-02
1.171472035395477659e-02
1.301720855616973586e-02
1.318039503868816999e-02
1.419759413400491742e-02
1.224416893023842420e-02
1.443214956516888567e-02
1.304579833033597119e-02
1.330555130792204603e-02
1.268626764929050785e-02
1.520778394624232310e-02
1.223153522220623429e-02
1.333203258595703697e-02
1.029267325664357143e-02
1.394603123346212052e-02
1.122328790043744008e-02
1.021727605988261012e-02
1.434495283126185038e-02
1.323575635555057119e-02
1.220716382940612542e-02
1.126715102233694955e-02
1.161217374239991232e-02
1.608326945604300617e-02
1.315033325316718009e-02
1.159106650703156313e-02
1.533965949824772461e-02
1.167072530489810488e-02
1.067744186493360843e-02
1.648564315803881242e-02
1.303950902776281409e-02
1.335836822733670742e-02
1.370568411250453963e-02
1.191818983430409720e-02
1.030989494251381526e-02
1.410234728174606690e-02
1.332672717949358494e-02
1.140870929307330299e-02
1.300643908820242958e-02
1.351013096114938791e-02
1.678866010149081961e-02
9.524814239707911009e-03
1.303006117091953797e-02
1.369349609864356151e-02
1.985932030589976013e-02
1.002582496511706528e-02
1.056097176700785539e-02
1.549072875766554190e-02
1.450035180593863514e-02
1.324571405665998791e-02
1.251118355797551859e-02
1.347721952998262931e-02
1.329136142891399960e-02
9.760031049119292576e-03
1.111398729413353575e-02
1.565728388625967776e-02
1.449921904365256836e-02
1.427418022941859786e-02
1.362658801817938185e-02
1.447496839710795194e-02
1.033088419460227378e-02
1.480197190445233131e-02
1.093719338797290858e-02
1.108516503630433553e-02
1.445149692921874479e-02
1.288908262065102499e-02
1.112212589885619267e-02
1.447347052093825304e-02
1.456971419285744626e-02
1.332578448683099763e-02
1.592276276681683922e-02
1.320373585882099812e-02
1.312046448994279996e-02
1.267175857938449175e-02
1.392454365550102428e-02
1.244704701636105068e-02
1.417538891595035606e-02
1.256270470218395774e-02
1.279689624848359165e-02
1.288515253683473333e-02
1.227750904836474519e-02
1.636388978648099443e-02
1.070508823126190695e-02
1.356710296083020115e-02
1.381520613016924172e-02
1.524740818052070131e-02
1.444844457831541071e-02
1.354702809383591215e-02
1.381806984477683756e-02
1.222460491495500935e-02
1.296745636916570021e-02
1.318822875419406980e-02
1.521594729324946861e-02
1.415675974083829662e-02
1.151748601249501236e-02
1.619237449705356741e-02
1.447094266259511472e-02
1.110176419695433139e-02
1.341599802735507670e-02
1.544719578103151240e-02
1.392127176161519694e-02
1.307779678730625408e-02
1.514273452277536090e-02
1.240009084226037332e-02
1.389657189277879006e-02
1.422112371503027502e-02
1.432756087695446177e-02
1.578272922363880421e-02
1.419628245510553763e-02
1.406578013196669967e-02
1.464020627599652014e-02
1.558455864281341370e-02
1.354897620968570186e-02
1.273769221858236586e-02
1.468623216734002077e-02
1.466766954364729508e-02
1.339555569009192627e-02
1.475414074525745016e-02
1.260848171553290327e-02
1.348943686632922065e-02
1.403183320323506469e-02
1.330922618541095261e-02
1.350238740180992325e-02
1.067138737285443402e-02
1.342712284585008062e-02
1.264735204612316838e-02
1.390000128862442334e-02
1.204772139191275654e-02
1.537042030874562204e-02
1.370564753747962120e-02
1.510883714688987349e-02
1.214326453701282914e-02
1.197612992549525017e-02
1.438630503563413134e-02
1.325162766079604829e-02
1.380996484931666830e-02
1.719194451426606443e-02
1.108209697844392619e-02
1.373854965773031733e-02
1.301236920374271994e-02
1.422211096180220000e-02
1.310183947242828974e-02
1.510103456901162704e-02
1.301069761003750998e-02
1.075605052524835140e-02
1.201340791391743851e-02
1.260517524488137357e-02
1.622983589606293714e-02
1.096984854705850172e-02
1.358552430333817909e-02
1.122055851864919677e-02
1.335654122932541238e-02
1.560422968133693376e-02
1.285362588616761198e-02
1.403070240522877321e-02
1.253082854257047719e-02
1.521359843945582595e-02
1.195752664798003378e-02
1.272452041844117192e-02
1.010943602173357790e-02
1.501929877084091230e-02
1.087454402195457519e-02
1.937040512362813924e-02
1.191347556876355164e-02
1.373182900625637658e-02
1.436599683507405918e-02
1.578897490082172353e-02
1.786943873359856869e-02
1.281632092062467282e-02
1.601891381702038458e-02
1.308330093986281861e-02
1.520619275821030042e-02
1.379874824428276199e-02
1.295927606665016850e-02
1.481019074310927636e-02
1.183667575901484713e-02
1.480349607416150959e-02
1.286663671830308789e-02
1.241254277419961451e-02
9.602712730966932175e-03
1.352894543176423603e-02
1.221763186606121369e-02
1.262974248570970445e-02
1.523095915802111407e-02
1.290931620828977659e-02
1.383784470300464427e-02
1.260063842021451504e-02
1.506485245537046540e-02
1.359813407140442708e-02
1.229450907670392827e-02
1.347963281810334556e-02
1.526867369339576265e-02
1.374844863624381623e-02
1.300185051798964826e-02
1.213942084427314591e-02
1.530908875195320824e-02
1.348660723895130607e-02
