2.169839035485405208e-03
3.549656169802369639e-03
2.205804414683107308e-03
1.233653975619313121e-03
1.657012873182896239e-03
1.134112054572339540e-03
1.603401090607700120e-03
2.550660686239621718e-03
2.845523519801104479e-03
2.646061318214628158e-03
1.350878870150632773e-03
2.346147602772618093e-03
6.248223881044230859e-04
3.543775764522964777e-03
1.758283396603520883e-03
2.091298769821441517e-03
9.234995996014140271e-04
1.530448339323240304e-03
1.320453739127708769e-03
1.839347101123746820e-03
1.365193362055123951e-03
3.255912683950111085e-03
1.604690619493971725e-03
2.605731278260250798e-03
1.325296733965092375e-03
2.633367310163072048e-03
2.711087839274733523e-03
2.348830194471494132e-03
2.357068783500149665e-03
1.971406642420446467e-03
1.098293124994377448e-03
6.478417814858032815e-04
2.019474310891709781e-03
1.115204593474418329e-03
1.115329367297419666e-03
1.771505822371685765e-03
7.303732088549807090e-04
2.724932352020922616e-03
1.616700248873679038e-03
1.984121140698085275e-03
2.944322029574660080e-03
2.414617191767155086e-03
2.350422296489755505e-03
1.683074105484995420e-03
1.536208837288255934e-03
2.958788334347705728e-03
2.189261903626692641e-03
1.354094701670972541e-03
1.445094310396857805e-03
3.087924142012640066e-03
1.829691780535218750e-03
1.447418378997282137e-03
2.210377943118503347e-03
1.241323888038098041e-03
2.137156579384435692e-03
2.312215829484931540e-03
1.797682279419040088e-03
1.503029419453822931e-03
2.193793456335013051e-03
1.968023309403520767e-03
1.366036670299476457e-03
1.292150011951242235e-03
2.778661920808267721e-03
2.151706412935870585e-03
1.683398262960534002e-03
2.567264135881866180e-03
1.569246193210396085e-03
1.646711098591151874e-03
2.362208910162127713e-03
2.530727562605375458e-03
2.128373145571080607e-03
1.551144017819452905e-03
1.449248694134737956e-03
2.156391158367304203e-03
2.128670720318286830e-03
1.521854760675160666e-03
1.509803507348141463e-03
9.395646637006829999e-04
1.655543043995228239e-03
1.281323302440630059e-03
1.127916677058958235e-03
1.120411719339969511e-03
1.884551587464022675e-03
1.709860821797300678e-03
2.106314158587060774e-03
6.547527985603349187e-04
2.239244465506484098e-03
1.739357318511640859e-03
3.163826419628366568e-03
2.800137634114128679e-03
1.002119185891729193e-03
1.285442854042296657e-03
9.743413553855623287e-04
2.291836221900758405e-03
1.794242001099692315e-03
1.841565461284087836e-03
1.882231937445295053e-03
2.594408949721860053e-03
1.520648926211338623e-03
1.622936706254324507e-03
1.733970377476712690e-03
1.671361483882345548e-03
1.549113345077266857e-03
1.378448575030814848e-03
1.582486518961184275e-03
1.268832890497492488e-03
2.149665325512405047e-03
2.802299224294760131e-03
1.143145528899449552e-03
2.593310971746871484e-03
1.319143153442728193e-03
1.547629390891146726e-03
3.430850316188733661e-03
1.677484273985278829e-03
1.704525205530284119e-03
2.033020270696019819e-03
2.092570609867439729e-03
1.707248189475636321e-03
6.690714395649784152e-04
1.583833011657917672e-03
2.548343127528454165e-03
2.429700183443070111e-03
2.137140978304152145e-03
1.814056999703090364e-03
1.794300737152892738e-03
7.209757510400993620e-04
2.097873273729696994e-03
2.043377969923448282e-03
1.252607428770323916e-03
2.067798555927721424e-03
1.044201297801990993e-03
1.617166091444940772e-03
1.933672445987771882e-03
3.390183259683281561e-03
1.585936159171779736e-03
1.855889510367513115e-03
1.537782013658217910e-03
1.202700609758925549e-03
1.484883675408463525e-03
1.779268533715225526e-03
2.187780799813716405e-03
3.227037555373677910e-03
1.525777368416296031e-03
1.573244842508499716e-03
1.289012727367735240e-03
1.693655233751884892e-03
2.125549392385873808e-03
9.673459442068666533e-04
1.451583843248500537e-03
1.687012587361786265e-03
1.692099905221462535e-03
2.709798777415389683e-03
2.193017810390004031e-03
8.750070466536936237e-04
1.355659050667847899e-03
2.084825305325829943e-03
1.705742950680922548e-03
2.655978685294808992e-03
1.094599191489215246e-03
7.361152372099490256e-04
1.394849019227903213e-03
2.391706621170342113e-03
5.805017218862550685e-04
3.005345510632014081e-03
1.304818329184153367e-03
2.594909520951423337e-03
2.329173017711981541e-03
1.724781530955271820e-03
1.632158626290047040e-03
1.698430522616392125e-03
2.767498224005564712e-03
1.986070203987033364e-03
2.665400008927744889e-03
8.723135466572295689e-04
1.950307586468726963e-03
2.056668295192683876e-03
2.013056113692533733e-03
2.748890206128830511e-03
2.485725000382829879e-03
2.039966853240981603e-03
2.424572721057160433e-03
2.105831589574357499e-03
2.103476351382183723e-03
1.150358774128667399e-03
2.813975756156270221e-03
2.653930930563562496e-03
1.485285507464677518e-03
2.113950998099217281e-03
8.586948495808508896e-04
2.119525986029696402e-03
2.130094029680821947e-03
2.284173346700070148e-03
1.722703451200839619e-03
2.050113941463600330e-03
7.997082909017836673e-04
8.870316604350449077e-04
1.514952274858907518e-03
1.465136322422514381e-03
1.695605025409389855e-03
1.930514272394489054e-03
1.348809146417264890e-03
8.059872971979786631e-04
2.014527138827622906e-03
1.508917993452529686e-03
2.139499719209411212e-03
9.699918797327647347e-04
1.244235426859486345e-03
7.530420764785728145e-04
2.492272720829202988e-03
1.924074864183646962e-03
1.082998122663641994e-03
2.311719686196767650e-03
2.142205195365316697e-03
2.214933694275790163e-03
1.226935075848825663e-03
2.225436973086037870e-03
1.677520732123896716e-03
5.073026710242034901e-04
2.855729013372414280e-03
2.995155864446010646e-03
3.800955737168185394e-03
2.232098266315630207e-03
2.038046632773319374e-03
1.443087608708364328e-03
2.975613190593168200e-03
9.234063784567171250e-04
1.312062165891696554e-03
3.147917049504625302e-03
1.672041599873286223e-03
2.021826326413098378e-03
1.664738444723959506e-03
2.922499728384874394e-03
2.153970161625791586e-03
1.383440372945672712e-03
1.689197877336865187e-03
1.799710578835829033e-03
1.494514173213620269e-03
3.368750090820484596e-03
1.299388573431761338e-03
9.169765183165576533e-04
1.361745856987935837e-03
1.735005406425194465e-03
2.105235853603481741e-03
2.392724154566046313e-03
1.009255206093675680e-03
1.073604503528970610e-03
2.334781182107212305e-03
1.796790227512574251e-03
2.505590208163667541e-03
1.469474493017898986e-03
1.807543385802124402e-03
2.271620192951081998e-03
1.495274262934110461e-03
1.445888748690100142e-03
2.717136248030244550e-03
7.200935721237958134e-04
1.136328395195989683e-03
2.333505586045497762e-03
9.354253859254940727e-04
2.547487850406639394e-03
1.380509304707314751e-03
1.571007587432540027e-03
1.869979751590294254e-03
1.699930073428933611e-03
7.638317800813624334e-04
3.374847300618697733e-03
2.850490112387833643e-03
1.572350380884306002e-03
1.651619319143281467e-03
1.568493408232055162e-03
3.725585888820563164e-03
6.431542415056982001e-04
9.563019287842226043e-04
1.952301147319463522e-03
1.919386240036845140e-03
3.450261181251687310e-03
7.981956763115435763e-04
1.298907779094591545e-03
1.662285453983273608e-03
2.306319369815660117e-03
1.833387672796384484e-03
1.910470045322534621e-03
2.899984770903095681e-03
1.391514204558354575e-03
1.312796432109975811e-03
2.826609751385455917e-03
1.056890929053818685e-03
9.029406717000213129e-04
1.197322540322756385e-03
1.985717051681949209e-03
1.136542230659542182e-03
2.897564904072956297e-03
1.673120158502304109e-03
4.486230876991073417e-03
1.725861475283065266e-03
1.865867272916396083e-03
1.610431186092432321e-03
1.485620439301791121e-03
2.369694615731036784e-03
1.030215756580226761e-03
1.543294611889964221e-03
3.093266184702134561e-03
2.834507111293599335e-03
1.425585129704073483e-03
1.423522122146766858e-03
2.317252341081787927e-03
2.272525914227057839e-03
1.890270408156344544e-03
1.503737347540039931e-03
6.978001050629885219e-04
1.238442425494717773e-03
1.887794357997608918e-03
2.690284335405938951e-03
1.901788056905076530e-03
1.165762349510511553e-03
1.808163091446088116e-03
2.415485787152330064e-03
1.934988354827235635e-03
1.522588346318021636e-03
1.666518699705547054e-03
1.693371833836210304e-03
7.320958369253589750e-04
7.700664361869184217e-04
1.234941085882157322e-03
9.741357081730965496e-04
2.029096630708637859e-03
1.857373491354830791e-03
1.546274985903226288e-03
1.859106745427579598e-03
2.035797132019595990e-03
1.196563854466487463e-03
1.746279321158769821e-03
2.371616245491296997e-03
1.713448338797595892e-03
1.963741248198671435e-03
1.482911336823188866e-03
1.708033752858293796e-03
2.530657435475921341e-03
2.215114150889654736e-03
2.537358584287195858e-03
1.931644632196498866e-03
3.424965860730563080e-03
1.127264666726702494e-03
1.493737199939787139e-03
1.685354906625850368e-03
1.270820809167223439e-03
2.677208525758949329e-03
1.995528348389332459e-03
1.846362924217860493e-03
2.785991227515591685e-03
1.021885639268000886e-03
1.632169200830792255e-03
9.297325520784513768e-04
1.881832677004056714e-03
1.764296385496871020e-03
1.192835530668346234e-03
2.023130410957235843e-03
2.289019318983760622e-03
2.489195645182957876e-03
8.120261642829611302e-04
8.606488617695105597e-04
2.184410959567040320e-03
1.186530340941200279e-03
1.532368936517729567e-03
1.345907704177026288e-03
1.357721581423748007e-03
2.718901417955023152e-03
1.398258925691876547e-03
2.703173273944110139e-03
1.183157964933281500e-03
2.937035621446645178e-03
1.295111924414744670e-03
2.074644139725145570e-03
1.910603808024586561e-03
2.457099065192334519e-03
1.644046551361314596e-03
1.830643557541342158e-03
7.391622554219559604e-04
2.095624925445896489e-03
1.070778788068915775e-03
2.141073839261881193e-03
2.089979278436945431e-03
1.573352440384170403e-03
2.109272988430982605e-03
2.128001168277764577e-03
1.716648955647953655e-03
2.245626020862275148e-03
1.027629119096363586e-03
9.671488669642229908e-04
3.429611178719415079e-03
1.417433605792533385e-03
3.242825262230379299e-03
1.786067216906346957e-03
1.499033422575162889e-03
1.588824669658077870e-03
1.974632274964820047e-03
2.450974994235102962e-03
1.021553793263475221e-03
1.986821669081681712e-03
1.364972828115974335e-03
1.336818968457416075e-03
1.216953342765469438e-03
1.704462086917860183e-03
1.674056500059986846e-03
1.394329527993529898e-03
1.131640444638053970e-03
3.146744754876134188e-03
1.537612222051245713e-03
1.980862850197512987e-03
2.942844765836893483e-03
2.496709110822689301e-03
1.333188087302674546e-03
1.898824623508643065e-03
3.014763802380122579e-03
9.412359825429420911e-04
2.144681035787964016e-03
1.648462810890959909e-03
2.781505141502872876e-03
1.895215520091279079e-03
1.752677897945157911e-03
2.125041113920239384e-03
1.695138114356543662e-03
3.384167344382644788e-03
1.276503207835755780e-03
1.411715738400391631e-03
2.481078614438802631e-03
7.069384414010002234e-04
2.707207400985186131e-03
2.883282604963038030e-03
7.707366708452898559e-04
2.047926821931098963e-03
2.175897856464906795e-03
3.005213150181470193e-03
2.079256603607992828e-03
1.865796648973659178e-03
2.166053841973750085e-03
1.753489863650076804e-03
1.712563254547265924e-03
1.914558475349757184e-03
1.194269343858431935e-03
2.815925792616910846e-03
2.491726186153158523e-03
1.472459201427631266e-03
2.413472496897581948e-03
1.796596066347251825e-03
2.953676028388654406e-03
2.080056542623408278e-03
1.575415537138568365e-03
1.955475872042358818e-03
1.409955390904195360e-03
2.098915997015084016e-03
2.636573211832164351e-03
1.521879623963820569e-03
1.138049910044453125e-03
1.496941447559702086e-03
7.304489310133543793e-04
1.464509678843669551e-03
3.600977980881760361e-03
1.292951739172527089e-03
1.439901197578407786e-03
1.643351479508900394e-03
2.446973321195921279e-03
1.311655697139968695e-03
1.493305192824586920e-03
1.977367315337096986e-03
1.827603610690215104e-03
1.215420001252634974e-03
1.184849334975025771e-03
2.580779325284855534e-03
1.223123809975942876e-03
1.347112382367417595e-03
2.171556524392759951e-03
1.782283497189348677e-03
1.825518328463891869e-03
2.100799051666237677e-03
1.688263443806102722e-03
1.869124698774622369e-03
1.198346441597763221e-03
2.561672041847579302e-03
7.573738518899710958e-04
1.887530410672333273e-03
1.932040553600701841e-03
1.237422220392359051e-03
1.256754782342513806e-03
1.784918370627582582e-03
2.478752443494999270e-03
2.472482514585815170e-03
2.541478517888916440e-03
1.655758249099025057e-03
1.151933504194498602e-03
1.683585866400268399e-03
1.892006457137317479e-03
3.117203773737660995e-03
1.368040272697302511e-03
1.498994396453688042e-03
1.209211473091649156e-03
2.517650899915966148e-03
1.219306184753150358e-03
2.085683062501438121e-03
1.873982345807648957e-03
1.870065012663783399e-03
1.852478313260773508e-03
3.333980279590182880e-03
1.597158965745894927e-03
4.887523735580902350e-04
2.388138651711814442e-03
2.229194804490925146e-03
3.351991694691966190e-03
1.653546694956827424e-03
1.814352764851054648e-03
2.380494347505668264e-03
1.951223934843139942e-03
2.073969886465831889e-03
1.403043319956408241e-03
2.032079917088256034e-03
9.433260337817093912e-04
2.081918766000713690e-03
2.174461604605353125e-03
1.967049431395149432e-03
2.227856236675942580e-03
1.815501303004041092e-03
2.527867597308332184e-03
2.476590214305098708e-03
1.635138072517331072e-03
2.070231531324711726e-03
7.420442081582746601e-04
1.483579331856126407e-03
1.992912331011240448e-03
2.703594987613652020e-03
1.358820592323382783e-03
2.160909294388494405e-03
1.615168262554461621e-03
2.194390915075839377e-03
1.247990760823967883e-03
1.526124869387306734e-03
2.008420531708716462e-03
2.008776541109947526e-03
1.202091492342323778e-03
2.869796043908778502e-03
1.946602526279738289e-03
2.256031692803073078e-03
2.009665352151148842e-03
1.753736271819761675e-03
1.388008438120410214e-03
2.128282606028786619e-03
8.389358043687997202e-04
1.702652262462752732e-03
1.247418628425312793e-03
1.741162901972588507e-03
1.870665131292049803e-03
1.751026316434137718e-03
2.152696876111023522e-03
2.156277770017763374e-03
7.055041023302644062e-04
1.513331063349011504e-03
1.698376900981878219e-03
1.145411650030321062e-03
1.508881837308410868e-03
2.012757355663198980e-03
9.450729732134777227e-04
1.023147215998184692e-03
2.067334820895780269e-03
2.248600385122763012e-03
8.805815225092373383e-04
1.381058930657177520e-03
1.196182312815342701e-03
1.193800777775789156e-03
1.717453379682025699e-03
1.654404052452562853e-03
1.179730312462781055e-03
1.928062270803999369e-03
1.906180883687388613e-03
2.228639627105398566e-03
3.027459130562430364e-03
3.076229817680278724e-03
2.741271144417142726e-03
1.804728699484116914e-03
2.327189082778886083e-03
2.431724282068551801e-03
1.422087163219390741e-03
2.525229834605144472e-03
1.782552845313000551e-03
1.846770410613492175e-03
7.292298934753660335e-04
1.676516006692797649e-03
1.856050439613309878e-03
1.477816430403816172e-03
1.387416417825516413e-03
2.364737084550094792e-03
8.634920096357305737e-04
1.319789647984273692e-03
1.746162043767146045e-03
1.871773119990556523e-03
2.362291571789707900e-03
2.365240065613491861e-03
2.996879837728546291e-03
1.218859103425073715e-03
1.598095158705881234e-03
2.175506970276087134e-03
1.843979499206044271e-03
1.873105524240721922e-03
2.229736288740757823e-03
2.563665713976732031e-03
1.648154626049897452e-03
1.719494449095626586e-03
8.244605498332422538e-04
1.976678813371330733e-03
2.534405223959307254e-03
2.464412974832659500e-03
2.076981332153472574e-03
1.124791601235510582e-03
2.219988666934944767e-03
1.028231014382219267e-03
1.687282812877738446e-03
2.725619662689116561e-03
1.238907097811386190e-03
4.385203095034700439e-03
8.094699664842911965e-04
1.770776067693888419e-03
1.842303635101367977e-03
1.432340047267844849e-03
2.688364737308890969e-03
2.913245523600095210e-03
1.863683085985757453e-03
2.349633632995380347e-03
1.024243729191815205e-03
1.217886016794184805e-03
2.704435229870526085e-03
1.217701352870566821e-03
2.418956415021684438e-03
1.380753822317081587e-03
1.776776408374555619e-03
1.502761466448817966e-03
2.155460628825427161e-03
1.530819535564870767e-03
2.688222510761761105e-03
2.293697221240303778e-03
1.495097322049245480e-03
2.513781610394337160e-03
2.990054123781544712e-03
1.850516263530755778e-03
1.374217547245779568e-03
2.422148924250802898e-03
8.627532379535914672e-04
2.616811518778881102e-03
1.582032372627214384e-03
1.658103321695676789e-03
1.688015785346880368e-03
2.881300381153989280e-03
1.413166925101004686e-03
1.521639083656955039e-03
3.737801709480021838e-03
1.645127150318870333e-03
1.371472576096123162e-03
1.691377490412087009e-03
2.263121940288464595e-03
1.271236851568541184e-03
1.402075027553758776e-03
1.814073006502702054e-03
1.827484832735686709e-03
9.429525183220396336e-04
1.164301559479313970e-03
1.441365750885907279e-03
1.806679799942731467e-03
2.511903445649725682e-03
1.689774252900855863e-03
1.918479984626979837e-03
1.940461762936804106e-03
1.829839622595189150e-03
1.113241572637078871e-03
1.086483936352279633e-03
1.066885214988400402e-03
2.609026313112783064e-03
1.852015025933251464e-03
1.713373123064955818e-03
3.485535455767266051e-03
1.766006187862624631e-03
2.119954728037777483e-03
2.119514372432706930e-03
2.949757285440912560e-03
1.806290721305388791e-03
1.233920465101522946e-03
1.747171067669194954e-03
2.549224813812553045e-03
2.960248908880823426e-03
1.251400864333813241e-03
1.916878678569544419e-03
1.492918913424324655e-03
1.439065435043013772e-03
1.801164832180161867e-03
2.361090122604819243e-03
2.052583571461938285e-03
8.300803938150627757e-04
6.605911945564787611e-04
2.152159230111305287e-03
1.905057058818726730e-03
2.700030498457208199e-03
2.003964304586896509e-03
1.746835510679971152e-03
1.081274437323182132e-03
1.427540999142274270e-03
2.508630986680434813e-03
2.524321008897978651e-03
6.136560388465324032e-04
1.905043424802171882e-03
2.116752698466272623e-03
1.208743094320084699e-03
2.385492082305189915e-03
2.457022684832175455e-03
1.771492156348219256e-03
2.025447396989883339e-03
9.888399366190798578e-04
2.068736982705518361e-03
1.775559692551787741e-03
2.719170078871091002e-03
1.999440083116178334e-03
2.045697576698914718e-03
1.351056431857178275e-03
1.539216284011613207e-03
2.232038775623586616e-03
1.806012153208882065e-03
1.876949696355173546e-03
2.402269612260098802e-03
2.570337252635553765e-03
2.597644221072284258e-03
2.049639940928789112e-03
8.528273705806196968e-04
7.994417999264075755e-04
2.425312189859224477e-03
2.020949621748404246e-03
2.281919738364234212e-03
2.371180842736162614e-03
1.541355405248304861e-03
1.883276791055451529e-03
1.324758174855783380e-03
1.860053385572930538e-03
1.803951275228980484e-03
2.805465026040725174e-03
1.798362701400203507e-03
1.851480212115044896e-03
1.129472726973395399e-03
1.693537013456637447e-03
1.445033816624087444e-03
1.635926286015378052e-03
2.473075035394930836e-03
2.661290538316785428e-03
2.252774630557821157e-03
1.200650810915433265e-03
2.059100334608494030e-03
2.836557969102292739e-03
1.763080649866605827e-03
1.546524000890122253e-03
2.444295398516585158e-03
1.425905029573914379e-03
1.882605896495394933e-03
2.185488484993680387e-03
2.094216156678073166e-03
3.011924392749134455e-03
3.798927150677332710e-03
1.999417951418828564e-03
1.663558532370490884e-03
2.236828412917616499e-03
1.862149894043758956e-03
2.049581297833452317e-03
1.738352971775638991e-03
2.433706606562903527e-03
1.706309035353906255e-03
1.937821947291056305e-03
2.236788374650240923e-03
1.460378161903414310e-03
2.236298451027651270e-03
1.166071016330092738e-03
1.105333670340049104e-03
1.205603549799496698e-03
2.188901244312210694e-03
1.956478815359573905e-03
1.317886079573477682e-03
2.143594855758675262e-03
1.202437559246257370e-03
1.520224490857733507e-03
1.491306033027038104e-03
2.313195844050165359e-03
3.355288961506208527e-03
2.037527043558234191e-03
1.800949060079131813e-03
1.287174040483087022e-03
2.544280598221777562e-03
2.691983029194977388e-03
1.569153581699614256e-03
1.889845275549914289e-03
2.081735766513252966e-03
1.421087342669854862e-03
2.781123811913124768e-03
2.202741027715903171e-03
1.369939968611129160e-03
1.516221632535508018e-03
2.515474284372355707e-03
1.576531231757554276e-03
2.030287389435984739e-03
2.026013234984332459e-03
1.848137622071471288e-03
