3.506823008769438792e-03
2.133031078717932856e-03
1.398423845275515581e-03
1.812586566554513084e-03
1.034647411224822290e-03
1.129643865252761637e-03
1.723634845023198480e-03
1.383038772021888537e-03
3.744289329632184866e-03
1.492010731203350466e-03
2.069756945691631628e-03
1.692049547232896091e-03
1.701004182476844716e-03
1.500568798052758944e-03
3.902243311621401544e-03
1.771606148848391951e-03
2.704662716374850104e-03
1.907597627896884251e-03
1.846976159871682689e-03
3.761303723677199892e-03
2.128487553495341661e-03
1.639154897640601044e-03
1.562642090245608016e-03
1.846050743185181702e-03
1.873284714494178249e-03
1.086437487121861938e-03
1.587928563952444158e-03
1.819421373434891836e-03
2.217879458273764714e-03
1.934112973206042431e-03
8.770918581350923724e-04
1.479869719894689193e-03
3.262647525012222095e-03
3.375185497199353034e-03
1.051928146342420321e-03
2.395676229694995892e-03
2.619983049383678778e-03
2.000167071084439294e-03
1.886779739771807501e-03
1.904852884761460341e-03
2.653120792574547356e-03
3.777049924905643598e-03
2.387536849307804205e-03
2.852865258056126382e-03
4.728764260872037723e-04
1.528570205937105188e-03
1.732482106986271437e-03
1.171087424084112788e-03
1.540868092228630257e-03
1.385066768336108830e-03
2.034487704961824781e-03
1.403105891420442647e-03
1.844930451570704058e-03
9.445598645236003661e-04
2.272792313983047069e-03
1.569134132748280707e-03
1.588588560830715571e-03
2.075944072177910056e-03
2.597479995209745970e-03
1.957807461570637390e-03
1.173826476280964313e-03
1.425976078769102809e-03
1.653199512220898887e-03
2.174363613124132965e-03
1.804464407643912964e-03
1.762598436317002696e-03
1.769725754789814188e-03
2.173430352112395297e-03
6.032887406986420708e-04
1.723302068131283291e-03
1.419535333530997506e-03
2.572862385884351795e-03
9.898119599065977308e-04
2.460522243667584517e-03
2.217491977453624370e-03
1.504301624056820965e-03
3.194047899424417962e-03
1.956156877033078667e-03
1.769796803222061475e-03
1.427341391385492314e-03
1.878939224191150063e-03
1.834828006748674472e-03
1.654374018140620422e-03
1.668949536116509993e-03
3.339723569647250982e-03
1.581529179871331075e-03
1.528769404479474138e-03
9.567399778289594750e-04
2.366538971186018820e-03
1.078303639739009671e-03
1.289956108029829745e-03
1.285996816975658969e-03
1.795613047617480862e-03
1.645895107458251799e-03
1.195862433439483534e-03
1.785467006070616232e-03
1.577387224447791489e-03
1.916913894949068753e-03
2.542783521339393813e-03
1.660308736310090469e-03
2.013501443389445825e-03
2.350012345684998703e-03
1.365144213747231496e-03
1.769510062140031148e-03
2.336802025583530323e-03
2.524112230378012037e-03
1.033390191520216920e-03
2.057494618716914931e-03
2.563393016742740189e-03
2.862279427368727338e-03
2.265975451126881011e-03
7.967616334148298072e-04
1.451027445005660275e-03
2.870470057336879568e-03
2.700046486548138367e-03
1.669691772967625294e-03
1.400248002869653721e-03
1.899616953613925260e-03
2.266216332607609574e-03
3.004753301085361702e-03
2.749320059776433779e-03
1.531841782351182901e-03
1.452777889037776922e-03
1.697679733173784169e-03
1.192106397926775150e-03
1.338778941081758414e-03
3.044956015271705046e-03
2.911696524181506002e-03
2.696481037430852826e-03
1.100511905552515549e-03
1.522490348066085544e-03
5.629636006266709953e-04
3.152922781056113292e-03
2.290232716069066574e-03
2.600814074782735897e-03
2.112725031985782705e-03
1.664860744685697433e-03
2.034214288332400825e-03
1.980766939353597201e-03
2.422583479084791224e-03
1.477677487563786810e-03
1.479231292329252941e-03
3.201872333918822418e-03
2.139680754836615663e-03
1.189633064651575162e-03
2.186778545680982937e-03
1.108543865673577555e-03
1.778234475664815760e-03
1.558100241554002474e-03
1.174589378216461593e-03
1.604410485423877434e-03
1.019140494868005925e-03
1.819159229346834156e-03
1.825219372683079596e-03
2.095954993233342493e-03
1.332888004094349597e-03
1.704785276628950977e-03
7.551789982162058872e-04
2.128320165996214989e-03
2.248584573997923931e-03
1.888744038678266245e-03
7.551214419756119072e-04
7.991080697602085487e-04
8.725771715611329530e-04
2.782189986554292702e-03
1.551698356749676251e-03
1.752706407532151614e-03
1.347233533054345653e-03
1.677111337657987084e-03
2.717776001370350754e-03
1.151079815468210267e-03
1.619062230297778782e-03
1.092853505366113073e-03
2.669115419722911924e-03
2.780215632083900788e-03
1.299907286918048016e-03
2.473988622013399870e-03
1.085489168559825631e-03
1.597761725222698360e-03
1.243375523872925848e-03
1.136626263478994437e-03
1.846381155165695200e-03
2.089991710952615166e-03
1.238909814981975629e-03
1.732880865859674335e-03
1.941280426790510790e-03
2.456633250702433807e-03
2.690175091674749767e-03
3.676570557265061451e-03
1.762025571008084962e-03
1.515608898600238376e-03
1.654618633798137081e-03
2.276234871956333769e-03
2.235666657426596104e-03
2.108229306251972659e-03
2.704763976679094156e-03
2.047412375670639752e-03
1.226542120921891594e-03
3.050267087777911411e-03
1.150288770862661208e-03
1.738896707203455060e-03
1.196703534349848573e-03
1.685130114803731803e-03
2.482404405220670508e-03
1.596442362199001043e-03
2.458027990241277213e-03
1.496684423446700525e-03
2.192850511118249815e-03
8.239188303689560849e-04
2.081124786452173085e-03
2.337387346621509071e-03
1.752677572293826922e-03
1.588010042291094397e-03
2.038321860946983033e-03
2.174032737639223362e-03
5.516666436110168308e-04
1.162065466014298217e-03
1.753587656854797795e-03
1.461226177616334115e-03
1.226914908471614515e-03
1.554752548281799693e-03
2.185198395732384103e-03
8.348696740962316528e-04
1.448318869891662263e-03
1.454612674002909349e-03
1.203164600692010078e-03
1.005506549990206567e-03
2.272760438205298841e-03
2.274313094088932421e-03
1.295411578416359732e-03
2.974189916897228194e-03
1.287839429900570912e-03
3.272001400107193547e-03
5.372961853108704222e-04
1.624769867414221046e-03
2.739238727301301825e-03
2.045796236919941030e-03
1.937932333751399630e-03
2.463883047512009997e-03
8.450818223523459639e-04
1.593471729133768720e-03
1.533506730976829865e-03
1.441898594539524217e-03
2.323662029948563371e-03
1.760696335593766280e-03
1.875057555481400530e-03
2.085970192090544784e-03
7.875755711673622069e-04
1.151648478001064853e-03
2.466454370820147027e-03
1.996302587533255266e-03
9.461978998318627430e-04
1.741400888976963593e-03
1.013430244657214036e-03
2.888569216902960556e-03
2.916848631184815448e-03
1.852877686580873704e-03
1.923098923225656336e-03
1.377848280225452311e-03
8.116348870511729549e-04
1.080852929378734329e-03
2.262738513596523199e-03
1.730334255972591469e-03
3.072533923160547693e-03
1.149748231543340190e-03
2.861417948526511455e-03
1.586809685770469930e-03
1.124991334202164956e-03
2.457659360197752326e-03
2.547504831680088427e-03
1.256895622607128891e-03
1.913204874809346003e-03
2.920993077232640622e-03
1.598292469207423204e-03
1.222059005653702065e-03
1.214216039860388811e-03
1.856546415937272189e-03
4.413305341547316650e-03
1.642601995924344990e-03
1.972099502999313803e-03
1.290323522583318536e-03
1.876124210767302113e-03
2.052167997969433361e-03
1.910793184403093529e-03
1.254949732993514621e-03
9.864379516546072785e-04
2.268489039291041610e-03
1.413284011690984446e-03
1.498191725280842391e-03
1.637481733392331549e-03
2.061521129565362966e-03
1.119361959741285283e-03
2.626849929642237000e-03
3.608097371671292915e-03
1.698444777973963371e-03
2.184335176296086159e-03
1.729022008178534220e-03
2.351188244179088557e-03
1.187067012855713222e-03
7.382958259408551292e-04
1.609157178171581820e-03
1.990670029877718728e-03
1.772322130440318706e-03
1.316975217450753761e-03
3.420537776872939646e-03
1.519801939323756892e-03
2.612389471398652435e-03
1.629204613429630208e-03
7.704402803384870733e-04
2.307709420686202256e-03
1.595546914207766117e-03
2.902034351318780441e-03
1.400118486184708487e-03
2.908356097406035023e-03
2.792246248244940193e-03
1.678949138630676709e-03
1.754361041073408635e-03
2.100154690746095214e-03
2.274675913874436069e-03
1.805628011555057786e-03
6.734798604831358565e-04
2.484919649345631882e-03
1.522960512146062824e-03
2.508035104747448601e-03
1.928254514258321596e-03
3.318656860688181873e-03
1.328986075123284429e-03
1.749902548697065009e-03
8.303322203838834834e-04
2.157948251868095635e-03
1.926668109890535777e-03
1.690179072936174882e-03
1.523512594941659175e-03
1.135375761115913667e-03
7.573172471998303483e-04
8.625763373174694104e-04
2.006719655027295549e-03
2.453405202957492041e-03
1.685917138802859932e-03
1.314885766669049655e-03
2.543359339594302576e-03
2.303707692679258460e-03
1.364096105079713782e-03
3.350411783084569165e-03
3.969292711542091005e-03
1.844169616939683254e-03
2.481224701199294131e-03
2.574226183762266893e-03
2.379353457063533572e-03
4.430717846752667798e-04
2.058904382661842173e-03
2.909174975840583734e-03
8.444313133567312758e-04
2.709494622302203483e-03
2.324922763409903535e-03
1.367300867829543583e-03
1.939740755873320443e-03
2.074992129115251806e-03
8.654209312225730026e-04
3.953883604286692784e-03
1.995596859635182137e-03
1.158549702969580803e-03
3.406145306333653068e-03
1.641340671496836464e-03
1.765753776449264590e-03
2.509883028838035771e-03
1.590575562549475207e-03
1.492447339205309502e-03
2.642286126340022846e-03
1.274015509337833932e-03
6.118814650827024849e-04
8.972274368296174075e-04
2.414579253170412616e-03
2.802757531577487662e-03
1.586628235069127008e-03
2.913417038251930880e-03
1.216304833007855486e-03
1.550515570791082941e-03
1.858504442530605665e-03
1.676233748971936183e-03
2.103894117332278692e-03
1.498755845148647082e-03
2.820879912596187516e-03
1.706440109908533486e-03
1.237362668206629882e-03
1.994645954488812392e-03
2.113313870933202637e-03
1.583035247813634628e-03
2.338282370367655936e-03
2.138727086172036509e-03
1.050763584715319913e-03
2.231902939776341833e-03
1.760125892060098937e-03
1.576119192599481026e-03
1.041973966111065571e-03
1.579344782869277538e-03
2.461629333665467552e-03
1.644658094282562891e-03
1.332957821830330200e-03
1.272953965855998107e-03
2.058356678648191797e-03
1.916796264684711556e-03
1.853799555815475834e-03
1.625850063917331145e-03
1.492393735648087430e-03
2.244595670107818030e-03
1.727644978539843090e-03
2.237385970172217891e-03
2.113248369829390932e-03
3.005813229684978476e-03
2.360541492178695657e-03
2.776463530516577564e-03
1.298891201909270487e-03
2.691647825614914245e-03
2.182240675487397575e-03
3.702026950281547650e-03
2.153573730691396050e-03
1.469550965976994814e-03
1.666864340079146590e-03
2.242538769109617223e-03
2.390988396786807978e-03
2.370188046474151853e-03
1.106831656662307173e-03
9.884145375062202647e-04
2.004708015459835679e-03
1.258703060264544996e-03
1.081323718968427031e-03
3.057144392029666896e-03
1.159906994965888153e-03
1.627663943286843714e-03
2.622033376773884837e-03
1.343961079925109136e-03
1.354159399438746147e-03
1.756276627018137906e-03
2.114171804703464212e-03
1.567707709413247762e-03
1.943519725306882802e-03
1.188065474069116946e-03
2.861566152703640380e-03
1.196355285606825808e-03
1.525581571654069163e-03
8.022077807000095075e-04
2.016845260287842244e-03
3.219823312040229722e-03
8.296340242166129735e-04
1.011824597983015462e-03
1.406069859537876663e-03
1.335503735313473992e-03
9.985489337901627422e-04
9.301436234105224521e-04
1.586235866143296917e-03
2.233851036375123205e-03
1.469766800129362460e-03
2.308781026380836952e-03
1.783989809993222599e-03
9.465654026819328437e-04
1.022218196484339084e-03
1.984426215923112361e-03
1.109408366282586822e-03
1.249386062059018847e-03
1.783298164420320459e-03
2.085716694018635142e-03
2.294592484539116975e-03
2.157201650689246058e-03
1.750077394492539169e-03
1.373810594650937264e-03
1.894115856849664390e-03
2.578510315516586819e-03
1.318775660782049849e-03
2.401390227238230177e-03
1.347270019729208739e-03
1.882529502805131271e-03
2.186715253159428850e-03
2.636354919249794381e-03
2.402241982287521126e-03
1.710211663943486888e-03
1.498808810609178867e-03
1.192330950336262067e-03
1.900943077563274153e-03
1.510063343646639647e-03
1.930220150722410533e-03
1.935486483256961942e-03
3.453925115094501688e-03
1.474841440844249082e-03
2.314928972854075027e-03
1.426170772025533821e-03
1.315703392050043569e-03
2.230411561086599777e-03
1.258110412583879605e-03
2.166933453841435580e-03
1.566701059408600206e-03
1.801954217950769771e-03
2.221087441568080773e-03
2.109127653008299481e-03
1.307325274284244429e-03
2.980422733023386280e-03
1.506159350708209188e-03
1.232699799860012503e-03
1.898090682789894132e-03
1.687006826330466952e-03
2.319283431392771874e-03
1.207377762829819857e-03
8.029761106966821311e-04
2.701945815294669317e-03
2.064406757529150052e-03
2.617330181216674656e-03
1.705303819276717458e-03
2.412839526475277392e-03
2.460895333294251409e-03
1.983341460771839097e-03
1.440644119487437345e-03
2.018888452381858035e-03
2.287400318962592213e-03
7.174839364916126526e-04
2.150822664808302743e-03
2.439818730440822259e-03
1.460685194822958525e-03
3.202683836063724334e-03
2.496808892827860789e-03
2.110782328480099741e-03
1.181506522769876135e-03
2.679009245005121217e-03
1.920730208007095539e-03
3.568269248701635022e-03
1.369080027296661842e-03
3.001832465903132765e-03
1.079588959615202437e-03
1.345602925168976798e-03
2.000646238203493844e-03
1.238428099692777005e-03
2.030932986246818638e-03
1.645126861023342695e-03
2.498422202040677734e-03
2.505856388439084165e-03
1.013748136311473690e-03
2.161328004287204393e-03
1.283985307501766312e-03
1.818723218411807908e-03
1.895616957788192865e-03
2.638108300692972811e-03
1.498166052636822412e-03
1.520660252770404935e-03
1.845707248524028430e-03
2.200715907811452102e-03
1.619929461861374436e-03
1.967912668423413888e-03
1.423171706441131055e-03
1.029160351966633673e-03
1.904263227991248933e-03
1.429569071632054347e-03
2.217991889457127195e-03
2.684028345003603572e-03
1.400444873457015954e-03
1.519598199926272845e-03
7.761440290116553703e-04
8.450380363297794583e-04
7.051630938777951564e-04
1.512485400317232533e-03
8.895430312839173147e-04
2.474343144410435374e-03
2.421347676088594740e-03
3.194909258586687770e-03
2.405640231616594082e-03
1.725123292999897629e-03
2.155449180183643433e-03
2.196631371837706997e-03
8.495436409969382751e-04
1.786958717452970897e-03
2.935667678139034821e-03
2.457537886518870122e-03
2.586868392243837651e-03
2.613092538928000769e-03
1.035748264133045694e-03
1.914663843418172584e-03
1.366238693647053078e-03
2.019181075220131440e-03
1.529416478349316559e-03
2.329611872812497719e-03
1.524676706936827202e-03
2.475156481132678461e-03
8.176994655178699851e-04
2.221183694434346236e-03
9.881354511624561472e-04
1.522984353114674016e-03
1.557195866657786918e-03
1.167228693958594337e-03
1.351006380045982830e-03
1.897688600956045800e-03
1.887448565221418835e-03
1.462247355409507883e-03
1.143883331772596428e-03
1.601051951775042280e-03
3.791133509146792351e-03
2.658308569308813919e-03
2.160092697636807006e-03
9.856304824910828207e-04
2.650475080622479839e-03
2.202996662228732389e-03
1.452873643775631253e-03
2.087376424348192597e-03
1.644149222809846876e-03
1.637121668703698163e-03
2.763172087698732762e-03
2.191490681099333114e-03
1.834931550508441282e-03
2.100256188053863712e-03
4.518313995629424430e-04
1.633879028095168093e-03
2.221047008434845569e-03
2.313519889568579381e-03
2.573133456572778734e-03
2.581558894174279615e-03
1.400866255409073625e-03
2.984050099642820281e-03
2.649261994267888918e-03
1.457834053914529608e-03
2.828053328003781765e-03
2.107437739858659780e-03
1.758030118734800907e-03
1.392451185016430623e-03
2.507492918368965998e-03
1.781919093176593258e-03
9.761402028734465731e-04
2.380112391946755199e-03
1.711710846778156242e-03
2.338234058457790924e-03
2.328969406633433267e-03
1.443978167443342236e-03
9.081974908248814085e-04
1.438930861464815872e-03
1.498879476270982775e-03
1.759557101882632240e-03
1.995295060872043745e-03
1.057718608044457909e-03
2.352081833446201600e-03
2.340287178004477400e-03
2.650320143430049801e-03
2.364656244598465316e-03
1.654630283056936647e-03
2.286737531047878906e-03
1.447637168951397893e-03
2.134120169177075328e-03
2.252399837934182959e-03
1.395250333672121623e-03
2.193145163756295059e-03
2.604151679764632899e-03
2.038151419477747441e-03
1.567261071711018548e-03
1.099428849557888615e-03
1.423620240001251301e-03
1.223268158092650311e-03
2.872738925638648744e-03
1.123594822988190946e-03
1.969334845129381509e-03
1.233356056235337690e-03
2.328024958524164707e-03
2.905311835023603045e-03
2.809994802070735903e-03
1.658253617319968521e-03
1.916784159346819746e-03
1.557938758116746711e-03
1.786042755809903217e-03
4.014496088268673830e-03
1.748987916190507816e-03
1.653072025615356412e-03
5.041869283950145553e-03
2.141714286968877771e-03
2.592315935152942480e-03
3.235562960995474590e-03
2.224768644920225961e-03
1.349778866856443660e-03
9.430569189705716822e-04
1.992499583604154158e-03
1.623929824963807854e-03
2.329414112128847143e-03
1.705123444971042230e-03
1.632033894792957575e-03
1.978455423522528303e-03
1.745533805018522830e-03
1.321750406892591243e-03
2.526386844925726863e-03
2.649420664859980859e-03
3.041057951776877585e-03
1.480130226865398937e-03
2.240571965266138950e-03
6.357330015978436902e-04
1.181763877394405998e-03
2.583238537156687907e-03
9.353085720409100128e-04
1.221954829153054515e-03
3.040621305488411339e-03
2.671656847878046102e-03
1.792810975088157720e-03
1.772901743749557288e-03
2.000581781863143647e-03
2.114257237209144717e-03
1.733869570280089072e-03
1.378767113694842747e-03
2.474811212130353585e-03
2.874234740839651161e-03
1.364414792401996658e-03
3.019614759368153319e-03
1.647360697254063354e-03
1.104383957021872354e-03
2.514428606412133158e-03
2.040621008458328930e-03
1.960919333876794471e-03
2.206249458322417749e-03
2.417453033691131445e-03
2.421513874300877060e-03
8.332583039547211169e-04
1.792424144697911132e-03
2.696032743931445642e-03
1.965675661221326451e-03
1.438154995997828782e-03
1.611376966587878615e-03
1.276336012252015902e-03
2.126294689153615178e-03
1.673612348031448165e-03
1.804787589315118594e-03
2.197154392066429009e-03
9.310993816057145950e-04
1.728536253037218483e-03
1.097903834015264302e-03
1.818839977369806661e-03
2.219882563330739106e-03
2.417756943197229592e-03
2.180468292440194099e-03
2.022404992063033067e-03
9.122097675798959996e-04
2.975192590379187145e-03
2.743013885317451602e-03
2.371711735874948088e-03
1.664052808934803757e-03
1.481932667083167392e-03
1.646655572500742466e-03
1.861740626344367613e-03
1.770077694085522022e-03
2.468382061630496581e-03
1.176680102459352244e-03
2.228257206045912084e-03
1.974574474457285300e-03
2.066181354376970310e-03
9.949312987582645523e-04
1.548607125220419559e-03
1.057760733017707334e-03
8.418226268540273359e-04
1.689944960133639342e-03
1.851212976229165514e-03
1.440708963125729740e-03
2.541941040661753297e-03
1.877876214452012032e-03
1.839742721004527463e-03
1.711111857377118706e-03
1.702257856999485255e-03
2.396689104022396190e-03
5.530404414825210906e-04
2.219867283187930505e-03
2.046916751929145871e-03
8.456322511185312670e-04
2.772211334269130290e-03
8.008640904179174921e-04
1.773065521729557011e-03
1.662006391110397484e-03
1.624666055221279026e-03
1.839849093212499306e-03
5.488204713908097351e-04
1.370091465747043510e-03
1.487626265616942426e-03
2.556214616605314346e-03
7.583868537627177489e-04
3.167587812434339341e-03
2.217227146132171901e-03
2.024374449294394883e-03
9.108249886792081293e-04
1.212230466401037271e-03
1.098594121909128238e-03
3.133562654213560821e-03
1.444575172660777845e-03
2.913930633764498252e-03
1.832231460161741314e-03
2.443487595564420526e-03
1.624567712253150494e-03
2.534957623250122961e-03
2.680511658851260012e-03
7.520471837883107875e-04
1.104730520035965410e-03
1.911294127885499947e-03
2.129770579748725169e-03
1.835486924585029303e-03
1.652272616461745352e-03
1.871456491177496319e-03
2.347838487927344890e-03
2.187945647422801735e-03
1.694591313913316197e-03
1.926167104909959739e-03
3.054328213374173182e-03
7.977892769045258131e-04
1.159136573796589950e-03
2.575897335978028120e-03
2.820890787386210862e-03
