7.042114167302119566e-03
9.631101496464702233e-03
5.395498386208964423e-03
6.551806159125836068e-03
5.900422221917657646e-03
5.741207253171588636e-03
1.108970080709911071e-02
8.302629742422388062e-03
6.979618381136569287e-03
9.220803722034121366e-03
7.519798087966512827e-03
4.637674927951222423e-03
5.593167220276465922e-03
9.513836463733429602e-03
8.654985955089801106e-03
7.810768804674645543e-03
6.900723335813779662e-03
4.269908586758880409e-03
8.475350893775046579e-03
8.354642396401568485e-03
8.613842052975898000e-03
6.737522095183991894e-03
7.887022551382041197e-03
7.964678940862965004e-03
7.717202515457665529e-03
7.369834546694203382e-03
5.070355393110294664e-03
7.907173411176323871e-03
9.586607738537731432e-03
9.295462464947635076e-03
7.554931247448068085e-03
4.043075417989610947e-03
4.824117042956477946e-03
6.057318701971935344e-03
5.380515139901921422e-03
4.424135575182943855e-03
6.894520272501849546e-03
5.811766276894667245e-03
9.062887864520998565e-03
7.154528070208603964e-03
6.919751135795307317e-03
7.176886171147107280e-03
8.420658813652349625e-03
9.458829125426579040e-03
6.863420453441731496e-03
5.630213888712611546e-03
6.773588664203281443e-03
6.863380422996961765e-03
6.967191131946268330e-03
7.481638221156372386e-03
6.342558949376583301e-03
7.726023693718882951e-03
6.377790966849686619e-03
7.788814250140667535e-03
8.785598635101097079e-03
6.022742628641550473e-03
6.809642916355462296e-03
6.173235789223767075e-03
5.484461351660288933e-03
5.770038821292801032e-03
6.042001538196216728e-03
8.221703325428767611e-03
8.846649887391082323e-03
6.454753270031082270e-03
6.673899280157221704e-03
5.434427481776698751e-03
7.591279721889264767e-03
7.164098491815490931e-03
5.502601499537890413e-03
1.017410604753642318e-02
8.999041454661533407e-03
9.438002663226462488e-03
6.530280202884511560e-03
1.022442761631090456e-02
8.731198270613483789e-03
8.465987495825543288e-03
8.210817199864941032e-03
7.042751811148711440e-03
7.189522455986859656e-03
5.429204532203604078e-03
8.825877976549810836e-03
8.424071061577987490e-03
5.849506619013421227e-03
5.231388023916772219e-03
6.090533438827031541e-03
7.382840350217813839e-03
5.221060807067301468e-03
7.767630969357269995e-03
9.767771214931606980e-03
8.239620621925824659e-03
8.394514088575643837e-03
1.028577308696112039e-02
8.775946825981217198e-03
7.983391983172551457e-03
5.471652139301442369e-03
9.379410175705725494e-03
7.321113368314644161e-03
6.660161011541490365e-03
8.406406550574575462e-03
5.441400736517363473e-03
9.739993691055520708e-03
1.046596538817933658e-02
6.525132404953810396e-03
6.873047681650616345e-03
4.464028959654356074e-03
4.882378175721421507e-03
7.617585826466835575e-03
8.541688838566171768e-03
9.411267359246459907e-03
8.624365518953040419e-03
1.057880218795978489e-02
8.060297031771430226e-03
7.898674635901820409e-03
7.547214584002545981e-03
5.560646195596559600e-03
6.185754244036846192e-03
8.038827133757855611e-03
7.616487136881493029e-03
8.771949579129309851e-03
7.422567044543183952e-03
7.853991978060102797e-03
5.747565460817608517e-03
7.590733384228128162e-03
8.938270779567372357e-03
9.397869334699602770e-03
5.910415119000983139e-03
9.384997624172631073e-03
7.833666564806178803e-03
7.139093523965485584e-03
7.306785760200689393e-03
6.839564447543500757e-03
5.000981698047773059e-03
8.535927502913261827e-03
8.291957057666259762e-03
1.026367706935917695e-02
7.482658815110394650e-03
3.939865012013797803e-03
7.067652172311364618e-03
9.694811947688716791e-03
8.217472803366694320e-03
7.789879648417915269e-03
1.000056719994668088e-02
8.331191611417907567e-03
8.239306875937992339e-03
8.624936147667133443e-03
7.417481103128351419e-03
7.687735493792825434e-03
6.943091420125912551e-03
7.654777746435786207e-03
6.317949349340750559e-03
9.389427232469023735e-03
9.420324775674469853e-03
9.083675310942236625e-03
6.970550672692791931e-03
5.893233804585649299e-03
7.065978378456143696e-03
6.904588304855358537e-03
8.814950124389609940e-03
5.179071064319043516e-03
6.901077877548214903e-03
7.730791934879991875e-03
6.237370106035680997e-03
7.896810653138394698e-03
7.945326355340159158e-03
6.349096422372008282e-03
9.658615050032175187e-03
7.990200426673357489e-03
7.713642328539414145e-03
9.733413302968131273e-03
8.238908708559625552e-03
6.308359216187928165e-03
6.074558225335241653e-03
7.342854811549283725e-03
5.341404673791938160e-03
5.703958645196696708e-03
8.351987970282716972e-03
5.627369137232050497e-03
6.557817408595839094e-03
6.561239531535267150e-03
6.450611706271828540e-03
4.718619817920039275e-03
6.562163952937733261e-03
6.198165671750073373e-03
5.577641649723255601e-03
9.255877300511501996e-03
9.332746233057147636e-03
8.229496776264035030e-03
8.669447348952183385e-03
8.432601646312909080e-03
8.050691299130991255e-03
6.017061913928691171e-03
6.970926968720979854e-03
7.616878118527462688e-03
8.564376823331680891e-03
7.269457315553494794e-03
6.592780176396573037e-03
6.961054337299069257e-03
5.236619948892295116e-03
6.387354735399614070e-03
8.252480955270589599e-03
8.737620098492685991e-03
7.699942422918375218e-03
1.038669641028295773e-02
8.809614392022692420e-03
8.339830517227010687e-03
6.174538162364044333e-03
7.675992499816027513e-03
9.204116962173360117e-03
5.632738371477995047e-03
7.649359270232676186e-03
8.328859234700928052e-03
6.228682630952978375e-03
6.668221239864097552e-03
7.698458905923428325e-03
5.341990062755714273e-03
7.769804149807164884e-03
8.581731717835524090e-03
6.391869574389196472e-03
6.256940117821124282e-03
7.718097521475010894e-03
6.660505621069836776e-03
6.640341046621830653e-03
6.509298260384114611e-03
9.220393524131929169e-03
7.033812819159374410e-03
5.961431516516274738e-03
7.813573829262607240e-03
8.706465926945709463e-03
6.428350563569895822e-03
5.270939761013559988e-03
7.035921260935594848e-03
7.436955260932642114e-03
8.495507958466536405e-03
9.489532555064853631e-03
7.821562567285268025e-03
7.569108299850953701e-03
4.961653703029393278e-03
6.182952524059320484e-03
8.200702545246629782e-03
7.246334257152778346e-03
8.247074392464246936e-03
5.963783025674000531e-03
6.639407570765836451e-03
6.145020905064150531e-03
7.324136799791517057e-03
6.062647210253920178e-03
9.848982021767647629e-03
6.176311534228927889e-03
5.715297755493598496e-03
4.699064329865108511e-03
5.513428020607324780e-03
1.001031248047857050e-02
6.475010804970026193e-03
6.932556729549423785e-03
8.907760717310876306e-03
6.055161675201114514e-03
9.393686847584169566e-03
7.261748519324095173e-03
4.302945117004996697e-03
5.677350473943597320e-03
8.599348865135105630e-03
5.545263451679071677e-03
8.117813557901171206e-03
7.052128275683508529e-03
8.152709932807991611e-03
8.306091275545041466e-03
8.689853485841227479e-03
8.002217919945439975e-03
8.973146919781418984e-03
8.501557278301060880e-03
5.754247156642161576e-03
1.029819556941639555e-02
5.379011192336267955e-03
4.047348583541649121e-03
3.553039405125641825e-03
7.612843219072787035e-03
9.138877418605244329e-03
6.455333997476380738e-03
7.709631773963688921e-03
6.393599158801692960e-03
9.061205396290582942e-03
9.292114972142018550e-03
9.642157832782169771e-03
7.801497199788127133e-03
7.551546230927789170e-03
8.643178080670058799e-03
5.648816695981218050e-03
6.238161968277269008e-03
9.039470528397651125e-03
1.214118664692545591e-02
6.049503771564982389e-03
6.358307874595786960e-03
8.415333841307794799e-03
7.527406054294173698e-03
5.479339601883220084e-03
7.350913746815639430e-03
5.241558829433475356e-03
7.473388005911419003e-03
7.981707999571213338e-03
5.189605849301175307e-03
8.567762972985991723e-03
8.111631616137210052e-03
5.780447571659409235e-03
9.451962406882705864e-03
8.879521345938990590e-03
6.914595063726982835e-03
6.910009455187660077e-03
7.360053665084775529e-03
8.589752113918144860e-03
7.092586453723711930e-03
5.625263529759070950e-03
8.329524920186440543e-03
9.622371952200923367e-03
1.035237250651353108e-02
8.786859256728282025e-03
5.975191160734223163e-03
6.925313509551304578e-03
7.072131694560913721e-03
6.315105599754115839e-03
8.449360818698370759e-03
8.382447657407627803e-03
6.711516151927108750e-03
7.236008280331210872e-03
6.814670342830027490e-03
6.210535252810210800e-03
7.817504636806638096e-03
7.321700192042169923e-03
8.254006022322213018e-03
6.059141896544046994e-03
7.622654845988981534e-03
8.083236968941311454e-03
8.271378962185178124e-03
7.153361395975149813e-03
7.017850496749033357e-03
7.807309470085402152e-03
8.527739961789501666e-03
7.377003203104420467e-03
7.045410925073443409e-03
9.095797203207911519e-03
6.356201082560263005e-03
7.484196433925409744e-03
8.174404231655376871e-03
8.285195022695913264e-03
1.052530059656132250e-02
6.538294127813358905e-03
7.540459859169238582e-03
6.457667561698086749e-03
8.904030262988775132e-03
9.836952071087305682e-03
6.377332050934403709e-03
7.322501169094276265e-03
7.175345017000051180e-03
7.059174825532896040e-03
1.038102625382487931e-02
6.915371298309898503e-03
7.398917581113840722e-03
8.197070636364137478e-03
8.794844601165960341e-03
6.614564120042433319e-03
7.450703724887015357e-03
5.731066290028846363e-03
5.172024071795166059e-03
7.379614079309281850e-03
7.113755129134375320e-03
7.418645183456493673e-03
8.037932079907690944e-03
6.315621575805802773e-03
8.364330609350958262e-03
8.676648819170263219e-03
5.214591246240926278e-03
1.088908344436325358e-02
6.257347077110641566e-03
6.114364449349448880e-03
7.506851032655378550e-03
6.852807313540221386e-03
8.020509100356013749e-03
7.402239089155594060e-03
6.760487665369061851e-03
8.742557585031118794e-03
5.970223895904109776e-03
7.117540871657793145e-03
7.700123335839093204e-03
1.003297850436636954e-02
8.149692846060974799e-03
9.199962557945891642e-03
6.832548362974267750e-03
9.539034089872396038e-03
1.089924087556367813e-02
1.025761168905081622e-02
5.734970439835842052e-03
7.731558048458208286e-03
6.666663141789122733e-03
6.571150191700282812e-03
6.540688574591006083e-03
8.048999575960582437e-03
8.204525729197614456e-03
8.530887604024093782e-03
7.286241538691424525e-03
7.229432394867284749e-03
6.810553746619206136e-03
5.762551429800521867e-03
6.714781075902283985e-03
1.077214780089730088e-02
6.692534444206687909e-03
7.188766910791250658e-03
8.867433176463344890e-03
5.718199393450252611e-03
6.888664909408154756e-03
8.055106475484543477e-03
6.615709261348341405e-03
7.220732028975686105e-03
9.473423707686298365e-03
9.040240165004225295e-03
8.447305279958619226e-03
6.306791945973125313e-03
9.471250394746525900e-03
6.211138043093277807e-03
4.872221268694331905e-03
6.514403818744842964e-03
7.413599125711655378e-03
5.762562310857441937e-03
5.211306541446345843e-03
7.375201781575547837e-03
1.118377619634502301e-02
8.396609458594975553e-03
8.650934864428062865e-03
6.209600112740471488e-03
5.689665669079331869e-03
4.600233470633800607e-03
9.115365492573595033e-03
6.281695308579206792e-03
6.615807116180898693e-03
8.193490151938164628e-03
8.015347224563221240e-03
6.713319108908677793e-03
7.527286468886020508e-03
6.219220636075857046e-03
7.748802769058797495e-03
7.817003779707018887e-03
5.106544293915645481e-03
9.681140262937041469e-03
8.703763976380044301e-03
4.957680532808459578e-03
1.035576873779548053e-02
8.520569695899128659e-03
7.076405407099431444e-03
9.087373054892768434e-03
8.325963542087210650e-03
7.024694934728337864e-03
6.656294009302828572e-03
7.544003325420422894e-03
7.322507394756601340e-03
5.190720579787558471e-03
6.608568665612508247e-03
8.723432969306112519e-03
7.829722288862531882e-03
6.935871316682921776e-03
1.015837309884690121e-02
7.367278600909749585e-03
9.049585036783280162e-03
6.199370696230735445e-03
6.139164301621961688e-03
9.172025136690676456e-03
8.749012078441887122e-03
4.973166776970595719e-03
7.511879705664917077e-03
8.523261754076414884e-03
9.083447599979772163e-03
9.697369455661429549e-03
8.254988994401092281e-03
5.172901962389844614e-03
9.388359440282940949e-03
7.605485093187151942e-03
9.039879994032001473e-03
5.806758839288942570e-03
9.424416403932499992e-03
6.754824629779884911e-03
5.951296293446227403e-03
9.091404367584382182e-03
1.066632611452178643e-02
7.897872205687770861e-03
7.368505953474494691e-03
8.343467676749373799e-03
8.615462884973277766e-03
6.711472645301566967e-03
7.032050219606691965e-03
7.012636475191630012e-03
9.141237867327386968e-03
8.335048584045731332e-03
8.096055519248282831e-03
8.615436173399012784e-03
1.187952348708985403e-02
7.497855581504292086e-03
9.849797730795835718e-03
6.793907897125413958e-03
5.886586917419115578e-03
6.881687480631452219e-03
9.222573862461351871e-03
8.415747848983018767e-03
6.659630513965455849e-03
6.419066830027357791e-03
7.135342947898798763e-03
6.064311566000455886e-03
8.195656541322204891e-03
5.942862517503782159e-03
8.318259286831783741e-03
7.932594704638364427e-03
8.419737262706315090e-03
7.536901888689124390e-03
9.716716609016785161e-03
7.440661677308884649e-03
7.257135644830386631e-03
5.977877325718826407e-03
8.892497707648510177e-03
6.128955651310778047e-03
7.627204206876890893e-03
7.041969415689709570e-03
9.089235852414905351e-03
7.869070393830748106e-03
6.278554728917991497e-03
8.880615937875827037e-03
8.514182081124201454e-03
8.299555326458702212e-03
7.885282653243480544e-03
6.968254367946219614e-03
1.011287441812961860e-02
7.085187774113108419e-03
6.937597695854029120e-03
7.255608151217835325e-03
7.531417746772341333e-03
8.837217690244853971e-03
7.642151945417965074e-03
7.041363346244486343e-03
9.154605442794094480e-03
7.311072924428889397e-03
8.431989372626170348e-03
9.966543107165640528e-03
7.789179582030608846e-03
8.972376335262925717e-03
6.684799092942179076e-03
7.355014919270625763e-03
7.723002006352043536e-03
6.607578862398754208e-03
4.818583039801856670e-03
7.064591092464104355e-03
6.214132025858409847e-03
7.373479152385138853e-03
7.860563531420816305e-03
5.728402051674946933e-03
6.388817912569171899e-03
8.103032228712737581e-03
1.020563941784845968e-02
5.680222043017624581e-03
1.008528827147505032e-02
8.014347443923519262e-03
6.133432267371121197e-03
1.022271787007256183e-02
7.184765480843978425e-03
7.282111718679399812e-03
8.127520001836396543e-03
8.945712136273705622e-03
6.942175056451971651e-03
8.519382742291848470e-03
7.298540289581962638e-03
7.009151302461450773e-03
8.634125768165117759e-03
7.074389226980800846e-03
9.125295883327545071e-03
7.892701582602060575e-03
8.298820815466382075e-03
6.547616141097298802e-03
8.395615516913042253e-03
9.600905406540847717e-03
5.372751447154111744e-03
5.797141512554993686e-03
9.038436099403839713e-03
9.747307577570758774e-03
6.844954411265413534e-03
8.845083217581232657e-03
8.733892692268926256e-03
6.034747598104190335e-03
9.670659041300903522e-03
8.895694806286217476e-03
7.226336831874886554e-03
8.615468699069855213e-03
7.531037458001376382e-03
8.970760729959866356e-03
7.073712235721469482e-03
8.654895861822924780e-03
7.899557067941312058e-03
7.610455430941224023e-03
6.873841116808742692e-03
9.454239980906773907e-03
9.900164749536678743e-03
8.189550545674490270e-03
7.598367064715927897e-03
6.681835160820171968e-03
6.648968190414190384e-03
1.104148719142706778e-02
8.108070977046683350e-03
8.071385714171453243e-03
8.263288129617196026e-03
6.970620991854974309e-03
6.547097231884732756e-03
5.561742930785058998e-03
8.677054584065558088e-03
6.935220010000923453e-03
8.138575069998195063e-03
9.791043085725262968e-03
6.742272525253065543e-03
9.238302012485183345e-03
1.115991102869020972e-02
1.004788589192481991e-02
6.322121231365882173e-03
7.726398869452643335e-03
8.613985499316530181e-03
8.844727985893146779e-03
8.357183231157493120e-03
6.884960530958351803e-03
8.094043668947982495e-03
4.836456615408271480e-03
7.226637749396076608e-03
8.211354995049062813e-03
8.791918114517582178e-03
1.033832553631977916e-02
7.924797850969247243e-03
1.115956149895353140e-02
8.515784268830010537e-03
6.698402872175841967e-03
9.225422225283134645e-03
7.484818542797344251e-03
7.328902519431296572e-03
8.544358725830508705e-03
6.772167578999397849e-03
7.513556719420309143e-03
9.634433769776832093e-03
7.390724136846570091e-03
5.905102850811387236e-03
7.512391398337593153e-03
7.894662323556400629e-03
9.821706560966167107e-03
7.199047167166816932e-03
1.061395794338568406e-02
5.774437031362955088e-03
7.697433178955975959e-03
7.110379246422118826e-03
6.945150467463232814e-03
7.334693619585576189e-03
7.033710457072470459e-03
5.604604922925523341e-03
7.243394577677008880e-03
8.454728080539678989e-03
6.057261595890354837e-03
7.886916763825831470e-03
9.751879409611370619e-03
6.337685489434460862e-03
8.004864844816906091e-03
5.530625770059591564e-03
5.951162127654417711e-03
9.509961266289859022e-03
6.250125842858895130e-03
7.617672222131377339e-03
8.955282525524448783e-03
6.185697768476028022e-03
1.051078979157932941e-02
8.185168592957797057e-03
7.979110073152349825e-03
7.277540511447763358e-03
6.980871172727722354e-03
7.389738837824093819e-03
6.794761964215628204e-03
6.287795739056283723e-03
8.684766109822104549e-03
6.891189788591139259e-03
5.191761735080509949e-03
1.113378168980804460e-02
6.701666666160816833e-03
7.328239655491738426e-03
6.635679548863604969e-03
7.672822049109058115e-03
6.642609237426361397e-03
5.500954625805127077e-03
5.207859674889738291e-03
7.999371633861622824e-03
9.173870986606455155e-03
7.436566380669903074e-03
8.541265849905138596e-03
9.787119519610922372e-03
7.772018930712226367e-03
5.547232407137626595e-03
7.548325130591627616e-03
7.930949664500497667e-03
9.036072427742909696e-03
5.959538945437793493e-03
8.736510669831059825e-03
4.895761958776977292e-03
5.546133368714967378e-03
9.055998392795005722e-03
7.055325671207026902e-03
4.263176121857830715e-03
8.326862193995936481e-03
5.895908450303041434e-03
9.831042206565106939e-03
7.593149065717546414e-03
6.371296179248730693e-03
4.745769454801132027e-03
7.872601987927005732e-03
8.777668595013138342e-03
9.199376977869579142e-03
7.961756110266908840e-03
9.617106818410716199e-03
7.103268035150176428e-03
8.268790343829279105e-03
6.113738904458357673e-03
6.815194355842105894e-03
4.756389534147216665e-03
9.052023845430582499e-03
7.170153148263032350e-03
6.126585452052424503e-03
8.765315010599404252e-03
1.054570672965044788e-02
5.554318827278576301e-03
6.402312319193692591e-03
6.013343552087784330e-03
9.494324435374370402e-03
7.035967879190811909e-03
8.122211851962043289e-03
9.214164910768029085e-03
7.571690810279672196e-03
5.717704819244993561e-03
6.292220187988281470e-03
6.911896271162247876e-03
6.725441966713851735e-03
5.896130609627072208e-03
6.633241793469753234e-03
9.530855852673988243e-03
6.298962321991747465e-03
5.992777606954572886e-03
7.924558438550272435e-03
9.727712602088925062e-03
5.861111423384132019e-03
6.277261785253608790e-03
4.435297457964598039e-03
6.928523399466165675e-03
5.093479633058297339e-03
6.226192823495453436e-03
6.222052252956927591e-03
6.893245681483199834e-03
9.563794966657228683e-03
7.036263693867142628e-03
7.046898193765605348e-03
5.637886689843238028e-03
5.883907483806390636e-03
6.863773298679234219e-03
5.289648978379512048e-03
8.282346586304329197e-03
8.688559534540877052e-03
7.020781942352666630e-03
7.949889594291704303e-03
7.300465218465411465e-03
5.753902192008709254e-03
7.483861413083696228e-03
4.016040061541607982e-03
5.090415293939952283e-03
7.797342336177496072e-03
6.332634659492433933e-03
6.525463627463623170e-03
7.884135802792326120e-03
6.785154369929383839e-03
7.092577580708382505e-03
6.495814671259482823e-03
7.906576246349533016e-03
5.887106039518237230e-03
6.433866518283163673e-03
5.861333753882900371e-03
5.992392102883236683e-03
8.530490298481350694e-03
6.065251239769371694e-03
7.657909213354106154e-03
5.711929172956442709e-03
7.604285316282938766e-03
4.548931051946249367e-03
5.766334002897739036e-03
7.042288450436876880e-03
6.018371651545359122e-03
9.652917613053344642e-03
7.897887576113937075e-03
4.325973851599675644e-03
6.386396734773010578e-03
7.574622806786826187e-03
7.635016144534575826e-03
4.809005018473751052e-03
5.870449196786219938e-03
5.396713891229440972e-03
7.368836340853258081e-03
6.326310513255971497e-03
4.167790029604177826e-03
4.182312605100928227e-03
7.280582332997862643e-03
6.399514234134055270e-03
5.372673228885236837e-03
