2.460787661846244173e-02
2.346911840926928922e-02
2.237787731782363981e-02
2.154469220090466514e-02
2.035091387195734486e-02
1.896606048603535766e-02
1.818782938171865926e-02
1.715440377758377377e-02
1.601628563695575019e-02
1.519374428436168559e-02
1.415158704226766005e-02
1.323862937854937763e-02
1.181350846776343250e-02
1.092221047056115765e-02
1.005631160246403880e-02
9.434485771939116194e-03
8.338641177482321309e-03
7.941310494776176662e-03
6.813224187451228687e-03
6.201925505646035952e-03
5.684007016936202042e-03
4.960358455638749602e-03
4.541448040911708062e-03
4.139745050174516681e-03
3.672785073161809969e-03
3.349715942308449223e-03
3.044022007686988159e-03
3.081351325049988196e-03
3.063962726064576887e-03
3.133805821228042091e-03
3.177875339396466371e-03
3.259399767050946695e-03
3.104470242240114485e-03
3.292627526040273634e-03
3.158062262370511710e-03
3.011939909762421583e-03
3.147467691217078947e-03
2.800796772090134376e-03
3.086089832746325215e-03
3.019013253736320228e-03
2.980107830024918223e-03
2.967263712070296322e-03
2.948072901276468753e-03
2.921467934018751305e-03
3.226905444930046763e-03
3.007602283100627855e-03
3.047123584432531555e-03
3.077192483713006577e-03
3.086925234813404743e-03
2.911802841347659737e-03
2.791523930446023361e-03
2.833174963794859395e-03
3.129162657122846157e-03
2.831678945006347280e-03
2.945502528621357641e-03
2.891476019974062797e-03
3.116422965758539314e-03
2.835104143074618308e-03
3.045518909983253777e-03
3.067718356370453640e-03
2.898473373111821755e-03
3.005408137698700310e-03
3.008212011213906231e-03
2.988509826677867957e-03
3.084987812961275527e-03
3.053793662935748790e-03
2.895106142762711530e-03
2.973053883960331822e-03
2.947830471394989257e-03
2.969246423900045312e-03
2.915644656563872502e-03
2.921391979745697511e-03
2.896960685689462748e-03
3.295753167365139766e-03
2.911016868956103464e-03
3.149427701455136380e-03
2.856865261122988782e-03
2.923570873047406406e-03
2.960331810199489169e-03
2.784410898194625630e-03
2.940988322578254321e-03
3.029965201371291519e-03
2.979860138897511956e-03
2.952131559794408076e-03
2.903102366208758483e-03
2.950724117152088433e-03
2.762988965345863218e-03
2.933376384661695417e-03
2.911853397637157413e-03
2.882598240450767475e-03
2.900767721860246333e-03
2.920908291736453409e-03
2.893618906714365193e-03
2.908758918176661008e-03
2.714168299279754500e-03
2.976160249848786021e-03
3.070655831181765168e-03
2.941830281354511616e-03
2.962052759677670337e-03
2.808291078842167256e-03
2.833791733955858764e-03
2.970518648592799377e-03
2.994083371357729104e-03
2.843497537805086007e-03
2.768287120785369038e-03
2.890511867163673455e-03
2.995889071538972073e-03
2.864873616026600810e-03
2.775245042415783962e-03
3.041454493348194621e-03
2.769185089538470351e-03
2.827615248483775993e-03
2.918363928552711491e-03
2.827773227200936455e-03
2.831015028218702642e-03
2.811092031647795773e-03
3.009029928214544593e-03
2.897621807718124120e-03
2.973747948366255427e-03
2.857469667795233242e-03
3.048326351592330410e-03
2.938779169767519357e-03
2.910749343972664389e-03
3.013441888446963951e-03
2.912465717427579950e-03
3.070005493284828132e-03
2.915391998907313452e-03
2.897504145088461609e-03
2.883570746050528009e-03
2.926973374635609675e-03
3.054401348742591220e-03
2.942646421836139087e-03
2.952238270138950096e-03
2.968684662063228105e-03
2.642461561018700708e-03
2.972317265634015146e-03
2.944455074597631360e-03
3.114005368563593258e-03
2.860860959204655166e-03
3.071109059441559132e-03
2.847147383496724353e-03
2.746966669768600381e-03
2.749613312657269576e-03
2.798676926788827048e-03
2.784942798930038765e-03
2.975522281176981414e-03
3.016863412263642331e-03
2.784777034126550976e-03
3.016342659528273989e-03
3.063866294359497006e-03
2.895008878738404220e-03
3.149133132224954217e-03
2.947489155146698191e-03
2.747730318389507344e-03
2.872463065572826262e-03
2.961256159397291157e-03
3.062614348611461708e-03
2.836758087709480292e-03
2.831950493168296310e-03
2.995646330138640630e-03
3.005480734101814971e-03
2.903485333566684611e-03
3.089392502682255896e-03
3.081027663234751912e-03
2.994389988803955460e-03
2.904020999343296262e-03
2.813575632834436780e-03
3.045485471257264667e-03
2.939507267613227642e-03
2.784290497786781875e-03
2.697829113802735143e-03
2.857665630514219946e-03
3.026502120601186081e-03
2.835190522849284286e-03
2.907594568567319852e-03
2.971705107890520135e-03
2.814707746660510823e-03
3.064597251462302437e-03
2.652952799795183295e-03
2.916464940916183197e-03
2.957224839761119200e-03
2.959404516237781370e-03
2.815394798975206885e-03
2.962478058474569964e-03
2.930443453205132734e-03
2.723999438097083302e-03
2.861432643023086725e-03
2.920671150432660804e-03
3.198346555666487564e-03
2.878058818402528217e-03
2.809699091982306891e-03
2.742095829372119542e-03
2.742657171015658573e-03
2.871466597217473861e-03
2.970217319954119445e-03
3.004850477903414641e-03
2.987705889355056835e-03
2.941843283610598089e-03
2.787608435004577511e-03
2.854353732352002404e-03
2.934242465365306720e-03
2.917031116947310827e-03
2.911991327054215366e-03
2.966949942870745864e-03
2.868521062327451538e-03
2.852856701167070554e-03
2.934504226617051618e-03
3.162424789261356409e-03
2.830713629204770210e-03
2.888951769521599933e-03
2.951216743275802447e-03
2.944466865743252011e-03
2.954779385486501920e-03
3.130756180405841905e-03
2.779741288947462814e-03
2.840482635060281348e-03
2.877808084435256458e-03
2.741792398984105143e-03
2.777948107850937952e-03
2.766091396522089504e-03
2.822992821970763885e-03
2.942236929489102856e-03
2.834867013510098017e-03
3.004662965608122932e-03
2.975125192091613788e-03
2.944446836243925537e-03
2.877082497562783933e-03
2.873059613388324798e-03
2.989896094340409316e-03
2.941837037176304667e-03
2.851025384294235843e-03
2.866714751306825154e-03
2.904082234422655003e-03
2.843836675511238719e-03
2.843749904285593905e-03
2.719196419328834789e-03
2.896547437671250554e-03
2.921107722342412925e-03
2.696249777349395312e-03
3.017046153047785607e-03
2.979800216160326080e-03
2.815926577546983608e-03
2.874594174717738388e-03
2.751198612071557338e-03
2.877002004817731749e-03
2.957869291368913495e-03
2.973742304021119616e-03
2.954313546401824472e-03
2.975594131669873597e-03
2.907866893880277359e-03
2.853359255351247716e-03
2.924305217576775480e-03
2.742623141472366830e-03
2.859933268552874216e-03
2.707926175701542548e-03
2.780728321337491010e-03
2.855351712050696079e-03
2.691393914851120464e-03
2.675906017428104997e-03
2.913016028766773294e-03
2.992864666756633440e-03
2.866664261412400945e-03
3.035946245002985652e-03
2.909215114001358418e-03
2.825834205898830696e-03
2.858543674437685235e-03
2.901255666569019752e-03
2.937607402533193909e-03
2.798018975704615399e-03
2.967975603063157004e-03
2.945515173918046743e-03
2.962086701691812353e-03
2.775069484868497582e-03
2.771968633229373105e-03
2.730502560629177733e-03
3.015105765647737614e-03
3.033705106571082076e-03
2.844641939576380424e-03
2.785982168692135129e-03
2.898743660617218547e-03
2.795024042200527047e-03
2.731062488022403985e-03
2.756356736280002849e-03
2.755186864441274384e-03
2.795511406079776665e-03
3.029152518830622795e-03
2.900085828933682709e-03
2.877091664968089296e-03
2.794500696759308345e-03
2.939673555267805112e-03
2.754180180488280307e-03
2.798950018868720524e-03
3.115549563907296302e-03
2.849121874663749446e-03
2.803118731203257073e-03
2.778235155841852003e-03
2.869146590093046411e-03
2.927187330579720213e-03
2.817284665951347647e-03
2.956902277046805604e-03
2.991767766798421411e-03
2.915525600489951574e-03
2.878170643818891202e-03
2.780338496689873512e-03
2.890689958780615337e-03
3.012395493039156553e-03
2.993786665017603502e-03
2.827016115291194898e-03
3.044201488304931931e-03
2.982711062840401155e-03
2.943035903519777320e-03
2.786946314652101898e-03
2.980266844522950348e-03
2.866481456625569538e-03
2.855883346055502429e-03
2.823287299813422632e-03
2.866776599390955839e-03
2.791450516070612467e-03
2.990161061849239132e-03
2.726473243758658748e-03
3.062502325337874629e-03
2.777988004980479035e-03
3.001767262849125081e-03
2.935775757115769661e-03
2.873213143139929059e-03
2.780858917803209936e-03
2.930908992189703091e-03
2.870531402569705386e-03
2.770424694906979245e-03
2.842850271691103273e-03
2.921866960337705585e-03
2.991147815025130708e-03
2.919220668931647635e-03
2.771407136242332991e-03
2.748320571306099493e-03
2.806647455460965605e-03
3.074855774011024580e-03
2.911754422140148263e-03
2.842604751957339589e-03
2.832533999361887440e-03
2.967067332669193723e-03
3.017350836252374012e-03
2.887068334284798640e-03
2.948035553909337993e-03
2.967744629916706060e-03
2.814227089281553379e-03
2.920551905973896127e-03
2.933099646135371979e-03
2.816061113623248308e-03
2.594462332515040312e-03
2.646235233177267245e-03
2.837974307647221552e-03
3.064247981461457222e-03
3.094768519916437505e-03
2.837907339456730710e-03
2.870167584947185165e-03
2.765746983805415955e-03
2.783379399525404835e-03
2.845031548585084079e-03
2.876402445391859804e-03
2.818943554295667928e-03
2.757677976896545473e-03
2.874147704132987667e-03
2.748148066613116669e-03
2.864092445537342636e-03
2.937910664097363646e-03
2.821452523625229449e-03
2.805343522695276023e-03
2.780597610425292014e-03
2.792775557355450800e-03
3.106451953850359465e-03
2.910026309479858860e-03
2.881603209251400437e-03
2.912369744868630039e-03
3.027698470961525529e-03
2.814197719561502449e-03
2.810180200979734821e-03
2.810031483388573254e-03
2.902720969967331408e-03
2.775058680911242272e-03
2.962931412597181926e-03
2.778227870555208083e-03
3.012405962708999876e-03
2.883716870030790178e-03
2.911701956019878326e-03
2.803771239238446802e-03
2.994404708099951493e-03
2.768292942444971344e-03
3.005668274165986323e-03
2.805517174662247766e-03
2.503070846517518443e-03
2.852959722157242823e-03
2.788334726661681733e-03
3.000566235068707205e-03
3.113428079853172367e-03
2.864222825569302626e-03
2.992528989438548830e-03
2.847977626284125922e-03
2.884857973427454314e-03
2.924360412143478180e-03
2.905894585206699517e-03
2.756284347776323269e-03
2.838301710592941798e-03
2.762443230459253954e-03
2.742480709782810482e-03
2.944146955941379790e-03
3.003776338379356321e-03
2.770125650903551562e-03
2.971191080693366682e-03
2.846824825577971840e-03
2.878133448258443985e-03
2.823835542038885798e-03
2.946167855161195299e-03
2.793719651169395378e-03
2.735360568995330935e-03
2.768903040026074978e-03
2.881084961830236886e-03
2.911042462266320678e-03
2.931405325390202404e-03
2.627898793635052247e-03
2.888025168763596207e-03
2.821120266159188317e-03
2.857056979997662192e-03
2.904608481041098811e-03
2.889247399289326165e-03
2.804448825884597006e-03
2.931319692000841116e-03
2.874189430754382334e-03
2.727442747420482337e-03
3.011681836987351816e-03
2.722928350122933144e-03
2.844418620548754776e-03
2.754305928458893830e-03
2.841241484111205109e-03
2.844766693811635189e-03
3.124192522407419435e-03
2.810539355186368084e-03
2.920346624075209792e-03
2.942153232914121452e-03
2.937982517270454775e-03
2.830905274524385309e-03
3.036048383461705490e-03
2.944242451637590300e-03
2.885771880814333879e-03
2.882883994001687964e-03
2.946361695662365159e-03
2.800424821882936417e-03
2.757093532534071051e-03
2.804111210034811782e-03
2.813457330200504636e-03
2.695512591627152385e-03
2.766974442275514558e-03
2.895753683836567276e-03
2.883245101724802618e-03
2.956222942764837221e-03
2.904367158933693176e-03
2.691800708746203922e-03
3.061182453280719782e-03
2.720812009865750981e-03
2.879151942786259150e-03
2.720564027138575210e-03
2.673256205289195955e-03
2.872737329261216589e-03
2.912502286932681581e-03
2.764312579836353083e-03
2.910076193617213130e-03
2.860024550811884024e-03
2.829097753664736557e-03
2.833161210216738387e-03
2.739310081644848009e-03
2.923459691672962175e-03
2.997269234884632465e-03
2.817734363969271946e-03
2.887562361156603957e-03
2.824705400873411126e-03
2.786400748727943869e-03
2.817694086036655159e-03
2.712574801297189340e-03
2.719051371103375567e-03
2.898797403295339230e-03
2.809857657442395469e-03
2.868168811162861639e-03
2.945052606136293154e-03
2.682199675857204965e-03
2.826882645390736692e-03
2.797142118304524888e-03
2.805135280129249491e-03
2.801480786598563484e-03
2.952802959422188428e-03
2.803490828945170814e-03
2.848572157407776653e-03
2.978411814505091230e-03
2.845993825340687074e-03
2.925668772683975589e-03
3.005525621232243809e-03
2.782246253392134903e-03
2.867517936390551886e-03
2.898037982588908684e-03
2.849758532161674948e-03
2.879087519730267729e-03
2.643600515286030714e-03
2.763587522765946925e-03
2.823802531625222399e-03
2.809297949704518682e-03
2.758772155912360326e-03
2.765325464037874867e-03
2.802913747641174423e-03
2.602627000413680527e-03
2.734264239236823633e-03
2.943267524743969476e-03
2.766007920104561132e-03
2.843807906874425660e-03
2.865140272265313121e-03
2.831434592626387928e-03
2.960555515379785854e-03
2.714179064312889807e-03
2.862027740656788131e-03
2.875804673456025355e-03
2.995865838844999438e-03
2.871789017644742897e-03
3.067677606372253181e-03
2.762533845801283788e-03
2.814721150086026569e-03
2.847701072828919336e-03
2.568319659993423092e-03
2.857000809912378647e-03
2.745007005890867050e-03
2.915230148348394758e-03
2.942382293679465192e-03
2.795372907930464713e-03
2.768315633406851634e-03
2.860288822623874294e-03
2.501562140488087886e-03
2.766094552753665947e-03
2.806188723521261825e-03
2.880332387734496624e-03
2.912175444790904982e-03
2.931164610918818997e-03
2.800596576487630884e-03
2.918932010554080997e-03
2.900201714220328533e-03
2.853586043065816508e-03
2.834415120074549981e-03
2.869356703869906794e-03
2.919209526792537410e-03
2.789415402770697820e-03
2.714464479588489347e-03
2.842119919900893462e-03
2.798428653445535035e-03
2.756287180091594909e-03
2.689713257952641712e-03
2.813026847931945733e-03
2.859040173866120044e-03
2.740241828881755798e-03
2.757414131241627507e-03
2.884885097733288703e-03
2.916172336527936455e-03
3.044375882687921659e-03
2.837875031002464604e-03
3.049341230383547426e-03
2.900839163213324474e-03
2.761887902298196425e-03
2.827974031839820303e-03
2.969506546782742576e-03
2.746390254901116303e-03
2.795428176473787815e-03
2.785569752417637636e-03
2.930708420105705616e-03
2.798066553345342732e-03
2.750975591580397204e-03
2.849451119113665786e-03
3.003690070742073923e-03
2.879475246064013613e-03
2.798645142684553621e-03
3.005344541650593806e-03
2.961376996416549470e-03
2.778826522718126028e-03
2.816080044998128806e-03
3.020392134853353092e-03
2.891477600256351504e-03
2.970411521010824386e-03
2.828817850517528765e-03
2.869114051630968030e-03
2.882716978756362427e-03
2.991029051657039840e-03
2.813250411784967014e-03
2.890484922993842402e-03
2.797262363678808435e-03
2.715537131462652902e-03
2.663297474219551014e-03
2.893673232773955745e-03
2.733496317286155438e-03
2.856834199246802153e-03
2.753638384049264705e-03
2.739702825185924041e-03
2.688466927920885128e-03
2.785904451914693672e-03
2.907490813865308034e-03
2.860594282344733254e-03
2.918715889644149693e-03
2.744678833141257768e-03
2.654384468292307793e-03
2.683819046691098519e-03
2.904611534173110344e-03
2.979983388546260555e-03
3.037365995718461012e-03
2.855405923366284137e-03
2.734478447683967844e-03
3.003113963327141978e-03
2.674653010275346472e-03
2.692767816767777100e-03
2.795271995932079208e-03
2.852041901767185701e-03
2.809347680962229546e-03
2.645517936773931003e-03
2.791152790185036196e-03
2.725426429947107841e-03
2.795752627742482867e-03
2.763916230990096784e-03
2.875993867613496104e-03
2.768925659723869923e-03
2.781273916499182874e-03
2.838934654091926010e-03
2.961721944573847583e-03
2.761420952887146899e-03
2.967935193923431237e-03
2.776290842317810821e-03
2.675992359558719471e-03
2.816688438979230054e-03
2.889360651931241301e-03
2.787980974225580215e-03
2.839031311921178229e-03
2.909230634435486414e-03
2.748215722419265934e-03
2.916690108112764829e-03
2.723610126312498228e-03
2.811570103915186566e-03
2.882567992348474602e-03
2.802268254851835068e-03
2.919850947538031854e-03
2.674025306827948478e-03
2.874239514984357462e-03
2.673859210061206495e-03
2.859612666540904593e-03
2.853061063229044014e-03
2.701960828138365387e-03
2.828675221357265096e-03
2.598573874106632417e-03
2.750355043423033732e-03
2.619946298437722185e-03
2.917878465624500380e-03
2.837983169089599612e-03
2.875814138839864059e-03
2.738006246500428870e-03
2.804508882936360137e-03
2.594879670078968029e-03
2.682618159138615808e-03
2.740163370135231813e-03
2.647664502807857510e-03
2.795056487270659341e-03
2.626072489426119119e-03
3.057869268742448386e-03
2.687545997866269600e-03
2.461445090749918470e-03
2.636453809226519968e-03
2.636241256518875690e-03
2.891983585952662573e-03
2.693598954189973301e-03
2.710727079487345106e-03
2.657902820601787657e-03
2.782687885004166573e-03
2.600898288309114355e-03
2.683477595073718684e-03
2.644630514898179893e-03
2.867753383069826956e-03
2.796298192318756419e-03
2.666508867113008725e-03
2.811711989886386993e-03
2.753542654119068255e-03
2.696222162484038232e-03
2.822310092023980199e-03
2.686082434006440388e-03
2.869456421636571407e-03
2.753320035755459430e-03
2.677454401982816076e-03
2.524775564267183695e-03
2.780712871668548393e-03
2.576790691671822925e-03
2.634477540683266041e-03
2.658797489657094455e-03
2.737547037953902505e-03
2.600910958207944962e-03
2.542615003438437708e-03
2.857399870646537554e-03
2.709011048711084529e-03
2.561973966478961907e-03
2.695863450273816228e-03
2.775259378016959287e-03
2.639199432952238789e-03
2.483996368644450069e-03
2.666227617360930786e-03
2.803811651726975142e-03
2.482905604179411890e-03
2.703649706165248481e-03
2.753235099873743534e-03
2.461799892475774465e-03
2.716267268664196433e-03
2.757428382396531243e-03
2.635364635986090463e-03
2.727029597457586614e-03
2.773159859204763194e-03
2.583658252131262011e-03
2.767326315653080137e-03
2.730040169827180514e-03
2.627754923772599588e-03
2.808392641754282795e-03
2.750584650264946418e-03
2.527871253790051585e-03
2.752799515363413621e-03
2.746337393682015543e-03
2.706947062830921368e-03
2.660964766340432122e-03
2.625075899816642789e-03
2.698760912910162964e-03
2.639564649902348577e-03
2.889274068961289639e-03
2.606521315184919061e-03
2.643109496684720085e-03
2.781177367054723550e-03
2.752322743469337932e-03
2.580092418654312582e-03
2.832078247271286806e-03
2.658357898793921748e-03
2.814648447657317788e-03
2.804448582993352996e-03
2.724858862926273547e-03
2.850994045242145024e-03
2.541084460102834182e-03
2.637761152026996646e-03
2.545148208773494701e-03
2.763150461635158293e-03
2.497058658815073592e-03
2.622982536539221737e-03
2.692970228433126407e-03
2.885504791154074218e-03
2.562004691072330542e-03
2.510875427802695698e-03
2.552268223615431625e-03
2.617606618083695089e-03
2.772847926253049246e-03
2.682207870780197768e-03
2.574533627011486511e-03
2.582693201699923745e-03
2.817502298133965806e-03
2.697602995673108097e-03
2.712885973579966595e-03
2.574887780855466320e-03
2.750409457087276549e-03
2.590558688197228555e-03
2.737624551504064772e-03
2.607000983933074716e-03
2.453979670338714888e-03
2.670943620585421868e-03
2.660304247122064619e-03
2.770136193319156989e-03
2.416159678554006575e-03
2.751741384923167815e-03
2.559956220083025539e-03
2.771296797338332427e-03
2.592279755811686525e-03
2.671895087373447105e-03
2.767982089530513206e-03
2.502021357887919493e-03
2.734878833983950090e-03
2.561131270483668794e-03
2.727658334742483724e-03
2.670189710320358852e-03
2.743079854882306701e-03
2.745553081041731888e-03
2.766515770508255062e-03
2.711888201175564894e-03
2.781897384009691856e-03
2.667271035046697020e-03
2.650295016831619426e-03
2.698597862666447886e-03
2.645934028777216680e-03
2.756553121778654129e-03
2.589127684763420107e-03
2.863802528638940276e-03
2.592353234639624936e-03
2.801132573138361871e-03
2.810048364448591851e-03
2.627047527716589587e-03
2.694527977991027085e-03
2.785196675577425798e-03
2.767779522221908671e-03
2.770352706001227763e-03
2.576914224298185955e-03
2.543117406921408148e-03
2.777432088783791768e-03
2.657650282339730271e-03
