1.157170301878563280e-03
1.099071536253328710e-03
1.452486041061801106e-03
1.255123106117056898e-03
9.635718693635272197e-04
2.058944354297412641e-03
5.725916585443724697e-04
5.255357275523425253e-04
6.348644013779320425e-04
1.404391151434301139e-03
7.949215618920193235e-04
6.356957378504126364e-04
1.015969278751008200e-03
1.994899970934347309e-03
1.592286298382414094e-03
1.585234949502787845e-03
1.100308814109791878e-03
1.245622685922071361e-03
6.470472702370456183e-04
1.233681649970053617e-03
8.695099953891652703e-04
4.019345525489008441e-04
4.134316229114222245e-04
2.004345871383578399e-03
1.175618161148939914e-03
1.532069507955954694e-03
1.494858665878031918e-03
6.685836430863267496e-04
1.400327444341749631e-03
8.528092078485896305e-04
8.801288277171169473e-04
9.673194279752737228e-04
8.983351065876711951e-04
1.005829234245258358e-03
1.829210152908834633e-03
8.976433312575886857e-04
2.120632420280571095e-03
1.092900800491937658e-03
1.123877091314920591e-03
6.403884209988313725e-04
2.038572528737403466e-03
1.436265674176589926e-03
1.398579501605354096e-03
1.903550652430266877e-03
1.321210363823005106e-03
2.148361443382662724e-03
1.141147224444268200e-03
8.645276902313888887e-04
1.026929791481880462e-03
1.075825628358648622e-03
4.180550936226102828e-04
1.277085463517686975e-03
1.542026408427875448e-03
1.641778423531262349e-03
5.994059401036251665e-05
1.200313076484282610e-03
1.187263181426443347e-03
6.595380791880361060e-04
2.377581942247656774e-03
1.280316187154388651e-03
1.902861698306027635e-03
1.114435008220106011e-03
1.342940661129463390e-03
5.931987865902530778e-04
1.549402292315536648e-03
1.316097575203796933e-03
1.321719301275940022e-03
1.009684060446144243e-03
1.168204311146846730e-03
1.248983326570046130e-03
1.676907743846507931e-04
6.871344588852414895e-04
1.733238195820333265e-03
2.414840800281032110e-03
1.995181269722666462e-03
1.908583450507439451e-03
1.414015727747473848e-03
1.304091628018387789e-03
5.927408748984697726e-04
1.290989932277647641e-03
8.929062844051236436e-04
1.229487224300178502e-03
8.457702018678807301e-04
1.113435366934614930e-03
1.465843925856044269e-03
4.973132771900705797e-04
1.446100893281322686e-03
4.319339690672396067e-04
1.017882519024190064e-03
1.734479062663091438e-03
7.527934322306437196e-04
9.636953595862339256e-04
6.920998965293755339e-04
1.043529832446699968e-03
9.193483641339168745e-04
7.770747721229778531e-04
5.739321890925814162e-04
1.229089419095067293e-03
6.701963218644186541e-04
2.065861224283033117e-03
1.386551025312720209e-03
9.953424040911611117e-04
9.507813260204186047e-04
1.243457733910265572e-03
2.635946399598135519e-03
1.289994956036112942e-03
5.200538062826345464e-04
1.139577463240964809e-03
8.016017083359572564e-04
2.730916878524981394e-03
1.513330626020288573e-03
6.463467458298819118e-04
2.533215023420085218e-04
1.036933959322795546e-03
1.882625193858543985e-03
1.072631581638522390e-03
1.286742655135449803e-03
1.528204862946946343e-03
1.855461957514145969e-03
2.038539361994238640e-03
1.118127996288674183e-03
1.143264656959856480e-03
5.118942329267968166e-04
6.723861788344599050e-04
1.727095712874333238e-03
7.732824190151189620e-04
6.713871269251951409e-04
1.345541863145074089e-03
1.824793586590037296e-03
8.238949534001749255e-04
1.486678461993224884e-03
1.584328096600726848e-03
8.887438366716792024e-04
9.746374610543112518e-04
2.286111798443929855e-03
1.163309719277135206e-03
8.507911668582184787e-04
7.432936604495481462e-04
6.663729574670680146e-04
5.480326871696417730e-04
5.140522229799211794e-04
1.587579404027873861e-03
5.499808838644170295e-04
1.502651039932643593e-03
1.703031023482058344e-03
8.281473551675311252e-04
1.107537575143402323e-03
1.736193814088796833e-03
2.027059684264097099e-03
8.559559999704532702e-04
1.241107840802069002e-03
7.374451670755846882e-04
8.663030275007004097e-04
1.785422850567371577e-03
1.071014614004221288e-03
1.111320661947450689e-03
1.489064665678992410e-03
1.378150769884962934e-03
4.959273234417431800e-04
1.363249459981349422e-03
1.382823801560256576e-03
8.382017902550988877e-04
1.477450164177269596e-03
2.052954118246035856e-03
1.594512172761233457e-03
2.515175206153988114e-03
1.001017866798365168e-03
1.895788463280486703e-03
5.659926247935738366e-04
1.201434775140006791e-03
2.326681016317516931e-03
2.442222358953255110e-03
1.330332572422033427e-03
7.210120546863468555e-04
4.844358738528082762e-04
1.641427254672363483e-03
1.408459909563699458e-03
1.964398547963157066e-03
1.978094079285885269e-03
2.198668939413650145e-03
1.388558467586462845e-03
2.034438432519138518e-03
1.821327880351811604e-03
1.445719851789692640e-03
1.483009143526561489e-03
1.513156016043345348e-03
1.183136557229453982e-03
5.855723350000384755e-04
8.564635726556589111e-04
1.386092100795146111e-03
4.071130897454864500e-04
1.114525525434645987e-03
7.304984663142887217e-04
1.513213791164424787e-03
2.456138678175373569e-03
1.242885233834309768e-03
1.295607249459450761e-03
4.942194021836966711e-04
1.583486381512014523e-03
8.616470435611369013e-04
6.544428449387377708e-04
1.023457394102576714e-03
2.461874583698152059e-03
1.375548563037279435e-03
6.476749216042898376e-04
1.073673410036659172e-03
1.615077513297219318e-03
9.421590198944988391e-04
9.934121561029870314e-04
1.464292369255891990e-03
1.014650758401107944e-03
1.273044676618205560e-03
9.108034475993762513e-04
1.292013436850107146e-03
1.521059842772599056e-03
8.203111067395545868e-04
1.280419436234750885e-03
1.008327025857343661e-03
1.122418453250496190e-03
1.089871255073177926e-03
1.000157569748208897e-03
4.013701215568600783e-04
1.345617521143483526e-03
5.075827487690525320e-04
1.053449521797775483e-03
7.485644748475984815e-04
9.891908761255618909e-04
1.945741144579440831e-03
1.184439343177295413e-03
1.302038044106219915e-03
1.690862436462739872e-03
1.542425773533504874e-03
6.156880713206044561e-04
8.387924343857055621e-04
2.173508554743474892e-03
1.418036402508186843e-03
2.352207153572602807e-03
8.058016401806050114e-04
1.719886506717292372e-03
6.127109397785487433e-04
4.752267057015102289e-04
1.163619547847123637e-03
1.149949341643182431e-03
2.144226379496328837e-03
8.872260911796653457e-04
1.011310841510019510e-03
2.606864268462397247e-03
1.863015553357647664e-03
6.771659356078870351e-04
8.144541081670880712e-04
9.250045928723563474e-04
4.327882807079476944e-04
1.491830652352883931e-03
1.921938945135258890e-03
9.935521819254035381e-04
1.239352602737057519e-03
3.955600466724771224e-04
9.898668054605396817e-04
1.175550800196239164e-03
1.391850111342262481e-03
7.919238726110642852e-04
1.525998211311421467e-03
8.857258712841233755e-04
1.688680332059428477e-03
5.837459228013319734e-04
1.312329271879420119e-03
6.695021369551146630e-04
1.052345702882862694e-03
1.617774507979503939e-03
9.179683370800247174e-04
1.727888139693182059e-03
1.851894933594678324e-03
1.612740895521122628e-03
1.005657347051566600e-03
7.281323406860387747e-04
2.396950535967915137e-03
1.105243838997796478e-03
9.669505962160702787e-04
2.340292714227624853e-03
5.223882839323031654e-04
1.385432877360424789e-03
3.777075904138705383e-04
1.379852281468054798e-03
1.563167600396292434e-03
1.116865802616350207e-03
1.424065643744877466e-03
7.493080530587740247e-04
1.833889269913233045e-03
2.501302733400424545e-03
3.030719347560841405e-04
1.464260241488191854e-03
1.086038979610380335e-03
1.195587196617321291e-03
1.577257088012188561e-03
8.794162289376505730e-04
1.270426299197325616e-03
1.004964773383347065e-03
8.659122992688018374e-04
1.285112453543926303e-03
1.479185334829799352e-03
9.495030752834648794e-04
6.951115380535451789e-04
6.355291614042553241e-04
1.537479965713352400e-03
1.195185880202264458e-03
1.205442707108100951e-03
3.025115512451631572e-03
1.701812181727281690e-03
2.299019035849477269e-03
1.368066319949025854e-03
1.122149766776051744e-03
1.973498071294046800e-03
1.125761374300886372e-03
9.402837653832949198e-04
1.329060464892080308e-03
1.803673480124047936e-03
3.198134528322144434e-04
1.701561174701308847e-03
1.362891171637772543e-03
1.197873218176462263e-03
2.106820535103836808e-03
1.068670604636225065e-03
1.349592867241517901e-03
1.579195837696950686e-03
5.841120209136835663e-04
8.813090307200798423e-04
1.091571297299918355e-03
2.006735576686491038e-03
8.482849316177112908e-04
2.192982876346147997e-03
2.820507882146408313e-03
3.723051462217596562e-04
1.536588926487784251e-03
1.244088839936434822e-03
2.400859827014173269e-03
7.626908013433997355e-04
2.303762005096339147e-03
5.027121238729758898e-04
4.740675202934205973e-04
1.228521015154651402e-03
1.283320012082529325e-03
1.533341581073824605e-03
6.075574832449950153e-04
1.128030311281672882e-03
1.923493755486658336e-03
2.130094133296952922e-04
4.386689167532122248e-05
1.346009940024082670e-03
8.426431939072483472e-04
1.146215564922895046e-03
7.362416375561423205e-04
8.342832902473680317e-04
1.813443988858151699e-03
1.335490371936177978e-03
1.448095499982953631e-03
4.360856844792472715e-04
9.406030463576456205e-04
7.378476950299137473e-04
1.901339600469163478e-03
1.208822973907247838e-03
1.291266477972592393e-03
1.815001431154129874e-03
1.044066568817043992e-03
3.922679175133769779e-04
1.423651038486607517e-03
8.254227375117805139e-04
1.831192975864187568e-03
9.415016402573063437e-04
1.555446246281955375e-03
1.608971435349670215e-04
7.517912401066313265e-04
9.718788956285565831e-04
1.112707360265866724e-03
1.197831202617761874e-03
8.657141178910230739e-04
1.001682963427937738e-03
1.613923798998760564e-03
1.191787747461129157e-03
1.776201779287893802e-03
5.939637010412850051e-04
1.245975596716365199e-03
5.113453818456758105e-04
5.826326317986415355e-04
9.825442810336188111e-04
1.851716175003395234e-03
1.419726480502930691e-03
1.004025131471241849e-03
1.861075346031133664e-03
9.961963825564424443e-04
1.414877942851860753e-03
5.363004933710286814e-04
1.216805696374707087e-03
1.213800408271957379e-03
7.147181013025567667e-04
2.178415101244006186e-03
1.113246508594511585e-03
1.230103408382454341e-03
2.683811817480277404e-03
1.036039566154347896e-03
1.874029173845192077e-03
1.151428342488210015e-03
1.906047970923537872e-03
9.407231229910697741e-04
7.826184184441902208e-04
1.023431418690639227e-03
4.475399656603532201e-04
1.310807971574523946e-03
1.608402006016211279e-03
8.450615278995094034e-04
2.432358722022663795e-03
1.485232399224579785e-03
1.264781875354048122e-03
1.061304826611228361e-03
1.051974940368790223e-03
1.031530039240420278e-03
1.459916534919521777e-03
1.115125817334674131e-03
1.150904057918309157e-03
5.805277119554590583e-04
1.456646597784262221e-04
9.837198316407582983e-04
2.147410228543102182e-03
1.419827363550407685e-03
1.254326539719918983e-03
1.390959647314617695e-03
1.147038586918955241e-03
1.390478134409121750e-03
1.797439586567887645e-03
3.987308133107302045e-04
7.382530291254424219e-04
1.689011618516687114e-03
7.214173100789045235e-04
1.236950394442721656e-03
1.558433956962337191e-03
1.362369206396565197e-03
1.588012700593701733e-03
1.195793890721758403e-03
4.992481648687397420e-04
8.504635613933088801e-04
1.667731823007954526e-03
9.986169323613627250e-04
5.731140534374641994e-04
8.136425028756039514e-04
1.479550054200697365e-03
1.328186468892584128e-03
1.250978493750534194e-03
9.606083116760022293e-04
1.823193542875345017e-03
1.472005918729236106e-03
1.382628795866711838e-03
6.611364357293193729e-04
8.184429130505836616e-04
8.761798443994960051e-04
8.602237890892769053e-04
1.159466832959907484e-03
1.379360887743782179e-03
9.549943336692617336e-04
1.101431131645255832e-03
1.563454824926218843e-03
1.752897512154213359e-03
2.985412513289951563e-03
8.647975038289007401e-04
2.043594973053349841e-03
1.503375672893878141e-03
1.061072910963591380e-03
1.007022896930843394e-03
8.928360692891474867e-04
1.144622548878844372e-03
8.851056717390301401e-04
8.634462378827391415e-04
1.694555331473698682e-03
7.242516691555467030e-04
1.141865559635838910e-03
1.064555133038567808e-03
1.423022209427673252e-03
2.861928137465616709e-04
8.026722796035173565e-04
1.585677584254816148e-03
1.213978376538864213e-03
1.072963936489171278e-03
4.733335873128929156e-04
1.676731414451790260e-03
5.588341533148577945e-04
1.913109060316008992e-03
1.639849945302946895e-03
1.170118284724715966e-03
1.132656003836664824e-03
1.216139486193020067e-03
1.236154912418077016e-03
1.341320015159521003e-03
7.837246507922165234e-04
9.620885450648247045e-04
9.254869996618357271e-04
1.366302812182103484e-03
8.183775568059038080e-04
5.034598694677367868e-04
7.779563633894544901e-04
1.026799823613700141e-03
1.254445056633824449e-03
1.675071369011460042e-03
1.387279371074175019e-03
9.140241260851678486e-04
1.305150629658771233e-03
8.307017088274663277e-04
1.342079212170839636e-03
7.115193194460529185e-04
1.576098410174320676e-03
2.465086901556003910e-03
1.520019624950508935e-03
6.557813988520511334e-04
7.759538229937721059e-04
1.550954183151375581e-03
9.602170611096987616e-04
7.539284263180967734e-04
9.886542045868288667e-04
1.717294127768214046e-03
7.717696247400007833e-04
1.146609562558070913e-03
6.063118093214615216e-04
1.098266386497129309e-03
7.337424662089198947e-04
1.112095137267974775e-03
1.571270242136394530e-03
1.520242631536036998e-03
8.355121246211038612e-04
6.872207185658601308e-04
3.011586954923993953e-04
1.561857889237864595e-03
7.476509202399415259e-04
8.621346795331087881e-04
1.042263184222324982e-03
1.178652157714175138e-03
1.396881410101930921e-03
6.462065875873923429e-04
1.607342831224067327e-03
9.319790999552433983e-04
9.355972798120315440e-04
1.951791361496710633e-03
5.401097044392056323e-04
1.532370435913647322e-03
1.044756668920487994e-03
9.094415573116992673e-04
1.554651948215660497e-03
1.374726169422206675e-03
1.166094425206229933e-03
9.514448924253073384e-04
1.219321575115945092e-03
1.311419417684040866e-03
1.876960838680905540e-03
2.266587544020017431e-03
1.101645770444182465e-03
1.380596228581929853e-03
9.157321845987809704e-04
5.438737152706682714e-04
9.454514123122197784e-04
6.686365116606833451e-04
3.981698190891458768e-04
1.274486600776752587e-03
1.488707248959798011e-03
9.501434266900749557e-04
1.050878712858916960e-03
1.414347279947854438e-03
1.258110530258359141e-03
2.044502747205381027e-03
1.909108001318670506e-03
9.842506496634459683e-04
3.484033409631213485e-04
8.168155286325401183e-04
1.448858540717277727e-03
2.280700669344384261e-03
1.741107850287129319e-03
1.587235687903293347e-03
6.631908313655080368e-04
1.897483248185789784e-03
7.413941920045043470e-04
1.942406422859192794e-03
1.000169848625460456e-03
1.187357957533025955e-03
1.682812616470194447e-03
8.138244890623766350e-04
1.138291635273032138e-03
1.080414418937685785e-03
6.285972927951475556e-04
8.865412106444093806e-04
1.237241604972626283e-03
1.559939768331902862e-03
1.430162471979377686e-03
1.355879344974674850e-03
4.821079606603877296e-04
1.265354164503962537e-03
1.052055732972884084e-03
1.381961671519706071e-03
5.394669267947444120e-04
9.576389708312981874e-04
1.552363832608584255e-03
8.199063879219298419e-04
1.194842193542032657e-03
1.324295355385349260e-03
9.074184387460734399e-04
6.985912824084867124e-04
2.036578794839336969e-03
1.295324309652162893e-03
1.475305041833094169e-03
2.552386949016354455e-03
1.073249719500785635e-03
1.711049968934798141e-04
2.099151112946977347e-03
1.434583777371309810e-03
7.354482787872132412e-04
1.271847150210010224e-03
1.042744729911489936e-03
1.888465909895757459e-03
1.329740279333199195e-03
1.150946034768528898e-03
1.500685422175982407e-03
6.292312183277702035e-04
1.276068753404780397e-03
1.325776776016054448e-03
1.120549391684889798e-03
1.008015816888548034e-03
8.674047447115785419e-04
4.990412202882016151e-04
1.097422868794834493e-03
1.150169383568570066e-03
1.402187568551735257e-03
2.092153545294574927e-03
3.772205425558802653e-04
1.178989001956034805e-03
4.577579558577965480e-04
6.262401767359664865e-04
1.427403415500231275e-03
1.096126774799266630e-03
1.949391854911814489e-03
7.184088851196633509e-04
2.238936823854535338e-03
1.247266829409356429e-03
2.006371128575594031e-03
1.664051891994094198e-03
1.402628450771136294e-03
2.172357699833507745e-03
6.492665373091193034e-04
1.839873043434244815e-03
1.112659158399136256e-03
1.256563417898885022e-03
2.512767456286086557e-03
1.718461953822758093e-03
1.269657292180868249e-03
1.225551919105328591e-03
8.540032451958804068e-04
1.477057642535022737e-03
4.379913958353697325e-04
6.965946198561379131e-04
4.046981057133263240e-04
1.082854818453993229e-03
1.410555901407505031e-03
1.832726670818835826e-03
1.537116831943882104e-03
1.169941927063944571e-03
8.006263471676260558e-04
1.132767182582559767e-03
1.315300897633147215e-03
7.605878639306390106e-04
1.749314210044933563e-03
1.987778352199690360e-03
1.091557838512741173e-03
1.222337225813746814e-03
7.574979594825378970e-04
1.088393676325926903e-03
9.274629223951405110e-04
1.444357639116381625e-03
1.766759181694538229e-03
1.863484309746078066e-03
6.264477999214271937e-04
8.953911845465415071e-04
5.149441521912506313e-04
3.748429960560505873e-04
1.356829546948250297e-03
1.193424865207676558e-03
1.668558482196178493e-03
8.499723024701110775e-04
1.867867879264274505e-03
6.564534476682679998e-04
1.506773675515212223e-03
1.080101080850171587e-03
1.178765008506987887e-03
8.578045549422618366e-04
6.015207455371206734e-04
1.713308559622891839e-03
1.353597941060877665e-03
2.557316870035881030e-03
1.319292480231983207e-03
1.820847701418027613e-04
1.417915860459253823e-03
6.465439115030705789e-04
1.704577322180960168e-03
1.617313282901726998e-03
6.128808725283081769e-04
1.412141016590631216e-03
1.815843894957056308e-03
1.371663628725729644e-03
1.233568438690976982e-03
1.960064976129456422e-03
4.606697472736027282e-04
1.525733359491394155e-03
3.720921267538936507e-04
1.428003902759896956e-03
1.434761866602890035e-03
9.924364743090653002e-04
7.971929136231850881e-04
6.629788451325535062e-04
1.018032767670939715e-03
3.161098653206780322e-04
5.256817999498668292e-04
1.537830182182814203e-03
1.794372096725490489e-03
2.410271002315330507e-03
8.496438291721944164e-04
1.961441380206763174e-03
2.654585472859310839e-03
1.336187443376992204e-03
1.772778662495734297e-03
9.268451531584100339e-04
1.427106558915275858e-03
1.518772132255960354e-03
1.068356598393179098e-03
1.222755378862047486e-03
9.424032573313443533e-04
1.040084870576408419e-03
9.454485382251224482e-04
1.689195080057824842e-03
1.155661093806287709e-03
6.312926375006776671e-04
1.894103060525266285e-03
1.440799298081231342e-03
1.066144911812417877e-03
6.849631676033524422e-04
4.767199492579348038e-04
1.803077756612671430e-04
2.077332412851828122e-03
6.195768766731518705e-04
1.851025453095077149e-03
8.462490781965337563e-04
1.158584067771332212e-03
1.210976009916947798e-03
1.482924488667198551e-03
1.520324630036366375e-03
2.017318233543812477e-03
1.140055535974446093e-03
1.527508953550286378e-03
1.159407360937004345e-03
1.730720528444482662e-03
1.214264301493986516e-03
1.272762850115323171e-03
1.061173207079086625e-03
2.487212369741432713e-03
8.445300046971719252e-04
2.313376363214583644e-03
1.057882664019542266e-03
1.070015075978368244e-03
1.507083921643389201e-03
1.003430606710501100e-03
1.447408824096278052e-03
2.647309669010372742e-03
1.065235432396955577e-03
2.213108711510046716e-03
8.749264104331571246e-04
1.148861174849106267e-03
1.365488790587390464e-03
9.317434647867205719e-04
7.992775021153600713e-04
1.545937333737402997e-03
1.258917174834951660e-03
7.135556196900377226e-04
1.194046771845047334e-03
6.166845042114474894e-04
1.902220218122610291e-03
4.864829577852407619e-04
1.950998317571108311e-03
1.486657127459153644e-03
1.451543286402957574e-03
5.070845422828815620e-04
4.599879799603505230e-04
1.114564746776944932e-03
7.483929873497262427e-04
7.099159701197010246e-04
5.919091831139186143e-04
1.282351027183983080e-03
9.323731739148058547e-04
1.260243350341095844e-03
7.588630765709788615e-04
1.197138444561612718e-03
1.299225578575895733e-03
5.768462729878415327e-04
8.880410855207520509e-04
1.247397803644053780e-03
1.233506048610363663e-03
5.799349006278938174e-04
1.260367279131896718e-03
9.487358274831327173e-04
5.125965954521349019e-04
5.213751353694100459e-04
