8.494184613019253524e-03
4.211700766891104085e-03
5.243597684895337507e-03
4.827801395106061204e-03
6.428604516619891920e-03
2.819513404690767496e-03
6.424585039789541471e-03
3.847655776578422400e-03
4.581600716323267104e-03
4.394406114829048186e-03
4.109610373386398709e-03
3.680989254442123583e-03
4.318319237516139719e-03
6.735553117589370559e-03
5.099875588762293500e-03
3.087557376191898267e-03
4.523064082160155666e-03
5.388261504041715576e-03
3.647948383294175295e-03
3.362569922455870518e-03
4.247013925487557254e-03
4.111934710747391745e-03
4.452498480962436590e-03
3.231377242514472600e-03
7.374065206291398854e-03
1.969205728124555788e-03
2.731575961547863442e-03
2.683216338244719980e-03
3.590036598206771453e-03
3.547626293816223426e-03
2.571776960594293789e-03
1.958571254676510446e-03
3.207147733787794452e-03
2.874765552100958313e-03
3.500475009104203790e-03
2.704693764095279871e-03
2.788042143187799849e-03
2.905396980260860958e-03
1.071731065825447552e-03
1.633268353739467842e-03
3.593138412238580139e-03
1.723840642680912099e-03
1.854948490081728164e-03
8.361075682257827204e-04
2.709598638197116809e-03
2.372223586443941712e-03
1.751668885855894560e-03
1.809380846696557240e-03
2.430296109241214357e-03
8.895387676582123268e-04
1.538777253447277775e-03
8.831632135922486658e-04
1.752070531028169457e-03
2.212008051514598693e-03
1.850545154953107951e-03
9.904610080304142132e-04
1.420889252790180548e-03
2.923521286211152865e-04
1.249271876530545344e-03
1.570184086101504691e-03
9.973239324609587536e-04
5.588327754761379402e-04
6.570037548571818322e-04
4.011566781801604730e-04
3.121638555012792599e-04
4.362521578683875080e-04
6.066748232068069468e-04
4.238536367453954196e-04
3.481509736885425327e-04
4.487999817954108094e-04
8.273555501859150519e-04
1.314312881309841067e-03
4.404553950075897040e-04
2.098358150453873139e-04
4.806161985911678236e-04
4.618568494157961816e-04
1.246001166320343998e-04
1.008484648180085590e-03
8.703417988940059151e-04
2.273931665419179208e-04
1.307164248609389134e-03
6.712651822507915977e-04
1.130819822307026212e-03
7.063390579197439262e-04
6.439915706982485407e-04
4.536486079624184363e-04
3.260974681713403643e-04
1.276935687801835761e-03
3.757030346288981826e-04
1.061890964218301786e-03
7.479080900326433778e-04
3.996721443153741630e-04
5.176222241384682279e-04
1.123415705213915480e-03
6.295590914982272020e-04
5.201047850343095509e-04
6.249099052014635801e-04
1.005633433140427305e-03
3.669074178311589160e-04
7.638833075216658244e-04
1.248004252942714123e-03
1.024564254490977280e-03
1.269739136303698994e-03
5.220025592382000540e-04
9.236105144909832927e-04
1.897450078921244501e-03
6.888733998126617131e-04
1.785915430448789792e-03
6.090771050500402503e-04
2.867727276133332382e-03
9.073559518506894026e-04
1.841523344478635145e-03
1.369665948639557694e-03
1.946980943277563329e-03
6.518183637022609885e-04
1.800716168410896071e-03
6.287468613560951878e-04
3.598861996890104610e-04
8.363280596520711579e-04
8.377140418553182932e-04
2.064749744610316386e-03
2.248916200204286852e-03
6.452711518123778770e-04
1.330542775243997999e-03
8.074074439649374076e-04
4.108987323587938705e-04
9.062897707171614333e-04
1.503930487966157175e-03
1.421779625119818508e-03
7.329116107379169895e-04
1.048340936516664167e-03
8.781397656458849116e-04
2.476586270668260613e-03
2.637213435826954075e-04
1.037227652480184406e-03
2.290821927835619276e-03
8.179408655470620480e-04
5.226442432784215563e-04
1.611037424358499138e-03
7.207970073496725374e-04
2.092894709177438653e-03
7.761577627179177706e-04
6.415095175146166232e-04
1.052205014938846451e-03
6.530906000182926975e-04
3.775247072754141383e-04
1.411955276800159293e-03
1.702528737199129243e-03
1.190389011299170180e-03
8.442589893440585747e-04
7.739711770051923298e-04
1.063139974193594989e-03
1.695875678493429092e-03
2.974832258043868128e-03
4.771034232215275281e-04
1.035947126656411440e-03
8.549984304333069869e-04
1.714377535907248918e-03
1.430054385381277502e-03
5.324819162256755290e-04
5.996200236334702166e-04
6.626578966732204643e-04
1.368704900341478122e-03
2.355820450836291699e-03
9.446755208825213237e-04
4.199714220725371799e-04
1.287609395230020909e-03
1.979294602492165465e-03
2.570547807047428735e-03
1.193405572901518356e-03
8.567853716039830351e-04
4.376444720565433768e-04
2.535079857840416302e-03
1.700077425514361952e-03
1.588342847671000849e-03
9.782009714436063624e-04
3.784945628748616277e-04
6.022062568481729257e-04
8.163207043498516002e-04
1.502704970348560940e-03
2.252613484301735098e-03
7.257676774220529065e-04
2.490826051186909116e-03
7.824482499787003241e-04
1.659760602660500638e-03
1.629412709408814683e-03
9.558418580854154654e-04
1.622702168452725465e-03
1.762754797799748630e-03
1.441469393189035711e-03
7.108797204975307593e-04
1.431611588808908049e-03
1.348416133121031627e-03
1.160676925316145129e-03
1.378868661875564013e-03
1.128263017669463558e-03
9.531098195319898493e-04
1.527069341369414112e-03
1.162018273534299283e-03
1.087805659791429239e-03
1.978967207342031010e-03
1.434598980077750330e-03
3.118469156094137631e-03
1.430473876054272776e-03
1.338381792216527220e-03
1.419319028795403394e-03
5.454826565579137419e-04
8.891012462096658251e-04
1.200979656821384413e-03
2.283590757871612094e-03
1.008568608499621835e-03
1.186266157527519731e-03
1.504567723148099185e-03
1.742983204870594046e-03
2.035089313639040862e-03
2.123064611746194961e-03
1.773454086786593366e-03
1.935898651973265655e-03
2.329038479181061005e-03
4.259960621843923386e-04
9.471537033510049912e-04
1.804908493017099835e-03
2.098336242726685664e-03
1.879163882242971271e-03
2.541129125198001316e-03
1.414018376059481908e-03
8.557147284628267760e-04
1.762566937868302683e-03
1.541045514540587223e-03
1.935474416680452040e-03
8.421121210711991854e-04
1.176451316723998823e-03
1.298997128040996728e-03
1.429751868879435353e-03
2.436658407094410665e-03
2.354380597542181255e-04
2.171697976482210839e-03
1.915569546211099133e-03
1.218876625639248338e-03
1.072829090572421495e-03
1.031186457663778745e-03
1.826738191149986307e-03
1.933641535295774335e-03
1.817948646868251675e-03
2.558293755178849254e-03
8.905690749957391288e-04
2.122203512204336694e-03
1.294849680406588320e-03
1.687802749847962551e-03
2.652502647807807121e-03
1.137834416850570015e-03
1.795854275657429115e-03
2.306139988072737797e-03
2.089922612381374910e-03
1.850307260071170148e-03
2.036596632276394328e-03
1.328218254808878141e-03
2.346539292640037987e-03
1.646923153969314952e-03
1.184305159631881795e-03
1.290446995891630444e-03
1.476086220227359937e-03
2.909240952772250855e-03
1.729720290908045178e-03
1.292073540963922015e-03
1.561618740708689774e-03
1.160706821252099376e-03
1.087827607083568073e-03
1.668925784163613740e-03
2.395699090284391774e-03
2.065660936748262705e-03
2.486805139358278741e-03
2.051505646217227641e-03
1.872028322212323202e-03
2.916138903609404726e-03
1.498287852344755162e-03
1.545504038837989961e-03
1.514027805746690977e-03
2.406536515912717847e-03
9.058241495321210125e-04
9.902768594318986980e-04
1.057269033680710135e-03
1.364213518136253491e-03
9.786319538891605739e-04
1.542450288714016134e-03
1.700559855653530376e-03
1.723447756126796288e-03
2.178616623200553635e-03
1.096038838178753317e-03
2.085976293852320317e-03
1.762702374708332827e-03
2.209589047696780204e-03
1.743150487128888393e-03
9.853863145557919916e-04
2.270928234906208817e-03
1.637195122753241959e-03
2.054560723621286136e-03
1.988846057549906957e-03
3.329002229746869709e-03
1.570072877116873320e-03
1.869183505472097511e-03
1.743195544579850516e-03
8.320060488458265154e-04
2.568403657079123235e-03
4.194131176620465896e-03
5.687272835331016107e-04
2.575927526492674102e-03
3.847252240800167790e-03
1.498416040191817566e-03
1.038737150570413423e-03
3.877141259170447437e-03
1.154976582580376568e-03
2.900758681296028083e-03
2.074316521036416363e-03
1.715566105905002615e-03
1.375316539495103014e-03
1.156861825184661834e-03
2.728683517429359318e-03
2.529223723482584320e-03
3.697092793526480115e-03
2.640767406270615267e-03
2.253413905359309341e-03
1.571997107544840545e-03
2.463785613624619453e-03
2.467003122781740235e-03
1.999277591368695591e-03
4.048284080364791294e-03
7.225348796035582213e-04
2.125348029502291663e-03
1.314824741924245158e-03
1.050424771221750847e-03
1.772075477791507656e-03
1.018708491097227451e-03
1.442348863857006308e-03
2.924984986809437380e-03
8.515550180698993514e-04
2.745120052738050671e-03
1.540942488015335831e-03
1.162110383470498030e-03
1.618770031582851847e-03
1.936731611800401051e-03
1.781721040195280914e-03
9.735990335406900960e-04
2.082344232159999420e-03
1.813543235904952833e-03
1.740564132507769297e-03
1.679463697645307589e-03
1.022335866730299378e-03
1.000448337884593053e-03
1.735114191333770282e-03
1.023251981855672265e-03
1.921735218932466710e-03
1.287770243596515502e-03
2.130075227988096655e-03
1.430148226840532479e-03
9.000092009568560905e-04
1.654165659919998397e-03
8.328466755213589446e-04
1.635482059204144143e-03
1.532384835811991799e-03
2.155393214785327784e-03
1.674703875533854877e-03
1.102634543534504203e-03
2.720543900110321961e-03
4.906559560743534729e-04
2.179207894436587575e-03
2.289406955506264295e-03
1.743527337540956698e-03
1.089647255103067154e-03
1.491912363675078085e-03
1.571457078802974841e-03
8.239379878965440379e-04
1.820647150836812765e-03
4.129226560514557567e-04
1.568135376521769290e-03
9.718447489396846032e-04
1.865539555004183496e-03
1.993696067994607871e-03
1.763185059832093719e-03
2.268221672340200393e-03
1.477658388110604385e-03
8.918083601178035348e-04
8.591435248089824422e-04
1.557093532431129412e-03
1.799692273241612151e-03
2.237732426510802026e-03
1.427002102806331288e-03
2.297460777709041564e-03
2.490628109005587482e-03
1.702889757500334342e-03
1.845304274333292062e-03
2.356873107583437599e-03
1.794414704241611459e-03
1.557526415154902692e-03
2.170575946697284909e-03
1.712058472539454857e-03
2.729907732415424049e-03
4.285466398723165632e-04
8.437028428002719483e-04
2.110526922182407849e-03
3.431579168414981753e-03
2.013562151202090769e-03
2.968000754826059014e-03
9.945662600109900654e-04
1.524962142365171667e-03
1.381008518188225160e-03
3.026780521926525618e-03
1.852388948110546404e-03
2.157483495279438092e-03
1.176943004886317869e-03
1.684666489188981668e-03
1.583727940361345484e-03
1.312164839612053923e-03
3.361107333839387888e-03
1.033879266221141837e-03
1.649749855416384478e-03
1.750655799876255992e-03
1.301120075789878724e-03
1.307628485003963772e-03
2.308395836987636295e-03
2.368681386270281471e-03
1.878396311925021461e-03
1.919812900268024749e-03
2.624069942101292519e-03
1.419248878891686333e-03
1.760779428064306300e-03
1.932619278883522182e-03
2.294416705343940883e-03
1.971540642444345910e-03
2.350914691152541838e-03
1.572193610177019529e-03
1.453024117177121330e-03
2.251740347504983895e-03
2.389672699045526996e-03
1.169498426669208580e-03
1.657051429383435588e-03
1.890617753750434716e-03
6.656125154997584361e-04
4.367398034048322088e-03
2.650103078903794530e-03
1.764935787294117514e-03
4.948793792977743307e-04
3.427944442996633560e-04
1.103576364812035174e-03
1.559719113566410392e-03
9.429560577069101080e-04
8.040874523682685912e-04
2.441390377268315426e-03
2.996057990895316207e-03
6.954333011622481015e-04
1.447730251862300701e-03
1.483041384325107593e-03
2.734065394759148480e-03
1.454550788509804959e-03
2.628094059146100000e-03
1.872841017419045245e-03
2.156550207164615891e-03
1.121254713614084188e-03
2.106165104215898618e-03
1.267588316238287558e-03
1.624342590457788322e-03
2.558181728209911725e-03
3.815662962884753748e-03
1.784467928272153239e-03
1.080897368993598631e-03
1.769350616445286573e-03
5.875517331980449880e-04
1.142754655671436147e-03
1.460904405980537665e-03
3.243803639608877545e-03
2.347414001572557547e-03
2.740557751201289777e-03
2.009454387162361126e-03
1.503640655516308216e-03
2.151377261916778520e-03
2.163662561358530630e-03
5.879722022593067161e-04
1.696524746397985554e-03
2.171164155773538332e-03
2.070384983026223556e-03
1.481240242568100576e-03
1.454621363169182136e-03
2.842369690829389325e-03
1.832594806465538771e-03
1.126931966862812972e-03
2.391591454934331729e-03
8.435425908850366144e-04
2.099556585668802336e-03
8.401708743790218788e-04
1.659325118318343527e-03
1.193693815796051166e-03
1.933451798360184696e-03
1.726743205236028460e-03
1.610297812758430987e-03
1.145701678885089475e-03
2.516971312123229831e-03
1.814394013824829725e-03
2.661693372155117185e-03
1.753650224226425448e-03
1.682799007146130706e-03
1.259141532094664199e-03
1.366056876202237542e-03
1.622459074171044230e-03
1.475882087674132252e-03
1.206677991103987041e-03
1.452966403763843303e-03
2.030354561845675292e-03
1.411504000413416754e-03
2.084677097278341690e-03
1.567086205891594008e-03
3.308794285136436482e-03
2.114278490837122066e-03
2.457463696488405153e-03
1.125260529599140906e-03
3.918686772780267946e-03
1.008336626512076895e-03
2.922762205819513966e-03
1.359001443452149873e-03
1.243247148548332548e-03
2.325230586808751075e-03
8.311133962362395348e-04
1.193049735763064036e-03
2.044434638692004154e-03
2.433475564641253072e-03
1.715837180202375595e-03
8.966560542637340382e-04
1.961339989570212109e-03
1.626703711221677865e-03
2.583478711383532106e-03
3.227654100563170578e-03
2.068429488929021069e-03
2.019084065493179873e-03
2.174267005765375717e-03
1.656129480783518357e-03
2.176058937825989421e-03
2.170430317472460749e-03
2.636789796629066158e-03
2.225242365349258331e-03
1.727216821481171666e-03
1.836589098968216234e-03
1.461741239697794074e-03
1.445843275618297107e-03
6.466159734917900160e-04
1.208039367970590574e-03
1.593969385433531864e-03
2.523914362866151121e-03
1.614176564307367914e-03
1.057667895081635962e-03
1.263845852720850513e-03
9.642032177403481695e-04
2.398829014931469581e-03
1.658889098730421388e-03
1.401827317856291005e-03
1.972708504049517069e-03
2.386546006868313884e-03
1.389811441296409482e-03
1.954115465654985249e-03
2.411420764757639650e-03
1.377275681931809919e-03
2.523627451990416524e-03
2.757642265868779936e-03
1.508754395365392289e-03
1.628026011221078186e-03
1.403746023577579763e-03
2.288542592088636980e-03
2.716353828470361234e-03
1.929665042593803380e-03
1.936351545604730016e-03
1.121635536655699863e-03
1.182597253539563551e-03
8.876941587303183471e-04
9.742931043490748360e-04
2.563409371703888589e-03
1.419438188341992689e-03
1.978983614231657421e-03
1.834605703608387702e-03
1.644019644022088732e-03
2.391853680676393062e-03
2.388983116119368800e-03
1.204866298382379101e-03
7.391254119058759259e-04
1.593509687892303781e-03
2.515395480389389857e-03
1.610813817250061897e-03
2.364938359651951906e-03
2.815058912378936781e-03
2.091813167886919737e-03
1.092001996404185068e-03
1.567048498574731552e-03
1.862293014441091009e-03
2.026487499164867419e-03
1.369178853064284768e-03
1.576234595526442321e-03
1.430994430727585646e-03
1.132485045288545832e-03
7.856014302472337030e-04
1.806206368140962030e-03
1.481074064678367238e-03
2.026451166696127248e-03
1.824632079053445941e-03
1.489065061082229472e-03
1.608057694394916760e-03
2.360238340026278581e-03
1.833786467217595351e-03
1.508952131714782997e-03
1.040884573765586858e-03
1.614843530847212029e-03
2.324357062711613232e-03
1.341197596945829925e-03
1.947112492360912649e-03
3.719612601568278443e-03
1.348736226974100224e-03
1.915121591930635464e-03
2.106758664853450314e-03
7.179086120961380556e-04
1.247551017716460632e-03
9.381893266880347772e-04
1.279775893068926459e-03
2.333596875268934001e-03
1.106106525012550724e-03
1.594533787264118671e-03
2.729169965817635976e-03
9.235856216535526242e-04
2.319383135889752524e-03
2.018974716058648342e-03
1.267523667948939432e-03
1.988471996211267894e-03
7.289819989351425771e-04
8.875280642773797010e-04
2.802973790739122020e-03
1.774257959509379073e-03
2.299069310214361516e-03
6.402708909737522087e-04
9.174604851942986259e-04
3.492941469038640667e-03
1.789591614972744701e-03
1.215704283569258529e-03
1.421882064955939029e-03
1.446673326638721595e-03
5.788929615845218738e-04
1.684172522071812270e-03
1.020859479899441412e-03
7.697303718993168346e-04
1.422706397283608933e-03
1.447360902648056310e-03
1.485863318574687491e-03
1.879183106958242158e-03
1.462817142874861184e-03
2.239730861870691675e-03
1.949023092627188069e-03
2.065381118766219763e-03
1.042617780152816720e-03
2.425880924637790863e-03
2.472951008572735979e-03
2.164584502896985119e-03
2.273270427140585033e-03
1.960020542829159478e-03
3.307864746920972758e-03
1.156305634119860620e-03
1.639337117622468448e-03
2.397626705981322805e-03
1.895150455476952989e-03
2.370798780573577912e-03
1.131861075964471757e-03
2.100623744057246185e-03
1.484579155668996767e-03
1.815853971175486470e-03
2.112865546896609825e-03
1.760726594716946264e-03
7.450478707177589453e-04
1.481931218815980876e-03
2.040178006441284702e-03
1.163530179428022646e-03
1.123925287632683958e-03
2.272584914905960689e-03
2.055140191731602388e-03
9.896821343915202396e-04
2.572992438161090818e-03
4.028783061952766024e-03
2.198973918184702649e-03
1.395325494859948586e-03
1.422910174977142037e-03
1.258136189284900447e-03
1.818405565576554708e-03
1.084570973980632236e-03
1.646593182913191553e-03
1.174174862226651239e-03
8.277071875862730211e-04
1.732169230302558257e-03
3.525326844119549066e-03
1.287767918200415432e-03
8.878839629505465682e-04
2.172406451290821543e-03
2.207277634601654322e-03
1.234239698010568221e-03
1.233685288017032306e-03
2.144723275490160921e-03
3.679079891691587785e-03
7.400225556710601739e-04
2.357625562026546308e-03
8.568158881189905964e-04
1.251811727620316022e-03
1.938266179478181786e-03
1.911162969760219713e-03
1.682626886869141710e-03
1.795784016596822580e-03
1.632439981192825408e-03
1.929568096838092444e-03
2.340109052233887293e-03
5.379927417447699298e-04
5.112357415421358220e-04
2.788803147653907619e-03
1.589596600649975265e-03
1.418502277265755039e-04
8.066661075641731087e-04
1.671638967603536171e-03
2.211202513297145893e-03
2.514754713624840331e-03
1.211545704255881329e-03
1.183509727954058267e-03
2.159961494471241902e-03
1.491316941776856062e-03
1.472597721045550709e-03
1.860821198835779355e-03
1.228569927074122433e-03
5.294691791565628173e-04
1.730177550506903361e-03
1.923340086594328008e-03
2.264792058710823376e-03
2.906193626551487399e-03
1.501330383589407789e-03
2.396894186903506668e-03
2.982470304908656569e-03
2.063241487282765733e-03
2.943114993821561217e-03
1.632288997007025301e-03
1.743993527813749627e-03
1.004282022821659064e-03
8.214179373703935040e-04
5.505145036108950599e-04
2.173218974675271680e-03
2.532117154764247386e-03
1.097306734795076713e-03
1.836396075106068622e-03
2.104432122888611877e-03
1.149967605959155903e-03
1.599075389778933020e-03
9.472661765260561358e-04
1.196696237678377978e-03
1.494586751906855793e-03
2.533604526486062276e-03
1.823577062777345659e-03
1.364257822180360048e-03
5.912872373244581732e-04
2.656906795858278913e-04
1.608613312537226408e-03
1.849997118724537723e-03
1.570536001699749913e-03
1.098762663322217338e-03
1.243069520547444851e-03
1.536698734877945793e-03
1.612472576725956916e-03
5.123163163160938342e-04
1.208665391700069992e-03
1.183532735787704146e-03
4.346958659663167565e-03
1.240533103353496161e-03
2.602705944163534978e-03
3.141091061039926521e-03
1.340099869990948617e-03
8.854956594614791631e-04
1.896474855582829834e-03
1.117812507361542031e-03
3.493300118386785582e-03
7.753544711971232205e-04
2.288758874524138114e-03
1.889298453764524412e-03
2.998346422349318970e-03
7.915750256245191992e-04
2.431009257524151344e-03
1.866765733657452112e-03
1.577524368049790585e-03
1.607565043422139401e-03
3.278233099071809539e-03
2.205534142693960694e-03
3.786480995581448499e-03
1.594770468813778291e-03
3.206828917146141694e-03
2.069993775507694093e-03
2.076661694843164388e-03
9.836833119183721608e-04
2.019795140583590786e-03
3.750305279211143573e-03
2.126063624537696817e-03
2.726248026091393929e-03
9.786128619517745104e-04
5.510591302830351304e-04
2.552814126772443709e-03
1.620056360417679786e-03
2.247190063417196879e-03
1.097277482225286196e-03
