1.245410944532335251e-02
1.212785542025032401e-02
1.217405994239768169e-02
1.198515590418810020e-02
1.200027435406506721e-02
1.194584759941966917e-02
1.170199860562205416e-02
1.130307556950770759e-02
1.121871063601824134e-02
1.121804582444565178e-02
1.111432806123073026e-02
1.094003470923827007e-02
1.085102458804984571e-02
1.080453924405994776e-02
1.047705057502247919e-02
1.026382403348486023e-02
1.029464012396187275e-02
1.011734341749893039e-02
9.822079137603793864e-03
9.765305585855183976e-03
9.513099738335301439e-03
9.359460236074491554e-03
9.232295374923232822e-03
9.244570001642308382e-03
8.829171845126809054e-03
8.577438090409655186e-03
8.667036676187808361e-03
8.151030465739237188e-03
7.941037123779751822e-03
7.949068801182670660e-03
7.761615076378760442e-03
7.634031149546463210e-03
7.518518322592433745e-03
7.054426374476835751e-03
7.071059164759752047e-03
6.463158235243949418e-03
6.323419944917241936e-03
6.144940825198789286e-03
5.999540940082677756e-03
5.906760003681246762e-03
5.801314404285932112e-03
5.513012670145764696e-03
5.227040106407012179e-03
4.887196663350609586e-03
4.925682407062948256e-03
4.700482864492270055e-03
4.336495714702598425e-03
4.216480988228066967e-03
3.993667574809980220e-03
3.328950995146110706e-03
3.060233915144420190e-03
3.366197349893750284e-03
3.119334422321135177e-03
3.031486218933454168e-03
2.638571164099521443e-03
2.522739172869411899e-03
2.350910177752861801e-03
2.385115423225658230e-03
2.063756766352255450e-03
2.137031846485426198e-03
2.025885127809510643e-03
1.977776209919751386e-03
1.859437994140003417e-03
2.159126608710920572e-03
1.949215080188180117e-03
2.125857021808763656e-03
2.044743109960735303e-03
2.480882820251687979e-03
2.232745399949700484e-03
2.265951970368601000e-03
2.449428640669749913e-03
2.369662259261403822e-03
2.452956379818223374e-03
2.542011775413273791e-03
2.228550753694354906e-03
2.584708864983828718e-03
2.453566959030088323e-03
2.373323515079048523e-03
2.346333851611884236e-03
2.483035646395769132e-03
2.397664608275456351e-03
1.960319995480445769e-03
2.184504648218387260e-03
2.254412491387434991e-03
2.031350248548175873e-03
2.153509563217355632e-03
1.788442451258958916e-03
1.982878596940719929e-03
1.826415146885828657e-03
1.900284030558434169e-03
2.018683278775007701e-03
1.869034164524701691e-03
1.771491817820974608e-03
2.042061503199227909e-03
1.962745477205693478e-03
1.937416277852888231e-03
2.063337981797898346e-03
1.992716357058835468e-03
1.947607155699043356e-03
1.942073097601037818e-03
1.881954558322174219e-03
1.905987242559594201e-03
1.937606783116310218e-03
1.944652667626059310e-03
2.106787878009660792e-03
2.088732618614210900e-03
1.922608333997995623e-03
2.066797468834852443e-03
2.251568985194533825e-03
2.108089121111804236e-03
2.057912748441438448e-03
2.221769771054478686e-03
2.317037908296646319e-03
2.259244634819365140e-03
1.861728579316385005e-03
2.327247318573098193e-03
1.990286832634753211e-03
1.994223541195805447e-03
2.091816741690847876e-03
2.203241598468044966e-03
2.060287682668765323e-03
2.308191175752640108e-03
2.043289188968443106e-03
2.025394619839738369e-03
2.031916555087799007e-03
2.312077852083401289e-03
2.056723182210467085e-03
2.226538769696236129e-03
2.319290743061781269e-03
2.492856269628259281e-03
2.094875285492946073e-03
2.491651676872328695e-03
2.420562652334177361e-03
2.300156484138774025e-03
2.173341969693024303e-03
2.241218438930476717e-03
2.378208218852777625e-03
2.204760138149578635e-03
2.354326122413731830e-03
2.351748465413260741e-03
2.500470170650941591e-03
2.357203161082580857e-03
2.322050583510472995e-03
2.442387082252070463e-03
2.749189288099368553e-03
2.510986116137546402e-03
2.602037125121847531e-03
2.349279507585313748e-03
2.510041231654282744e-03
2.674985589549884555e-03
2.410947726974941273e-03
2.769596754942374710e-03
2.738993980278104246e-03
2.749665964001475962e-03
2.711699680321634671e-03
2.602642571611394132e-03
2.524253172307432819e-03
2.815129510376660621e-03
2.683291889712267377e-03
2.859692014633910019e-03
2.686335359297795274e-03
2.273151423340574566e-03
2.841010325416907546e-03
2.964387147011129583e-03
2.976909445580640766e-03
2.601880025583317140e-03
2.973948783082181694e-03
2.960863203558471504e-03
2.891374254734198953e-03
3.066505137753731784e-03
2.695720145743606827e-03
2.872144202486355026e-03
2.813271455198483074e-03
3.098139769927518196e-03
3.028775563640133742e-03
3.201839446774714174e-03
2.916106052142755298e-03
3.108438590578621423e-03
3.201485710308375060e-03
2.921774420026058017e-03
3.074349528065998139e-03
3.180939204930943558e-03
3.053362022710224763e-03
3.086689273609439458e-03
3.593934972158811369e-03
3.115467601639145857e-03
3.052833689698739549e-03
3.520161904238012542e-03
3.183714188718029733e-03
3.074307646321626508e-03
3.470587999025177926e-03
3.370960709236590566e-03
3.570619954613428806e-03
3.604178512116299003e-03
3.371320222524207093e-03
3.326352653314982276e-03
3.345104749577615475e-03
3.321807370723251114e-03
3.067770599525965810e-03
3.444566522111269184e-03
3.552390665549817403e-03
3.627035828214939146e-03
3.104747427821058243e-03
3.563150006886926530e-03
3.286152277817414123e-03
3.067632696011282720e-03
3.396379767443683841e-03
3.487542213704944959e-03
3.421369895056813014e-03
3.617784595877745774e-03
3.249761431522798279e-03
3.798096347504304783e-03
3.325856352247158823e-03
3.384752237318377176e-03
3.498614836258798037e-03
3.574613462527388274e-03
3.508727685464621375e-03
3.777793677940305232e-03
3.500608651020202262e-03
3.764712864047121531e-03
3.900343199408272572e-03
3.655058705737274701e-03
3.717701241965968000e-03
3.757229857077814920e-03
3.750503010123881417e-03
3.598344108172250519e-03
3.920044859848344568e-03
3.824921536320151708e-03
3.800402900332438411e-03
3.839855022059795921e-03
3.954787385150977490e-03
4.055924627936158613e-03
3.734641613311819215e-03
3.981609874194158571e-03
3.527454828367250841e-03
3.712892471541878216e-03
3.671854369837946729e-03
3.876939511185864291e-03
3.862391021812033691e-03
3.855790063488687396e-03
3.864469544193964781e-03
4.146721716087886818e-03
3.936617705760528038e-03
4.061233829607281340e-03
3.692040203560403508e-03
4.043093335059939203e-03
4.053123242059994934e-03
3.968901368581909291e-03
4.196820686908161839e-03
4.305871809859022036e-03
4.114900360156130074e-03
4.123146614725975261e-03
4.216584964413768247e-03
3.984925866190779098e-03
3.886278504104206249e-03
4.143633457533466707e-03
3.728318123177788712e-03
4.166407766222669957e-03
4.228180050582289011e-03
4.000955784602530131e-03
3.797415830369038885e-03
4.179824499655292354e-03
4.154649822078193555e-03
4.185702425318930595e-03
4.091375938308138178e-03
4.094424921013531220e-03
3.978256385159628476e-03
4.235341470495920975e-03
4.192379459475160594e-03
4.148915635530334503e-03
4.259806787136552648e-03
4.221875254763852309e-03
4.154049560601225967e-03
3.999875697718631093e-03
4.234778802495925421e-03
4.035434998382629243e-03
4.175454520209934475e-03
4.246295380383366055e-03
4.147051442879258129e-03
4.336290185353763177e-03
4.004309063744795200e-03
4.133921613274562680e-03
4.085766565116434774e-03
4.253451673457987400e-03
4.363574128188487875e-03
4.293015173383728234e-03
4.416831446091755951e-03
4.241294777782078813e-03
4.131007149846129337e-03
4.497001954806198118e-03
4.307434590081529388e-03
4.352355564818154512e-03
4.402123720444688255e-03
4.301472467193860616e-03
4.503895913743257221e-03
4.462935083666160277e-03
3.822927620294006533e-03
4.511685949139426430e-03
4.375475062502694190e-03
4.397411707105308709e-03
4.583827224135502212e-03
4.360810262287239357e-03
4.202046222334599596e-03
4.119008097736335042e-03
4.749434561325966038e-03
4.366622131124101719e-03
4.315135153452821955e-03
4.522337626525265233e-03
4.177322509197246674e-03
4.433071914001213490e-03
4.419283975993163437e-03
4.327762269919908228e-03
4.564074162939149581e-03
4.531635280346623523e-03
4.063887109790217250e-03
4.335760876241304476e-03
4.245693560762498972e-03
4.511677712339895799e-03
4.350316414428538267e-03
4.116539194650716341e-03
4.276248732464378068e-03
4.407630816550428023e-03
4.115679842851520907e-03
4.456927789644082177e-03
4.533002553065042066e-03
4.327882841437589653e-03
4.117363979841899210e-03
4.308842271463453506e-03
4.244036677420387656e-03
4.077322246580735408e-03
4.219990267486395732e-03
3.913909163019884188e-03
3.929955477440773282e-03
4.091750481403389275e-03
4.000890217978767850e-03
3.808447105939298527e-03
3.895981870172575239e-03
3.429216715556609747e-03
3.657649798750510842e-03
3.653987717865663214e-03
3.494447251590112810e-03
3.578423297256072035e-03
3.292834182708326025e-03
3.234568108904804177e-03
3.246531426264036638e-03
3.733189915116165176e-03
3.270474601411815525e-03
3.458214689643477561e-03
3.514559073010383762e-03
3.368465420528828080e-03
3.581243454685375301e-03
3.361350574479743218e-03
3.148665897301805051e-03
3.515221508726261001e-03
3.508823487600922636e-03
3.558041909928431282e-03
3.437733675248839590e-03
3.461265297745571082e-03
3.779041563881015142e-03
3.567743692701970393e-03
3.604976333177820590e-03
3.449927859789822006e-03
3.553721970121241722e-03
3.857879349761774920e-03
3.805855337290955064e-03
3.728360503724176961e-03
3.542599521193959093e-03
3.900145883356787718e-03
3.762410559827209650e-03
3.585836826959464679e-03
3.653353052673708953e-03
3.717396050618369287e-03
3.645864270587864577e-03
3.746314284434876414e-03
3.721226200213605898e-03
3.649954781311569221e-03
3.720373829615809119e-03
3.682512488708543884e-03
3.598646030476154636e-03
3.837828514772773612e-03
3.936760654805691526e-03
3.700140957453400617e-03
3.669156867088792500e-03
3.953269309363515414e-03
3.495585729050926238e-03
3.829475868270926231e-03
3.663438902610755433e-03
3.478049154580072251e-03
3.696632243759541241e-03
4.015211701133850931e-03
3.713822970322586039e-03
3.752781390739800063e-03
3.788660675981304037e-03
3.705672553461079616e-03
3.731283028053485051e-03
3.571072207222527120e-03
3.651104710676164253e-03
3.612359329089099170e-03
3.806969489329409782e-03
3.997124161358549255e-03
3.962058926629034861e-03
3.845639258626294514e-03
3.802669136478100363e-03
3.665535833693697558e-03
3.958942981764006913e-03
4.221681309512217636e-03
3.810477180323075530e-03
4.019943837546545787e-03
3.765546515247751840e-03
3.733832693482693876e-03
3.819706756928757056e-03
3.774614422682444521e-03
3.784293956125915626e-03
3.832318311439292680e-03
3.602837769454674249e-03
3.686628983220020112e-03
3.719406953506245068e-03
3.913298565332518596e-03
3.706963274290001921e-03
3.450894000312835184e-03
3.857554511012951590e-03
3.583344929082378331e-03
3.796248141018667126e-03
3.756237229652981905e-03
3.906930053297212428e-03
3.771256605170884499e-03
3.643585964321302464e-03
4.038012537972765839e-03
3.866642501050017444e-03
3.596516765241522182e-03
3.838081515395292548e-03
4.196436455250807107e-03
3.576274864266089631e-03
3.901293222982580439e-03
3.591539320557153234e-03
3.730543291595881349e-03
3.417051038276955333e-03
3.624112901577301610e-03
3.868104146963775164e-03
3.724940149277821376e-03
3.715870501781637098e-03
3.652658916055224331e-03
3.922237166572009950e-03
3.533880721911499857e-03
3.659484172965658463e-03
3.926799334637483437e-03
3.795847063902046611e-03
3.539560023033957309e-03
3.848874668419713634e-03
3.833780016801256740e-03
3.382926173443189140e-03
3.761561196252214204e-03
3.907507721058510811e-03
3.485810966416008627e-03
3.828153526893668390e-03
3.502798602746879861e-03
3.411323045734901936e-03
3.769228871052672167e-03
3.997885686724000215e-03
3.506320290431383206e-03
3.552483613618804582e-03
3.706964825642586510e-03
3.709789543171219603e-03
3.786444305025890317e-03
3.739958951417767311e-03
3.629278887264768706e-03
3.627276684613482682e-03
3.708576033354303147e-03
3.464607859695972153e-03
3.632933440303260514e-03
3.433284235653197031e-03
3.845344090397994317e-03
3.534567150103575580e-03
3.737055504545198567e-03
3.624972060905076732e-03
3.826872978198912322e-03
3.567339557007303229e-03
3.715390958411246905e-03
3.557285979800786820e-03
3.718228141067638111e-03
3.761730431153071166e-03
3.381975448901394527e-03
3.445766423486537351e-03
3.434101345479275563e-03
3.769068148427480360e-03
3.577726935427078502e-03
3.532325825044355105e-03
3.438633775615672350e-03
3.692046770251215283e-03
3.670753798892591960e-03
3.417404224421547072e-03
3.445694342286523791e-03
3.592139616167125404e-03
3.642484710839479813e-03
3.607084684281101385e-03
3.500361142607839177e-03
3.621070150538448999e-03
3.466208256837113779e-03
3.693986960023732617e-03
3.655870804296257066e-03
3.493999914925453344e-03
3.549595925021277899e-03
3.655014743595259852e-03
3.338768387949151741e-03
3.627772522857710281e-03
3.642202537458144596e-03
3.537046227571295429e-03
3.529121427263448661e-03
3.720222443368942280e-03
3.614486707059272330e-03
3.763517480831186576e-03
3.409994612560664044e-03
3.352964571908131908e-03
3.674633615122756183e-03
3.738949686330591410e-03
3.469030460627200128e-03
3.620278763289280950e-03
3.438592402730847666e-03
3.346847200031497459e-03
3.670676494361048946e-03
3.426928712954135491e-03
3.631930273125857662e-03
3.727189631173972138e-03
3.460192179227852133e-03
3.518348812266165488e-03
3.562694299267715574e-03
3.717799832251621282e-03
3.351113056595796807e-03
3.317625643318518943e-03
3.788489122077633511e-03
3.680803982572291612e-03
3.392033154891940013e-03
3.383239911793481554e-03
3.540307868012909729e-03
3.668931719782824331e-03
3.560859763526491584e-03
3.491950885523133728e-03
3.585321107925607074e-03
3.415724114501557732e-03
3.528457460749878823e-03
3.546481615466327841e-03
3.266651090123581531e-03
3.226336955194992334e-03
3.349568407158747506e-03
3.669129209366442726e-03
3.643267237111307531e-03
3.837916556618779090e-03
3.387346450851780669e-03
3.234253646499232922e-03
3.549930528836925826e-03
3.525471970802757267e-03
3.470713903820175222e-03
3.259867832520665747e-03
3.133248730442608678e-03
3.187015153749773837e-03
3.481517577104517331e-03
3.587913043699437164e-03
3.288913905845240477e-03
3.695575665713933186e-03
3.317434754033279573e-03
3.481656828325991639e-03
3.435928153919665627e-03
3.296106284842520266e-03
3.135388062784553835e-03
3.416113655487421422e-03
3.404701457820147239e-03
3.208500337592143023e-03
3.738181455360469960e-03
3.273071624189190579e-03
3.347842050254893308e-03
3.302310255212771196e-03
3.511430744375178097e-03
3.196351111656699565e-03
3.327913279255037982e-03
2.856922636308554045e-03
3.529245757661503714e-03
3.393577952369743016e-03
3.294367323525743824e-03
3.543955620352516860e-03
3.111182387343760028e-03
3.285097253141207492e-03
3.534796791267849191e-03
3.479930745934237991e-03
3.598076792958416342e-03
3.315251630978171583e-03
3.201954619603143443e-03
3.308869019976934476e-03
3.387202496333343096e-03
3.320067805841650684e-03
3.088995478884636135e-03
3.335076537292625074e-03
3.364609683180260803e-03
3.132997619174376913e-03
2.974405720823804569e-03
3.566966386185913950e-03
3.231450462230297735e-03
3.453665242487389403e-03
2.939136331411950145e-03
3.503737367642921572e-03
3.504748927159157847e-03
3.221249104170136740e-03
3.165895335175662132e-03
3.389358002758070983e-03
3.243793007076709468e-03
3.400005632713843338e-03
3.041491200931490963e-03
2.956668753202455670e-03
3.355461545206960862e-03
3.344998725612341548e-03
3.305955579371176213e-03
3.654060638589088500e-03
3.372845191172447847e-03
3.292514162006888664e-03
3.378322804436879531e-03
3.468563528373880267e-03
3.035358243082488319e-03
3.452465258722539100e-03
3.340583782290447966e-03
3.395562255205980453e-03
3.349747310268322460e-03
3.163965335027397238e-03
3.275245819144097584e-03
3.375552843218449905e-03
3.279032916243276863e-03
3.303025041245981688e-03
3.361868568069702017e-03
3.243082225488912694e-03
2.921935051484512904e-03
3.116389845672263778e-03
3.578339158934812185e-03
3.066565319381516722e-03
3.213889471208341165e-03
3.585605134419431704e-03
3.344570982804020293e-03
3.235657325784548066e-03
3.446067957094363539e-03
3.434466244303538071e-03
3.292954929360278251e-03
3.254119523132233474e-03
3.177402751770532288e-03
3.478515164935510294e-03
3.047586468388888137e-03
3.475781660845142767e-03
3.364876160508669875e-03
3.100071569152825380e-03
3.588741092831951654e-03
2.962090213362874366e-03
3.339711253867930999e-03
3.369664061095690652e-03
3.195392106701133196e-03
3.228253399159027818e-03
3.334948269588078329e-03
3.575682037108246329e-03
3.627525398961569877e-03
3.547196820711889798e-03
3.455475571184959092e-03
3.163414982776283774e-03
3.528616381483964254e-03
3.265083063671098997e-03
3.496673587340876077e-03
3.464711044764885034e-03
3.244609950282359174e-03
3.418655405471677546e-03
3.112936748294613514e-03
3.052534902242790438e-03
3.446879372811738861e-03
3.106353169909638074e-03
3.473342210879914582e-03
3.180303768074618873e-03
3.149064766950173538e-03
3.380707624248907063e-03
3.418052691106254239e-03
3.302164691803553039e-03
3.081993795014802574e-03
3.388502214221955546e-03
3.271098295817601812e-03
3.392609418782373785e-03
3.367945661347278383e-03
3.335165113727145934e-03
3.221634844757940812e-03
3.237914658612671068e-03
3.359733287413736204e-03
3.348181029003736466e-03
3.310687731925918403e-03
3.318453105032017660e-03
3.479859978779136376e-03
3.542419172526435622e-03
3.118712281001061008e-03
3.363372860787734384e-03
3.427990939695668617e-03
3.099253939606697733e-03
3.181854376175886900e-03
3.306908670442371655e-03
3.211173833514804378e-03
3.080998568343924597e-03
3.264371761559778633e-03
3.202061472508498010e-03
3.606590000006221382e-03
3.163450854769720658e-03
3.143356861132418339e-03
3.339007078799031275e-03
3.268887256668752926e-03
3.384912599788707753e-03
3.369833226415426368e-03
3.200064094428349114e-03
3.102885023753649760e-03
3.325361868599121650e-03
3.156535564525300881e-03
3.341518723438939749e-03
3.251299593927696550e-03
3.086639909193706829e-03
3.214958798728474385e-03
3.181495025412014836e-03
3.270885000420392305e-03
3.487104801133768684e-03
3.425022308713954362e-03
3.350913371913147917e-03
3.459214151967305879e-03
3.331541336134516418e-03
3.428866860786343278e-03
3.225158316258299601e-03
3.141822067315580905e-03
3.233914242279607894e-03
3.060143702054389427e-03
3.743171152181418507e-03
3.231646883943601820e-03
3.376438964643409691e-03
3.460847588752531505e-03
3.132753091724099943e-03
3.253477157397186709e-03
3.242049212784121372e-03
3.155173293177442224e-03
3.353957688016858188e-03
3.227294232698348780e-03
3.136958124675686896e-03
3.344822481938696749e-03
3.419967214845840656e-03
3.056557185830240629e-03
3.291315582644148592e-03
3.083892963730069242e-03
3.218330830644777936e-03
3.494490124139959866e-03
3.096252142369933409e-03
3.107656074724102213e-03
3.039484271653946149e-03
3.371471003473666250e-03
3.219827910340007995e-03
3.301743067007486578e-03
3.286466263401202799e-03
3.106263229156967006e-03
3.506415166179989613e-03
3.298738497632063872e-03
3.199650550113298294e-03
2.988954344996886357e-03
3.127542721094026586e-03
3.494162823664782522e-03
3.381689600656896406e-03
2.968999073157551141e-03
3.452432221091349292e-03
3.426049518499882374e-03
3.056476119324924318e-03
3.155772242211610842e-03
2.776766664176301153e-03
3.179142213252988004e-03
3.026411899586113619e-03
3.265670695391958891e-03
3.248764047340126949e-03
3.276788267901315811e-03
3.154197065911721470e-03
3.223362451017828135e-03
2.904314801376074728e-03
3.328103959284405174e-03
2.965167578260999737e-03
3.261839293223814905e-03
3.168389657931094342e-03
3.141846114627435804e-03
3.120431255917771249e-03
3.342477850647908397e-03
3.421288373728070820e-03
3.282025589058642622e-03
3.238254799160736590e-03
3.444502456694205350e-03
3.344761610487552352e-03
3.343787315168574373e-03
3.298576879917392100e-03
3.305212742177097637e-03
3.217463838468791193e-03
3.288775029355821885e-03
3.262334785098379517e-03
3.158643875858940971e-03
3.407405433201071004e-03
3.280156029264360250e-03
3.346957627355286440e-03
3.226356199641665715e-03
2.987456679380543021e-03
2.775539782080805543e-03
3.318191430120715803e-03
3.297532842009322229e-03
3.120614394739018669e-03
3.028142686061113462e-03
3.045509121779091648e-03
