9.154091521926120863e-04
2.561666706657835966e-04
1.749390131051098928e-04
4.052326124718807739e-04
5.755955332269032049e-04
5.868294826180944432e-04
7.206434823360291682e-04
2.917151770172552458e-04
1.664778854534037394e-04
4.232286164722635306e-05
5.022395119111755860e-04
3.849165229587886449e-04
1.348239651476380049e-04
2.746169972358346962e-04
4.479769256084613458e-04
1.417086172037465895e-05
6.126874784682194690e-04
6.550858723526243482e-05
4.696015817306282058e-05
4.220988918058831926e-05
5.501392130698229334e-05
8.361320126661588221e-05
7.771598049513737624e-05
4.956654152797533226e-06
1.657962198527941828e-04
1.033481806582570178e-04
7.974057717889460929e-05
1.862042498354075785e-05
1.304270322511416884e-04
2.638192264808172168e-04
5.062759736593894287e-06
1.615439208333891081e-04
3.476822270777703473e-05
9.626599673463598768e-07
3.203258711164333754e-04
4.163416230590936208e-05
1.142618327816220393e-06
2.984549021311158211e-05
1.034068893704622676e-05
1.011388809876533289e-05
3.202832532136468103e-05
6.307993804417045365e-05
1.090423857418122232e-07
3.027575265285398589e-05
4.744925929998812378e-06
1.996259323850732564e-05
5.110511879060562883e-06
1.073086218504950982e-04
2.556554482303790058e-04
1.015479733425356823e-05
1.903022320065263988e-04
1.404826406049634587e-04
3.741521590973494813e-06
1.387102665826044393e-04
1.473715779433035313e-05
2.322410093570231870e-04
6.356082189088279309e-05
2.869421124806914732e-04
2.372953130230242869e-05
4.850966243558575475e-05
2.248311147913154482e-06
1.901024086294951198e-05
8.765727361067525880e-05
8.424060659767078189e-06
5.753331508729026336e-04
7.940650876743282410e-05
4.402000970368413039e-06
3.205354927251029534e-04
3.309070330498916756e-04
3.379981722031042595e-04
1.273691230568739353e-06
6.685004494445892249e-04
4.429673914140720958e-05
3.641130846265778283e-04
1.561212845319716108e-04
1.882398605822835607e-04
2.306948000423945672e-04
1.536599638984983724e-04
2.659070849770815920e-04
1.229700069008532748e-05
9.469441175644355551e-05
4.567094386204344279e-05
1.974532859025369643e-04
4.606528909225445875e-06
8.897808748535971811e-04
3.495469081239867119e-04
2.907402412059533038e-06
3.040600976621061303e-05
4.944076757945361876e-05
3.578348106348013804e-04
1.994479609473394453e-04
4.184135245527799723e-07
5.013354809681106047e-04
1.205653595629804320e-04
3.625966412515057078e-05
3.590489585013180923e-05
1.330925400411785342e-06
9.111586729012797743e-05
2.109733702943615943e-04
3.080367509142776204e-04
8.298655944640695630e-07
1.656664356212720962e-04
4.364074784703073719e-05
1.658999953288097743e-04
3.879252924595128757e-05
8.429116455487246451e-05
1.700408043216726246e-04
5.915278945146441300e-07
7.293458058031893152e-05
3.294251314536284165e-04
2.112901714135511166e-05
2.532555752335938584e-04
1.669723006232082252e-04
8.199449608142730548e-04
2.186949226212586250e-04
3.661303055571645242e-04
2.577719469761262676e-04
1.593835458042800292e-04
3.675770504547462402e-08
4.070575299070015649e-06
1.143272025983751609e-04
1.649594057584592526e-05
1.001263855354010560e-03
6.140345752723812278e-05
3.723784565524518547e-04
1.294757839993853328e-05
2.197756898099116000e-04
4.073651717476697159e-04
3.227451069607009714e-04
6.712589588065841391e-05
1.033471182126629098e-05
1.613669698919124903e-05
1.278509432833306475e-05
1.963949867440679281e-04
1.274201286470959699e-05
2.312568153078548895e-04
1.105486349317103705e-04
2.894414868739502874e-06
4.405850281959234715e-04
7.947736991547559558e-05
7.358540018857579401e-05
2.971800903914049839e-06
2.433971791830224599e-06
1.115605434444319911e-03
1.189565017664488022e-04
1.496303747236036707e-04
1.483359944764309007e-04
9.045662875957270310e-05
9.611026025776312127e-05
1.214181229654574459e-04
6.885614533332135208e-05
2.141316913865397284e-05
4.094347936382516852e-06
3.876172488820486903e-04
2.668683123464344141e-06
3.393380209413252350e-04
6.307060093119444468e-05
1.644092749389942754e-06
1.220888197758867818e-04
1.956939953184291752e-05
5.024596117879968985e-05
2.017468896881670403e-04
9.978637147423164767e-07
2.231513707010873856e-04
2.123874535518036627e-05
4.447135905573670965e-05
2.841143955964722510e-05
4.102775029131454401e-08
2.881826423710118978e-07
1.702428349720888124e-04
4.030526161356762276e-05
1.883967105585900384e-04
1.360175999355954401e-05
2.290957025843945203e-05
1.025542560129620720e-04
1.449519443748416346e-04
8.044515296207553460e-05
2.144042866568675299e-05
1.093057645730017099e-04
1.615858217829009027e-04
1.725624341873276037e-04
8.024135727313705250e-05
3.031226969036739994e-05
1.058126904971454056e-05
1.325931886625980995e-04
9.669674223550062478e-05
5.016479482516029477e-05
1.720220819292165516e-05
5.006738313404918621e-07
2.139876870619157796e-04
1.337795321988475726e-03
2.500178486664257648e-04
3.241535442696304106e-06
1.258951374934123802e-04
9.215760622647695534e-05
1.527243462062749892e-04
4.644448873132380764e-05
1.395291647392052402e-04
2.082483039074588119e-04
2.798825696155337511e-07
1.092948720374273226e-06
3.122000886995473807e-04
2.023847157882330194e-05
5.358124789872082804e-04
1.469398518253844910e-04
9.600085524511412448e-05
5.556087387426366948e-04
3.158408975643958662e-04
1.874858514298071224e-04
1.870943194163150975e-06
1.233763071690896355e-04
2.254484655757102295e-06
1.820212604225731590e-05
1.823137673751359293e-04
2.254951658501086931e-05
1.775676775745362490e-04
2.265410857140495715e-04
9.298378140902289666e-06
4.927618703429077231e-05
6.608791995173735284e-05
2.309345310156254820e-04
3.032001970453887378e-04
8.767727896279381775e-05
8.306449016516066059e-05
7.422347945017102261e-05
2.061426848161632282e-04
2.635894880568287295e-04
2.360084241141599233e-04
2.940846312345116132e-04
8.013250220394585314e-05
6.890638571159641808e-05
4.115686474682926177e-05
1.246598405004731114e-05
5.635075647406193714e-06
1.453351303606127025e-04
7.461444812941298661e-05
2.258711196057490275e-06
1.013372613123556063e-03
5.328976477006400333e-04
2.946382903614452727e-06
1.532786778017424586e-04
5.961674690877332832e-05
5.516846772334072781e-05
7.512356802305881110e-05
6.197647065285406939e-05
9.823568263545338215e-10
1.939472969921524065e-05
3.268024538419072038e-04
3.093510467464051137e-04
1.529485562531505152e-05
9.717257972505347185e-06
2.301993515940717783e-04
2.073442068095352755e-04
9.369648908568539529e-05
6.842649168015306547e-05
5.634799121811106382e-05
2.438428284667536761e-05
6.325392703444406776e-05
7.220968960284317151e-05
7.339645329726298140e-06
3.345661479429813196e-05
3.375126413665340230e-05
4.396821619956880577e-07
2.466701747179056535e-06
2.678763220564696695e-05
4.480884388132999024e-09
3.085564418306815704e-05
2.536913127663112844e-04
2.432170579528895720e-06
4.229100742917767215e-06
6.751459216088323957e-05
4.987159082187084898e-06
1.468598208216942219e-04
1.712390378061223056e-04
1.617113663878699239e-04
4.406863022459686488e-06
1.740808954655070717e-07
1.104162962955673537e-05
1.847946985282318999e-05
9.075705320218333768e-07
1.185231030868089222e-04
4.089310931586425893e-05
3.060983217115802110e-06
5.822952001899577446e-05
1.485887871139246106e-04
7.948555203182380586e-05
5.893763113582782946e-06
1.593658475604337456e-04
4.031883352592824277e-09
1.147478820586628087e-04
6.845075394443616277e-05
3.374453336893816452e-06
7.866194960323182050e-05
2.067664929985325669e-05
1.253905019581981418e-04
2.495545771129845268e-05
1.967280555774276877e-05
7.662363471548534484e-05
1.316609297499900777e-05
4.075514232839467404e-06
1.450434970564394280e-05
2.839826908010196851e-05
4.580814401206994142e-05
1.395865985220793388e-04
1.462945317137489840e-05
1.142050473698400469e-04
5.621661137342754945e-05
9.936481564934781944e-05
1.410262634029295012e-04
1.646210967866453434e-04
1.753080115958061526e-04
1.772136093964123797e-05
1.571517861858016409e-04
4.435779657989726823e-06
1.506094589436805385e-04
7.839876976640632804e-05
3.163016685500769044e-04
5.757304815963295121e-05
3.335216529212518222e-07
1.770866081017597162e-07
2.694803893229540310e-05
9.173987875210738664e-05
3.003126380431251908e-05
5.249860034263394712e-05
2.217537703891811214e-04
3.346060601332986509e-05
9.770412454044643029e-07
3.336742674657352191e-04
4.793530224358522919e-05
4.836433947136331883e-05
2.347147772069234015e-04
7.775846248832503154e-05
6.151929380295682740e-04
9.526821048538414066e-06
2.056083012454714939e-04
1.660767532676746087e-04
5.116595544491164965e-06
3.813249357709545921e-06
2.508797894725318034e-04
1.873785385503109690e-05
1.991103580225107362e-04
8.785966213420166177e-05
6.200773416329468323e-05
2.589647772836548489e-04
4.684159601822960385e-05
2.065072078749611105e-06
3.276576508700165919e-06
6.592414329261259235e-06
5.964670654452959654e-06
1.325717790769818332e-05
5.352505681947547065e-09
3.068844004269161781e-05
6.021504153564366361e-05
1.416576570886449182e-04
9.288211877706277095e-07
1.458046545959040542e-05
2.227679240590283482e-05
4.294816597479947915e-04
8.260420675447825419e-05
2.345123602701726698e-04
1.117479553377154970e-04
5.107568901314207479e-05
4.632216031577293306e-05
1.424237197336259981e-04
5.817230678494405167e-05
2.760348939656771263e-04
2.114959543634831185e-04
2.757855428060763419e-05
1.205323706523297826e-04
2.421225517307050846e-07
4.375120910567363510e-05
7.714041340737229947e-07
9.572735548223032206e-05
3.936989260952012282e-04
2.017195590337508750e-04
1.663676133395354049e-05
1.032523494462314932e-04
2.247215344207270312e-07
1.181546648021548280e-05
2.562154587640811594e-05
4.506595953442669065e-07
3.311538965161958133e-05
8.689699365993824225e-05
2.013765504529174843e-06
5.229198172508454467e-05
2.016291932262833254e-05
4.601966252116070511e-04
1.883759526578573904e-05
2.694925945157262818e-04
1.431011676055844652e-04
1.569239661869563778e-05
2.067408896001250804e-04
2.489303255715070472e-05
2.104764083730803930e-06
4.471176857076664819e-06
1.809640271151212825e-05
1.010597184125190993e-04
3.120159510337522808e-06
8.661485255986396526e-06
5.111022568677219848e-05
2.675796583281087092e-04
6.107200941444158491e-05
1.797851435344917609e-04
1.992940195017507389e-05
4.463563598686836877e-05
3.432107041013087128e-04
6.279522352684526495e-05
1.477158430970382328e-04
4.787517068371867352e-07
1.353745150834911133e-04
2.827934253596785992e-05
1.033494503359387187e-05
7.828448425262453253e-06
1.008926988164870359e-06
5.487124976862637157e-05
8.295678008527686167e-06
2.555798658909807231e-05
7.503975434687267391e-06
1.866951214557798010e-04
3.728250445894608746e-06
6.695861732529218789e-06
5.154150321966141264e-06
1.268285260816475911e-04
6.573194024002821617e-08
1.764472828722722975e-05
3.889544696450832566e-06
2.253484659186316902e-04
5.069712712639545989e-04
2.370527895480067267e-05
6.620104398053274679e-08
2.910987845631507714e-05
1.083422825661033761e-05
1.062889674096958552e-05
9.716537652459825234e-05
2.152814863437572056e-04
1.455177489204689273e-05
7.369464864589658705e-05
3.051742904716811750e-04
8.688111258750221162e-05
1.815268522353720589e-04
2.220652212254102059e-05
9.386666055155752902e-05
7.507557335518335380e-05
5.621505956155229430e-05
4.704781775150614210e-06
1.180276378716610435e-06
2.239263900530858017e-04
1.853248107218659726e-04
5.256861195034164615e-05
7.822812589974985443e-06
1.347998030132675324e-05
6.511706466382989383e-05
6.609276495871215429e-05
1.873526352389179687e-06
2.311842153380108786e-04
5.672014924393619853e-05
8.958039929109621241e-06
1.652430618682279649e-05
8.490836076407897782e-05
4.856674983514103268e-06
1.190670134270208683e-05
3.873329138540252466e-05
5.786551000403175913e-05
2.692573411609232835e-05
4.853779075963081990e-06
1.150542635501533636e-05
1.159808183798711107e-05
7.812113360648841444e-05
1.558349528202269735e-04
7.668477227743426263e-05
7.563983308637187240e-05
1.322489132763207185e-06
4.979503191966498394e-04
7.815827380307443730e-06
1.920989683948727916e-05
2.157055895402101294e-05
7.578775724298202141e-05
3.125473308123639206e-07
3.712784177308923355e-05
7.175369086473469896e-05
2.433527584615780013e-06
1.555736787342959222e-04
4.906805905835777133e-05
4.688086424047001797e-06
1.511147993000810008e-04
8.013096953771037668e-05
3.363896487473138253e-04
3.882092793306394254e-05
6.455642220533308292e-05
2.551427150136700803e-06
1.974223006471475801e-04
3.196978621661922520e-04
5.286519768800390064e-06
5.423739031366710287e-06
5.169140208150801024e-06
2.733965343780822804e-04
1.142652755986766565e-04
8.250424391313187437e-05
5.089562685141312624e-06
1.859057385790705007e-07
6.890049358622931534e-06
3.006745227682447032e-06
3.417836259246598307e-04
1.195807852538572085e-04
2.772346892537598905e-05
2.355302043533008722e-04
2.373187228775792646e-06
2.342490224913267328e-05
4.153486884959575065e-05
2.309234473731943554e-05
1.378789591359695711e-05
4.062993754134308318e-05
6.704801920466446912e-05
4.470756752538148433e-05
3.508086333328305355e-05
1.271950739610121036e-05
9.731592886185890141e-05
4.022280917956905542e-05
4.639974303896677487e-05
5.290151908852495687e-06
2.772419328202816412e-04
3.842813040056132609e-06
3.391266184738453172e-05
3.043388204412585024e-06
3.902189873583265648e-04
5.196977158577225411e-05
5.180521280801123995e-05
2.390812003627094053e-05
1.698876740636172755e-05
1.166550108953457967e-04
1.032254370188806123e-04
1.921982585030010469e-04
1.173156245788438045e-05
3.099130646856249109e-05
8.007423054733005973e-06
1.631087721073873277e-04
3.377745834043864684e-05
7.947675493116933157e-05
2.346983443181575818e-06
2.090104443063803762e-04
1.557300209909282082e-04
6.343358079868048540e-05
2.759853841467393152e-05
2.342226891174772825e-05
4.337437826475458360e-04
1.635378754866112700e-04
1.893495444200301951e-04
1.072254694993717982e-04
5.410823405673221133e-05
5.141329823319469496e-05
1.291378946835401785e-04
4.359469574739272273e-04
3.158286429320731259e-05
5.809481088333928950e-04
4.314574245183738495e-04
1.870211737182801416e-05
4.529962015512810472e-05
1.185810332715517686e-04
1.189904577009857114e-04
1.868322699214628152e-05
4.441204279088705415e-06
7.398433178497819602e-05
8.608861267091212809e-06
4.119846635074738762e-05
1.871825732813405419e-04
6.261739723302244974e-05
1.776457469985763689e-05
2.302665054702458469e-05
5.417145594820529150e-04
2.652652356976797756e-07
3.884365077306818582e-05
1.422699460957095770e-04
1.302128484027742961e-04
4.106181262309298069e-05
3.640329614011875577e-06
1.229383859624765016e-05
8.881847729527551655e-05
7.451410407460836413e-06
1.280487271255089916e-04
2.894832695584669591e-09
4.907843518456541293e-05
1.666520359597060545e-05
4.005912914796146693e-05
1.757524943368916797e-05
1.864718522640639321e-05
2.204924721521494657e-04
5.047354034767439026e-06
1.978026854472893833e-04
1.335102184151123182e-04
2.055403143880535550e-05
4.221395803717203189e-05
3.396812401821857746e-05
3.068375352610239296e-05
2.398285581985079324e-05
2.648268479177206440e-04
8.374607971816771645e-05
2.184615425623043979e-05
9.376164468007441581e-06
2.000600413814305259e-07
1.842784292996340494e-04
3.891097358667057769e-05
3.645115006300802425e-07
2.512510025846009654e-06
1.038139625572095470e-04
9.278738140247426436e-05
1.566960095309192831e-06
1.718141882470079122e-04
5.036920588185558217e-05
6.016678277304644086e-06
6.063773462914135479e-07
2.201869868048204917e-07
2.622665519989651384e-05
2.575657730196260779e-05
3.133903550801272136e-05
2.521784254379791948e-05
1.798399530251965171e-04
4.638889292455520620e-04
3.227151921621648588e-05
2.402642215244580947e-05
1.122963820265952101e-04
8.333573710377202679e-07
1.305559367297318443e-06
9.203034769302107388e-05
1.001741410560813729e-04
2.846597333265021563e-04
7.969224232375326242e-05
7.369038396568522279e-05
3.127931436297782489e-05
2.453842114531980525e-06
1.549113220447785209e-05
1.923829733084013796e-04
1.340937769255626333e-06
5.602951396302539261e-07
1.216231853549378167e-04
1.889281649070179568e-05
4.620109818228673005e-05
1.230307688790689940e-04
1.784716823126738150e-04
3.775702593584432508e-06
5.782166900813225243e-05
6.072539958798870682e-05
4.295294267243704446e-07
2.059666016474858443e-06
1.277372171344904825e-04
1.162742640890274798e-04
4.389394836593737747e-05
1.688369640250512820e-05
1.050678737628034593e-04
1.852942322634020249e-04
2.587502674273249148e-05
2.383227096005099835e-05
1.258320544200854668e-05
6.706336062541985775e-05
7.981571064156315373e-05
1.372352150027334308e-05
1.080268279205550558e-04
4.925748860169581154e-05
1.824419070138352513e-04
6.704740148803831193e-07
9.661224495725836724e-08
4.323743832066932088e-06
1.054228812984654739e-04
3.698910558160545096e-05
1.353665733024924387e-04
2.878911632144323245e-05
2.618949273162732248e-05
3.369016431535836186e-05
2.081107485825712507e-07
3.781788004931892823e-05
2.029676166711250496e-04
2.294218185377844255e-04
4.191463978095269526e-05
1.604980659486190477e-06
1.495353961420991965e-04
1.345479519496562397e-05
1.043009837773945196e-05
5.286393362677794246e-06
9.242725417000152103e-05
1.162966278494100345e-04
3.090899979061956595e-05
1.179538986606475487e-05
9.046148570495885074e-05
1.296950593568622640e-05
3.317034203954185841e-06
5.300428945303136542e-06
3.334895191712702479e-06
2.971497513794469250e-08
2.319066243931716594e-05
1.841608544139528903e-04
3.249915193530367516e-05
1.149075102959050423e-05
1.304679652966600381e-04
1.240792283373699528e-05
2.629565507715295135e-05
1.762309325454204537e-04
3.510245903992226805e-05
6.129585794087449872e-06
1.367471578200815056e-06
1.162414480943175412e-07
2.676317925445259106e-05
3.666937329308930815e-05
1.067996903369589519e-05
1.494101838586908361e-05
4.646299772634739881e-05
2.023893926865106513e-06
1.554749585102180645e-04
5.308645836518771047e-05
2.139224322994502273e-05
2.768756721956816982e-06
6.461910532228015766e-06
2.629978299720798154e-05
1.584021281931460540e-06
1.481462112927209948e-05
2.032384961557838650e-04
1.208799080734343579e-05
5.775440608565665429e-05
7.414765466869489927e-05
1.741837607122477129e-05
6.254566030841560295e-05
2.262700748545406333e-06
2.407034633783478953e-06
7.573716751876666712e-06
3.112414189651334095e-07
2.962520477999364219e-04
7.103543332473098292e-05
3.191677966580208023e-06
2.880470570819398374e-05
5.143477532784457744e-07
4.761162416655009494e-07
6.575884886433850727e-06
1.230888408369021239e-04
8.019401488037636186e-05
5.928373669719810580e-05
2.549819791702302156e-06
1.129187847318560058e-05
1.247021422041007894e-04
2.234741630965919861e-05
9.226928305600265346e-07
1.269830595750766431e-04
1.273204655449787005e-04
1.596610393357259081e-04
7.725987567752594745e-05
9.667356403161536707e-07
3.372286015372103602e-05
1.305172676338389433e-04
3.900517939247782685e-06
5.603446526032264124e-07
1.115448584470289499e-10
9.262723995969258451e-05
1.944685629308100347e-04
4.033041005231824698e-05
2.967139283322737069e-05
5.756950943554176270e-05
1.176821728918312405e-06
9.029490181288139653e-05
5.864124172729164920e-05
1.532647378066291201e-06
1.383714937292288305e-05
9.256001193824438733e-05
1.234117968830207265e-04
8.535026678538049750e-06
1.674001728889613428e-04
2.865812960454973608e-04
1.998413006340308150e-07
1.636163209245040939e-04
1.904567006842160595e-04
7.019294134928379591e-05
4.051695696429851763e-05
6.851188297422170143e-05
4.435843602342610953e-05
6.655208358718447872e-05
2.504076679261347870e-05
2.336692821536765234e-05
3.955367155771036638e-05
2.728739133836992424e-06
1.331784805493358259e-05
4.231230413704034486e-05
3.008009510662445780e-04
4.021902003509783333e-07
1.271095498809557636e-06
3.992973311023932740e-05
4.126793206844869784e-05
4.810578317508806253e-05
2.472480433870663159e-06
1.539195472070933190e-05
1.003175148393280929e-04
3.821533698003116779e-07
6.902650483156759803e-07
3.394730527705763274e-05
1.139169195458261547e-06
4.264968635535158247e-07
1.013245162453393721e-05
1.242040151330284520e-05
2.036644604956370721e-05
6.545537721931232115e-05
4.672352873470901000e-05
2.152786571818712401e-04
3.556598946433894045e-04
1.357502532696548480e-05
1.092845122567446571e-06
1.159191890547698987e-05
