7.603533571026343174e-04
1.884280455427509403e-03
6.473955813803551444e-04
1.360477482209295624e-03
1.325054455473829865e-03
1.634949301014864418e-03
1.190895687223423758e-03
2.184025172721998191e-03
1.598785894957875306e-03
5.816422615900907877e-04
6.407949299458443743e-04
8.051475192493725381e-04
1.160738301657917963e-03
1.894830638922633242e-03
1.601099103070051551e-03
8.269016748213087534e-04
2.175942888055012493e-03
1.452659239295553233e-03
6.851323065788143905e-04
5.806990990896056118e-04
5.439937072593112235e-04
1.476479489136279166e-03
1.444261129063929318e-03
9.245513349402564298e-04
1.114364279250741304e-03
9.464786349717122004e-04
1.222419033993480753e-03
1.838846432130037149e-03
8.810144300501382463e-04
2.741554397355932225e-03
8.760369931757790987e-04
1.778915469143191579e-03
8.417277124616884005e-04
1.220474849005807536e-03
4.489301777073497032e-04
5.658906018762178015e-04
1.193106363785326716e-03
1.746518595292728161e-03
9.181224078438284279e-04
1.618775728365410334e-03
9.463845010630209196e-04
4.530192746546936084e-04
8.449170342984986537e-04
9.989127900994283944e-04
2.243668826016607422e-03
1.483577349053015037e-03
1.161688894603015712e-03
6.365235334051793509e-04
8.661668424200958403e-04
2.355473363283361581e-03
2.267942359470046399e-03
1.593736527753349379e-03
9.174256143561242745e-04
1.138421743155994779e-03
1.894161573050054783e-03
7.516392419738916796e-04
1.877610543649136819e-03
1.384802661840065473e-03
1.355618306013531629e-03
9.921126045679155500e-04
1.881660558646659374e-03
1.495801915528270545e-03
2.061599078601967713e-03
1.116970609893328231e-03
5.884746075111229680e-04
1.639131674502473457e-03
8.864496739187929320e-04
1.313925280731937338e-03
9.207884221683835515e-04
1.794097198548851762e-03
1.221833311781777122e-03
1.176420270638162992e-03
2.257894727760446831e-03
1.344520129557867563e-03
1.183908930962868653e-03
1.444452774517450541e-03
1.118307706280326132e-03
9.647613676072013672e-04
4.888191188879455326e-04
1.635876133809209890e-03
1.228349081618246774e-03
9.445224883212723554e-04
3.535989445007280607e-04
2.425465500689059136e-03
1.098091753928927142e-03
1.721403143176194681e-03
8.121673045703365398e-04
1.747444356844326781e-03
8.712479109597786545e-04
1.992880567034293476e-03
1.400001922528057311e-03
1.970401169487244648e-03
7.041856544261256706e-04
1.809295932925234938e-03
6.154295493229428385e-04
1.367451567395135863e-03
2.161628338587744775e-04
2.938705449036124154e-04
1.532902428932089983e-03
7.593248283072323969e-04
1.309197635414926196e-03
1.871342725193850948e-03
1.543352252465602249e-03
5.808549871682502528e-04
1.414796935259285231e-03
2.404461643657207221e-04
1.326956720362464570e-03
1.482604689145218318e-03
5.519561201731564047e-04
1.419365978544850524e-03
7.355929571981639119e-04
1.817607860466911645e-03
7.819151397654337072e-04
8.491760825968776771e-04
6.995701717744243816e-04
2.218242264436289749e-03
2.621933718455302965e-03
1.810201953178192406e-03
1.242979692483385913e-03
9.724045848497679624e-04
5.644099590327308165e-04
2.247713114565118384e-03
2.242200433545897282e-03
1.056705974888521487e-03
1.385773499226880404e-03
2.969524137940824857e-03
7.503557356946237867e-04
8.301764645835845629e-04
1.754663662743472788e-03
1.110300524666563062e-03
1.572133863208933667e-03
8.899009858777961763e-04
1.431183730805369496e-03
1.732015243080569505e-03
8.388282240480829420e-04
7.968349349230022510e-04
1.195664911665748030e-03
4.766157038380591814e-04
6.803423663538933066e-04
1.398177159075417349e-03
1.817082556926384596e-03
1.050133076919100615e-03
1.214607755005585104e-03
1.139124989705000719e-03
1.610749390921522499e-04
9.169002631541808531e-04
1.422015714409510063e-03
4.107094164284568090e-04
1.349035978785997729e-03
1.102210473249383860e-03
4.537586598367857028e-04
1.197908992558097694e-03
7.452379481658150074e-04
8.705602054837776032e-04
1.644118630118732551e-03
1.431346102987762856e-03
1.531820953199389572e-03
1.013098484542538074e-03
1.460108475913054950e-03
1.080507591701589934e-03
5.300509864808299748e-04
6.706534234311395479e-04
1.173728422504260278e-03
1.261084632742882818e-03
1.146819380245249443e-03
1.261033973768827237e-03
1.401312959913240518e-03
1.202637246825047270e-03
2.777585558445114428e-04
8.064884769993850393e-04
1.181121073297653791e-03
1.602670219599966949e-03
7.560948184048178885e-04
1.999781544765181704e-03
1.297359925832700317e-03
1.303228970579652047e-03
1.321452764355648523e-03
1.396705448602124453e-03
1.122523752905304779e-03
1.865566316284577014e-03
1.149102819684260507e-03
8.544254502372850826e-04
1.065377589882184495e-03
1.084699693622421602e-03
1.792382800368466731e-03
1.157584339066079163e-03
1.959954405666343696e-03
1.599686469393367611e-03
1.920872318495943061e-03
5.016486194870801692e-04
1.577074982551407347e-03
3.654776400735228951e-04
8.048989360598266191e-04
5.427677428323679802e-04
8.158916196129903766e-04
1.825999772156235244e-03
1.071407623527926905e-03
7.780645128239990554e-04
1.302201053099281058e-03
7.624815288421784567e-04
7.223513031775956415e-04
2.472345284457367308e-03
2.709913214345945065e-03
7.697512052866424450e-04
1.836915647130905015e-03
1.527694091865816183e-03
1.064218647632990660e-03
8.412922186105220405e-04
1.389063681494217238e-03
1.716780945191118514e-03
1.022902235953852606e-03
7.086502342695419300e-04
1.958102950190021042e-03
1.028628239465071001e-03
8.241015878098658211e-04
1.257145538180486381e-03
1.599017162609636796e-03
8.276166590081535882e-04
1.843785205311501219e-03
8.265612190257002083e-04
9.642125958529814203e-04
7.548206516722272622e-04
1.754789857812987398e-03
1.081668847364358407e-03
1.767519457537560087e-03
1.091495609544249111e-03
9.098045501813663456e-04
9.892768388056055739e-04
8.929915720567991634e-04
1.664081527402606810e-03
7.467172578658373390e-04
1.061569347765390324e-03
9.175439315024791487e-04
1.806864508466931142e-03
3.583249393578032734e-04
5.559590495945091306e-04
1.343036690973311697e-03
8.060997028656369029e-04
1.343715221494970469e-03
7.649420227598347161e-04
1.425182249840921053e-03
1.880671991487287663e-03
1.293817261992751986e-03
1.491901391276095196e-03
1.011026851566100126e-03
1.456633733747684069e-03
4.062456884800246296e-04
1.537296646622210048e-03
1.124194797438156975e-03
1.166124629193016635e-03
2.408770876234802780e-03
9.697313725960302446e-04
1.623808449583465530e-03
1.568054066011738759e-03
1.396789263642342609e-03
1.649993926514404683e-03
5.442599841647496493e-04
7.562119389817453449e-04
6.136126646296357571e-04
1.670712788447447500e-03
1.649125916988468214e-03
1.456377896768472867e-03
1.693742997845394454e-03
1.009333360748450271e-03
2.343266576629348102e-03
1.745934266811360316e-03
1.253399490497275484e-03
6.912234520641152326e-04
4.457603766035939195e-04
9.581444821578312052e-04
8.788741727416275089e-04
1.666031867974903649e-03
1.532776521269127489e-03
1.056844012710505751e-03
4.503287283268999860e-04
2.014857055030290760e-03
1.640637263301697197e-03
1.348309751682922513e-03
7.042959412652519038e-04
1.112391151439226077e-03
1.391097288430802022e-03
1.038992732995443506e-03
1.439007045544885531e-03
1.896072086961370995e-03
7.625757504355131378e-04
4.805896749006212452e-04
1.973610031767603513e-03
2.129243559684944505e-03
1.893140813437745734e-03
8.738296914586252866e-04
8.468932374121748100e-04
1.153199119360746698e-03
1.822300225757602287e-03
1.077399904996127668e-03
1.026172326451688273e-03
1.757639027521372844e-03
1.088923754252498670e-03
1.715882401403829834e-03
1.125418604222793318e-03
6.250222654661895380e-04
1.400346104840777348e-03
1.337417634908307168e-03
1.147012183222711297e-03
1.105418492496727800e-03
2.419986026557363785e-03
1.122222095690028794e-03
2.934115214704411420e-04
2.970493162508844971e-04
1.862805584929180759e-03
1.484810010649731784e-03
4.783885747946292123e-04
1.285700010356031001e-03
1.012876808115710644e-03
1.111574840519880415e-03
1.690436717499314108e-03
1.103520664314696330e-03
8.799245933479994501e-04
8.652402597192762265e-04
4.596660785350359098e-04
2.467168775781719732e-03
1.115592522669086933e-03
1.622547854907877571e-03
1.354620727765810245e-03
1.091476648030667834e-03
7.165090915200667465e-04
1.253810669636904254e-03
5.826579632149886607e-04
2.999573493286716223e-04
9.563484586730876692e-04
1.207963434273567676e-03
1.800745809366854217e-03
2.702553571029040359e-03
5.686104483891619467e-04
1.272569976769834590e-03
3.501824025210961418e-04
9.947134342817864645e-04
1.657076125454379472e-03
2.303112841413591533e-03
5.115588200727260457e-04
1.497497240373732181e-03
8.913769668299758187e-04
1.371428183110010718e-03
1.008365018408655459e-03
2.094309125698110702e-03
3.689772018856180198e-04
8.285844145827889369e-04
1.646128687391855416e-03
1.366409639265138724e-03
1.008672641968057877e-03
6.918317337227886457e-04
1.021789828188293496e-03
1.098723178240901006e-03
1.139724820424797055e-03
1.022668710947374987e-03
1.275193545658406466e-03
1.051361868156927429e-03
1.271341495762597909e-03
2.533593013803796430e-03
4.844482182353025581e-04
1.097325963344328694e-03
5.359705482434882389e-04
5.318359626176218232e-04
1.369154906249899590e-03
9.637447264532703626e-04
2.185006154967773177e-03
9.299243987247442439e-04
5.768102983094400586e-04
7.163345669154053564e-04
1.470041830479663176e-03
7.368318220604888743e-04
7.543154235598301983e-04
1.125693687250732327e-03
4.326630229571765390e-04
1.375114882639674220e-03
1.085966751345542481e-03
7.775771337018115570e-04
2.081021678782041164e-03
7.561333149951148230e-04
1.140835911976075586e-03
1.091771704916170201e-03
1.976104028847210439e-03
2.233687897377916592e-03
7.724067005188643828e-04
4.676440440918493363e-04
9.871714827339543846e-04
9.028049583183660664e-04
5.957645384405612721e-04
2.888614862588529102e-04
8.351126031257945833e-04
2.760224430007688235e-03
1.492628980301558212e-03
2.419981153452867469e-03
1.355981833430754341e-03
1.464983147235281256e-03
6.129056150026994431e-04
9.502833942146703562e-04
1.045634603639652299e-03
1.456176870471983555e-03
3.858566654882787010e-04
1.801200429498086598e-03
1.308105045718301919e-03
6.140195442392804232e-04
7.886048832940846173e-04
1.896968344918822632e-03
2.373966112577551371e-03
6.664619599431027917e-04
2.621622514724906896e-03
1.140589750292292284e-03
2.302644255576122290e-03
1.152294673468701918e-03
1.306084548530058289e-03
1.251351510556244140e-03
7.331335199309801758e-04
1.373850448794974735e-03
1.094474610807740552e-03
2.163665108427228947e-03
4.435820847196232804e-04
9.058500199122745565e-04
4.219600816675442333e-04
1.056083980233008890e-03
1.250745614804326094e-03
8.519083997889538573e-04
8.319267816922324039e-04
1.281873456463475522e-03
9.991679726721635398e-04
8.870127099135097703e-04
1.143357646615811036e-03
7.035046573544400652e-04
1.473902561420645458e-03
1.494369159238237562e-03
1.627612198630002055e-03
4.892095876093012757e-04
1.567067125184626450e-03
1.743063744745170255e-03
1.241238632462119329e-03
6.737689658052421413e-04
7.633723415551026776e-04
1.248287894734881071e-03
8.594789087719126482e-04
1.727354414121850699e-03
2.495062235536792475e-03
1.113208209684936377e-03
5.686257693745267730e-04
1.178081766920665739e-03
1.961642032384043784e-03
8.173144917226144238e-04
5.751619697807127968e-04
1.216160538343180131e-03
2.712663893222375111e-03
1.748608749990914228e-03
1.024030915849267727e-03
1.313413883301058852e-03
1.255079263726898049e-03
1.562861748314504787e-03
9.334049300357084768e-04
4.743287431510447602e-04
1.011155119914683995e-03
1.419643521858146053e-03
1.149987831111489410e-03
9.102026327124512631e-04
1.067240776195653874e-03
9.164359463962972168e-04
8.753785786172251036e-04
3.829174794069915692e-04
3.135264703661240406e-04
5.073668709544562139e-04
5.344459223176165237e-04
1.448053991609168185e-03
1.267314548098902489e-03
1.462917889397055346e-03
1.382698275775543807e-03
7.270586614386008754e-04
3.002097307028490426e-04
1.043317462181328568e-03
9.188401383787163411e-04
1.183098942042137055e-03
8.678803337748288663e-04
2.305617500435483674e-03
1.253057195881518166e-03
1.441630154592610366e-03
1.292234432579902632e-03
9.606650745592724711e-04
1.023303502127626734e-03
7.618780919437721615e-04
3.714534874366933262e-03
1.652630184081719687e-03
7.078665173058946557e-04
1.363017699224544372e-03
3.940409004662824457e-04
1.508921768562549413e-03
1.045435079784628931e-03
1.240206647129944890e-03
1.423333835864024196e-03
9.380559134577179164e-04
1.609017676317988504e-03
1.571026787671453125e-03
1.427106677158605482e-03
8.386958411205708503e-04
8.011516003889222271e-04
5.086424234983154226e-04
2.235318211264054021e-03
1.562677753949001267e-03
1.057756722185410406e-03
6.017587072792043683e-04
1.893904305863912613e-03
1.831245205496931762e-03
1.027886393575580971e-03
1.383263238492541498e-03
7.691004771394667093e-04
2.303734433886791069e-03
1.532324777578323617e-03
1.261928646315478618e-03
9.017587138947691545e-04
1.276092910235991336e-03
1.825960651263580561e-03
1.055211814552462065e-03
1.173322849731317291e-03
2.039747501723943382e-03
1.431235708038657971e-03
9.732590042395158295e-04
1.067714290481829769e-03
1.189833749117897438e-03
2.018743313535865166e-03
1.134996503396667545e-03
8.331984521265520726e-04
1.402422360014596216e-03
1.220260989317960591e-03
1.362124625717350259e-03
1.498198614215345316e-03
1.090324260228282003e-03
1.456774573980628958e-03
9.263253904921472763e-04
1.672368599148937743e-03
1.139109837926793618e-03
6.391187528241554878e-04
1.115432123105614863e-03
1.453174248377191646e-03
1.530316283041746606e-03
1.131685263708197969e-03
4.861468011641724559e-04
1.278653328145184674e-03
1.285178311255646142e-03
5.249073500320285569e-04
8.988472021906198598e-04
1.090174112528553060e-03
1.226856081071902140e-03
1.742438467384993571e-03
1.900149175818068286e-03
8.166268355520795493e-04
2.300408269487992999e-03
1.558653296994030836e-03
5.671069203913975919e-04
1.078782995506243764e-03
4.733710154161992331e-04
2.917781353522776958e-04
9.367888616869655179e-04
1.170835245889753498e-03
1.228510195049893486e-03
8.361696758373375876e-04
9.598508583670117399e-04
5.283401511584794779e-04
1.376680728418173353e-03
1.130778680406130995e-03
3.827977190612261312e-04
1.969454158133761117e-03
5.492758441534179590e-04
7.946491230365569907e-04
7.894049070333664445e-04
9.861814248942858078e-04
2.007812049425696053e-03
1.287528939228179195e-03
9.091151649503112758e-04
1.646229060231519997e-03
5.140801617368292087e-04
9.196560958720967523e-04
1.244031998571030377e-03
2.459562438880815577e-03
1.731101157785551415e-03
8.358195802821960074e-04
1.686557530058235138e-03
1.825741948264207690e-03
1.247522511973881299e-03
1.288941489222216819e-03
1.037952773308675747e-03
7.334337556946464226e-04
1.412344827663397076e-03
1.917496057930174417e-03
9.647020002732209065e-04
4.049690050476045648e-04
1.502346776977816394e-03
1.111080937249597344e-03
9.123963798989388014e-04
5.828328131649709387e-04
8.165650833760742730e-04
2.017792749114087625e-03
2.158030889854311782e-03
1.733149410595626310e-03
6.149984180433369901e-04
1.396814780353803406e-03
2.186257348035982456e-03
1.942888493919862729e-03
4.328652623658460594e-04
1.564384551034547896e-03
5.745790554237444536e-04
4.466676859040132042e-04
1.563386076792292086e-03
1.295856985310710804e-03
6.890933067476110330e-04
1.898901371119432425e-03
9.428880987542335394e-04
8.327723972834143520e-04
1.392415940498400442e-03
9.173767729556134894e-04
9.795491111839304665e-04
7.414868253819324739e-04
3.691996579365704732e-04
1.066523054121548599e-03
1.577829357925885538e-03
1.734405302299828894e-03
2.794534344348276449e-03
1.929997519822555579e-03
9.327304973525918320e-04
1.393452316783046294e-03
4.898049677454723418e-04
1.157151249944803929e-03
8.240377526793369461e-04
1.537775984287901741e-03
2.099752438213251578e-03
1.608768429805397223e-03
1.074254969545079819e-03
1.247243778389467124e-03
1.091322137424821561e-03
6.429256280155711076e-04
8.582780424565335936e-04
1.110733809225722922e-03
1.736296566331869658e-03
1.335003688464807270e-03
7.281049130431788575e-04
9.857869521604238541e-04
1.778900414636993286e-03
1.825629759359923302e-04
9.116090046553256779e-04
1.083352886548600907e-03
1.603489189980996038e-03
1.121976169939403701e-03
2.591955743971440396e-03
1.140811518800459879e-03
3.473436349372525261e-04
1.636532558519329748e-03
1.572989604203198655e-03
1.203056967356127367e-03
1.138245487101325172e-03
2.634059214943487281e-03
1.394582172552223925e-03
8.111044637457159737e-04
5.006611084194540883e-04
7.847961764321669843e-04
1.651353712644092978e-03
6.335648075311875157e-04
1.752548474588770016e-03
9.529940008311657334e-04
6.949466040009105901e-04
2.980840271692044088e-03
1.350353158921655016e-03
8.768190827652157238e-04
2.058931675291979409e-03
5.441345903844397322e-04
9.966237752204909657e-04
1.246011414513808905e-03
4.767354767896419426e-04
5.761740845480287782e-04
6.519866577857189212e-04
1.630644774951412390e-03
1.023795737585447450e-03
2.196448119809473257e-03
1.245675026216472693e-03
1.120655832043744365e-03
1.090629287517383026e-03
1.675168018731444230e-03
1.102165176950422199e-03
5.574217916723142943e-04
1.047533739405549389e-03
1.780263040338797217e-03
2.170009324785187547e-03
3.878075919281415347e-04
1.544567930811066841e-03
1.638352333016587217e-03
4.353385015223227607e-04
8.137480977426510926e-04
3.128838915494488483e-03
2.195946031315947500e-03
1.712571011616097162e-03
1.884332828817498855e-03
1.546284996463712091e-03
6.799261036065291398e-04
2.584634991647627553e-04
1.295114742071694011e-03
1.453403758844595481e-03
2.053959925151793882e-03
6.420084220735178563e-04
2.480139511387676691e-03
1.372743287724622393e-03
1.307424948395851175e-03
2.158511910209806074e-03
1.541219475069826933e-03
6.344082410843211685e-04
1.483858335864091755e-03
1.347929610276213993e-03
1.543520515509571277e-03
1.095260776220681942e-03
6.311986027746406634e-04
1.229623861285690772e-03
1.468325080427073347e-03
1.943976730825448590e-03
1.959716817657390815e-03
5.815842991456428345e-04
2.169723602762306351e-03
4.896874072684065425e-04
1.305653012342091910e-03
1.967693553041554785e-03
6.068455934203667275e-04
8.847540016827523191e-04
1.326842837088693236e-03
1.314716387660338137e-03
6.263833803587234633e-04
2.493837451149309367e-03
6.498155958716267649e-04
7.446473840738664345e-04
7.463685143197465888e-04
1.290030573715563941e-03
7.382296499327220844e-04
8.175083935481325522e-04
5.473116640264856850e-04
9.322954958339563355e-04
1.373831604938931684e-03
7.696444945688560215e-04
1.225530701991635460e-03
1.433974211402749442e-03
2.693084149491906804e-03
1.071129514731506208e-03
1.630014460111557520e-03
8.380722161475216833e-04
7.641870629491289216e-04
9.261232734155924089e-04
1.470601047154992350e-03
1.588922875257753851e-03
9.088712478745277672e-04
6.851285002021453461e-04
4.278305371566943163e-04
1.363103442580467992e-03
2.802065765461751561e-03
1.238123608086067005e-03
9.834532310314136362e-04
1.408170313859770893e-03
9.193914589566634524e-04
9.566965903576817292e-04
2.067330902033812914e-04
6.605050920916412036e-04
5.551939554292434744e-04
9.673299161516060295e-04
1.276581607808205399e-03
1.042047458172626513e-03
1.320022164159074911e-03
7.565863325013917184e-04
2.655660317341867419e-04
5.818631090326368237e-04
1.168823561337075821e-03
3.784926685000958497e-04
6.912368498588870609e-04
2.219431933884034782e-03
1.698653455204055928e-03
1.318579451091528342e-03
8.201626695285012562e-04
2.860699944108063180e-04
1.392724942565033317e-03
1.105019700511636165e-03
2.118713535032624041e-03
7.379067182695920029e-04
1.523972806350622081e-03
1.009198778325483921e-03
1.628333876166341773e-03
5.717311697138063951e-04
1.187530565665660806e-03
1.124476202115446679e-03
1.020083637448895289e-03
7.921520572432252027e-04
7.541607058788758885e-04
1.680157105712812900e-03
8.589951727983540604e-04
1.972283042779522134e-03
9.355088868381528696e-04
1.224980102891301461e-03
1.565570936869388995e-03
1.003377695787577035e-03
1.079059604428903680e-03
8.899979369649649351e-04
1.532873666401768755e-03
1.016839683266669873e-03
1.158866342897170660e-03
5.723809145057943797e-04
9.091299886499654452e-04
