1.987608390638565675e-02
1.994342123605518866e-02
1.942707632987844893e-02
1.845518842971107659e-02
1.818808322829539720e-02
1.781771370287975678e-02
1.692921076058235066e-02
1.593800450670933636e-02
1.604730956007768133e-02
1.535172306199240715e-02
1.446722468618982099e-02
1.494244035649935042e-02
1.388576052772864597e-02
1.334094687843385800e-02
1.314063250240739798e-02
1.249305113987944117e-02
1.222416465447770731e-02
1.175919417268059611e-02
1.153452134283666428e-02
1.139576858921538711e-02
1.103232604159632042e-02
1.041019020353021324e-02
1.023090211108114954e-02
9.745424563666702650e-03
9.382505409475000099e-03
9.675105992136646960e-03
9.024042799733107342e-03
8.790990654091310891e-03
8.286291004145584366e-03
8.304848834791888484e-03
8.195210767798189258e-03
7.820636619896022268e-03
8.099227644556134670e-03
7.114627633619190206e-03
7.424514470798932939e-03
7.005634832773406824e-03
6.989183337080586041e-03
6.641373174027969013e-03
6.533156474081003653e-03
6.542326112213655252e-03
6.546148167401084211e-03
6.166872361825645292e-03
5.930565128189620866e-03
6.149800432153428899e-03
6.202246136354943630e-03
6.028020617347988955e-03
5.699421548962125411e-03
5.950080628351583391e-03
5.826202885311891448e-03
5.680435197396301733e-03
5.531311906294767225e-03
5.454510629137656122e-03
5.460596939049790904e-03
5.458239018681067256e-03
5.061824799706625931e-03
5.149287305527797294e-03
4.922098811678489796e-03
5.058657200615948590e-03
4.857796623424386062e-03
4.647353337670475683e-03
4.723743974375180232e-03
4.625848057733822176e-03
4.595213175859331339e-03
4.482933781387830885e-03
4.369746999919153427e-03
4.260048606453566838e-03
4.243141023095832291e-03
4.101297936222128744e-03
4.130553179439899920e-03
4.026773819730065929e-03
4.006867985215826350e-03
3.748861110048971271e-03
3.696615575560069540e-03
3.778056621798575425e-03
3.940657604522083621e-03
3.789398785036853911e-03
3.814752114589858249e-03
3.921890759045269272e-03
3.779298083198129755e-03
3.797089102473181869e-03
3.856803084056402257e-03
3.834701640214166225e-03
3.825109413924463863e-03
3.874405022134566785e-03
3.801364314383979138e-03
4.010215519647353927e-03
3.854332230448405394e-03
4.196524120163524184e-03
4.164028027282387460e-03
4.095782619464432943e-03
4.232778137860398852e-03
4.233172287654441389e-03
4.228329875241206189e-03
4.359337204421200908e-03
4.545665787753433613e-03
4.463078645875373680e-03
4.485479796974404555e-03
4.657854036408098225e-03
4.558319645937455346e-03
4.680408991674876382e-03
4.686563450110261056e-03
4.810113207253947053e-03
4.772940500717029293e-03
4.946060766610357179e-03
4.940660081715085583e-03
5.124367170523614658e-03
5.028862006969751428e-03
5.081227519475150188e-03
5.061794813882708292e-03
5.228800952657056134e-03
5.280483480867802053e-03
5.314022466884369550e-03
5.399794575929850980e-03
5.308948793774382127e-03
5.411472565516868213e-03
5.400858695591213669e-03
5.461832355622623161e-03
5.360514749771504682e-03
5.485465314058375792e-03
5.556892035199377175e-03
5.587753172619199307e-03
5.763932321860834249e-03
5.573473353265249314e-03
5.779713710210292177e-03
5.706811536371848848e-03
5.803683735682213518e-03
5.886911761728887311e-03
5.891679069591771942e-03
5.911960118882325817e-03
5.906843504928432562e-03
5.975754870074794119e-03
6.020566614789973903e-03
6.009563087843974166e-03
6.099330472213261578e-03
6.113398926100086297e-03
6.077695727770493321e-03
6.027932613267204115e-03
6.157061811511147474e-03
6.301850621765770280e-03
6.243514814874114721e-03
6.192114991510384511e-03
6.152581704061032414e-03
6.268152247044438651e-03
6.399211652576522469e-03
6.299479474001181377e-03
6.405914778977831424e-03
6.431253843620924476e-03
6.465652872127010051e-03
6.444184185114340893e-03
6.461122282622138932e-03
6.507985941172484551e-03
6.363956721136019429e-03
6.520919333954267039e-03
6.573238189876996415e-03
6.595494390916888626e-03
6.599044270156664491e-03
6.609030759523339300e-03
6.633562442231014794e-03
6.594373905759383023e-03
6.655860201618509636e-03
6.671626647439106612e-03
6.753244582766887091e-03
6.680603892595417953e-03
6.789755951388726229e-03
6.822127693672778818e-03
6.781511523172225643e-03
6.663458536105352527e-03
6.931250725980059833e-03
6.755910848243869629e-03
6.879216600990185199e-03
6.857738406553211610e-03
6.785446267463890110e-03
6.907231970508346218e-03
6.865693225122225518e-03
6.871591608230472742e-03
6.916407282120276209e-03
6.806373918179885532e-03
6.787800393054248954e-03
6.859098462268337429e-03
6.910709889850717540e-03
6.875629464232395002e-03
6.829042310806173778e-03
6.947571866116006647e-03
6.869683577584681164e-03
6.942263331550933142e-03
6.943399008831421110e-03
6.939374007199637477e-03
6.863428371855322119e-03
6.966647070692333354e-03
6.921109997851439440e-03
6.956752187858432010e-03
6.880159257888933573e-03
6.967604699765727640e-03
6.942880412885557573e-03
6.820058893340077630e-03
7.053940659151360093e-03
6.925784044932960931e-03
6.998840832191999435e-03
6.978598910746723616e-03
6.862636265677717756e-03
6.959188865886571478e-03
6.928027029870136543e-03
6.973143433733113017e-03
6.862259407105777802e-03
6.936599341355497578e-03
6.996590958584187302e-03
6.880967577896065189e-03
6.952245750006613365e-03
6.968507720543541152e-03
6.848757474418813718e-03
6.861243434277450315e-03
6.824680983131811707e-03
6.902093237780732374e-03
6.917100667138262847e-03
6.756805090317512426e-03
6.929205740725485202e-03
6.960896743584663732e-03
6.805939451515240560e-03
6.878212537045832152e-03
6.874645642563063930e-03
6.999248947380741145e-03
6.780802252523556589e-03
6.842167644166053525e-03
6.756383929418803558e-03
6.804757505030315998e-03
6.935714957393791791e-03
6.862315808801623673e-03
6.832566247411757734e-03
6.803092535930777354e-03
6.875859905148135054e-03
6.631385727899116907e-03
6.803873176539937395e-03
6.764200969172048765e-03
6.786513614037472872e-03
6.840235265032141264e-03
6.699267732064863659e-03
6.691103023215704861e-03
6.737189055635747076e-03
6.716035892807557459e-03
6.668962020038147857e-03
6.708603039729569076e-03
6.836068327500183922e-03
6.705330263289874942e-03
6.734309077209424572e-03
6.665537235952275104e-03
6.717429166356501079e-03
6.692195372896152933e-03
6.676420720365006112e-03
6.675763005350283941e-03
6.684710871856793316e-03
6.641297781712152473e-03
6.613815933301290736e-03
6.707322594705573786e-03
6.592792401180937525e-03
6.675118863537517384e-03
6.719910246683895479e-03
6.633262419879354388e-03
6.729776027300794251e-03
6.625818176454370545e-03
6.667389139711439594e-03
6.680191377352026616e-03
6.597370817536207972e-03
6.595726081603287168e-03
6.611391538261437474e-03
6.529435387769629007e-03
6.484252934604967447e-03
6.551184150316229776e-03
6.587758324200146745e-03
6.521179665413125853e-03
6.630895404569302903e-03
6.608315443206416034e-03
6.405372250300835069e-03
6.573753763508861057e-03
6.666224853270705936e-03
6.541331807825112414e-03
6.563247191763089267e-03
6.526211413883505237e-03
6.409350362228712593e-03
6.553918560171880826e-03
6.434638256578048207e-03
6.461148110082198456e-03
6.523290395297516239e-03
6.413569113742901423e-03
6.485270724764754732e-03
6.513756863899171703e-03
6.565326426133103431e-03
6.436643622980854108e-03
6.462029788313464196e-03
6.543488157238283240e-03
6.469275930944282625e-03
6.538615820663046425e-03
6.552019572879676929e-03
6.358968891459404124e-03
6.562147306694912467e-03
6.459896807644744179e-03
6.510307043442513375e-03
6.543216389435946301e-03
6.476317852715164636e-03
6.562815466352822300e-03
6.412041924565358569e-03
6.553200536777740656e-03
6.451228350252273189e-03
6.479658149307749443e-03
6.467732286416519316e-03
6.382154700192389438e-03
6.496071805587475163e-03
6.492839240578134052e-03
6.486957817174220445e-03
6.459711552863523117e-03
6.389765300608847218e-03
6.556606258850296645e-03
6.479909774580249610e-03
6.425355517911427068e-03
6.451867350087428683e-03
6.345572852555504337e-03
6.341166290309006512e-03
6.528940751404955188e-03
6.290014405908898529e-03
6.315131113042787674e-03
6.423983443912595348e-03
6.473388975331501385e-03
6.392039051872022704e-03
6.396742395988038767e-03
6.479592944591194489e-03
6.481081618922684452e-03
6.523840653017652473e-03
6.367430075299680865e-03
6.403806845508179697e-03
6.515918267923018724e-03
6.414950366315133601e-03
6.335861623775065378e-03
6.394025781116649890e-03
6.546260064677261736e-03
6.343049281775083210e-03
6.414946363429631371e-03
6.365197483394497563e-03
6.452786784078822988e-03
6.383473671383771246e-03
6.370619733396419224e-03
6.287408035586096976e-03
6.384832810804140849e-03
6.388024430067742662e-03
6.429676628594638635e-03
6.482384492317706456e-03
6.430906719494347903e-03
6.421870902251519686e-03
6.443102071529574829e-03
6.444997659515731142e-03
6.447032606147819547e-03
6.533265011831993624e-03
6.388374677886212057e-03
6.417556224329036725e-03
6.460391812447184405e-03
6.331021478011517566e-03
6.509827607203887145e-03
6.472771838752221750e-03
6.521892805712829408e-03
6.372843149896379594e-03
6.435553098727203603e-03
6.428527131043271572e-03
6.410970655149770582e-03
6.417999696253908447e-03
6.406983276102767161e-03
6.392833005923908608e-03
6.347102839649130038e-03
6.416261472844287522e-03
6.369207149339655219e-03
6.262581670384042253e-03
6.279940347923421325e-03
6.424439596493427239e-03
6.227473546137044305e-03
6.339085954703584797e-03
6.164740390835928008e-03
6.362151157666188182e-03
6.214531176645721189e-03
6.212438877828843284e-03
6.112050421845793488e-03
6.175849153822386868e-03
6.261789514315505359e-03
6.178830835162322718e-03
6.327334655587409443e-03
6.211826946560672011e-03
6.186429887260487537e-03
6.244113445038692450e-03
6.299324140352887541e-03
6.267480208759050597e-03
6.259283017224793674e-03
6.273903196123468973e-03
6.250155717630699950e-03
6.256542474782128029e-03
6.148116310859295247e-03
6.183095562304455166e-03
6.321233862100458616e-03
6.163797915260623740e-03
6.293397667402560354e-03
6.173087648317257363e-03
6.129463270968674507e-03
6.162643185515051872e-03
6.163293862644104830e-03
6.271283669508275101e-03
6.208497860249644409e-03
6.195544930799776542e-03
6.200264387738784258e-03
6.207468102143674435e-03
6.081679565260734478e-03
6.128622207226355235e-03
6.188255100940880798e-03
6.192322036444497697e-03
6.208732768682540155e-03
6.107262919468401177e-03
6.119351675946610621e-03
6.070820015954923356e-03
6.050374060887656752e-03
6.138296559150051464e-03
6.191908453091308703e-03
6.175512683224341874e-03
6.191678090049279604e-03
6.097642301937736438e-03
6.163193812246316183e-03
6.064880469481392922e-03
6.040960529190741307e-03
6.121093166633575187e-03
6.205827996069315268e-03
6.122446727968539754e-03
6.155204168692573856e-03
6.210264863244555761e-03
6.057968707844045043e-03
6.023915951322169823e-03
6.154228406826477323e-03
6.116866174999673923e-03
6.117932771342451254e-03
6.092212014214041897e-03
6.089659705475434018e-03
6.111131496586501635e-03
6.044540961212853392e-03
6.220797279069789978e-03
6.213395650734736958e-03
6.194278073539797626e-03
6.033548879208382870e-03
6.014092911855470000e-03
6.242067109027346627e-03
6.163717512172695728e-03
6.194381120158456641e-03
6.104316185043948302e-03
6.124798438195919528e-03
6.219266121821380444e-03
6.097511211429079876e-03
6.147303291601971531e-03
6.124816312194481145e-03
6.210191523164714997e-03
6.159677911513359271e-03
6.104113303284282657e-03
6.121101284184356055e-03
6.221507404309506266e-03
6.101770965573021996e-03
6.028492069221824332e-03
6.110939956858999281e-03
6.118005020719319634e-03
6.145719449718473407e-03
6.168325776506729252e-03
6.159811091618927134e-03
6.147096029781500513e-03
6.165648173796917098e-03
6.125096841562980773e-03
6.208847309622882865e-03
6.194992196833674220e-03
6.139964304082713362e-03
6.082261798401522243e-03
6.145281275372907470e-03
6.118684849579611625e-03
6.151017148648142349e-03
6.057470425946329985e-03
6.142576293088198094e-03
6.164063098228459228e-03
6.225793074384276815e-03
6.115503465569189535e-03
6.044071717556394330e-03
6.135779182143465300e-03
6.026447424792700895e-03
6.137444799245738748e-03
6.045893605674344980e-03
6.086475409949720049e-03
6.068124637687405745e-03
6.070071859893683835e-03
6.211086100772050637e-03
6.081104057020495467e-03
6.238985421806602510e-03
6.086613004892147717e-03
6.202882889178969877e-03
6.219684694267857243e-03
6.185213223924602988e-03
6.133222713347768681e-03
6.140196713335684467e-03
6.056331274174060059e-03
6.123042302510878741e-03
6.033325047735366847e-03
6.134356855502053410e-03
6.138704800201332315e-03
6.062160625908218949e-03
6.219585281366499241e-03
6.051335638669552708e-03
6.147947121156786821e-03
6.068912545965060579e-03
6.074979432287370279e-03
6.162202490430260943e-03
6.155725451849197727e-03
6.088745857642108815e-03
6.138157389562757908e-03
6.122648908377725969e-03
6.105838130225771723e-03
6.065999853074261275e-03
6.104578375604709922e-03
6.127929879897679732e-03
6.017573246445500311e-03
6.065460973845426124e-03
6.206417799017689349e-03
6.117203151765475931e-03
6.177241958159693930e-03
6.005724139476965179e-03
5.917262452376102246e-03
6.040474795807262640e-03
5.997215860715924066e-03
6.144408386359087593e-03
5.980284055161224320e-03
5.952458701370366180e-03
6.181667378652044680e-03
6.109833515629452608e-03
6.073817917640627131e-03
6.122585021677852922e-03
6.068027841491057534e-03
6.091566903275064636e-03
6.009158240578688602e-03
6.112963069679552830e-03
6.050232922313761828e-03
6.123203303061268594e-03
6.187207803571338066e-03
5.941409239196110761e-03
6.049465200270094309e-03
6.138568650068259268e-03
6.022707544148865264e-03
5.986502292501757506e-03
6.083093759031956566e-03
6.104776975266925504e-03
6.029477736337755626e-03
6.129335571408140934e-03
6.045878414880460038e-03
5.980952252505803042e-03
5.999273739980968273e-03
6.158682804394646770e-03
6.005734884156305013e-03
6.114780247541948092e-03
6.113278418268740591e-03
5.966293128356853909e-03
6.022294658154613359e-03
6.012607834483338874e-03
6.002818950580458141e-03
5.997869445670402783e-03
6.053307671129359510e-03
6.075155039555808767e-03
6.145017956080762317e-03
5.976479353973714742e-03
6.108988545539175558e-03
6.151830150723309326e-03
6.075095016244595053e-03
5.932997443925724923e-03
5.984833730985130232e-03
6.044642290517411587e-03
6.024405543533349443e-03
6.011095344639905309e-03
5.942865658713098256e-03
5.987154342996365425e-03
6.118190032436722492e-03
6.000115342459635612e-03
6.009653254414246831e-03
5.983236966686256500e-03
5.967255779876107571e-03
5.983626669767661173e-03
6.033828653787519543e-03
5.941901740688938435e-03
5.941212506742244923e-03
5.919923853125035572e-03
5.949490560568771944e-03
5.857825400941913882e-03
5.948472756941576914e-03
6.014473930386007167e-03
6.040245562775908850e-03
6.100352311881472762e-03
5.968925754854101026e-03
5.992287927292926260e-03
5.957759888522666872e-03
5.999662023479939571e-03
5.988999601694930917e-03
5.841188645392231607e-03
6.070016478801457810e-03
6.001813576360637108e-03
6.074403640864222721e-03
6.112188538299044398e-03
5.906552708594029616e-03
5.980664090696486031e-03
6.006585236845217099e-03
5.976754984325933183e-03
5.889098912599192125e-03
6.061192138401300805e-03
6.002169247617831528e-03
5.997031204561889019e-03
6.037627898511853733e-03
5.912696687168010265e-03
5.911963077246952872e-03
5.999631414308864187e-03
5.912984118431691138e-03
6.042203909968431666e-03
6.086807607340005179e-03
5.929748183076020800e-03
6.006309276400941671e-03
5.928079915227650772e-03
5.934498210168761591e-03
5.939433111259897168e-03
5.912440819425535815e-03
5.927140878574076351e-03
5.922727714168893320e-03
6.032436098379137697e-03
5.962046354623630300e-03
5.939007167258108892e-03
5.985182025377590136e-03
6.020184486145920000e-03
6.022846049986714523e-03
5.854444023382300751e-03
5.954398800950746334e-03
5.889694140579531528e-03
5.923293213586932476e-03
6.095940636260573087e-03
5.984675637972737203e-03
5.991115880127196799e-03
5.908810721821385233e-03
5.898064145610844300e-03
5.924897223770724322e-03
5.974912264913109436e-03
5.919679771307925255e-03
5.964894159689030327e-03
5.873199413492170146e-03
5.852083329129070463e-03
5.975145730025692090e-03
5.951951331692146435e-03
5.935267638666586777e-03
5.920632294140202104e-03
5.910978797136295232e-03
5.943961683933134295e-03
5.880819040758641925e-03
5.918924391631378255e-03
5.955466799557813593e-03
5.981883031333282662e-03
5.860206714705160254e-03
5.968019161680385848e-03
5.932469495507008798e-03
5.961802395962361410e-03
5.909835162648354422e-03
5.931936844538210699e-03
5.774693081544051906e-03
5.831627822359467667e-03
5.889061102695044431e-03
5.892757530570847876e-03
5.968782411249926208e-03
5.962440019351032336e-03
6.058826602861278054e-03
5.930368299180441803e-03
5.987601345075483326e-03
5.920668675554743680e-03
5.868665248388296382e-03
5.837898979748332162e-03
5.907341781562602812e-03
5.895004887015553585e-03
6.002420554748217479e-03
5.966446734830654040e-03
5.862387709477186355e-03
5.940691337192733484e-03
5.840861926786279808e-03
5.794558848574967239e-03
5.917026661947514740e-03
5.967609614598891332e-03
5.917061114519528778e-03
5.935720584889766192e-03
5.899318771838274467e-03
5.809706889658386442e-03
5.890055575000649468e-03
5.781287579929032285e-03
5.943136445859498532e-03
5.900662116893830647e-03
5.847113112698047212e-03
5.799304076498259901e-03
5.906323561891814108e-03
5.921921854852592489e-03
5.840714909712893879e-03
5.905100499788654839e-03
5.795563671559035047e-03
5.979865944261500595e-03
5.836972104307888015e-03
5.823837271581602804e-03
5.832942535109803504e-03
5.871766258991099885e-03
5.825083777836489660e-03
5.899712862343862649e-03
5.959964686013497631e-03
5.841079753724441256e-03
5.918120439808752589e-03
5.965645973903527591e-03
5.929026025595214751e-03
5.884392352893569843e-03
5.784024060251871657e-03
5.838234768215288563e-03
5.797718447572574804e-03
5.876632678819559280e-03
5.795985169156323523e-03
5.769718665106197616e-03
5.940676951935674154e-03
5.738092063604323390e-03
5.866506005963522709e-03
5.837466705660839146e-03
5.903220857611304710e-03
5.838892106521345604e-03
5.817738237730431076e-03
5.855238174785222342e-03
5.882166677829849845e-03
5.891904152827129315e-03
5.879968438958356816e-03
5.945435977675518451e-03
5.702554644349789106e-03
5.886893543553052208e-03
5.875334157189706849e-03
5.773665701477430703e-03
5.892741691239001753e-03
5.838736966357970827e-03
5.865062273285820069e-03
5.731831317120047835e-03
5.793914961056774796e-03
5.896374643660132371e-03
5.750740714038149633e-03
5.777593779862470746e-03
5.864201609452690013e-03
5.858381550780090985e-03
5.832849734257498746e-03
5.768535682364484343e-03
5.862815827940631372e-03
5.836316851520015336e-03
5.833626122124528982e-03
5.838154187210909014e-03
5.915016432127153008e-03
5.813969739371319806e-03
5.780773618873760733e-03
5.853003459118019496e-03
5.813425361453383386e-03
5.825507099292486293e-03
5.750695085937334618e-03
5.726905507218186739e-03
5.836762713900735949e-03
5.770901033901932632e-03
5.788266858967687153e-03
5.827629462371478747e-03
5.831630485276136089e-03
5.717994799519131137e-03
5.740706526101278795e-03
5.714422141957008899e-03
5.850701361921251467e-03
5.742711171107783494e-03
5.809354699728503518e-03
5.686531547566853716e-03
5.788530996260261852e-03
5.772153454893448783e-03
5.712064247313929956e-03
5.747570875000302705e-03
5.700754918483681190e-03
5.752130909644712249e-03
5.739848855461261376e-03
5.781986937158728468e-03
5.693825905749689241e-03
5.732122746137796598e-03
5.723466758399039719e-03
5.771927811079193005e-03
5.768102935552969074e-03
5.712334379830544089e-03
5.828070276815549081e-03
5.770611184347342222e-03
5.697377774634932585e-03
5.768068696505843779e-03
5.692328955075258434e-03
5.665582848034155655e-03
5.759846771672981480e-03
5.738102287911404052e-03
5.746804767309405572e-03
5.803409108480700809e-03
5.732314982350307508e-03
5.714137155236069000e-03
5.835747280700857159e-03
5.707808043193989163e-03
5.771368956921024002e-03
5.713713241994315684e-03
5.743703517717847935e-03
5.719822319542061488e-03
5.742447096112204483e-03
5.656170172271897563e-03
5.684313342161645237e-03
5.717882085204215731e-03
