7.395974402650654089e-02
6.987417847177754271e-02
7.635936451346356235e-02
7.567072328474616638e-02
8.056845220360689397e-02
7.544990025031543535e-02
7.263291011965603006e-02
7.071234728242223322e-02
7.374842924595137461e-02
6.987736948480215149e-02
6.595809629797502738e-02
6.548263595072899290e-02
6.754218535798775513e-02
6.305591376389350911e-02
6.045904045780742253e-02
6.105574831204225311e-02
5.848794868340609354e-02
5.860279091161096215e-02
5.718107619608175235e-02
5.391832581974895233e-02
5.295496025631345888e-02
5.381392499156210929e-02
5.085696217190861790e-02
4.879487569095166538e-02
4.797015009018217729e-02
4.616321047350841617e-02
4.364966717391377538e-02
4.255751799774239869e-02
4.232687749993380849e-02
4.333790874439970991e-02
3.749318288405340677e-02
3.825104591320618169e-02
3.587523929561195479e-02
3.505448222312320533e-02
3.435325898606438055e-02
3.486505887812849785e-02
3.271486956358061332e-02
3.206637226653122341e-02
3.118172759454916274e-02
2.991929556822189515e-02
3.044920963360520094e-02
2.800480326074732129e-02
2.855466422904228904e-02
2.816772911078079672e-02
2.731193041164736018e-02
2.513827910494343537e-02
2.573255650008999737e-02
2.416253166718158180e-02
2.427725943855041715e-02
2.313242610936297808e-02
2.415069428819172775e-02
2.343902600393860808e-02
2.301311588033622471e-02
2.266988029667482002e-02
2.234324974028744845e-02
2.151201736233707834e-02
2.235577255031795385e-02
1.993013198551220680e-02
2.105358126473340363e-02
2.032243146145981325e-02
1.993248016990025254e-02
1.913015563949246531e-02
1.925413523037327809e-02
1.954271767529288870e-02
1.949969628444320549e-02
1.880756616186314567e-02
1.979770676956282491e-02
2.033880754140246147e-02
1.857621532985135812e-02
1.983216420478112196e-02
1.751103194922137146e-02
1.888365563012927087e-02
1.801205163761613465e-02
1.690528398371637236e-02
1.561632810480295674e-02
1.898697450435123460e-02
1.710862651150750827e-02
1.816186971937190989e-02
1.645911439952975688e-02
1.693722943954105095e-02
1.722370090957229399e-02
1.677981488346734495e-02
1.485246464063455334e-02
1.656627671338896726e-02
1.714890291299558250e-02
1.557337070553633379e-02
1.621172514286911559e-02
1.745736370833887025e-02
1.691521524162489798e-02
1.469519196202294202e-02
1.500737431533973390e-02
1.446427345882614346e-02
1.556822329664280490e-02
1.403503132599491672e-02
1.777688119130478583e-02
1.542244751025318057e-02
1.637474021053987941e-02
1.672322341669070858e-02
1.436748629030628471e-02
1.552921615665402502e-02
1.448380589861141335e-02
1.625664677564290714e-02
1.235835615295595956e-02
1.210233456858337761e-02
1.278775816045224847e-02
1.088599916889110460e-02
1.411742073651468810e-02
1.243186795246792667e-02
1.572030380704538682e-02
1.553106837996766527e-02
1.398580742261483142e-02
1.648890597483654991e-02
1.251255615027414489e-02
1.122527225236209791e-02
1.250043855069944872e-02
1.271804611489064235e-02
1.411569113844828548e-02
1.296460031460370567e-02
1.413341983437473894e-02
1.072066100634448162e-02
1.149522053690558814e-02
1.076539524681272182e-02
1.172621873454987237e-02
1.030247153947146284e-02
1.417406557967594224e-02
1.063295971298875917e-02
1.354733733907570806e-02
9.834561898374878305e-03
9.852967521713352009e-03
8.978806700381043726e-03
1.065379370708526528e-02
1.061502231117623235e-02
9.944654614814349425e-03
1.230993603867768307e-02
1.163328362114108075e-02
1.019891315957401241e-02
1.145517075119884334e-02
1.151421466656311898e-02
9.123930031533177692e-03
1.108079386354760346e-02
1.070995591923395995e-02
1.120186560298251470e-02
1.027223273498577630e-02
1.045759005262190955e-02
1.072606237559828486e-02
1.219639182711476470e-02
8.760314870388247535e-03
8.482023949842149371e-03
8.482075855155141522e-03
7.656394621488150400e-03
1.107254690648128495e-02
1.008194683261456025e-02
1.007244692721987779e-02
8.165007247806119542e-03
8.282324861440214930e-03
1.103119755296771455e-02
7.446122605524245659e-03
7.844682946701510978e-03
6.465607839159864811e-03
8.042572488256041069e-03
6.462403561713600357e-03
8.497714911452904432e-03
8.194183401278389706e-03
7.646309003175850647e-03
8.273852866002255960e-03
6.206231312634262649e-03
8.162479025218175033e-03
8.801810093545020877e-03
7.171609064775531957e-03
8.886820802246188020e-03
5.227235582781229739e-03
9.468069592662642017e-03
7.264018556201663410e-03
9.500868632710070955e-03
9.285191989419483774e-03
5.905648506463958766e-03
8.387218671709417359e-03
6.167774338409986665e-03
7.233347280092912619e-03
6.477616025584022157e-03
9.009893565260442341e-03
7.678273084537112769e-03
7.226909012988232128e-03
8.464189834661914671e-03
5.423788971918284268e-03
6.959923547451231721e-03
9.160736749338101170e-03
6.616319441703135719e-03
5.744938676414926455e-03
6.962422095280054041e-03
7.280188793366709939e-03
6.305877311012550446e-03
7.723813646400139524e-03
7.227748346125476356e-03
5.762227384099104059e-03
6.460611923733557312e-03
1.043749050050643383e-02
8.031782201168184004e-03
6.254144695070828694e-03
5.143023292251006420e-03
7.669354834926185235e-03
8.220224289730550249e-03
5.015497238055811879e-03
6.232048026761859670e-03
6.210145847425852829e-03
8.432714011675583252e-03
7.015546345478840956e-03
7.158379323164201433e-03
6.796389437765630072e-03
7.063182125027465258e-03
6.474594710146507753e-03
9.350073455777261830e-03
7.790566301097407928e-03
7.807684664301058237e-03
6.377824919931686203e-03
6.041307668657684878e-03
8.849252796587750783e-03
8.886881637096570932e-03
9.613344964167736331e-03
6.585262909443581787e-03
6.591960923685719065e-03
7.298627001625123019e-03
7.074017671152418515e-03
6.914129661124036354e-03
8.591440644095229076e-03
5.342257876359602503e-03
5.532716790331668189e-03
5.662725047116586204e-03
8.822630077040618385e-03
6.751604270818459264e-03
6.855490107697578828e-03
9.012954027004062285e-03
6.650980643517968860e-03
8.637072182125104039e-03
6.912840195760133755e-03
7.581543894936252324e-03
8.931476025358540613e-03
9.409683939364602012e-03
8.495881920451453170e-03
1.036083049216083608e-02
6.668628931485448032e-03
7.070229766713010712e-03
6.399867606516272157e-03
7.333357222677779411e-03
9.584608832594586694e-03
1.114746921580761496e-02
6.477327590170936164e-03
8.221725017597540652e-03
7.830530557814569317e-03
9.938642609280092660e-03
7.458137137100971301e-03
8.190638815832155389e-03
1.192995902266788359e-02
7.403957333079007157e-03
7.819065459521585756e-03
6.355120785475705872e-03
1.021833687683048816e-02
6.932498357150019240e-03
1.138550494984250962e-02
7.824523004869732984e-03
8.165982552332421568e-03
1.095733058183666689e-02
7.471032507934037559e-03
9.442050068867871918e-03
1.093265541549684992e-02
8.364674747982010425e-03
7.051962257796183867e-03
1.173287691749723589e-02
9.550814830173753878e-03
1.127506429388837501e-02
7.232800637320103976e-03
9.066403823498207781e-03
7.054908849405262632e-03
7.766206404342965684e-03
1.252714760255271322e-02
9.621892295506884532e-03
1.183681789260437704e-02
8.260083273862768929e-03
5.151595663655777167e-03
9.651080786431783659e-03
9.817184336231176214e-03
1.071718728524487588e-02
1.093776216877019418e-02
1.050078644520258120e-02
9.729737669599211602e-03
1.038561972747101790e-02
1.326796894308305934e-02
1.018949601657965880e-02
9.682767768225632524e-03
1.060245425318398667e-02
1.100419933813405818e-02
9.475518767592299232e-03
1.161855916892838916e-02
1.025521032544698778e-02
1.283555791372284482e-02
7.972114008593017553e-03
9.871864500981108320e-03
8.709581990052681424e-03
9.154240966351451236e-03
9.717603314146512627e-03
1.012316515166966809e-02
9.973828058001838262e-03
6.081807672603667912e-03
8.203102486427466325e-03
8.188928794479055293e-03
1.226136359670956279e-02
7.363179812586275255e-03
9.429842262418100182e-03
6.513326248550692886e-03
9.523375761876704676e-03
9.691684806155358503e-03
9.150854591364795607e-03
5.951074680668907296e-03
8.000656636901595786e-03
5.956203486657200841e-03
1.065632726799399868e-02
9.485536046477508615e-03
1.053531273519837594e-02
7.519875529963308131e-03
7.166481961147652506e-03
8.424924048149007652e-03
9.203321498887598318e-03
7.015573534826863127e-03
1.146223589320171168e-02
4.633879142890163713e-03
1.151119978365889619e-02
7.072828758737173538e-03
1.023954595454786703e-02
1.002472230361016979e-02
6.541406732126267207e-03
1.102945712034230676e-02
6.806744080469350790e-03
9.672723253681582076e-03
7.461201740036284627e-03
6.327521413129699734e-03
4.995005917897515219e-03
7.532817404462243890e-03
8.695375256705396502e-03
8.440592171798088142e-03
6.330293816550581348e-03
9.974998828766469192e-03
9.768563390699824128e-03
6.492043538441787109e-03
8.650951613086255848e-03
7.377032766152086599e-03
6.307310474057251787e-03
8.327750281469613325e-03
1.071624908505158791e-02
7.684915285967353592e-03
9.581323480099957282e-03
8.763093755093305168e-03
8.916866517403665773e-03
1.003937830891666119e-02
7.431638961578648263e-03
1.164840069698195278e-02
1.264933936050636858e-02
9.026049572854926220e-03
7.258972192381644289e-03
9.536074515568577700e-03
9.014160890922964103e-03
9.162365731883025111e-03
7.154703035349571465e-03
7.021888547801633483e-03
6.716965511145373512e-03
5.823138163625701802e-03
9.020333468533967003e-03
8.548830509599777625e-03
9.121347012814863889e-03
8.901422382227420702e-03
8.726500184839105709e-03
1.150034282792092820e-02
8.454843896823953722e-03
9.444797076816249110e-03
8.318354525098202792e-03
9.253506912964835560e-03
1.244356391232234911e-02
8.797773067997305754e-03
7.837496323364834261e-03
6.262333793748307668e-03
8.416607787049619482e-03
9.654543816212593846e-03
1.121783058773109451e-02
7.108115262177610270e-03
9.003128558564591280e-03
1.098923332386535397e-02
8.231516405671915684e-03
8.150096276284995653e-03
8.734311908795431081e-03
8.609971149767059115e-03
9.040782410936053226e-03
6.682811825065785097e-03
9.416887712588419349e-03
9.668507078186984460e-03
1.041984664556558880e-02
9.352082938997578754e-03
8.263591050994410769e-03
6.459322672730627261e-03
1.029526802321689173e-02
7.972686093082374803e-03
8.951878609597932815e-03
7.474996814001746460e-03
1.163631603647979559e-02
9.726175123038905551e-03
8.627023956196949034e-03
1.102791670546014562e-02
1.058411986914630995e-02
9.496681397489641768e-03
1.001727010090174008e-02
7.901386212915289392e-03
1.147044510266263112e-02
1.107182783805455567e-02
8.724127149378094886e-03
6.076114526446051330e-03
9.656453483774991159e-03
9.266518946043777669e-03
7.976967887790136283e-03
9.240403872942185015e-03
1.009952474682505874e-02
9.081160547795235835e-03
1.060978809105629639e-02
6.495483847555567208e-03
1.164183581627152402e-02
6.567294611444601977e-03
1.151353848574726731e-02
9.455888948500851612e-03
1.003122312797652925e-02
8.400742583155524842e-03
1.223912876361024117e-02
7.665285835994847113e-03
1.052353664097854802e-02
9.560258919580084253e-03
6.590131583221290647e-03
1.321779686489801993e-02
9.142036885979617014e-03
9.577021977025835034e-03
7.291187357895726265e-03
7.504521235054328540e-03
8.888379313107853952e-03
1.055761398768868299e-02
9.816645885163269650e-03
7.713490691299385721e-03
6.650562003988010062e-03
1.141190608654067337e-02
9.635638082717468481e-03
9.351409687137225354e-03
1.229982074896094138e-02
1.084248769596538736e-02
6.068713036097514620e-03
9.710212957978078124e-03
8.792226667293918246e-03
1.037832976928520883e-02
8.704356338682474326e-03
7.395927811776511519e-03
7.730292210880478597e-03
9.305274932119491499e-03
8.504963465653193888e-03
7.747131914658144346e-03
6.279301040408339155e-03
1.014862150340669136e-02
9.938136813874046474e-03
1.333604819709860619e-02
8.113035406135605393e-03
7.124315713887263528e-03
1.175234432746972806e-02
1.241355608503385589e-02
1.083723853068290117e-02
7.277931677763303450e-03
1.010212707922385905e-02
1.016577608338343347e-02
9.449436200463531485e-03
1.024856162983049657e-02
7.924233405597882682e-03
1.153018940756881175e-02
8.906261721656590774e-03
1.444707930567126417e-02
6.708151137506048085e-03
9.000110363605149863e-03
1.004539484713294281e-02
1.119959042902750335e-02
9.076252528109051212e-03
1.115242357792877934e-02
6.438527233229875829e-03
8.486538153650262720e-03
8.215644142580367029e-03
1.102741191822969279e-02
1.180972766749274760e-02
1.059639906612645094e-02
9.915268457590491191e-03
8.904217914175026338e-03
8.846121037438066728e-03
7.350801280797146509e-03
1.325485784331258653e-02
8.727047337728111032e-03
9.944624147279116852e-03
9.114438936777895586e-03
9.577781809224788362e-03
9.549865184765053347e-03
8.361827215696025772e-03
1.075610207439330057e-02
1.140783618611919750e-02
8.495742632796628169e-03
7.905144438354142281e-03
7.811940169153613715e-03
8.896197970672665295e-03
1.122640934234364965e-02
1.259519315358641894e-02
7.841265837704955791e-03
8.535538502144536521e-03
6.089555312975053827e-03
9.687388481015317757e-03
1.002816845708678559e-02
6.197590950703776337e-03
8.974944280920941347e-03
1.229126537697450457e-02
9.815406862025560786e-03
1.084229531842238400e-02
7.915729661603448930e-03
1.154221998639818302e-02
7.316588415622341836e-03
1.139670119867383993e-02
6.318533344497178489e-03
8.172273068973348598e-03
9.111811878848262436e-03
8.103227339590509531e-03
9.498096770781045903e-03
9.937746678407070877e-03
5.288987517391748570e-03
1.012033765722035461e-02
9.066109248769362028e-03
8.890416984158863722e-03
8.130798810622312175e-03
1.268933874106340474e-02
9.121008285584521202e-03
7.966711196302862438e-03
1.052644255259901733e-02
8.354991129073771616e-03
7.867950095690736875e-03
8.918201122988831525e-03
8.576030303360080223e-03
1.128890350058467211e-02
7.925826647959072213e-03
7.563774313152992791e-03
8.031251447861525311e-03
9.043390428275283402e-03
9.470285603111095948e-03
7.880868832565149709e-03
8.384496159824639597e-03
9.364435501537659440e-03
6.847961197032163654e-03
9.607495204202913877e-03
8.416813536729940426e-03
7.711505490191158940e-03
6.390185581330482499e-03
9.801981712825135265e-03
6.765516114494534577e-03
8.286072544953058602e-03
8.855111956330517092e-03
1.072416992771794801e-02
8.270949839862606207e-03
9.082646960615821038e-03
1.042655371074938629e-02
6.475145688196519596e-03
6.308657278277673974e-03
9.208454045313672551e-03
1.191974891017625812e-02
8.060892022332070278e-03
8.843641109834668446e-03
1.131208151071628337e-02
7.715692211781684760e-03
8.131799585927830878e-03
8.125973589116129020e-03
1.373052080365478461e-02
7.331392621432853036e-03
9.611882214084084206e-03
7.384921181559376928e-03
1.091268550716805417e-02
1.122291420968378299e-02
1.056698674754949843e-02
1.022806246503273932e-02
1.310954767325838051e-02
6.468118086878034412e-03
1.308791288175720213e-02
9.478093672279854984e-03
1.297676579864463081e-02
1.004990046552961015e-02
7.262571757569634412e-03
7.761739170970506987e-03
9.186580844263910264e-03
1.006057648675871656e-02
8.832661535127519017e-03
9.220898617148098192e-03
1.474311648433616895e-02
9.080411543039786787e-03
1.019352353044417417e-02
9.547662569330598453e-03
5.430791135635680555e-03
7.830270534720542436e-03
8.719073049792290878e-03
1.157149222303486755e-02
6.970650718139500233e-03
5.977026091754312348e-03
6.757559330593520229e-03
7.179545000307437953e-03
1.068275892579580513e-02
7.798807011593572938e-03
8.105824778474534156e-03
7.206955685479176157e-03
9.817984089995070510e-03
8.015828071736107521e-03
7.602607299088684316e-03
1.054795851792547992e-02
8.492595148043074679e-03
7.990198676776453027e-03
9.661998747458948669e-03
7.204976928230867259e-03
7.416933285205762338e-03
7.163155855654753691e-03
7.155646547264477540e-03
7.197056302922947429e-03
7.988017134825983745e-03
7.951594397970938519e-03
8.141471024134993434e-03
7.805911126088666864e-03
8.959147870060477428e-03
8.197193756969228806e-03
7.949519327712720185e-03
1.029870587326207031e-02
9.277597810559791436e-03
1.090908643614504556e-02
8.977999799257211158e-03
9.473234419790208319e-03
5.611839881329859329e-03
8.218336499886380250e-03
9.048988097402033484e-03
9.548263918659935859e-03
9.341661454139936829e-03
9.280992296650728349e-03
8.289417170493010648e-03
7.831987042957568382e-03
6.539686046010161243e-03
7.224883015054630805e-03
6.313512894705314467e-03
9.195818061950335187e-03
5.821202644437539937e-03
1.285755991548194650e-02
1.212725234374360632e-02
1.146730427669040084e-02
7.963026254040715332e-03
1.087794139587188770e-02
1.184959360955725044e-02
9.307350560557547253e-03
1.060324939356495182e-02
8.839383247015164535e-03
7.972569971495037724e-03
7.671686879028186655e-03
5.455025835824948814e-03
7.813649216633539868e-03
1.008876473784979869e-02
9.035570672508368151e-03
9.462808299896541264e-03
9.784385965403416541e-03
1.039239084130813909e-02
6.091112536148452980e-03
1.065041918782551680e-02
1.273226776374236126e-02
7.977211150246368843e-03
1.040050790770715924e-02
9.264359324049708730e-03
8.546928621758971209e-03
7.465806089117192103e-03
8.833681934416508924e-03
1.273895002455445458e-02
1.201830740904139168e-02
1.168761823973204529e-02
9.061002896988246125e-03
7.905456591371451749e-03
7.469191171845352209e-03
7.246377405953430620e-03
1.001041149180160322e-02
9.729120640848736012e-03
9.732131248876547611e-03
1.084795681469439936e-02
1.059367434594658819e-02
7.633179193760108137e-03
9.077221322013521651e-03
1.258008283910081425e-02
7.420167634513273602e-03
1.069695258082329486e-02
7.754261054766563820e-03
9.043243158177616259e-03
6.994428270031091688e-03
5.349378458302861059e-03
9.500381127542282741e-03
8.059356038177312165e-03
6.065102868719265093e-03
9.430351690557841823e-03
9.737175701414210391e-03
1.104560343561286281e-02
6.172386943460136596e-03
9.385896979714175581e-03
6.548951273985535552e-03
8.309478105719310392e-03
5.446898276096884435e-03
8.677758256952061017e-03
4.383706749941927369e-03
1.017434679204380459e-02
8.402831790384984387e-03
9.966833157246094213e-03
8.459729560573094054e-03
7.133783220799217763e-03
1.235805342590019958e-02
9.866912401234481655e-03
7.054938686014285490e-03
9.590412125455048675e-03
7.492270276764339404e-03
7.112183638773850007e-03
8.246934658316705871e-03
1.176174837299361585e-02
1.189150709140446988e-02
9.613999003028162599e-03
8.131317427041756876e-03
9.943350715553004107e-03
8.172693074081810102e-03
6.178834291778616261e-03
1.167485141419988791e-02
6.461287476248678968e-03
6.303741212810304827e-03
1.002359936077769527e-02
7.810659515798378146e-03
6.434502409410042256e-03
7.147321184741624658e-03
6.093126813624942517e-03
8.981550927939939769e-03
9.587739082874207133e-03
7.755368875760178249e-03
8.568220727844959306e-03
7.624348798345319950e-03
7.874684328571647171e-03
8.733980765929225121e-03
9.123999943297607385e-03
6.636422283628254891e-03
8.572052529473657770e-03
1.042028224523728307e-02
7.636509041975345601e-03
6.948874611480397416e-03
8.041062375943886995e-03
9.115494904588777175e-03
8.279585336579445634e-03
1.034439747320329422e-02
5.958658823004548549e-03
7.247502423087733535e-03
7.461410546806805481e-03
7.009087606924956255e-03
9.277831879064188034e-03
9.507372985755182387e-03
8.023086529827166968e-03
8.161560499826419832e-03
9.502531303211160865e-03
9.108923448427851816e-03
7.690391797907586771e-03
9.464569584880089606e-03
6.343266947112835390e-03
9.910412034543861215e-03
1.005396340785514112e-02
1.069568012586990038e-02
8.497845644149799871e-03
1.069816506388315130e-02
8.125962967943656245e-03
9.052722385872794680e-03
6.804135302606810487e-03
1.058467682804039960e-02
8.959620547032167565e-03
8.053312257358108753e-03
9.241695961207463741e-03
7.518758701959294029e-03
7.935933926443070746e-03
8.743846875068012406e-03
6.920825620789391487e-03
7.624624252070110429e-03
8.682568014584652813e-03
8.322646569668931335e-03
7.395813211305262563e-03
1.018187766602280005e-02
9.144284055145480983e-03
7.084520047732638555e-03
1.328471828095198828e-02
6.187339522864026414e-03
1.126059406801118920e-02
9.609926466172532405e-03
1.073950284436979603e-02
6.444647467359088458e-03
9.118558518501617208e-03
8.626780147429506662e-03
7.350587053876730774e-03
7.042879570462770925e-03
9.050509936373754560e-03
8.318881934669095785e-03
7.206143852970024397e-03
1.181305373107683146e-02
9.762899714752856090e-03
9.337189283368300258e-03
