5.652334803960256185e-03
8.224631103019273276e-03
5.957675870337035030e-03
5.766008839004678650e-03
5.212064269282057349e-03
6.408174874220329796e-03
5.273395861503271664e-03
7.022909513230954186e-03
7.404869479404339698e-03
7.426013120462516236e-03
8.183363100732296558e-03
7.844875626375863789e-03
8.642354407554894008e-03
8.229365658033237912e-03
8.690347519796953052e-03
8.224454186928593230e-03
9.978749072358189184e-03
1.147741942278591824e-02
9.697134773072957695e-03
1.218964674039858115e-02
1.317211533727093153e-02
1.343926181708326832e-02
1.289005629405771611e-02
1.312778211764928891e-02
1.406466258426349904e-02
1.446818595795066643e-02
1.729468716455399152e-02
1.747762444738519549e-02
1.843140092354113996e-02
1.789512950284423767e-02
2.074456068421550933e-02
2.023445595257891347e-02
2.130098939373518963e-02
2.185497108989104334e-02
2.374139560165466900e-02
2.427889759065668743e-02
2.656810954880262435e-02
2.520579084212675944e-02
2.432349566593184839e-02
2.842042537145318334e-02
2.768675502601226565e-02
3.114349388475814995e-02
2.907324638082212781e-02
3.064569613905196097e-02
3.272918705976045339e-02
3.536074345459353646e-02
3.604970966140648436e-02
3.627168555913040660e-02
3.837173499202840843e-02
4.057914421536711752e-02
3.952343571166049702e-02
3.994151207814976290e-02
4.138769528694979938e-02
3.790986884676793289e-02
4.215173951421412324e-02
4.366942724537211523e-02
4.316860106099933148e-02
4.550540471108248386e-02
4.409005327597476792e-02
4.618773285414973229e-02
4.839903232268920330e-02
5.005004312600563887e-02
4.770137368574830367e-02
5.605889176882312974e-02
5.539527691245242635e-02
5.387228623528999422e-02
5.378264289991983860e-02
5.567359480055649595e-02
5.707873908481798236e-02
5.154587482372345597e-02
5.949872042195854943e-02
5.760856096591370629e-02
6.180962257343523836e-02
6.677638138086951225e-02
6.982151503402267423e-02
6.330007369873531797e-02
6.361785816241921632e-02
6.467838618893821667e-02
6.837483661615981201e-02
7.239759770304982078e-02
6.607832273349868724e-02
7.478027941596672445e-02
7.202480073781268588e-02
7.816135635030446727e-02
7.782252182997960455e-02
7.659597735873535651e-02
7.955864593718656175e-02
7.488692324748935647e-02
7.495060527640586001e-02
7.721968634131028131e-02
8.084682787738169119e-02
7.555420801455436930e-02
7.829305493756269496e-02
7.761438330631223459e-02
7.749974851031807277e-02
8.641747441097030746e-02
8.067192429967688649e-02
8.065338129892307695e-02
8.315140227441895904e-02
8.347082930487348396e-02
8.498298879451997301e-02
8.388518036180706017e-02
8.826777705360344672e-02
8.540054642681370323e-02
8.252240634765978244e-02
9.144777193238749768e-02
8.571743269413448219e-02
8.114492158837895153e-02
8.233255898604480150e-02
8.726035689405459150e-02
8.005900466625914813e-02
8.907397005346742724e-02
8.392622102276936502e-02
9.308197604930472380e-02
8.035546646590564779e-02
8.840183197019545192e-02
8.934022165901640833e-02
8.165807601385098591e-02
8.316264336075676611e-02
9.099699800256492999e-02
8.947364204059690684e-02
8.970005121064247855e-02
8.571193542850340241e-02
8.987493954945992292e-02
7.824965208618175905e-02
8.954754402721090689e-02
8.844452774294878084e-02
8.308592812254970983e-02
7.973781952459381428e-02
7.655113539573946135e-02
7.797877806204001061e-02
8.242651804023094775e-02
7.409636289560246614e-02
8.249129137784907972e-02
7.641621657411255819e-02
7.573968355390822693e-02
7.373209840692798722e-02
7.145060601156938418e-02
6.932536253309977414e-02
6.837794321729569191e-02
6.512502064299524607e-02
6.982967625389180366e-02
6.607580027030622583e-02
6.956171275235795148e-02
6.318696941463415595e-02
6.489140224935326107e-02
6.074303415166398823e-02
6.204493765273818434e-02
6.658946618653362182e-02
6.790841007110723360e-02
6.316194801384991675e-02
5.554568697754075357e-02
5.730992058840632397e-02
5.803526272802832231e-02
5.278102115683527829e-02
5.542826554036165559e-02
5.782883403300961150e-02
5.646576872013843451e-02
5.949734327698873865e-02
5.752610285376291016e-02
6.473222404846944167e-02
5.298604596760583818e-02
5.157816055547757156e-02
5.760328486816556487e-02
5.357191678341207547e-02
4.983037284481694335e-02
5.603971161745487789e-02
5.629393342301100556e-02
4.894096610655269963e-02
4.562078286788327774e-02
4.965206557562393264e-02
4.667493909964991888e-02
5.075418135206465758e-02
4.631035622986307693e-02
5.099389908737870375e-02
4.734276044062175892e-02
5.217426412833364030e-02
4.321799493755595911e-02
4.218193336259112858e-02
4.808159543704279559e-02
4.336443471997485088e-02
4.656201642431073706e-02
4.631050969376359489e-02
4.197293400837105726e-02
4.792961745762334969e-02
4.465599844798372881e-02
4.002934892312692838e-02
4.077005182748082157e-02
4.380859201639082656e-02
3.945599569533014134e-02
4.273347347304215504e-02
3.921271410374139316e-02
4.203744507470284775e-02
4.410625813867104228e-02
4.057927290702920825e-02
4.189310828846004586e-02
3.983964065466731597e-02
4.078910471900390466e-02
3.963795327910440980e-02
4.156112238539712289e-02
3.158796998484562218e-02
3.889369862423791568e-02
4.173801470385339607e-02
4.041765902469405397e-02
4.092646087653403070e-02
3.639602999286599416e-02
3.569049769885421913e-02
3.311750792008259087e-02
3.309229780995994602e-02
3.399716530921588487e-02
3.131063890739090722e-02
3.777539775872400946e-02
3.485754170398042834e-02
3.155575718606174612e-02
3.408524975380974181e-02
2.859425778393716658e-02
3.117424587058879523e-02
3.279079041675691392e-02
3.148884843123851002e-02
3.095863253693443076e-02
2.999852308935036654e-02
2.693452215738915620e-02
3.213226346270083716e-02
2.964270549193723930e-02
2.850309212452976568e-02
2.933948271837958158e-02
3.005400778097194053e-02
3.079308886301251880e-02
2.982811951478449297e-02
3.110787754692808868e-02
2.724453964705874504e-02
2.791548537685261192e-02
2.679771555784023207e-02
2.572525051441427665e-02
2.831133895035924455e-02
2.998204946001661528e-02
2.724350032502969102e-02
2.639840650015921886e-02
2.633393488519771702e-02
2.620305584045573566e-02
2.990463102263530432e-02
2.903409860790174754e-02
2.955111942107163311e-02
2.847520768719868922e-02
2.753276820563996252e-02
2.210296571982514960e-02
2.677566942417156787e-02
2.422590168623987503e-02
2.660847650804003608e-02
2.479553492476119572e-02
2.597064387552113982e-02
2.341705334613775752e-02
2.312280214222609334e-02
2.481968378289851201e-02
2.672498662883994111e-02
2.358992277920339553e-02
2.378880276734051530e-02
2.482475238363458098e-02
2.355651092747911707e-02
2.349951422411922924e-02
2.490534646502398294e-02
2.453864813154345986e-02
2.467647913499536674e-02
2.275710422668654823e-02
2.255670825197517507e-02
2.123925739457948811e-02
2.708083872772597267e-02
2.161983378980265880e-02
1.911479295841177900e-02
2.105419353331869012e-02
2.131813251077725388e-02
2.386522797953148645e-02
2.611880805991776203e-02
2.090711202053254295e-02
2.142976370314240292e-02
2.098782526464927287e-02
2.008626713121831539e-02
2.330098845882149633e-02
2.738432720210552326e-02
2.356708654872525024e-02
2.402623317091603580e-02
2.228682296689074582e-02
2.318244038852734779e-02
2.156666683146662988e-02
2.709207752328896338e-02
2.225008919280024519e-02
2.009608747400532663e-02
2.183240870125605429e-02
2.350996865714860551e-02
2.430846741449721807e-02
2.202138963139900138e-02
2.230275222629719833e-02
2.525788638910297229e-02
2.107869215804658233e-02
2.048041297971917030e-02
1.950756035328624419e-02
2.398256526271779279e-02
2.466459703125048128e-02
2.499345719397549556e-02
2.225539250623238124e-02
2.542002355176296510e-02
2.252587923712378107e-02
2.619217222156212943e-02
2.468116828529233475e-02
2.128679171086562960e-02
2.317230380879700333e-02
2.900187534047099849e-02
2.296343592941920211e-02
2.555398996665375969e-02
2.194960852760126715e-02
2.242308142670928692e-02
2.470731386107688499e-02
2.466015507147534605e-02
2.492121612597996208e-02
2.625495380932027847e-02
2.384795107690203253e-02
2.261957094969873835e-02
2.485978694988279572e-02
2.509966033738959823e-02
2.603347094492177924e-02
2.323920003209234073e-02
2.168972976936060781e-02
2.667042981767088136e-02
2.286474281180623375e-02
2.752945904517459935e-02
2.594220336614711658e-02
2.327233005054161336e-02
2.621029161350965295e-02
2.837952582921607000e-02
2.518893552698394170e-02
2.575211877633496252e-02
2.586229315122092962e-02
2.449796828025678150e-02
2.409289661613975286e-02
2.735823373704401526e-02
2.506692023984854328e-02
2.612404192425881594e-02
2.636072086495463637e-02
2.832645281000595663e-02
2.784343811039191596e-02
2.743996385908805194e-02
2.621188382974231831e-02
2.312046285617537153e-02
2.309847681466706271e-02
2.889069354651911670e-02
2.881321183458085758e-02
2.531617051166934126e-02
2.631175285367734484e-02
2.553319871781358288e-02
2.332621742264756950e-02
2.317324710678138680e-02
2.728251883565417299e-02
2.847488472461843362e-02
2.743192189886688517e-02
2.476012114164227729e-02
2.684254597496875394e-02
2.587722135296009057e-02
2.763174373744340176e-02
2.779304658961935168e-02
2.676915891712487033e-02
2.518943514529025166e-02
2.637763193577124729e-02
2.473395257599973751e-02
2.576732937782792374e-02
2.702519091253609979e-02
2.738362757421988064e-02
2.564412093389387484e-02
2.565816950617983566e-02
2.271764622329995945e-02
2.792202205674358326e-02
2.412342621225386716e-02
2.744326028253894420e-02
2.168874952929430999e-02
2.288234390073498950e-02
2.794400539116712393e-02
2.261112037813604869e-02
2.907660030556930009e-02
2.468864374391742736e-02
2.787412834369661432e-02
2.504588821518062905e-02
2.497637436528432966e-02
2.533514998298414672e-02
2.510005356563697193e-02
2.699947231254170091e-02
2.101141950514705259e-02
2.565434572659645168e-02
2.245844976441132429e-02
2.671761919562943080e-02
2.209297342845360432e-02
2.704195244586491201e-02
2.623498919222548229e-02
2.383207295535044387e-02
2.425563934401426050e-02
2.604601557192804881e-02
2.677373184832570335e-02
2.783467679999454547e-02
2.788543362943061987e-02
2.447004163396037171e-02
2.491192628009662388e-02
2.546274134289937263e-02
2.835356822106718105e-02
2.506014923455245069e-02
1.839816745238914003e-02
2.273951178372754164e-02
2.255958925775876714e-02
2.077547644879358321e-02
1.950567246107538441e-02
2.278887637068723049e-02
2.555183281511622453e-02
2.416050359647751999e-02
2.651855594023978802e-02
1.831211180641037842e-02
2.681323845590647195e-02
2.826169406718707922e-02
2.496808309324539607e-02
3.207269744469590234e-02
2.379165061777209142e-02
2.284255396267757462e-02
2.772284402796685449e-02
1.945417578598142294e-02
2.793958028501619326e-02
2.612364334291347040e-02
2.339973416355306882e-02
2.092253491904363938e-02
2.143631987004538525e-02
2.535704003024025210e-02
2.130026984376589064e-02
2.576434503068959075e-02
2.282134020277854988e-02
2.437161949624348442e-02
2.331564002860764956e-02
2.306216174210806019e-02
1.935940275329995144e-02
2.529315183310991769e-02
2.247732608433532578e-02
2.472937240011695986e-02
2.227601622705081483e-02
2.259411481736215560e-02
1.791785868475945925e-02
2.139457267259279108e-02
2.663732800702474715e-02
2.330323201600673078e-02
1.962274711445550698e-02
2.346231097302979920e-02
2.574275820343038465e-02
2.314025949896051856e-02
2.428351666681197174e-02
2.134382165097024886e-02
2.326474697936382896e-02
2.384104238435866621e-02
2.182908564264438370e-02
2.356883115869259915e-02
2.602164499309921400e-02
2.324904319535463573e-02
2.334198489686578962e-02
2.365507585377440297e-02
2.586684033262083224e-02
2.445029095379558370e-02
2.206466303371840132e-02
2.243430994655274541e-02
2.013943618862411994e-02
2.682992600230230118e-02
2.266591744305889583e-02
2.373449932472261950e-02
2.291935152597544129e-02
2.027487719299480087e-02
2.515914523118462087e-02
2.535946663934113970e-02
2.376803052372258515e-02
2.150646663958095603e-02
1.982271662007749347e-02
2.031289129556938106e-02
2.404831817883331530e-02
2.179664910322549540e-02
1.845972385303631599e-02
2.710005808810654962e-02
2.365125018530695941e-02
2.118961274067654443e-02
1.847239224669109878e-02
2.171391618219414149e-02
1.804623505938456746e-02
2.244490611083180265e-02
2.149147405690263538e-02
2.282451016842433969e-02
2.145958131366976565e-02
2.003797914230494998e-02
2.139974077735209632e-02
2.185060739948784664e-02
1.792767950791717205e-02
2.270519736611949571e-02
2.269701184564962282e-02
2.318779407798109496e-02
2.151944089637360807e-02
2.027211282833270636e-02
2.386151434582374498e-02
2.101428628114218600e-02
2.080379515968465431e-02
2.357123129737514686e-02
1.840426270542306481e-02
1.870469746797447097e-02
1.734456867180537987e-02
1.858063588529086305e-02
1.951549707648876295e-02
2.429208998702056879e-02
2.121663428803811577e-02
2.361645496066255498e-02
1.575104845281683277e-02
2.415826091916273288e-02
2.382333101797558944e-02
2.133088670141950610e-02
1.989117560368239626e-02
2.124089106263805926e-02
1.803695149058968938e-02
2.027983659520601889e-02
1.915016885477681050e-02
1.760548029838591294e-02
2.229164041719455466e-02
1.844483607915142417e-02
1.820667816524245558e-02
2.028809027229733219e-02
1.906592171153780046e-02
2.043162817947142412e-02
2.079668334396824608e-02
1.880898827262731873e-02
2.472048258865531742e-02
1.769336637689988140e-02
1.891096274052821852e-02
2.081687647221054649e-02
2.013881604068157999e-02
1.912705837004585047e-02
2.145636514263844774e-02
1.834775400249196234e-02
1.813305926089937500e-02
2.042499987186546448e-02
1.895290462981759350e-02
1.784986974720800812e-02
1.839898201975845651e-02
2.071233096859956269e-02
1.987992835114825441e-02
1.878989634418308519e-02
2.128831435410577511e-02
1.997546765699736993e-02
1.878829407913130967e-02
1.740715039409949580e-02
1.731772108997812337e-02
2.034545340507515690e-02
1.642999940633384920e-02
1.904352793440160924e-02
1.673012524372939278e-02
1.579040472366181891e-02
1.863454216384765466e-02
1.712830145312341235e-02
2.015925052054311911e-02
1.750247758320133684e-02
2.047776110267551797e-02
2.165370802317392179e-02
1.714514438379381028e-02
1.270374271486649984e-02
2.257222721701256443e-02
1.747543567723638253e-02
1.819742541806700781e-02
1.763355447397748493e-02
2.264162415372012252e-02
1.578693391676171467e-02
1.619533607981560319e-02
1.902535896013040143e-02
1.963070649358010858e-02
1.381216160866517717e-02
1.858833674520121021e-02
2.171784654297279765e-02
1.925841954899208328e-02
1.378119097771032461e-02
1.659324729336840790e-02
1.693479411169374754e-02
1.635546154242104380e-02
1.761458644024723949e-02
1.600836588257182475e-02
1.433801626519744764e-02
1.843435525360314839e-02
1.493167759335945963e-02
1.776244544360737823e-02
1.519445721678211285e-02
2.058788900794571164e-02
1.460258098003345759e-02
1.876140735805622434e-02
1.580590986497286757e-02
1.974244607487814218e-02
1.731955615793169534e-02
1.706769818306261288e-02
1.792748643356436439e-02
1.522320591654954293e-02
1.537592015767748690e-02
1.459483959468815643e-02
1.684118303577944453e-02
1.490259703140772198e-02
1.617514710641049583e-02
1.664698895324719444e-02
2.025040432224889039e-02
1.504324356241206265e-02
1.803881262925024001e-02
1.948935079441371093e-02
1.638339395518981223e-02
1.502586569421424621e-02
1.700568305028232752e-02
1.973928917221718510e-02
1.934508465100556740e-02
1.738625910744227843e-02
1.663571474331206751e-02
1.471963518013146011e-02
1.517093772596839196e-02
1.804491638285627905e-02
1.341941017678667525e-02
1.780643131021451137e-02
1.461638113010933597e-02
1.567705839400230020e-02
1.565780030822247482e-02
1.569286545671182490e-02
1.334615812921970644e-02
1.811906261009258931e-02
2.095613528347758589e-02
1.881009735446436196e-02
1.769302141865165129e-02
1.670723318421392725e-02
1.517732254224116693e-02
1.684113933211675573e-02
1.408229895998766926e-02
1.532547037563312259e-02
1.703558362880800911e-02
1.444598516985500132e-02
1.399421743023078479e-02
1.616693061570524670e-02
1.273100497125385921e-02
1.627056591254989401e-02
1.428715136576115020e-02
1.398060400300715246e-02
1.382982660036194064e-02
1.313036909698045256e-02
1.592479708747506634e-02
1.666810675297612787e-02
1.266271107839744142e-02
1.536714519980731004e-02
1.737002456237662223e-02
2.133641834077833893e-02
1.626260897358460314e-02
1.647412060470698769e-02
1.443317144012923846e-02
1.794345111765821565e-02
1.796191390687870010e-02
1.422937073960753480e-02
1.561999183187558378e-02
1.152742441256802280e-02
1.416839365514293431e-02
1.417963198935831039e-02
1.812575613781772579e-02
1.645790692635990676e-02
1.713831440446260748e-02
1.134292967149837413e-02
1.263226465863119194e-02
1.385726325622923909e-02
1.414772583542833403e-02
1.497536784269120486e-02
1.455347541949583885e-02
1.300969352739616419e-02
1.307645161624110437e-02
1.612201377714726769e-02
1.192556350300798956e-02
1.335585406116516702e-02
1.408925075076675193e-02
1.403278349069809333e-02
1.357367751312793872e-02
1.305583965693789782e-02
1.368310834033434169e-02
1.296065426552484023e-02
1.155012106453527296e-02
1.667069382167009339e-02
1.415923086866366538e-02
1.413851917144324719e-02
1.374374528343779572e-02
1.564207621934688222e-02
9.853418774058432875e-03
1.209535594798314545e-02
1.295992002873868482e-02
1.330689037930271428e-02
1.448450242743678194e-02
1.429169558537484071e-02
1.002567771811231460e-02
1.611069010104918334e-02
1.435791958203095665e-02
1.403691088223448478e-02
1.068426270747879596e-02
1.429232165294989226e-02
1.516108979906567213e-02
1.456259791492750880e-02
1.321561930667458466e-02
1.333473211301726760e-02
1.458941576416962829e-02
1.243133926396179818e-02
1.244198099367184972e-02
1.789748240677795088e-02
1.344020394082869919e-02
1.630060002928110721e-02
1.115495813962703517e-02
1.494226026726348626e-02
1.348596687453064435e-02
1.558142800245820511e-02
1.408500768967198974e-02
1.240303025662661297e-02
1.305694347250818503e-02
1.258303621301817485e-02
1.090049194283641311e-02
1.408240030543889999e-02
1.120215844056342107e-02
1.088110236384729444e-02
1.586257658230846856e-02
1.086698138662039494e-02
1.453023660577743709e-02
1.297297286150351538e-02
1.651751659397265870e-02
1.330452450948649279e-02
1.416302034455071621e-02
1.123096660936822623e-02
1.345574773003383254e-02
1.102009397759457117e-02
1.339388399070696838e-02
1.061429178754791369e-02
1.505516056358688001e-02
1.289996199725490164e-02
1.191827745980531157e-02
9.786329782067639677e-03
1.236857002619831149e-02
1.292726505486666531e-02
1.069522719221789424e-02
1.128384321525418427e-02
1.255035135746421920e-02
1.054798095531257751e-02
1.427164757400184274e-02
1.247256500514451472e-02
1.221113995475611898e-02
1.111156327129825434e-02
1.054191021390319012e-02
1.266436542507431290e-02
1.456649622867744499e-02
1.136956270658712360e-02
1.526325954232865025e-02
1.216480003212016756e-02
1.694719639758744678e-02
1.451299956437966145e-02
1.453377663140398464e-02
1.082000114387780473e-02
1.355567565357452924e-02
1.028041977407705143e-02
1.099553684706835836e-02
1.291641873752680247e-02
1.077259309772313385e-02
1.158786464607462069e-02
1.737539952520955611e-02
1.238909525603929321e-02
9.440032379824766368e-03
1.223710652423307642e-02
1.238971976666050634e-02
1.051405916582568226e-02
9.977764513018053463e-03
8.090781911383244929e-03
9.958538097408738479e-03
1.244725948602318048e-02
1.079311492878734513e-02
8.972939369961250092e-03
1.079825395227981301e-02
1.091384345236777638e-02
1.188322601503690075e-02
9.105472701733331037e-03
9.066244127356680102e-03
1.226149044680206746e-02
9.823655936413497672e-03
1.102136241010178049e-02
1.006530585104565591e-02
1.188018274012629660e-02
1.102106728470061796e-02
1.221877934982145558e-02
9.591338921694761779e-03
1.343663953161871108e-02
9.270039165571480888e-03
1.254916044380092154e-02
9.270401698888203548e-03
1.250701253249414391e-02
1.019425739834962409e-02
9.780479427048323696e-03
1.094937841088015028e-02
1.074155410475934568e-02
1.235755020709921118e-02
1.111978938066617018e-02
7.866370676328372780e-03
1.019233254598138350e-02
7.388938605798461151e-03
1.102094929928444135e-02
1.113038580005399139e-02
8.681068508094989811e-03
9.914051966954924230e-03
6.701686359588513581e-03
1.041907173037766830e-02
8.243127089026035942e-03
