2.974020926453760025e-03
5.152649796473069387e-03
2.187446312924921227e-03
4.012655713180093495e-03
3.237012402231041492e-03
4.742722106984803392e-03
2.978164367804000956e-03
5.124061786612975344e-03
5.032085983160392018e-03
3.071604131819425515e-03
4.060853347287614150e-03
4.697095093828223059e-03
3.934881392283734458e-03
5.809961285737316392e-03
4.669996787456076950e-03
4.800662290312258419e-03
3.960002100438906984e-03
5.125827682168259715e-03
3.215248659310197561e-03
4.705212315059932419e-03
4.478050263910713508e-03
7.319557294327460814e-03
6.144286734678532959e-03
4.281837403637535865e-03
4.168942095135667707e-03
5.894041405401360088e-03
5.667897467294651624e-03
3.648705464542670741e-03
3.258048576021334297e-03
4.918503349701304657e-03
5.364062467873654920e-03
5.747652291548296585e-03
6.992328598147324117e-03
5.322317791848896369e-03
5.899656189293921334e-03
5.563699841996054551e-03
5.903499061826790635e-03
5.402643267806676516e-03
4.666213120346478227e-03
5.248968101004712096e-03
4.443357722272917032e-03
6.316057461490634690e-03
6.455327626366762564e-03
6.384596844272905254e-03
3.971701267464497823e-03
7.064954180353898508e-03
5.618459536152474974e-03
5.288806192038517963e-03
5.701861118273376244e-03
6.281964975880112954e-03
4.838527751673251005e-03
6.591817006824663913e-03
5.628383533947170156e-03
6.885485112080860434e-03
6.188011071156836705e-03
5.016519557354976941e-03
5.266691459514316782e-03
6.383370521958566836e-03
6.239033943765626145e-03
5.450153766869686792e-03
7.120020874340080713e-03
6.179949163775603008e-03
5.546132242742102085e-03
6.523226101167820673e-03
5.981803871617965250e-03
6.770783170052845773e-03
6.609735497095063292e-03
5.669471146492087270e-03
3.794493104849260261e-03
4.221593281545699995e-03
5.027968419793233008e-03
7.424722529844037487e-03
3.878671934058546423e-03
7.223924060127044459e-03
5.223735166092590386e-03
5.277133028212027156e-03
6.231350601029059938e-03
6.588703964728203147e-03
6.089452392514322666e-03
5.602891946234961514e-03
4.861927787572869163e-03
5.705158523480375471e-03
5.748977903537220470e-03
6.615700471105861319e-03
5.770597193976807412e-03
4.931917077246968442e-03
6.662017353139377228e-03
5.463867159316221529e-03
6.716449447045086917e-03
5.259052347325124561e-03
6.122817889241734084e-03
6.012779973491789998e-03
7.719550514905602033e-03
6.461622942466010815e-03
6.319675273076466246e-03
6.223762066803599849e-03
6.336466187560927527e-03
5.040873609753829428e-03
6.668633230776500539e-03
7.033580577241487462e-03
5.592203542904277541e-03
6.388345148605278391e-03
5.539986435885702748e-03
6.546823833900856579e-03
6.765792857502357822e-03
4.784975376876798338e-03
6.417599233846610005e-03
5.602927534614817427e-03
6.731607149996017038e-03
7.650309511213250653e-03
6.182261568311447908e-03
5.161321756768426534e-03
5.626655257608811390e-03
7.407537253198866883e-03
6.142252644554688223e-03
5.642898261529541437e-03
5.542996054088630831e-03
5.008121947526916230e-03
6.672079017436441210e-03
4.943390533559694454e-03
7.692520716665676890e-03
7.197646519314741635e-03
8.999455206223035131e-03
5.225464730526318234e-03
7.682412060917055696e-03
5.755060543112074621e-03
7.635164536592306019e-03
6.013964688606789760e-03
6.778355990887810836e-03
7.763136573302877735e-03
5.593828680824396334e-03
4.518953815369127283e-03
7.246196544907901674e-03
6.803122135312893691e-03
5.824971039566301592e-03
6.735501390026428330e-03
5.743020157124955130e-03
6.339363089513057326e-03
5.550619977111586646e-03
7.912791166889275585e-03
5.336861466623935707e-03
5.904237144393672046e-03
6.141709728529461988e-03
6.416646828917037249e-03
6.174402615783627923e-03
5.303044076078628453e-03
7.758555901445366582e-03
5.859789477875015397e-03
7.618636198496972142e-03
4.433115113512383146e-03
6.484317341874262265e-03
8.854173992818228575e-03
6.696267580983283722e-03
7.370194889312410222e-03
5.337169229624842692e-03
5.693727853790918163e-03
6.363246407939696266e-03
7.281925054218265150e-03
7.788373131953548259e-03
6.235184281610074188e-03
3.483983575822462587e-03
5.606069454355040553e-03
5.201635386304955498e-03
4.328386234260221503e-03
6.984869235236840744e-03
6.691013964802965813e-03
5.258377967870963773e-03
7.113186471393693686e-03
4.921559468488104910e-03
5.920332573499971843e-03
4.617357447771401439e-03
6.624010197067127861e-03
7.733935766216316031e-03
5.730481109220437325e-03
6.160360707933154080e-03
5.637212560814602175e-03
5.423259043343280073e-03
6.856864961864995479e-03
5.184208461778461001e-03
6.233929268927945050e-03
6.833604115204649707e-03
6.263038373294346241e-03
7.827671961249728708e-03
5.023239437223088119e-03
4.577431240559877434e-03
5.003260413380126830e-03
5.990774924950759139e-03
7.005440267688204867e-03
4.229589454326473756e-03
6.675799441627500684e-03
5.067397859094480844e-03
4.087696146922386621e-03
5.461126951385449763e-03
6.408351659428304994e-03
7.178250948170938200e-03
5.744273140247986228e-03
8.213546889094551842e-03
5.867452730852242872e-03
3.632478110172062194e-03
4.896215322186221915e-03
3.624487120009983743e-03
6.690985563928036201e-03
6.962546256884643778e-03
5.625370240242880474e-03
5.972460830212315309e-03
7.352228219702754836e-03
8.237976608588304037e-03
6.392974511178871853e-03
7.857571271835062099e-03
5.839984358110891088e-03
6.009862932301894035e-03
5.936075622436296807e-03
5.506620860087371380e-03
5.435906628111090814e-03
5.533114609727119923e-03
5.694769590244054720e-03
4.045279181717835806e-03
5.430352025273203070e-03
6.040531218432488268e-03
3.766782362091422587e-03
6.032164504345994237e-03
6.941411610534837726e-03
5.891641060845298830e-03
5.529616470518168049e-03
5.047950636019995184e-03
5.814330625299046415e-03
4.614077551134006770e-03
5.955892339618230197e-03
6.546045064576740125e-03
5.735616276840353397e-03
5.637711706775246946e-03
5.212106273481834605e-03
5.043914009671238673e-03
4.932008301500511935e-03
5.488654748377868285e-03
7.038401684216426257e-03
4.684988674458971485e-03
4.569798523201770019e-03
6.423324257537170630e-03
8.747387052422447157e-03
4.198516204352605377e-03
5.502718620218695171e-03
8.103264060534754940e-03
4.418421750583136076e-03
6.496528388804738083e-03
5.720596732740135595e-03
6.966222871925280453e-03
6.858606881987312776e-03
5.360447609939954401e-03
4.186854945662763644e-03
6.938510638090822531e-03
5.945577241770518169e-03
6.519294729526913836e-03
6.145463293398938272e-03
5.381305635597011076e-03
5.667063337899121839e-03
6.122705941395806782e-03
5.911363231420411687e-03
8.243141585752058673e-03
5.875095811051589054e-03
5.761566042390178256e-03
5.401339961098281482e-03
7.004512912667938684e-03
8.124201425334759766e-03
7.425111042930713535e-03
5.343014866314192354e-03
6.508243612334345916e-03
5.277525685540520109e-03
7.781589027463991365e-03
6.085084365216417157e-03
5.428930487018587131e-03
4.655077217061640883e-03
7.659723427990461873e-03
6.963270808947723614e-03
8.103085176703432591e-03
7.154458504790644005e-03
6.246022826756514323e-03
6.386709475682914028e-03
4.585724911555462413e-03
8.837686786046048543e-03
6.782823197489492965e-03
7.528985289002057719e-03
4.965405958705893311e-03
7.827108046657437618e-03
5.244721465047915906e-03
6.359030304112529321e-03
5.836795686079818482e-03
4.828736595069491218e-03
6.893503524324736016e-03
7.337244219172276392e-03
6.903224192791290216e-03
5.255552582441511827e-03
7.570374762291236584e-03
6.688583425604895626e-03
7.854254020678607881e-03
6.147717588235969942e-03
6.873642955330630695e-03
7.363119088030907651e-03
7.510264964390805063e-03
7.477255241888100187e-03
7.539992381363878546e-03
6.899303179951635917e-03
6.816322459192896907e-03
5.349700906840167830e-03
6.394105399510035051e-03
7.892865047471922871e-03
7.315062126783250344e-03
7.261976342612158110e-03
6.013334936425624930e-03
5.209244511709997319e-03
7.051656369166521901e-03
4.380178430657480360e-03
5.775984316064911722e-03
7.434855503593055040e-03
4.560241576836425448e-03
5.787654981326583077e-03
5.923688903867116440e-03
6.333780863124707783e-03
9.127231543527836860e-03
5.852176546587462523e-03
5.474682688381317039e-03
5.523875044234616109e-03
8.956183724503404692e-03
6.306575911181852220e-03
6.274215386305978179e-03
6.738721705240117640e-03
7.247457258517405951e-03
7.363483861415508896e-03
6.971679734715805279e-03
8.455158428514806049e-03
7.851553438508358795e-03
4.359409097099048273e-03
6.080870890974352828e-03
5.755788399073658197e-03
5.837746697161565884e-03
6.786752022353341463e-03
6.320304189874881122e-03
7.514309827549292380e-03
8.149482811912937483e-03
7.369127474908196591e-03
7.016798536282802326e-03
6.973822386810871708e-03
5.046253022338103265e-03
7.246838147199297260e-03
7.297311738004424835e-03
6.384694595913785117e-03
6.231374484964226357e-03
8.189204334013230543e-03
9.053970025308433894e-03
7.208347227397498766e-03
7.197997722186957187e-03
6.453532063949520697e-03
7.704620577394521649e-03
6.971567400805820519e-03
7.069195988202978988e-03
6.946403818190224205e-03
5.318507666431704188e-03
5.107535064261513498e-03
6.680574974420846850e-03
5.026576328233958724e-03
8.126610157024800538e-03
4.286082388127488568e-03
4.800541651364907507e-03
8.268606871206169232e-03
6.180338733675020541e-03
9.024918746743647649e-03
7.799078445833676487e-03
7.266734485569836463e-03
5.114525267701143345e-03
7.882244205298670481e-03
6.397348042234436184e-03
6.897964237171707973e-03
5.783353604345052058e-03
6.586868787025892437e-03
7.835275349729817207e-03
8.053798004794646484e-03
6.337044870466881745e-03
8.815402838232436547e-03
5.654109040878570538e-03
7.190336757078051588e-03
4.904599467226611505e-03
6.282239052732748949e-03
8.181537775359203069e-03
5.589879436543698614e-03
5.637565834874938911e-03
5.116027108812699724e-03
6.083198987289544120e-03
8.619737271426015923e-03
7.388834164577248904e-03
3.715881790652595783e-03
6.626261528704267476e-03
6.262274164006085587e-03
5.397413710838654642e-03
6.739735617151871444e-03
7.387183448851510070e-03
5.360498034237214625e-03
4.224964271219057953e-03
5.847948866591914062e-03
6.135890480433538186e-03
7.589251455189643773e-03
8.487621316043223590e-03
7.612542564370247504e-03
7.741615217660380473e-03
8.929236429114448953e-03
4.587898153153469917e-03
7.708198263431831343e-03
8.055915045950511055e-03
9.645429375870311073e-03
6.986314376166230522e-03
5.925561738405530493e-03
8.382736518977383644e-03
9.453609878249552914e-03
7.366534980197647978e-03
6.240953110900276414e-03
5.882877119797248408e-03
5.904595141126525726e-03
5.923902202873202599e-03
7.673399037870820213e-03
5.306581364185328914e-03
8.900340592481474980e-03
5.096200836461737931e-03
8.158839155723558376e-03
4.612113888909860800e-03
6.279808173178210058e-03
6.052636360479920347e-03
6.885716362477873297e-03
6.297355305076871024e-03
6.861419084032845464e-03
6.489616863692634907e-03
5.251051524395530974e-03
6.362080258729283649e-03
6.307752326539740363e-03
3.890725860102364157e-03
6.205933250689493752e-03
6.266420113037641723e-03
7.910832114112904476e-03
4.839127299199256875e-03
5.434673033129552161e-03
9.922719825328649157e-03
6.677931472113311784e-03
5.822745786014664644e-03
7.565620928783641473e-03
3.550340937048316464e-03
6.793789313825235494e-03
9.106190560673263143e-03
5.868901973162301763e-03
4.699061538224171865e-03
6.148548501296821102e-03
4.709256389358091113e-03
7.458908695071648012e-03
8.625415899312651249e-03
5.604820859212534395e-03
4.537510853014727237e-03
7.608630550852940426e-03
5.364103085706927940e-03
4.394801491455639468e-03
4.268655996869792114e-03
7.559200323209704954e-03
6.743196654772430632e-03
5.312661323197756524e-03
6.729386731906571335e-03
7.475445483142157191e-03
4.951577628888008051e-03
6.029969422659153810e-03
7.031470449129336754e-03
5.779173311172051963e-03
7.775129144390608392e-03
7.262211224936089039e-03
7.105146531101367430e-03
5.521990728381583405e-03
7.474219421372926830e-03
5.514337250545063226e-03
6.364679323087508826e-03
5.859178986563960342e-03
9.454506943460245366e-03
4.392496366053561668e-03
7.444112573960928389e-03
5.492100428578081638e-03
6.930735760726246253e-03
5.335320259844856736e-03
6.868636043677529487e-03
6.390994340782797482e-03
5.422039365350994275e-03
5.471050531523130936e-03
6.212279998351724446e-03
6.478890661046062677e-03
5.963357107711705733e-03
4.883018619895902225e-03
7.082212810303677511e-03
4.490308282727170815e-03
4.420691798953449436e-03
6.922790518884482970e-03
7.115462146701240047e-03
9.598634310203812275e-03
6.280158987489617081e-03
6.780158349965945651e-03
5.175881766921247226e-03
5.743162687522286071e-03
7.728005849509863093e-03
7.122706789152376608e-03
5.703231168897669734e-03
6.427986784378296806e-03
5.084920571219555749e-03
5.844787174135297053e-03
8.348380461860999829e-03
5.525625664963042250e-03
7.257731990423896447e-03
4.576369836520168509e-03
6.570428917025850774e-03
6.876352288415115213e-03
6.580466440405586225e-03
6.986133210980587441e-03
3.751150560497921917e-03
9.181694353530630778e-03
6.360581369413871589e-03
6.261472370540013301e-03
6.166056233182794742e-03
9.047023224248783996e-03
5.326569688226965617e-03
6.614504303553846339e-03
4.616369901221523131e-03
5.566781849732221898e-03
5.249920089131612615e-03
6.442036117629930045e-03
4.237472255207546876e-03
4.209604190901322131e-03
5.353406100514540057e-03
7.334561277012169138e-03
5.625646528677794890e-03
3.543060430204662044e-03
5.157317875010824886e-03
4.358773265096387364e-03
6.121608553437352107e-03
5.090609279877360283e-03
5.297067671060492686e-03
5.955881843628737723e-03
5.767256412546586421e-03
6.026305410892543978e-03
7.048480211399247262e-03
4.411115541795363089e-03
7.539435218778487227e-03
4.893577048047521340e-03
8.865061632537904468e-03
5.763348445497616830e-03
4.151930232009858231e-03
6.879704717727375303e-03
7.084169050633101414e-03
6.890545915321161403e-03
5.075380791543737669e-03
6.887908688361417224e-03
7.674327365908241959e-03
4.909366966332933020e-03
5.193656141271426468e-03
6.823516856029507652e-03
5.895925053658320619e-03
6.348974372239115684e-03
3.495951013054083168e-03
7.483331363382845700e-03
4.407214586628475407e-03
6.113967684140326521e-03
6.072000022961624062e-03
5.140499052128133170e-03
5.420994695989621130e-03
5.567053359319450688e-03
7.208762758465453273e-03
6.326283426645499565e-03
6.634103617157329283e-03
4.443713689398364093e-03
7.801908617895300657e-03
5.409432474020367705e-03
6.396303613311719004e-03
6.446960414417870523e-03
6.339066568769862776e-03
5.042787694734512070e-03
5.894809390202505710e-03
6.391623464435758004e-03
5.027776543839951665e-03
5.477701296940159711e-03
6.550667744268516210e-03
5.788180863807636072e-03
4.537833065070186016e-03
8.227018576068882705e-03
6.396832888812850441e-03
7.688844046184175642e-03
5.682083487565586961e-03
4.827081697074349191e-03
6.784755784978225603e-03
5.832566057833246838e-03
6.056475167096967739e-03
5.684166864573058156e-03
5.195256368419127330e-03
9.507198729356819422e-03
6.502839930224224747e-03
4.055048407840148271e-03
5.539144557499263953e-03
4.338998088847495493e-03
3.919324541227934069e-03
4.057800489280638870e-03
8.115731142354341149e-03
4.321428248857003135e-03
7.922911501802080286e-03
6.855949425032743447e-03
4.567279399087641016e-03
8.430771461814406259e-03
3.740929256529519024e-03
4.830352404773247468e-03
6.675280827914277515e-03
8.563771325623404512e-03
5.403800007821032286e-03
6.374759925692959593e-03
5.793194041860958050e-03
5.586674253167650712e-03
5.592778047563851801e-03
2.956802029790883430e-03
5.255970956182922336e-03
7.601335545179182043e-03
5.786990172044166776e-03
4.048245626868161341e-03
7.163692875488433635e-03
6.321082945394631072e-03
6.378602895583714537e-03
6.754084033738351998e-03
5.690443368686199516e-03
5.780019058586293758e-03
6.860613582703851097e-03
5.392029468759820462e-03
6.150105993367056476e-03
5.176581683013937486e-03
3.270149298405217609e-03
8.946910916055494239e-03
4.008870361308257066e-03
7.220850215914276053e-03
4.828937595336970853e-03
5.703704075045656734e-03
8.789476783045506100e-03
5.225843398272951926e-03
6.231529142442671781e-03
6.024396237317940911e-03
6.509991836283662674e-03
5.548289873046219171e-03
6.764217118464646399e-03
5.769965443006105053e-03
3.934119917149523672e-03
7.058831661555296441e-03
4.569269035322072459e-03
6.116661106337299876e-03
7.565868813466044424e-03
4.493637520496666579e-03
5.581681106709444028e-03
5.952512714556942343e-03
6.397235458048776240e-03
5.293393990612699045e-03
3.623837123783305199e-03
6.162448163813161010e-03
5.440825519799376113e-03
3.545484693103565649e-03
6.602818316635808600e-03
8.908156446205763718e-03
4.962456345252714944e-03
6.347739366623603684e-03
4.964333953157143084e-03
8.066267234847938200e-03
5.514238085100911860e-03
5.989888759136054869e-03
6.026635695591473114e-03
3.432757772222377445e-03
6.468724300807104401e-03
6.906921669255219713e-03
7.156855418889962808e-03
4.750163766702735976e-03
6.472158900955241392e-03
6.891472409038514046e-03
6.322875400309621759e-03
7.173447705826827871e-03
7.146467144394167727e-03
7.218193939470159137e-03
1.049243058037073635e-02
5.046540480524928408e-03
7.528830365428361426e-03
6.087339428242452555e-03
6.203339375935820223e-03
6.642187131347747700e-03
7.471137618966435488e-03
3.915986439742489590e-03
8.694702504795200765e-03
6.393606024627495818e-03
7.670949832961819134e-03
6.988745225213684707e-03
7.998458410949899067e-03
5.196928202218156247e-03
4.963162592833727550e-03
5.725272724418756752e-03
6.007080550610625382e-03
6.256084030495530010e-03
5.585585885956981071e-03
6.637810340084373921e-03
4.099898729868895614e-03
7.948031017489519748e-03
4.258913589187261067e-03
6.130362180483610139e-03
5.424501388909411595e-03
5.889034444104022242e-03
8.270347714174463433e-03
6.895786408228517933e-03
4.741113084507189365e-03
2.819080038846015664e-03
5.695456781086239741e-03
5.192614058507283997e-03
8.362811664777883291e-03
6.265121333430309636e-03
4.751782670626018661e-03
8.130534739791544022e-03
5.405682396087053108e-03
8.162317579643489987e-03
5.851920843859613301e-03
6.997525211491290725e-03
5.993534364060729494e-03
5.608307822362860844e-03
6.752015574009483274e-03
7.473306337833745226e-03
6.670874968225371654e-03
7.176361879410111597e-03
5.521523026297108991e-03
6.181903315018544981e-03
5.395698361364642190e-03
6.586676478986908806e-03
4.832317766709772096e-03
5.202992805701953105e-03
6.772302207843744828e-03
5.509096644367350928e-03
5.865986819089824729e-03
5.752375483311504209e-03
5.346759105345011767e-03
5.431472070926167406e-03
3.967608760863321204e-03
5.976657478606019203e-03
5.969843355679261936e-03
5.421378471050729807e-03
5.556724767691064229e-03
6.245546217614802303e-03
6.122295955318738866e-03
5.749175496782014429e-03
6.619074892829818722e-03
6.348069963554484919e-03
5.102711217396083999e-03
6.007389450704626530e-03
4.447048357068104571e-03
6.475758625940467722e-03
6.003242889451651000e-03
6.279740067046990157e-03
6.592143951346771287e-03
5.561878054470047530e-03
5.792570835138215017e-03
6.219004494005434848e-03
6.680279574321377686e-03
5.652220365374082886e-03
5.590538033062497983e-03
5.188005927912174055e-03
9.135092081952270529e-03
6.467143858948028005e-03
9.177750210909500078e-03
4.360003646131919985e-03
6.409865296243371681e-03
4.022144624438331838e-03
7.166770198178433991e-03
6.773127149753721023e-03
4.902604460335830729e-03
4.843611431677009513e-03
4.514205201550376516e-03
6.961849163429897208e-03
5.400471504098350306e-03
4.163874347286484860e-03
5.899047217188342108e-03
5.356889508671060229e-03
6.421426491075868381e-03
3.249272787874244676e-03
6.648466845929569893e-03
4.826780970092692073e-03
6.383868041173399767e-03
6.479504745169023354e-03
7.878807887159328463e-03
3.774312083833056535e-03
4.616870770017701860e-03
5.328686795980648594e-03
7.252394850236603026e-03
7.982290048544183822e-03
8.539441642322171191e-03
4.608269962426399767e-03
4.886384770315606134e-03
4.333083966881642185e-03
6.141060875010236411e-03
8.135662545767651660e-03
7.323890177477684026e-03
4.350822483646147286e-03
5.790593030932166679e-03
5.986118985291213543e-03
5.721548483116231827e-03
6.615575394106121276e-03
4.141813493626822842e-03
4.987814629743209105e-03
5.677918987576553202e-03
