1.829239879170088158e-03
9.189555008334402038e-04
1.793986636330117956e-03
1.801749658641016568e-03
2.863306666566636446e-03
1.237351280821826329e-03
1.375278183471107191e-03
1.664692357860729716e-03
7.931474273342430928e-04
1.824533719532910178e-03
7.982048986381139579e-04
2.533291544384962037e-03
1.166888215284807165e-03
1.878157251783968331e-03
1.659796784420748249e-03
1.453205452240733091e-03
2.023832081906649146e-03
1.237388857622753269e-03
9.381420899834535133e-04
6.615262977140382722e-04
1.500028040973315924e-03
2.775403565521558039e-03
1.405143913548264137e-03
1.837341099065931604e-03
7.551287813750117697e-04
1.663082984693613296e-03
7.401629501859518850e-04
1.680448097621854145e-03
8.541808203404144782e-04
2.487261165639294107e-03
1.263531938512063016e-03
1.013736730284602646e-03
6.657178569326489955e-04
1.209882344461254890e-03
1.048622214411887906e-03
6.091326282770382185e-04
7.147206637341095179e-04
1.439574720808796653e-03
1.052927649112103204e-03
1.372512665266293654e-03
8.756209955734880384e-04
1.416054985559338925e-03
1.769527062762623346e-03
1.018982138488214043e-03
1.866993548251800030e-03
1.126182888878607532e-03
7.789623453635492962e-04
2.049221075561800248e-03
1.066169492939929818e-03
1.552560732234729369e-03
7.911890590521341443e-04
1.797184227085990701e-03
9.748399278213197962e-04
1.854474896432395381e-03
2.198730595961224683e-03
6.500275688456307174e-04
9.230418014565425038e-04
1.302421198808142045e-03
1.490816035160846082e-03
1.923200443528613919e-03
1.014618671706213554e-03
9.257462234424762961e-04
1.473374296761565793e-03
1.492427601164675712e-03
1.138726662530171628e-03
1.982549122908761844e-03
1.554207866122775871e-03
1.340398803858657614e-03
5.321767829046132993e-04
1.277097301023489380e-03
3.129025280661627308e-04
1.718570249940012690e-03
1.516098679494565227e-03
1.093025659866556651e-03
2.025897039226334448e-03
1.346868512472868592e-03
1.620390256953650829e-03
1.255373918306604102e-03
1.687077649201437117e-03
1.581764438899248152e-03
6.671745442859264210e-04
2.764203031151080646e-03
1.970065113022363614e-03
1.524314146260118304e-03
1.401877740122815623e-03
8.619577717971406297e-04
1.847566200065456962e-03
1.453697118618770510e-03
1.637904005634846028e-03
2.100137642839086834e-03
9.676767407932686292e-04
2.454274776036804474e-03
1.058724234587209937e-03
2.197174207011683980e-04
5.155268547460460605e-04
8.072763643440214248e-04
2.400738233381201434e-03
1.321881019231426358e-03
2.058476282618116899e-03
8.024752075543945462e-04
1.733258176789240690e-03
1.465056581046657357e-03
6.671954505856331338e-04
1.281029157150478980e-03
1.970666567545418038e-03
4.962360727464763203e-04
1.014883652986229168e-03
1.301216770720703625e-03
9.868096938418322462e-04
1.422292391597870581e-03
9.047444192417136884e-04
1.831750914669527663e-03
1.737347510032304998e-03
7.952564784920805293e-04
1.565121583951395966e-03
1.348302085325482798e-03
1.400334780292115684e-03
1.181718694436917263e-03
1.205220852030045161e-03
1.086761817672030452e-03
4.427282698528180226e-04
9.436921495464227613e-04
4.827179546737762504e-04
1.598140219888782593e-03
7.180589757075507128e-04
1.885651072735698448e-03
8.729793003825765240e-04
1.370300675845699794e-03
1.425739123736773951e-03
1.299051619849038702e-03
1.671851961016092465e-03
6.603692390570490645e-04
1.369566794346250681e-03
1.680415224947954351e-03
1.790372002567488250e-03
1.114615342767913018e-03
7.244042775125968852e-04
7.209228045726471471e-04
1.573437590243196129e-03
9.885982507739628309e-04
1.646284742559358432e-03
1.883675789831559333e-03
1.515299456979563681e-03
1.570053522094734489e-03
1.679454082429676295e-03
7.058195736010067526e-04
1.791822367213878001e-03
8.658113089170967318e-04
1.002758324830494178e-03
6.074272459118100227e-04
1.441427967773865285e-03
2.962970524808287640e-03
1.831903754083516944e-03
2.176773959397356600e-03
2.260691421498017481e-03
1.636721463457084394e-03
2.028477249028848642e-03
1.002177082431734761e-03
1.101671880299604726e-03
1.734490498708117544e-03
3.568057805927675311e-04
1.149758910515217333e-03
1.535503925985247375e-03
1.825020067043778196e-03
1.437422501523293213e-03
1.308980480649056749e-03
1.507857102474699116e-03
3.799254058973934199e-04
1.441849803800123939e-03
2.058687267594800935e-03
2.690742095565224878e-03
8.982414816049770706e-04
9.229733756390865688e-04
4.759277371232134460e-04
9.773535006973727013e-04
9.761221977672673552e-04
2.416319493722557301e-03
7.734281894252707660e-04
8.298375730484925999e-04
2.511562569642993101e-03
7.478113477799128595e-04
1.529752462320192003e-03
1.809924991534393030e-04
8.779103542451644274e-04
8.502634317189214364e-04
1.783078628024833967e-03
2.098009657383998437e-03
1.486438641401267684e-03
4.832620924405235338e-04
8.211040240116979213e-04
5.866892116049535503e-04
9.562817966707040304e-04
2.539080158954130657e-03
1.631346381440638722e-03
1.108321036240184467e-03
1.027290233249928417e-03
7.785803532501063204e-04
1.909818743178671573e-03
3.137519288213670666e-04
4.022885723423775877e-04
3.576626846269046118e-04
1.507541080085609197e-03
1.339440851810085259e-03
8.494257406947633426e-04
7.026086634622373712e-04
6.726915021135096255e-04
1.509683716585304928e-03
2.050408949082287678e-03
5.346748212758012288e-04
1.004945446485709659e-03
1.110045730073834112e-03
3.336307121046041949e-04
1.827388194262085904e-03
1.101993934515507409e-03
9.093280240156358801e-04
1.503930483594444114e-03
1.312833904547543434e-03
1.147712271744030657e-03
1.334753245205676881e-03
1.032607862039498217e-03
7.321977681432802892e-04
3.269282385786979059e-04
4.196361182583569697e-04
1.163721716625254520e-03
8.545492906434404333e-04
8.306774022356022908e-04
9.930179467246777209e-04
1.374009084653898078e-03
1.207762903311942852e-03
1.355003142267176362e-03
8.394157424696489529e-04
1.387485113375374994e-03
1.649961884037442995e-03
5.617783777075598638e-04
4.233411205674285295e-04
5.391557244761083743e-04
4.210034851241188083e-04
7.033884517779870858e-04
1.055698109138689502e-03
4.710912920769281609e-04
1.848744894347336028e-03
6.538177947356299579e-04
1.053845716381735919e-03
1.566137679753221157e-03
1.626916392487662115e-03
1.280789491433838778e-03
1.057613899193178466e-03
7.192704956649881558e-04
4.570066299759217247e-04
8.246781794750335974e-04
1.257822993328136995e-03
1.128939406435914032e-03
1.685757631561941817e-03
2.265141752310656943e-04
1.656553872551390577e-03
8.571629282877373315e-04
1.548275469616067820e-03
1.525935703546094395e-03
1.694539561986127671e-03
1.358282610748888465e-03
1.708453265530557796e-03
1.759447603310616013e-03
1.242863273428324120e-03
1.776722678744078847e-03
9.667395985937298018e-04
1.501244592382020709e-03
7.919817224156202500e-04
1.619149043683953222e-03
1.698249521806951146e-03
1.320608424966114840e-03
9.198019391808048882e-04
2.479678262809788172e-03
7.280355604419185998e-04
1.152455116486120592e-03
7.570915978242526590e-04
4.255924816347983692e-04
6.233861701848295240e-04
4.811792879270405357e-04
1.174066546368375107e-03
4.476135270297522764e-04
9.553541875994526296e-04
1.145304751702232345e-03
4.259316379683833064e-04
1.334920911017955375e-03
8.552630363591595935e-04
1.006931414142828510e-03
1.196229825642351188e-03
8.610356744943570804e-04
1.159074738895879550e-03
1.344231874519877506e-03
5.719412285643382101e-04
1.809045423102956544e-03
1.225560014870762495e-03
8.490714706097010189e-04
9.099091128731126360e-04
1.448394082079886274e-03
7.976539077831322488e-04
1.271732533769579128e-03
1.458623407295952861e-03
1.001783246746295068e-03
7.018672357218782220e-04
8.862811929155478422e-04
8.203016825257055007e-04
8.337535399502328656e-04
6.235690090364302742e-04
8.070810000292365618e-04
1.261224775372390234e-03
1.999890337100033045e-03
1.023391968492925845e-03
7.684583119846019920e-05
1.671298933500282597e-03
4.604733713335652768e-04
1.209259503732160006e-03
1.242816466897934914e-03
1.671703062087349229e-03
1.012414754401704626e-03
7.445096791209121446e-04
3.133756774137588905e-04
5.966013116051118196e-04
1.487109165857713111e-03
1.202552181641131134e-03
8.284443608830763641e-04
8.382412700663558749e-04
1.249988270510135830e-03
2.732101041048343669e-04
9.322144366478184912e-04
5.542227187539177594e-04
5.877874323495015660e-04
2.226793421342764413e-03
5.757344914054619497e-04
8.412414183221186489e-04
1.338190736391861721e-03
1.888228888808447022e-03
9.197791188195720917e-05
1.081004746228269491e-03
9.405648050770088180e-04
7.080433106112037469e-04
5.258753463312617130e-04
1.024863798965222313e-03
1.026358006201171088e-03
5.785975251943555921e-04
8.131152553222493421e-04
2.008659348223207092e-03
8.906510966535487791e-04
5.337535498983767088e-04
8.513928557645855742e-04
1.399693519746893341e-03
5.319773835034208526e-04
8.210878402453150246e-04
1.172894229663139481e-03
6.792129661116231036e-04
1.262198815573422781e-03
3.791240109027324903e-04
1.260863717597345566e-03
1.745006166799044096e-03
1.214842485690224416e-03
1.664394177332657919e-03
1.206373823980294319e-03
7.435098831517460150e-04
6.472758044288885173e-04
6.748277887467129307e-04
1.889698231473099354e-03
1.181838346531119931e-03
8.394463030145190609e-04
1.773119508982539142e-03
1.761472747157724617e-03
5.779016965440558545e-04
6.774092491230219266e-04
5.588732713121570810e-04
4.186935268239571099e-04
5.806499362295467186e-04
1.472918241081956625e-03
7.392901199187635903e-04
5.866145579582484563e-04
2.353458863147652640e-04
3.966383755996830758e-04
1.556995823782027655e-03
8.130958410417861350e-04
3.956391400076173003e-04
1.094602014694118827e-03
6.839793297288633859e-04
1.185737302645712386e-03
1.329584494380029510e-03
1.612124288322181820e-03
1.734737165837735772e-03
1.292469066680774267e-03
1.448727307925350063e-03
1.095039133751866478e-03
9.586719327674688654e-04
1.045435714763449974e-03
1.874545939612419151e-03
9.822948395340766817e-04
1.155156930104538808e-03
1.225633628388754720e-03
1.622874860551013106e-03
1.332394030415463750e-03
8.493609456355028040e-04
5.499593063840092387e-04
1.266444588698385646e-03
1.116093023053631780e-03
6.353981142550854449e-04
8.318766113010351302e-04
4.286505725303245656e-04
7.115790151273272864e-04
8.719605657565962682e-04
5.711002847006184987e-04
8.802401417544633263e-04
8.195013699467392984e-04
9.820317188379077810e-04
1.520132587467093303e-04
5.665583574673594162e-04
1.066499817867448728e-03
1.574870631979917099e-03
1.676857012492861260e-03
1.003307961435233667e-03
1.009286485223986288e-03
9.745338541046458160e-04
1.095697439582585904e-03
1.078169194029273033e-03
1.075490232143163976e-03
5.349566878273745441e-04
1.339719189912205385e-03
9.127275491267820276e-04
2.875157696582630808e-04
4.567195001087679990e-04
6.717326402782464092e-04
1.837860313518595496e-04
1.132155492351802697e-03
7.148101882735890698e-04
5.338659607823098433e-04
9.734203555379300574e-04
4.833878274520585845e-04
4.459650587741120862e-04
3.829037405777326324e-04
1.412716759968230115e-03
9.897514946354910720e-04
2.455521549008860731e-04
6.097351592284425267e-04
1.498824230739095528e-03
5.545002922992001235e-04
1.983533653758298796e-03
1.428782953434204386e-03
5.803425239697773642e-04
1.005175217768138453e-03
1.434924857181537738e-03
5.494862124977425641e-04
7.642485880781657321e-04
1.055938869628135534e-03
2.906664846994041736e-04
8.945163951849967451e-04
1.720401402798698567e-03
8.245442779144934731e-04
1.202820365176895511e-03
3.221561469564927479e-04
1.741518503160371283e-03
6.450620828147783214e-04
5.772862388815698954e-04
6.254456636621562359e-04
1.149539867126097908e-03
5.530489216105762603e-04
8.818283501595533449e-04
5.812648206443287065e-04
2.065032332939601301e-03
3.164703803644423191e-04
9.182877356682453418e-04
1.364086417328083797e-03
1.047816286632848341e-03
1.873254435168312387e-03
4.414602011361682321e-04
6.689322238885049695e-04
2.663424162156797928e-04
6.529549842437002913e-04
8.846787789978932800e-04
1.061154541441917693e-03
1.031483325485075229e-03
9.914414241328915918e-04
4.845635390318735821e-04
3.385440315024834863e-04
2.222981713445848202e-04
1.073868836238347189e-03
4.554986298111970457e-04
8.940616285868324643e-04
1.139311361935215362e-03
3.547637882172580289e-04
1.172028172701080739e-03
3.141962433818200535e-04
7.286281358283207494e-04
7.262662582983571381e-04
8.152959546981982698e-04
1.418001707084271673e-03
5.272695707072988253e-04
1.465115457501061248e-03
3.929971182017405148e-04
7.531899383419596089e-04
1.397952158823694046e-03
1.347215383180806010e-03
1.226891137763948605e-03
1.411021052586372690e-03
5.689302113293329827e-04
7.266774377245623345e-04
3.132383778710629159e-04
1.405104313942647822e-03
1.036608000851582971e-03
7.806427072861000334e-04
5.392566667176279397e-04
8.765680547908164021e-04
1.840862382471791618e-03
1.160489036965602896e-03
2.233630942795919959e-04
9.195325017410918480e-04
9.693104970302389347e-04
1.115107262356701198e-03
7.226934857452834609e-04
8.296317844284637529e-04
1.312468614369367891e-03
1.038165992995271261e-03
8.420609151652575387e-04
8.053099739155071980e-04
1.618727560440826269e-03
1.212190667392309094e-03
9.028130271467695641e-04
1.218248451347789339e-03
3.314889043320060980e-04
4.468666877641235663e-04
6.543780181557637323e-04
4.046317788603062422e-04
1.098458855491121159e-03
1.121204502607553444e-03
8.080453745079368890e-04
3.495734741067339020e-04
4.173320570165694934e-04
2.623980818796865745e-04
6.411600667051148414e-04
3.937928617030972368e-04
1.705528996162499053e-03
4.342842101457256411e-04
1.241224245582532582e-03
4.111929391695683437e-04
8.193052582487307667e-04
6.827151390061352411e-04
2.714209047118215125e-03
1.905090869002216232e-03
5.812381337874954939e-04
1.009553704247433212e-03
1.215829287312823791e-03
1.005535348938979600e-03
8.820432835522314975e-04
6.623374322393943804e-04
6.481534132645388547e-04
7.158479504084585632e-04
9.046635285453188350e-04
6.260246279977412474e-04
1.084173600956679076e-03
1.374624501730684198e-03
1.128061705312376076e-03
1.073027835943347798e-03
1.642047817215918411e-03
6.415615873258701408e-04
7.463042552179991211e-04
4.229214943514515235e-04
8.535352767967946787e-04
9.069500924875527814e-04
5.090299154116305390e-04
1.079498406625576225e-03
1.624360929866728361e-03
6.496132132567250528e-04
1.134405313131197626e-03
2.874570201175699049e-04
5.804205482628729297e-04
3.838881457940290115e-04
4.037929747072979865e-04
9.371018292940159165e-04
4.439163684311631108e-04
4.472694061895026905e-04
9.048774949868612898e-04
1.031854101516748367e-03
4.426506360952066170e-04
2.360069101006563586e-03
1.811432341217362281e-03
1.218102495027716505e-03
3.949139456973114136e-04
7.122017195621845563e-04
1.066305690469600796e-03
9.502043634403337753e-04
8.612602969803534805e-04
4.691689612417329169e-04
1.148796580969792128e-03
3.659846122412275214e-04
5.544510499955003285e-04
1.399594823635925836e-03
1.188429254132818916e-03
3.014833778880493705e-04
7.825922227702583264e-04
1.551206998304476264e-03
5.094819556711154820e-04
4.187560340392655471e-04
1.021951410951169037e-03
1.534578870233636004e-03
5.257815958416206309e-04
1.192570871703746297e-03
8.010572416601789399e-04
2.886944197807029123e-04
6.614930396178196354e-04
4.487120033225476773e-04
6.828984907098971206e-04
7.651631411210676505e-04
3.301413745831565348e-04
9.972013096712982298e-04
4.629583945061723264e-04
1.114736459431774594e-03
7.649280957141857146e-04
9.802099923119883366e-04
3.662098072151737083e-04
9.265665631596058409e-04
1.211461270975655591e-03
1.727720810302423981e-03
7.540065779131741204e-04
7.116139956410417718e-04
8.038216187827434966e-04
1.285606744460184156e-03
6.158779427360784641e-04
2.500665179837420569e-03
4.621513363785383056e-04
1.354914708896392357e-03
9.548436708565416833e-04
3.321634596193200994e-04
4.238933748531605039e-04
1.450740939790632960e-03
4.352088266347059692e-04
1.095900004452965036e-03
1.074033439170529432e-03
7.442355904028344696e-04
9.540773661990474379e-04
9.100942546700592018e-04
9.302350665240063151e-04
2.316450888091240313e-04
8.527694953595935882e-04
1.239983733942511424e-03
1.107613826905699860e-03
1.665079666881624874e-03
6.431804369655663017e-04
1.132334082962965305e-03
1.498577140836731018e-03
1.733211039887147965e-03
6.323704698349686109e-04
5.842580880013923490e-04
9.515183979642861381e-04
7.383819507758001893e-04
8.727302583715940316e-04
5.501857235551701163e-04
1.698361186312739119e-03
8.024846769095618330e-04
7.965128437880690179e-04
7.946923131939135666e-04
4.606282918046245532e-04
1.235725420832000558e-03
1.022287746410570049e-03
1.912746842438635885e-03
7.823090040139508679e-04
3.043728810757278581e-04
9.498006758812443029e-04
1.385906105523322185e-03
1.038700476723661455e-03
7.694218232952276240e-04
5.100607711351754685e-04
1.072124665693228226e-03
1.562410694928188966e-03
9.197038192158177002e-04
1.419468898684450760e-03
6.154817840523561052e-04
4.832456255673157073e-04
5.562410900121647845e-04
4.004599752250555321e-04
6.407621299418263033e-04
3.972052725017985540e-04
4.717551813247937475e-04
5.946157096634125056e-04
1.646570541034339270e-03
5.463137061140750737e-04
5.657143971159920388e-04
1.000900716137497056e-03
1.955019792827127414e-03
1.725769607932591031e-04
6.094072724998538058e-04
6.478976722670601969e-04
7.089130780726641450e-04
1.164571981406068487e-03
1.614271614052146392e-03
1.206081850950607845e-03
5.335580928170351482e-04
1.739426398376663768e-03
6.083491700142466038e-04
7.980943100336449761e-04
1.257527648100954451e-03
5.557397100394861639e-04
1.237511765112662195e-03
1.660882283126114106e-04
3.426152844873764174e-04
6.888411621346293310e-04
1.079472206891716373e-03
8.000642555377532458e-04
3.203174744257631908e-04
1.175132727541203237e-03
7.493231011770414441e-04
1.063490760093658205e-03
6.444544389577881206e-04
6.917681676736199374e-04
5.718461490563503651e-04
5.827089479639015277e-04
1.359284159455901491e-03
7.836663953613055714e-04
1.046550394501427226e-03
8.430390159668166988e-04
1.024806467944377976e-03
8.720788620264798008e-04
1.487738107323920318e-03
9.476676569563757119e-04
1.039753508018773564e-03
6.066514139477153416e-04
9.253462804106283787e-04
1.081357507242331709e-03
1.130819014444295724e-03
9.197159252870623419e-04
4.990564434743501249e-04
7.488503914457907270e-04
1.128041687186284421e-03
7.228625732043403350e-04
2.340348976469122752e-04
1.286912906849314907e-03
7.325437260217247237e-04
5.137951866960582944e-04
5.458816751846921325e-04
7.390309530875286076e-04
1.270640566657279223e-03
1.276306575990810007e-03
5.246012468234469628e-04
1.115446789537834172e-03
8.879454342890461416e-04
7.723078154957792665e-04
5.734079147818077656e-04
6.600542136369320174e-04
1.015094313895175500e-03
1.152809396405315339e-03
5.410838797583980044e-04
7.864142159133096204e-04
1.475317693619183001e-03
6.757653740936188673e-04
6.197083950480373159e-04
4.302806521506830724e-04
1.525839312780774776e-03
2.211440400093522721e-04
4.299297389764257429e-04
4.884670762138477573e-04
9.205922006556827410e-04
7.598318726131019852e-04
1.018847313223002465e-03
9.028454071516192701e-04
6.827748935938698308e-04
8.323041030205861673e-04
9.600031231615959023e-04
5.107202917412678516e-04
8.396394481334694491e-04
1.016743940934034755e-03
4.526337448652566881e-04
1.545452476159776432e-03
1.910965639726159128e-03
9.868102999065187474e-04
1.121241932380818204e-03
4.077847294278154149e-04
1.092268262910642881e-03
7.739889266186871387e-04
6.420789101435415069e-04
6.598810606501235611e-04
9.275448520476874863e-04
2.625232202233765562e-04
5.455534320389925258e-04
5.431386281362091464e-04
5.433652538352257057e-04
6.722230160620237859e-04
4.899800997705393724e-04
1.077614466724138246e-03
5.363622033750110310e-04
7.094312691649149166e-04
4.439146879002053912e-04
4.389325193532395641e-04
8.363456635138748685e-04
1.628384716910377715e-03
9.226725133833342486e-04
1.662502193369035574e-03
1.246628878034061316e-03
2.718012562545265047e-04
6.846892129470615040e-04
1.241382951066981538e-03
8.960111446940909616e-04
4.567264402872789298e-04
5.885669602547621013e-04
9.618408231228061820e-04
6.409035307465493162e-04
7.485291702970473535e-04
4.906098202578059375e-04
5.280874646780148174e-04
