1.173849544430101291e-03
2.705605060184348206e-03
1.770461599581775588e-03
2.681488198835093890e-03
1.819126102894875249e-03
1.865248935084854289e-03
1.746508924191296106e-03
2.471935553322908950e-03
1.261396475894998887e-03
1.276581100348976898e-03
7.479865771346128501e-04
2.633713335305141057e-03
1.964478244010682290e-03
2.128935267865777071e-03
2.053135858398135762e-03
3.175872824199569427e-03
3.346457626989119642e-03
1.382432002772486946e-03
1.666364880100574923e-03
1.665078705222229746e-03
2.635838106893198876e-03
2.281486397205629169e-03
1.183490096093945884e-03
1.690221571902514276e-03
9.223482263744170679e-04
2.220751873614897846e-03
1.763934530226688065e-03
2.494374550224535362e-03
1.531607010888864397e-03
2.289915797397288396e-03
2.047250933469448031e-03
1.648974543902410189e-03
1.417513424328591598e-03
1.270502005630593173e-03
1.247324356012491147e-03
2.315926802469678650e-03
1.509358064508931974e-03
2.121732668248225723e-03
7.479573110301016795e-04
1.090547886273474185e-03
2.479662546856127754e-03
1.703564214588842865e-03
2.779687022559749945e-03
1.135729747772309169e-03
2.573579167371838061e-03
1.188585176943314416e-03
2.245640819981008143e-03
1.998806565248659618e-03
2.105825160339879366e-03
2.675332796157530845e-03
7.317414669952622842e-04
1.834693959726545285e-03
2.378077316690159048e-03
1.430158008239626813e-03
2.035258170663184398e-03
1.606783471764784655e-03
1.330701194422625458e-03
1.785650484479917727e-03
1.604837679047063171e-03
9.885442265570932360e-04
1.584072260910984178e-03
2.228134614545136671e-03
2.432822699527080208e-03
1.147725340940664420e-03
8.785397133998127609e-04
2.282933393221919880e-03
1.602121793727020278e-03
1.662045457762372294e-03
1.372071047173841320e-03
1.619181651187782001e-03
1.385854782693925246e-03
2.070391639574928160e-03
2.366350135768378014e-03
1.985520234359401844e-03
1.749562648588561626e-03
3.286873116476495601e-04
1.684582228193595536e-03
3.048018844681442407e-03
2.334427078146916919e-03
2.224290364216493197e-03
1.008556503566601691e-03
2.393942989013380773e-03
2.124059819746872135e-03
2.491273699690125295e-03
3.113816037080697173e-03
2.043879897398207576e-03
1.806983552840035539e-03
1.861645672966544566e-03
2.739942643278201091e-03
1.916697130367701635e-03
2.196869817350744544e-03
2.457440980679421322e-03
1.919777708020318921e-03
8.721259688342448881e-04
1.048952549166142162e-03
8.509208158765140450e-04
1.620489809910260733e-03
1.276425087495861553e-03
3.230043420780449696e-03
1.802402357905950577e-03
2.237823658362004132e-03
1.775947469592640106e-03
1.974243417093492214e-03
1.942774783420162486e-03
7.114463625248900087e-04
1.431370627726613479e-03
9.836510599166192921e-04
3.319900252280644053e-03
2.787178315817523139e-03
2.509902562137325890e-03
1.404687238641569779e-03
2.262810244136622025e-03
2.875389272251471697e-03
2.023826930417197550e-03
2.777962210662556115e-03
2.675354427427363915e-03
1.380737996879989084e-03
2.139413928896955613e-03
1.940311067759557849e-03
1.897231030087433504e-03
8.170828754252748138e-04
2.053707965271392866e-03
1.242335237017427613e-03
1.259592107546343709e-03
3.499626811158266897e-03
2.371568573998051026e-03
1.884741897802255607e-03
3.367422971496438974e-03
3.537415963417467248e-03
1.708702992242338951e-03
3.274972459398185851e-03
2.431496258764213620e-03
1.894745294372067066e-03
1.249701126749084082e-03
1.764686287808067862e-03
1.798868824775221335e-03
1.763572673897138106e-03
8.394353012370917239e-04
1.547982686721623190e-03
2.312062937948291229e-03
1.209753976083354811e-03
2.034826601933879472e-03
3.289116668767843102e-03
1.597054925190596972e-03
1.989689903328041489e-03
1.626296525486586484e-03
2.893035041179821670e-03
2.049237550248409964e-03
7.780219160907892156e-04
8.466136395587679992e-04
1.113287560895902988e-03
1.757763310092411244e-03
1.131232755077425309e-03
1.837995601938248198e-03
1.834789262110318123e-03
2.928067876224007757e-03
1.529638750546898985e-03
1.078018855018649446e-03
2.036445802487189122e-03
1.042477270752472296e-03
3.421839620260784011e-04
1.530356161328396032e-03
7.926723959148907319e-04
2.081369394036651412e-03
1.190927548499980939e-03
2.317338022959482789e-03
1.836517502491548989e-03
8.495848474495058767e-04
1.993430880765621489e-03
1.452004356667681512e-03
3.276238993593670774e-03
1.639513016453908976e-03
1.408616486292020228e-03
1.128253598927146445e-03
3.223172260283707624e-03
1.187012553222290554e-03
3.019429429762185164e-03
7.091794653995151443e-04
8.828571999788808067e-04
1.469612618014516647e-03
1.764369921510299281e-03
2.746357797850816716e-03
2.686757907958823265e-03
1.462652323265805450e-03
1.450019975984300847e-03
1.717532143745397226e-03
1.104060226002990652e-03
2.259726691362417932e-03
1.251973739588644642e-03
2.130248986121199839e-03
1.966265181578888670e-03
1.875261683117361100e-03
2.229527313020244084e-03
1.954121311736227180e-03
2.739458333689357566e-03
1.236073676412449132e-03
2.677525046774965455e-03
1.286488339180405678e-03
1.876369937980645755e-03
1.071125021799323226e-03
6.198822855595542865e-04
1.820502739360488082e-03
1.836571168465378099e-03
1.039278449558503738e-03
5.244067080529640724e-04
1.519137591825069902e-03
3.476752544666136032e-03
2.629232169267976382e-03
1.799461411446218921e-03
1.564870088778722761e-03
2.151078854024931781e-03
6.356971663574104408e-04
1.692933024997937512e-03
1.065201440325040530e-03
1.163627749308799014e-03
2.152385991799106533e-03
1.303177758986747347e-03
1.212194229200860753e-03
1.697923788367582641e-03
9.662020296156465134e-04
1.992117794228766368e-03
3.049900880515749209e-03
2.138691283154332302e-03
1.337028674524510770e-03
3.182586333242557949e-03
1.421101611728999622e-03
1.601535234535788861e-03
1.365797449130333810e-03
2.093196204235791332e-03
1.937934721470007749e-03
1.336313212175134447e-03
1.934118397633806385e-03
1.703084066021465313e-03
8.694974262663033963e-04
1.152397040855290822e-03
1.303016851229140283e-03
1.558407694847225916e-03
1.296852594567773085e-03
2.210940426030909983e-03
1.673367473119699491e-03
1.007113343100500720e-03
8.450741336071877254e-04
2.505789703131510067e-03
2.225335732506115820e-03
1.372103750479940079e-03
3.064904068104721321e-03
1.430568843084805862e-03
1.117848543922773203e-03
2.152407754989005620e-03
1.619872506583338928e-03
1.938902415961782540e-03
1.152712823518411631e-03
2.334969878315658592e-03
7.977202907849442184e-04
2.069283761927645428e-03
5.179711868215360971e-04
6.908954991336860611e-04
3.685638734819643263e-03
1.305866141187237610e-03
2.265281488470480276e-03
2.083150475101651355e-03
2.955249685922769608e-03
2.123158224820422685e-03
6.938036740162776845e-04
2.169874769594954626e-03
1.548005988596104585e-03
1.411989871968640084e-03
1.321622149391551157e-03
2.422528389163604301e-03
1.461424365974526088e-03
2.663816472715790831e-03
2.667158170452542040e-03
1.497293190467981032e-03
2.259272427798773505e-03
2.283554305158470681e-03
1.565257406467629973e-03
1.621321877304997315e-03
8.508950238260507828e-04
1.209802105614730125e-03
1.526157282746796670e-03
2.249313883733356639e-03
1.659523159200929337e-03
2.124210142240201462e-03
2.291809944832712189e-03
1.748876516045758112e-03
1.518977553390294223e-03
3.679992756669170882e-03
1.155451070810956321e-03
1.364727899714806821e-03
2.078058445589295311e-03
1.164626884508120378e-03
3.030171460357776545e-03
2.918678170324220510e-03
1.688857050854246800e-03
6.029098262857306980e-04
1.839456695873798852e-03
2.646935879635808203e-03
1.991498622182993460e-03
2.871344042118624627e-03
2.185051166629501350e-03
2.348903715962305343e-03
2.080173278886067716e-03
3.106360586406147449e-03
1.178908032897314643e-03
5.573628299985668860e-04
3.277263910580557448e-03
2.233810031521635264e-03
2.458449978041162519e-03
3.584780044267022424e-03
7.996284293944825716e-04
2.961224532794475787e-03
1.479549003772936532e-03
1.597016323932687462e-03
2.558271062836653398e-03
3.016390657564683130e-03
2.748185761979522659e-03
1.252464283540803041e-03
2.159274854901070163e-03
1.263841143617223071e-03
4.118052891405373644e-03
1.888999980378892364e-03
3.756200377385195046e-03
2.043932643929329603e-03
1.993934740142448789e-03
1.801039231238162237e-03
2.273371253315428255e-03
1.662378722075596744e-03
1.258128312937890512e-03
2.797417837089737763e-03
1.062029141022036854e-03
1.711319110430906815e-03
1.363500736809843735e-03
2.440186402267239488e-03
1.442875285948184332e-03
1.888585913274622727e-03
1.236020268839425548e-03
1.494960043890626415e-03
1.044604429175490260e-03
1.221189969249587186e-03
2.807754437397113299e-03
1.781454064763273327e-03
1.530362294457448397e-03
2.782633750271780969e-03
1.047607181605623213e-03
1.848193557622937770e-03
2.149811483180091593e-03
1.883580071064466744e-03
1.554765244210746080e-03
1.500719275773735413e-03
2.290427503585022468e-03
1.355905831029814972e-03
1.626532116012310196e-03
2.852262102660993361e-03
3.104435837759443855e-03
2.186437669733217945e-03
2.649603744826563648e-03
2.246524976527246396e-03
3.153693159009756265e-03
6.701004534105151587e-04
2.627583389862912962e-03
2.142409570386341090e-03
2.541708376807613919e-03
2.932633993935276993e-03
1.954575913264755549e-03
1.622530998495517887e-03
2.509934707466002571e-03
1.299893345524632659e-03
3.471805624882638372e-03
1.981902059827288752e-03
2.436177775340157836e-03
1.051861402084597894e-03
2.786097045974286410e-03
1.387580415100888144e-03
2.010457325722035497e-03
1.584133973033971477e-03
1.973770700855931141e-03
2.652848424171496289e-03
1.564184501183962751e-03
1.595781684901756512e-03
2.477973842359411025e-03
1.818342389328927522e-03
2.160810666828308704e-03
1.856264448867773293e-03
2.176230321889950376e-03
1.937105615253303546e-03
7.388963854583306809e-04
1.255468075257939239e-03
2.413200914506130872e-03
1.497357614564622658e-03
1.349151259327784546e-03
3.416597093093832940e-03
1.684008736745536616e-03
2.114063133224799041e-03
2.119013992612079657e-03
2.536906706287123635e-03
2.086907234388120282e-03
1.341886113641245319e-03
1.491911350171421869e-03
1.141024402707095349e-03
2.513056259989281897e-03
3.428796189771746074e-03
1.470942057656587009e-03
1.806495768042085852e-03
1.353148156991847671e-03
3.257510835559127883e-03
1.458908216366302558e-03
1.981229929435924207e-03
1.297317367207439891e-03
8.386399341031885351e-04
1.446687782883727784e-03
1.589083537471569670e-03
1.408849946951504402e-03
2.015088548191493883e-03
1.693769839870014164e-03
1.682674166341006179e-03
1.504963202308076979e-03
4.154871073986893086e-03
1.057842408278263872e-03
1.277535311291260779e-03
2.718909957932245068e-03
7.483978874112034779e-04
1.499774807858680718e-03
2.141200376777635354e-03
1.316930196837099581e-03
1.726429624994893974e-03
3.248549902309316555e-03
2.260615916584282105e-03
2.063717323725356486e-03
3.083249100728946163e-03
1.402090515987462760e-03
3.740953544694428003e-03
1.357793767236762121e-03
2.489483586712784493e-03
1.572224455944661904e-03
2.917738947511479882e-03
1.277395407968283901e-03
3.183394359722572890e-03
2.609826334233382710e-03
3.438646795359991907e-03
2.118608070380533556e-03
2.745443108690746262e-03
2.153095776673331387e-03
2.698314310925687375e-03
3.034186086748653314e-03
3.016419124865311885e-03
2.483862037068562071e-03
1.985712236356426772e-03
2.447792167466979370e-03
1.935159635940170630e-03
2.278294921748593837e-03
2.552236080307328757e-03
3.203932048209794711e-03
4.646309480398339541e-03
2.126631276236079504e-03
2.326592221081772403e-03
2.957864140470296572e-03
1.705980988193235310e-03
2.419688271488165850e-03
1.434331221615023919e-03
1.833778411269255948e-03
2.872773297263257752e-03
1.480049700551929609e-03
2.250154714480041406e-03
2.829858332137463565e-03
1.385128732011738561e-03
3.927206997387639419e-03
2.415456521697097268e-03
2.293986872635979564e-03
1.749222349523664498e-03
3.372924718981736795e-03
1.900128848491863852e-03
1.677412388130324408e-03
3.124584117042470462e-03
2.442033848046644764e-03
3.144902981580053984e-03
1.589627501982828926e-03
2.412740317481621311e-03
2.833712554961635190e-03
1.072835625002039120e-03
2.697977449586117741e-03
2.077798550517047805e-03
2.374103866224620916e-03
9.074988539428672282e-04
2.164627668569400060e-03
1.705741796874840187e-03
1.322208338727069027e-03
2.560419651719999991e-03
2.859619721514428808e-03
2.688589841597606618e-03
2.749851226694462018e-03
1.281048855463615436e-03
2.634757956666294084e-03
1.594642241366437101e-03
2.784041278797092303e-03
4.276993377117999031e-04
1.582905887654469362e-03
2.389493813769542549e-03
1.725504335009827922e-03
1.693419563842435676e-03
2.260071560848161531e-03
1.618237269187948208e-03
2.940772893513170921e-03
1.886535519580975631e-03
2.118820400523521025e-03
1.950907853075449245e-03
1.734909395799572127e-03
2.312509707858564217e-03
2.868064221992505138e-03
1.505742741369457812e-03
2.363675307258355455e-03
2.120680430164851877e-03
1.681158263308163989e-03
3.341217159553509786e-03
9.671491852313910363e-04
3.288278815324383909e-03
1.678691221688356208e-03
2.825431687257383157e-03
2.723022258680865646e-03
2.706856997405267425e-03
1.707111143699671174e-03
2.181546933533767569e-03
2.033706991008900518e-03
3.421272425261681713e-03
4.101731517075294861e-03
2.827602389738318681e-03
1.021368623917575085e-03
1.358494899393689753e-03
2.312539975054356874e-03
3.012077194022142260e-03
2.289762850264350988e-03
2.547989335548082879e-03
2.747434555287923269e-03
1.125781056615374675e-03
2.236807637083134022e-03
1.429156040463442929e-03
2.263863856863997798e-03
2.293146129288130795e-03
1.517434923759408390e-03
1.356906160265002395e-03
2.402132050872739146e-03
2.598091654121456075e-03
1.905791412967938053e-03
2.191259673906416870e-03
2.333634832168688354e-03
1.171163999925648380e-03
1.724949468277115795e-03
1.490987777386871497e-03
1.625545343809873741e-03
1.497539428114996784e-03
2.925480732055307266e-03
2.119024907894089937e-03
2.000386287431653396e-03
1.412006891551072707e-03
2.693874110886158944e-03
1.099517139601660686e-03
1.278055907913602969e-03
2.755824694176173175e-03
8.424829219861705446e-04
2.785091236312759681e-03
2.586374495580195162e-03
2.635893897811011997e-03
2.448245268271466608e-03
1.318867836346121957e-03
1.680899001030477808e-03
1.461677975654211920e-03
1.304303432379310887e-03
2.111329487897194331e-03
1.473367211206136080e-03
2.811863085255324017e-03
3.376535117425443887e-03
2.610242703632146503e-03
1.574736135121552159e-03
1.976771892111287617e-03
1.566912274929808469e-03
2.446800552543727629e-03
1.248486472036586074e-03
2.931620470499220980e-03
2.474143240975282092e-03
3.653524846451039910e-03
2.366124735477003350e-03
3.289886901430112524e-03
3.162668813313747503e-03
1.960595015559855360e-03
1.094587138877572583e-03
1.684137426012825758e-03
1.542194406611927058e-03
1.585268624890230627e-03
2.846329135326912309e-03
3.023841801376833151e-03
2.439197834707669023e-03
1.824219029903001920e-03
2.619917858200893849e-03
2.717716429264928520e-03
2.837892915005947592e-03
7.949800877698015534e-04
2.301953282880648405e-03
2.164434246509298020e-03
1.956242121281243258e-03
1.386087408497315441e-03
3.337600004601145014e-03
2.961601104708221164e-03
3.021433314402917347e-03
1.707737543837663675e-03
2.033788872793370478e-03
2.706014857284707274e-03
1.520612455372217760e-03
1.658546623504016755e-03
1.867234594634342802e-03
2.001911378786521995e-03
1.384180101390814844e-03
1.883939862095436110e-03
2.479056989850230742e-03
1.506073778758952424e-03
2.222535718055548924e-03
2.321930022503234346e-03
3.358082054694377146e-03
2.499502097024342787e-03
1.493143250349964878e-03
2.090056037176866478e-03
4.060788480579437427e-03
2.089774128577751282e-03
1.939755411127439422e-03
2.524023688594974248e-03
3.174931517407786081e-03
2.689537709441753265e-03
2.108174927684071907e-03
2.378904254567906079e-03
3.630848001989280156e-03
1.874941552874985788e-03
2.131336596006755402e-03
3.438078883992516568e-03
1.772494120502465104e-03
1.246369567508615181e-03
2.316305588049732446e-03
1.730204175275537734e-03
1.553524337863989744e-03
2.835436902602450886e-03
1.620906889012109237e-03
1.464694917303982664e-03
1.334818054660828800e-03
2.039236953066140591e-03
2.584911564781475993e-03
4.197607060480548422e-03
3.353035339292282941e-03
2.587924188881587581e-03
1.335343051143780520e-03
3.206904649252676799e-03
2.564435902887503803e-03
1.917246584383386788e-03
1.970581056036846933e-03
2.195453886384006112e-03
2.318653476255360616e-03
3.135964686628638694e-03
2.256359930962252049e-03
1.664442249612617386e-03
4.021103111279118562e-03
9.855432816644922600e-04
3.150112904232922097e-03
2.653892963626277874e-03
2.419014885853708677e-03
9.125253069339054517e-04
1.531506523769878567e-03
2.314271796866193814e-03
2.360790925377017398e-03
2.295466550668112584e-03
1.555595849996569769e-03
2.568343300267335143e-03
1.819906796756343235e-03
3.168032001339048977e-03
2.402404295386021110e-03
2.030531214584005862e-03
2.505541289042315274e-03
2.440083522450572397e-03
2.404272420277802844e-03
3.325202659128678479e-03
2.028972628445789746e-03
1.512224642446313326e-03
1.884926707351140861e-03
1.587168729244535980e-03
2.977730521357856673e-03
1.644056256356443311e-03
2.097498610390216393e-03
2.014693076696617065e-03
2.754623189439099704e-03
2.618779078901109503e-03
2.901037263120844964e-03
2.791758175594220241e-03
1.056397983448145988e-03
1.843264919562203567e-03
3.498837283057235070e-03
2.981402523546182719e-03
3.562662536409045080e-03
2.986373084395913934e-03
1.987809749150199444e-03
1.575986886546846492e-03
2.216301002555565516e-03
2.909657367339222363e-03
1.346472357928573532e-03
2.441996406730771989e-03
3.832687515233806127e-03
2.881277221576232419e-03
2.308061060424204843e-03
2.106914602808564012e-03
3.366670849614005010e-03
1.901962877406922605e-03
2.276465742184740400e-03
2.135991469143895451e-03
2.155499729082816212e-03
2.771487795073470164e-03
3.131184053975105599e-03
2.480159294471444200e-03
2.543832670440484157e-03
2.005093895393216061e-03
2.060492424119097620e-03
1.538296245595260035e-03
2.271015690655575625e-03
1.734914725941683663e-03
1.588897924610464070e-03
1.895115260787512412e-03
2.217193995230679667e-03
1.625617534559367682e-03
2.911898623982601270e-03
1.746275081273460658e-03
1.437490297281918301e-03
1.628648918952326028e-03
2.938013437246050300e-03
2.024898538986153688e-03
1.451068013511743176e-03
2.704936000969023705e-03
2.649381861696134717e-03
3.691340946848748698e-03
2.683907816036496322e-03
3.606204260490554047e-03
2.034340739286047244e-03
2.121101019198210532e-03
1.808023827268034857e-03
2.179962124028835078e-03
4.357341467583659110e-03
1.849501948269487812e-03
2.070636580226616150e-03
1.649053210681160819e-03
3.994439741299110440e-03
2.158848591100020597e-03
1.848295002626871393e-03
1.361262540486829790e-03
3.165061850159796124e-03
1.763759008787470694e-03
2.120911495223553635e-03
1.300176960382736120e-03
2.538045875496721619e-03
1.758399521227776334e-03
2.609169611996974090e-03
2.310875342848062435e-03
3.278103567937485328e-03
2.138664327912332460e-03
1.905732040187439139e-03
3.004558213468858097e-03
3.468571286834792183e-03
1.652279666754273742e-03
1.636491098669723985e-03
1.436456003512900492e-03
2.295936992327701071e-03
2.407307524101813621e-03
1.227533507770036140e-03
2.990185669519450969e-03
2.469353486706119070e-03
2.575818495330321149e-03
6.100275733212787849e-03
1.765283613761675467e-03
1.639569820402645133e-03
1.048383171630456979e-03
1.669673824777553970e-03
2.325132468939171068e-03
1.499339960402506144e-03
2.248547348805869650e-03
1.552425685519367039e-03
1.652317196201135568e-03
2.466975648194712906e-03
3.411092438410387104e-03
2.809066561546404248e-03
3.202173142571126778e-03
2.520753710741042986e-03
2.396882576660928996e-03
4.646257481101523194e-03
2.529667477487800801e-03
2.229017471722092181e-03
3.398386821423196591e-03
3.448757690213693269e-03
1.982141301885047106e-03
2.680514143989059985e-03
2.828958318545178856e-03
3.640665607373963150e-03
2.561478235726333264e-03
1.680505247593003498e-03
3.177467099080871771e-03
1.944903301159251830e-03
2.003819447875864433e-03
1.625874759641223648e-03
1.141974718538029017e-03
3.378685504892007738e-03
1.940989872523870598e-03
