2.186773001010553635e-02
2.442433936077407358e-02
2.269083217143883988e-02
2.179031762341262710e-02
2.082037780912129182e-02
2.953706628341785240e-02
2.114044409548280351e-02
2.446029354889136739e-02
2.011275738569516178e-02
2.214038908250318127e-02
2.354086322570142498e-02
2.278585378512998708e-02
2.275275595915044607e-02
1.847741004901846257e-02
1.913831956125496697e-02
2.053868836510206602e-02
2.501100997891669842e-02
2.631516211312813838e-02
2.234044003118639682e-02
2.245475087407385745e-02
2.114889650129604670e-02
2.146472843272597547e-02
2.272231472804609950e-02
2.418974023262126377e-02
2.316821187515348546e-02
2.406108100921010989e-02
2.455006137197414395e-02
2.608979453559487349e-02
2.612557139707608750e-02
2.173207757487658626e-02
2.420173735597462572e-02
2.460291485126654340e-02
2.185027538578542677e-02
2.233919518021233730e-02
2.232190002802256559e-02
2.676392540432752723e-02
2.553668786142353556e-02
2.068356942554363045e-02
2.518473108548584596e-02
2.591914244490603481e-02
2.312210596228011714e-02
2.652964052919637092e-02
2.181652454371604474e-02
2.562519968872164003e-02
2.218486521660800390e-02
2.386310761270462460e-02
2.598284727617822254e-02
2.135671881057678995e-02
2.039002973328279261e-02
2.483909583693881887e-02
2.334716555476099367e-02
2.339725358672438069e-02
2.115245467301171689e-02
2.408775891660196872e-02
2.137831603820410098e-02
2.207556903884696359e-02
2.033511985520518317e-02
1.971748872128638655e-02
2.266384946197438216e-02
1.969954334518758676e-02
2.166478871909346959e-02
2.357547350184868371e-02
2.336362597862228635e-02
2.556814603401441968e-02
2.382695004869688632e-02
2.105536220589889623e-02
2.211554848147890412e-02
1.976668437737515160e-02
2.524723150456032253e-02
2.415314723871734084e-02
2.040412354356857180e-02
2.014403173328965443e-02
1.861867669786463481e-02
2.758069809421906729e-02
2.412030281756541092e-02
2.347026262752390305e-02
2.294333490657381527e-02
2.525743543258848409e-02
2.168411225365129286e-02
2.329755253901208759e-02
2.164556277981864382e-02
2.018635006452197331e-02
2.363078918464593323e-02
2.542797187039165865e-02
2.358027375262206071e-02
2.421826473946415287e-02
2.351030131094987430e-02
2.080705889230372030e-02
2.342626084618950472e-02
1.900883015379143531e-02
2.477590841447190398e-02
2.511063632033150306e-02
2.471135729603608777e-02
2.353900305282594432e-02
2.374862804890104026e-02
2.531268515745238243e-02
2.114361070824661432e-02
2.477206526109645632e-02
2.773088784737451698e-02
2.039721125131416235e-02
2.111539355621430691e-02
2.438382152198203048e-02
2.793736383602220263e-02
2.200400981767581393e-02
2.218798117251504290e-02
1.760687201517178307e-02
2.465016403124778779e-02
2.144086237506735715e-02
2.275013269506687141e-02
2.570876971631198479e-02
1.952045144230189072e-02
2.260516201949746423e-02
2.386502866760252181e-02
2.239174597176881235e-02
2.200744111148298168e-02
1.965303671133405636e-02
2.295824665090253833e-02
2.527667066820141889e-02
2.370567580605580787e-02
2.517290180821883314e-02
2.468522461227122891e-02
2.241512166956926427e-02
2.586269648790468639e-02
1.926078444119625616e-02
2.663794357520038458e-02
2.428676408195899403e-02
2.601924027982392001e-02
1.987681162654246839e-02
2.777241078699545923e-02
2.144540518461291595e-02
2.025729778981866583e-02
2.010012629273620274e-02
2.409173035973783891e-02
2.095804279730257083e-02
2.237063001495717338e-02
2.377487336862054226e-02
2.117172669626519316e-02
1.766238462554173619e-02
1.720517319638638354e-02
2.008833491779746239e-02
2.438492573997993670e-02
2.676651652466192910e-02
2.008170302762065165e-02
1.856802564743725154e-02
1.962449990892674995e-02
2.123961264738336366e-02
2.003991089386483737e-02
2.248141467778544747e-02
2.475141356478503113e-02
2.387862458450860578e-02
1.729496062902913592e-02
1.773246349409656961e-02
1.997656530258861904e-02
1.684109723023729382e-02
1.980193819552338030e-02
2.532565489921724880e-02
1.817274011822560958e-02
2.217089794615547879e-02
2.288281803615016888e-02
2.431523741000600480e-02
2.514132668777304888e-02
2.038441202044987202e-02
2.011360604694295562e-02
2.326474893584875442e-02
2.191536440005446840e-02
2.305034528093736351e-02
1.540791130028233528e-02
2.115067293207447546e-02
2.240274563801188806e-02
1.932593341637266551e-02
1.797322315586361366e-02
1.925631849293639453e-02
1.800299244943630653e-02
2.058485995833607765e-02
1.814493162966750173e-02
1.611208636635614450e-02
1.984804096918839009e-02
2.517358227166143630e-02
1.932956467925381686e-02
2.260962198554596070e-02
2.023059399840738265e-02
1.981998822950712530e-02
2.601653094945783132e-02
1.753347972669251978e-02
2.464434831458709937e-02
2.078874583004251125e-02
2.217945973225721526e-02
1.925183926384564301e-02
1.975611114015308686e-02
2.075024481167982854e-02
1.846275787819485689e-02
2.034819657259831147e-02
1.949211710989248378e-02
1.918916053319329532e-02
2.001696322165810726e-02
2.176449912207146370e-02
1.899303985191266517e-02
2.027610706461053375e-02
2.174327868728190977e-02
1.988645587287499877e-02
1.842690603798831372e-02
1.738420119745703180e-02
2.432424489728262848e-02
2.116083920779608663e-02
1.820431106089015483e-02
2.221599592098310802e-02
1.916261591504184181e-02
1.758640614983786321e-02
1.726600328472120346e-02
1.882683528666105610e-02
2.195974120425422602e-02
1.864779178853461297e-02
1.962995586390126057e-02
1.626119124199786048e-02
1.886122950381178762e-02
1.873538113402141436e-02
1.987464443740934519e-02
2.277338630350147705e-02
1.911799931862043569e-02
1.838203939800062831e-02
1.682924747753537439e-02
1.751589199681168052e-02
1.867491227134317894e-02
2.320633658694265522e-02
1.822960008560121914e-02
2.032383362870695057e-02
1.867383250843467415e-02
1.763536741257516402e-02
1.729229714325787939e-02
1.685342791355790709e-02
1.982941147072556087e-02
1.864672458988655968e-02
1.691091140161802772e-02
1.813454107128170678e-02
1.998862742066572287e-02
2.098444008670391492e-02
1.846043979956927053e-02
2.035270454466013221e-02
1.750478757035884084e-02
1.905369497340824586e-02
2.060133829918023296e-02
1.824392618484288464e-02
2.006080799721338126e-02
1.382496062817465884e-02
1.662476893723562402e-02
2.069058510996216876e-02
1.917012240011250340e-02
1.859504583875787320e-02
1.684714915607199784e-02
1.994434595842140001e-02
1.799437386073319406e-02
1.755030422400924439e-02
1.867927158420989997e-02
1.999854718746882712e-02
1.918224311144992381e-02
1.842711924917571006e-02
1.816794035504962213e-02
1.911764761999690254e-02
1.864973006929384475e-02
1.743588926336302192e-02
1.745162651314070487e-02
1.678857851949788760e-02
1.368636069568298502e-02
1.438502212570198606e-02
2.017435666913761777e-02
1.752623225738622614e-02
1.938825442188648815e-02
1.788150973569241700e-02
1.804482052498043373e-02
1.879659185705315205e-02
1.527206380973223331e-02
1.415497252839983781e-02
1.840970349297201339e-02
1.729713517809193177e-02
1.367782379327229375e-02
1.884408728472987751e-02
2.261226276166346250e-02
1.998131653710121317e-02
1.693232196485638941e-02
1.615036531762557154e-02
1.562916954299522002e-02
1.821960144370335030e-02
2.000823809667828801e-02
1.398201773436169408e-02
1.920392233379411909e-02
1.922325838134314804e-02
1.880442957595161377e-02
1.777184925762147205e-02
2.147180907300976979e-02
1.861742907550900661e-02
1.932885169626180275e-02
1.653184557509109268e-02
1.736183910272311171e-02
1.632076038051207684e-02
1.297031434713730343e-02
1.898784324774250090e-02
1.860851479242314060e-02
1.692196022800949648e-02
1.789249606190666461e-02
1.517023929732851106e-02
1.539210123613492763e-02
1.768316922415167497e-02
1.718889118297569837e-02
1.625506437173885807e-02
1.733690050837261021e-02
1.572959843792453433e-02
1.110780932572899560e-02
1.635978495655800169e-02
1.595444347079729569e-02
1.999546651463013358e-02
1.712164624040726779e-02
1.464764667628686186e-02
1.537772073226240620e-02
1.537540478161977288e-02
1.719077080289481765e-02
2.002373425467498386e-02
1.787831895119800993e-02
1.618233794578414000e-02
1.686991387253918701e-02
1.811655141253414730e-02
1.930693514124126250e-02
2.044577098234785437e-02
1.343202527696427465e-02
1.311170440996954796e-02
1.685424251398162307e-02
1.592010394196932341e-02
1.576784173227026645e-02
1.364149829049984310e-02
1.587010948196070428e-02
1.694453016990294172e-02
1.468204475553974882e-02
1.337746027910735429e-02
1.500925884456717416e-02
1.523515788087110093e-02
1.897532402332712323e-02
1.606464505683662808e-02
2.150479230352818003e-02
1.758887736514407399e-02
1.652397662551303298e-02
1.635744330088901438e-02
1.473359172538526128e-02
1.641111911527146083e-02
1.264051963810038787e-02
1.279844120110013028e-02
1.475693480130947297e-02
1.672941154975394681e-02
1.627120937130008618e-02
1.630681071603838628e-02
1.880758033052249562e-02
1.259583217594228977e-02
1.625688602566784796e-02
1.644017496231064621e-02
1.728001329175099868e-02
1.194135334903532152e-02
1.670493806448691831e-02
1.366522231700817783e-02
1.788014507349603224e-02
1.635719201478934293e-02
1.488103787928148937e-02
1.272800113282332446e-02
1.419750224060439651e-02
1.234500327081981125e-02
1.635878009745231690e-02
1.410559912327948202e-02
1.571575657676692328e-02
1.245073853155496957e-02
1.549291478884087976e-02
1.769529615280304724e-02
1.698464595914924921e-02
1.836882781504110482e-02
1.769418956183375219e-02
1.616727626502387216e-02
1.503893752434311455e-02
1.672176089593781570e-02
1.705463418357291983e-02
1.688879562337678233e-02
1.533743658180500812e-02
1.849569245186202457e-02
1.594994223194894784e-02
1.758799853835152360e-02
1.510528846586394781e-02
1.311120042822135415e-02
1.617252530152168272e-02
1.927456648823907062e-02
1.525345842646275672e-02
1.624097759451924305e-02
2.045659878829656636e-02
1.446227576111170678e-02
1.280799938447609032e-02
1.612851283323467680e-02
1.652615507139721177e-02
1.774262080800542360e-02
1.634039536698275383e-02
1.476409306520666195e-02
1.228316560611979191e-02
1.311394010083343810e-02
1.458523295250950709e-02
1.778418110633153693e-02
1.403954455192032644e-02
1.723474445561016394e-02
1.346416312871057640e-02
1.952495663141971122e-02
1.666247487797952245e-02
1.405702285762922346e-02
1.567093280036204253e-02
1.382678824622233377e-02
1.467074207754534565e-02
1.565468710959850782e-02
1.593826872470236605e-02
1.930116589058545815e-02
1.706845013261237484e-02
1.771265825508915384e-02
1.335370557246964851e-02
1.302320554783573461e-02
1.680511173379297882e-02
1.647755995436292129e-02
1.430138933192528355e-02
1.739876344959774210e-02
1.456174715973296806e-02
1.506104582114256227e-02
1.450367444311837471e-02
1.579248387811281809e-02
1.686621993286306284e-02
1.321106414718679727e-02
1.272180712164570557e-02
1.557424092754484089e-02
1.634613727934204619e-02
1.427180338565367176e-02
1.333693649040491001e-02
1.844236802922090412e-02
1.650796425827828068e-02
1.191053922427180028e-02
1.519350314936163127e-02
1.494853570525263992e-02
1.318299261495519369e-02
1.369549070675459002e-02
1.709178911274231855e-02
1.139475171972823171e-02
1.511965102411551472e-02
1.403582467390241707e-02
1.588963196286189913e-02
1.397154038300410517e-02
1.467080042116566778e-02
1.466420468860361176e-02
1.487106476576009403e-02
1.396876869351025043e-02
1.460995493130821075e-02
1.396554249821096126e-02
1.649657741894298979e-02
1.415086052454002548e-02
1.311150423022812254e-02
1.530306454528988606e-02
1.448723626438297961e-02
1.583703355191639489e-02
1.712101536625850254e-02
1.216462296334338070e-02
1.534771561577952595e-02
1.153998168070100548e-02
1.539734572300404183e-02
1.310620226645154221e-02
1.616873291418278319e-02
1.373012603085996090e-02
1.401425481103395036e-02
1.129300249608267484e-02
1.602330465293295286e-02
1.699565860505876033e-02
1.382370541869735146e-02
1.250714508647139157e-02
1.689189398034291606e-02
1.434210579442211052e-02
1.696408469750470063e-02
1.721514861112001873e-02
1.139079299847754224e-02
1.460249176108586663e-02
1.487529190452117032e-02
1.717058983726833798e-02
1.513511473951139122e-02
1.635316491636342601e-02
1.332697045994429841e-02
1.531004353268292269e-02
1.613379439834731685e-02
1.523468678078996642e-02
1.296837443947443901e-02
1.625529783053233229e-02
1.521360987340681335e-02
1.472555476637222270e-02
1.391439902443793002e-02
1.607134839596214421e-02
1.815507478540046710e-02
1.357957833367634537e-02
1.516339670285049047e-02
1.218250180732216061e-02
1.624935149403895773e-02
1.518910201683289739e-02
1.582898317919020914e-02
1.553196042308810539e-02
1.198715233040452410e-02
9.345026370379611730e-03
1.291440815703444843e-02
1.439433721498200626e-02
1.360576230721515477e-02
1.417250722378682673e-02
1.431221661070304456e-02
1.548062928125086210e-02
1.368439141189375409e-02
1.476855138612621215e-02
1.236988464782880215e-02
1.438692073820304826e-02
1.444284242648572261e-02
1.462228030669977634e-02
1.487184802826457125e-02
1.359672435013561595e-02
1.744074675638086769e-02
1.428621835030487869e-02
1.411469290031583217e-02
1.419611252327918939e-02
1.493870790105080761e-02
1.301817236085848345e-02
1.139247200540254371e-02
1.671766062861048188e-02
1.363263691738584270e-02
1.794711286472220474e-02
1.450443069820100787e-02
1.729523693937400422e-02
1.288682327729822122e-02
1.374864166779614892e-02
1.518136029251733639e-02
1.687793468338684433e-02
1.475581372692451841e-02
1.513730092887561468e-02
1.741905138731616315e-02
1.348101827325022539e-02
1.622244582613411798e-02
1.565392375625376462e-02
1.057170860609555653e-02
1.233988973283711363e-02
1.746669046022233593e-02
1.607662960323813159e-02
1.301408704692886414e-02
1.488689753069325807e-02
1.224720986629300630e-02
1.313939008832075081e-02
1.027389901653771517e-02
1.225350283277512956e-02
1.870137751158838443e-02
1.343537633728560457e-02
1.444800720345667394e-02
1.747481549981626248e-02
1.684235296693822187e-02
1.247616971412309275e-02
1.499246993983695611e-02
1.616611352687410963e-02
1.606023788965378271e-02
1.447029521167391038e-02
1.502472705003119260e-02
1.350937911026937020e-02
1.341052739067594667e-02
1.632499351657548670e-02
1.122357710238383426e-02
1.248339842935723872e-02
1.628823880582617317e-02
1.560539366111599220e-02
1.484138062379828683e-02
1.179988108408451877e-02
1.527913623258881151e-02
1.363175223283876435e-02
1.457732263153088681e-02
1.790583062099120396e-02
1.376713784605816844e-02
1.304061012510732316e-02
1.211800216767868615e-02
1.464785747398569468e-02
1.629438028417638448e-02
1.441730565658619692e-02
1.310474866791225095e-02
1.258429296843848258e-02
1.251583062934762645e-02
1.313511466536116876e-02
1.174549060797579203e-02
1.453844006224579849e-02
1.303117702803508436e-02
1.189149175918347706e-02
1.375140165298300611e-02
1.488664017118367967e-02
1.471608584241502864e-02
1.381187055031831389e-02
1.410267375203852307e-02
1.256394956328438749e-02
1.573731158846672362e-02
1.513718641720827006e-02
1.584195487419558929e-02
1.367591180052473744e-02
1.431707610338611020e-02
1.367066157468944422e-02
1.443277725266524023e-02
1.340772202644587539e-02
1.115184623713297990e-02
1.174385843601251714e-02
1.454415375462122899e-02
1.398664333246723082e-02
1.659390603633276867e-02
1.675529922153600956e-02
1.519063174942011235e-02
1.331006142961678462e-02
1.765975516130387918e-02
1.325524910315560578e-02
1.487500513205881197e-02
1.675115195213355487e-02
1.503920282566061951e-02
1.680766518624004710e-02
1.500533114616551048e-02
1.256861508608485799e-02
1.520824369975301571e-02
1.497402816002382613e-02
1.481722933760640411e-02
1.063153419534769439e-02
1.808835849508546451e-02
1.534654162772336981e-02
1.252665281967875813e-02
1.258780283420306116e-02
1.319222786501875189e-02
1.232788455514537661e-02
1.133032234570025346e-02
1.049582371672973420e-02
1.551654935067107478e-02
1.435613750038277313e-02
1.504888554122780185e-02
1.505624641429283671e-02
1.314978031108482957e-02
1.547432073126717850e-02
1.375016477469819150e-02
1.453067466758712137e-02
1.704720297893880937e-02
1.341821786175155518e-02
1.269444382507753898e-02
1.454465866677120099e-02
1.268459702436085593e-02
1.488844722627703961e-02
1.400720625126872232e-02
1.154424802136041865e-02
1.586562067019871985e-02
1.469364050802292147e-02
1.652368050504764152e-02
1.130582168394667596e-02
1.365218756290936981e-02
1.575819578988506622e-02
1.227415219622124409e-02
1.052607134724993510e-02
1.254962540122791202e-02
1.387660331669232638e-02
1.442270354538289188e-02
1.560064251508261335e-02
1.512602907911863789e-02
1.288013392422312359e-02
1.392418521511381256e-02
1.300748224236919146e-02
1.605103183778534143e-02
1.204617633815315177e-02
1.712557183504239550e-02
1.441768525088711790e-02
1.360267621101033352e-02
1.378939188846560644e-02
1.374104900026692534e-02
1.247936284261956519e-02
1.605949708688702432e-02
1.223998030163548321e-02
1.421492094601896003e-02
1.454987195142298968e-02
1.209468983744704101e-02
1.456502645704667136e-02
1.274187959073135555e-02
1.098860337253133347e-02
1.552774734625374416e-02
1.718054664934789630e-02
1.456060703185317086e-02
1.165522143906898463e-02
1.269620863089110201e-02
1.106187410937796954e-02
1.429783128019779768e-02
1.447657772470006647e-02
1.440591736853867426e-02
1.333293347155610140e-02
1.424559134541961668e-02
1.306864062396951957e-02
1.442131686892237849e-02
1.170785785259999962e-02
1.507359481522533781e-02
1.122887334088957731e-02
1.300216120648736533e-02
1.228665338986994170e-02
1.535644271820640894e-02
1.700432337845607725e-02
1.544189722431633070e-02
1.091779603951246666e-02
1.345925130153226117e-02
1.396221496246749863e-02
1.851246956273120900e-02
1.478675825861066467e-02
1.299423670141726210e-02
1.558219261127777137e-02
1.272898823561676059e-02
1.342491630782252816e-02
1.184319085488549049e-02
1.328026793360856730e-02
1.403815418808419466e-02
1.295083945992056562e-02
1.503111362422328810e-02
1.632313794343846769e-02
1.395586129309171579e-02
1.172264504770590028e-02
1.416268374155628569e-02
1.259353486406214299e-02
1.302791759977783674e-02
1.285653666373950260e-02
1.586366265981222629e-02
1.369348972487330861e-02
1.160905964470995526e-02
1.441767849600585766e-02
1.583748226970102535e-02
1.149384283938773010e-02
1.447765111826970243e-02
1.324218901867283207e-02
1.257708207412799872e-02
1.079861425081842657e-02
1.435136251815663858e-02
1.397257252134172407e-02
1.571558574515333900e-02
1.134740493183702438e-02
1.310659344248123713e-02
1.752317399371565096e-02
1.402605572537046069e-02
9.108235126033993254e-03
1.110790107929370864e-02
1.281217700854567557e-02
1.542196853620285586e-02
1.602965640721907767e-02
1.099969015506170773e-02
1.385863892253003452e-02
1.305893494611022783e-02
1.378739103544705802e-02
1.591014279160212624e-02
1.382218599917157086e-02
1.254198923321327500e-02
1.715258685060363358e-02
1.215717485187770876e-02
1.275528018999066981e-02
1.035153029471070837e-02
1.197883724997224515e-02
1.842557458672413120e-02
1.391428616897616953e-02
1.688807636819965666e-02
1.254848938619197718e-02
1.586528964610864692e-02
1.269320502730943850e-02
1.356866999634588448e-02
1.235582441222932842e-02
1.319634974694150996e-02
1.302816519866256163e-02
1.345386141104927200e-02
1.295884522681307015e-02
1.194960908236283176e-02
1.591630880343874663e-02
1.520885599912195213e-02
1.467839527284983854e-02
1.145507836665180142e-02
1.637944486701555999e-02
1.241839153951554767e-02
1.526833092491341852e-02
1.108177683805636714e-02
1.664722545426684450e-02
9.656301167538277469e-03
1.212178929210783879e-02
1.661789976527697568e-02
1.389320477276124663e-02
1.577044003518246473e-02
1.295164226938791061e-02
1.413328864548088308e-02
1.445010119660546273e-02
1.406818028009960454e-02
1.415819013432131034e-02
1.417179618471677179e-02
1.478461924168021288e-02
1.681354146128006752e-02
1.428099464113542945e-02
1.517000205905520704e-02
1.168493876134832181e-02
1.159295391789441979e-02
1.296569661162330460e-02
1.465139582671669445e-02
1.297577602591571712e-02
1.486434162746148695e-02
1.480287665640097651e-02
1.052229053437593598e-02
1.592441638409725774e-02
1.340734511284692385e-02
1.479754604608965289e-02
1.415676978983338059e-02
1.333954733017185361e-02
1.301715603194533721e-02
1.568749978331930930e-02
1.289650687773548007e-02
