1.722784897015356559e-02
1.723269680321743921e-02
1.722689394401255916e-02
1.720116327662499570e-02
1.719554404576795550e-02
1.721997712060640423e-02
1.723761002751394988e-02
1.718475596125811425e-02
1.721819106188382867e-02
1.722392865169442358e-02
1.724034188688843006e-02
1.727946233282172742e-02
1.725302721921513280e-02
1.724362499371493579e-02
1.724622771200037125e-02
1.721097746390154101e-02
1.723656663247324916e-02
1.722717901314108069e-02
1.718223026333073888e-02
1.718282685033070342e-02
1.720473902265203317e-02
1.724512396579903906e-02
1.720906882732564300e-02
1.721658238005509267e-02
1.718746334742965801e-02
1.722151267366491337e-02
1.724550126554481519e-02
1.726566800843499713e-02
1.729607069682544129e-02
1.719525499137476016e-02
1.721789415193892073e-02
1.727731909810335809e-02
1.725292684849802360e-02
1.722019790080499616e-02
1.723144451566324675e-02
1.719687301488812339e-02
1.718614169904109437e-02
1.719609846712588999e-02
1.720620142825091473e-02
1.715145941847783309e-02
1.723233394487774794e-02
1.718873660103163725e-02
1.722043388314036666e-02
1.723078611503294985e-02
1.717512253379456857e-02
1.720025002249772270e-02
1.718287363120033981e-02
1.715497724960647619e-02
1.720641551256454210e-02
1.721952092955255503e-02
1.720702904491484830e-02
1.716839062762261572e-02
1.722384806949811206e-02
1.718079790065091261e-02
1.722869903798554883e-02
1.715282632986407305e-02
1.722983695961386591e-02
1.719033148757719356e-02
1.722690854585650841e-02
1.721912555814370319e-02
1.717690649802415884e-02
1.714359007901455900e-02
1.721261118169141457e-02
1.721900610850093938e-02
1.718577341390023841e-02
1.713706170733426265e-02
1.717217376024580272e-02
1.713947442568067650e-02
1.718208929003114602e-02
1.714017105699163629e-02
1.715420790456545497e-02
1.720639474902376648e-02
1.716638428752688059e-02
1.717283221927263029e-02
1.720520107180077349e-02
1.719323804680691903e-02
1.715655051826655772e-02
1.715318460668016978e-02
1.715653519240959574e-02
1.714284387986407532e-02
1.714390750424399368e-02
1.717961002947892071e-02
1.712439654986753698e-02
1.714767905022088548e-02
1.715857752863516120e-02
1.712878710606706087e-02
1.714484766110963010e-02
1.711916213210026849e-02
1.714989645808105007e-02
1.704097858065511950e-02
1.715647895551173849e-02
1.713002255405073407e-02
1.710932912996398353e-02
1.710797337686838573e-02
1.708941013986123650e-02
1.709758122652307172e-02
1.715193220414826247e-02
1.711576039381558501e-02
1.711267577297918493e-02
1.710408146112510006e-02
1.711378849544213654e-02
1.712464644279299009e-02
1.710723476175641730e-02
1.709720986044125160e-02
1.707554182247268335e-02
1.708372572121959546e-02
1.709461007006504718e-02
1.707006222480744045e-02
1.708156951116239844e-02
1.708115744619990301e-02
1.705592148868304708e-02
1.709520302446277187e-02
1.710827150766413771e-02
1.701837032009799466e-02
1.704321668730588227e-02
1.708744325308783271e-02
1.704143924007744601e-02
1.703421404540485587e-02
1.705291625466107477e-02
1.706900115315292121e-02
1.708750068299526650e-02
1.706946326474395245e-02
1.704245397113727037e-02
1.700030682662184711e-02
1.698069102254444809e-02
1.705399469115682562e-02
1.701926500841207529e-02
1.701057963822688937e-02
1.701030028944281250e-02
1.702298553774965126e-02
1.693110333560579953e-02
1.697973839087722758e-02
1.697218854082467587e-02
1.697157053726312467e-02
1.696592375401891409e-02
1.699485878184588822e-02
1.694791224399177371e-02
1.695868188014874531e-02
1.691897037361740977e-02
1.694610594369914958e-02
1.699336786850925637e-02
1.702266902780694494e-02
1.690022301069924598e-02
1.692941431432436888e-02
1.691823145469125225e-02
1.682777423197298963e-02
1.693666144159891238e-02
1.690023778498547791e-02
1.692340808770572552e-02
1.688811659145272176e-02
1.687032033138778642e-02
1.686673852970095588e-02
1.689697737058850138e-02
1.689766847398944255e-02
1.685067849344618757e-02
1.686439383116020152e-02
1.683430070196257830e-02
1.681283274041849018e-02
1.681243955026329867e-02
1.685983145707382891e-02
1.678213959192426108e-02
1.678843299779081075e-02
1.678700912999437495e-02
1.679224595270381593e-02
1.674876375692560190e-02
1.676384049347027366e-02
1.672519095313313928e-02
1.672809960780205149e-02
1.672043846967291927e-02
1.674233110940351668e-02
1.670614470735787283e-02
1.669723800970050742e-02
1.672412809739552003e-02
1.669352546023211703e-02
1.667728708039810728e-02
1.668600655797475990e-02
1.668398305294106071e-02
1.669113471548069882e-02
1.666236328727891194e-02
1.667259639625665382e-02
1.665883511551985441e-02
1.661418196974087658e-02
1.662043754398367240e-02
1.659035697933848238e-02
1.664170785450122536e-02
1.660249965706181788e-02
1.654573380865625998e-02
1.650746290842341688e-02
1.652084997133056524e-02
1.659932856633631465e-02
1.651827370048842072e-02
1.656674841963992270e-02
1.648057730856022918e-02
1.652596909785591928e-02
1.651633649186365002e-02
1.654313651959798612e-02
1.650354589181573725e-02
1.645506094587393525e-02
1.645079118283996472e-02
1.643845246980511071e-02
1.644771341241196144e-02
1.638319405675683210e-02
1.641500355612740547e-02
1.635945072183966550e-02
1.639820690866679309e-02
1.638321462048271393e-02
1.639849038703273740e-02
1.636109458333348185e-02
1.638673254763592033e-02
1.632587070915408542e-02
1.635852406436913431e-02
1.630119279527455015e-02
1.633661909721393843e-02
1.625408544088663074e-02
1.623761650818503904e-02
1.629901985097428549e-02
1.631397524084944248e-02
1.622714062767229709e-02
1.623980244147892396e-02
1.623266660444334236e-02
1.622380855752258294e-02
1.622757835054534567e-02
1.616095330681506514e-02
1.616296316487549067e-02
1.619581365121128963e-02
1.614082867686012293e-02
1.619002010385403589e-02
1.610973291813320302e-02
1.616363289485677965e-02
1.616144077205164745e-02
1.613482945053339515e-02
1.614784714345642372e-02
1.604916621459144543e-02
1.612099276810590245e-02
1.607506848306809039e-02
1.601169625515698469e-02
1.609605508542668109e-02
1.604144308560433510e-02
1.603492667079801579e-02
1.600362486703985759e-02
1.601004775749509390e-02
1.600560026947054140e-02
1.600221188860639909e-02
1.602685127755183042e-02
1.600716891777098638e-02
1.598091869400822262e-02
1.598476605528793490e-02
1.588957835459686024e-02
1.593407021411016866e-02
1.596950234855021647e-02
1.590269472618684524e-02
1.587645394609031244e-02
1.587133463505568595e-02
1.582643008943766805e-02
1.587245207061223004e-02
1.590056192859195389e-02
1.575780024852007841e-02
1.586211802968108195e-02
1.584893104744479475e-02
1.576926533658332824e-02
1.579558952152530088e-02
1.577682277761457627e-02
1.576154751144874175e-02
1.584417820461837129e-02
1.572471548120345231e-02
1.572892354740563700e-02
1.573586420390784071e-02
1.568427491174218674e-02
1.567029993445510916e-02
1.566324746480297209e-02
1.567115326449110280e-02
1.568899917705386671e-02
1.563374264645647424e-02
1.569274124835048911e-02
1.560587343164319268e-02
1.564247092469115558e-02
1.563197525334274196e-02
1.559306487584845823e-02
1.554531162575026673e-02
1.563290410444769657e-02
1.554362757374869695e-02
1.555387477864278618e-02
1.554352519289743141e-02
1.549761812134076329e-02
1.555081896753599847e-02
1.552660729066884619e-02
1.551198569189885836e-02
1.549338381357131741e-02
1.547967286997954661e-02
1.550029791227134322e-02
1.555292794892599272e-02
1.550699068503819805e-02
1.546538878882366096e-02
1.545593544827633496e-02
1.544882083807074848e-02
1.542987920517046273e-02
1.544927637269491449e-02
1.540913994053388567e-02
1.545540618970974930e-02
1.533056289736771556e-02
1.538883369998753081e-02
1.547033593986217592e-02
1.540026015520918994e-02
1.541041644665763939e-02
1.536916990477216020e-02
1.540736922342012850e-02
1.523515507620200674e-02
1.530915422857911760e-02
1.526667817606148017e-02
1.528155309469072382e-02
1.531631607363928907e-02
1.527983913050751791e-02
1.533334874722333020e-02
1.520378524619486575e-02
1.530127301240929646e-02
1.523799463922251990e-02
1.523444850846689298e-02
1.518742588135535594e-02
1.520842820803124280e-02
1.519677718917886514e-02
1.520993170034027828e-02
1.521207222729126576e-02
1.518863666893218237e-02
1.513749036208901499e-02
1.507190064482296851e-02
1.521068244372025119e-02
1.518542688538056934e-02
1.507239270865763127e-02
1.512894155775319077e-02
1.513657026195671523e-02
1.505799413694173909e-02
1.516196766588426802e-02
1.508351923295135448e-02
1.509414934209925979e-02
1.507868266941834318e-02
1.511892673182987749e-02
1.506639450253216030e-02
1.499759038734768332e-02
1.495016635671946210e-02
1.504029441237690959e-02
1.505597262997218980e-02
1.493878789426350898e-02
1.505976967620205852e-02
1.494382462751635970e-02
1.493800896670677281e-02
1.501977487481609072e-02
1.495731122922688838e-02
1.501724240377775785e-02
1.494266718948203225e-02
1.498609717432400866e-02
1.491067736339480448e-02
1.493112777260779782e-02
1.488337236463938701e-02
1.490627896942856717e-02
1.485683028020089516e-02
1.481093875341484706e-02
1.488765998133069132e-02
1.486199251618896405e-02
1.483398293221525194e-02
1.488403925433887283e-02
1.487420503778709782e-02
1.490855385364956223e-02
1.485688897617310454e-02
1.480964140046776324e-02
1.482456092178682794e-02
1.487430075262426848e-02
1.480179039131368154e-02
1.477909869089450920e-02
1.466978418983665503e-02
1.479469759558298125e-02
1.473500451796307988e-02
1.471673498013622954e-02
1.475147801049703916e-02
1.471954715408143460e-02
1.473966303057598973e-02
1.468304575413236640e-02
1.463319120752249423e-02
1.471251576009872594e-02
1.476929980785552168e-02
1.468317114920725426e-02
1.469751259369380184e-02
1.466441653471923894e-02
1.468445824770531552e-02
1.468762474207536278e-02
1.472072511705864450e-02
1.462902332497112608e-02
1.455973353387432501e-02
1.462908207746537945e-02
1.458737218765261690e-02
1.456130794732954717e-02
1.465527938709966851e-02
1.458855133626548242e-02
1.457359675438662031e-02
1.465009064819378266e-02
1.456021929124479662e-02
1.450530977628354187e-02
1.459224907299633972e-02
1.455022287498287763e-02
1.458559985394193917e-02
1.447989650751028978e-02
1.454127538665558883e-02
1.451242158094691141e-02
1.455027649158090880e-02
1.447281694973263574e-02
1.456258333483895911e-02
1.450284159389283317e-02
1.448805029426539215e-02
1.456108295499778348e-02
1.448869673798799419e-02
1.451489485126313678e-02
1.448130214074198202e-02
1.456572113761748014e-02
1.449877053380446354e-02
1.439251087694791431e-02
1.448569108261219679e-02
1.437503980500530118e-02
1.445948490200125829e-02
1.446424707645132396e-02
1.438751084828489811e-02
1.450903744074509907e-02
1.439783680299887639e-02
1.439641094675256361e-02
1.437354698128242431e-02
1.439137976744631411e-02
1.437457108001752477e-02
1.436032155473284527e-02
1.442071665167869374e-02
1.437133278880546421e-02
1.441579171039670572e-02
1.442894690886914119e-02
1.435561703778905421e-02
1.422878836187847773e-02
1.429345915819387608e-02
1.434721591645820617e-02
1.434082741680235695e-02
1.428539475040504179e-02
1.436314690411686322e-02
1.425326194336529184e-02
1.436681222419762538e-02
1.436794592637709311e-02
1.426820543046135314e-02
1.432242343274102436e-02
1.425954513971401313e-02
1.423926665605984403e-02
1.427080996494014230e-02
1.427023401383741529e-02
1.430608767191413749e-02
1.422603930624354029e-02
1.427311277768594788e-02
1.419822541251089011e-02
1.427666340749596426e-02
1.421876485283639358e-02
1.422492447586853545e-02
1.426836800905077057e-02
1.426962408741799457e-02
1.423279836452337639e-02
1.422547242229993750e-02
1.426299043731523060e-02
1.418155376270281536e-02
1.422545364849835819e-02
1.424895091387940599e-02
1.408677379679841232e-02
1.415828826856207340e-02
1.427263720169125172e-02
1.418250502830943616e-02
1.414431814753061220e-02
1.414633270914908252e-02
1.414097152622150085e-02
1.422215037468167222e-02
1.424054197550772907e-02
1.411969812467305831e-02
1.415020600901620296e-02
1.417214299019804551e-02
1.408718326189129302e-02
1.423928401305765354e-02
1.421360183308736404e-02
1.404391742606348956e-02
1.410148615122473054e-02
1.407378368632411156e-02
1.409860205474245537e-02
1.412656273437086843e-02
1.412782451378284850e-02
1.405215721217917095e-02
1.403122332055807553e-02
1.409874869269659922e-02
1.413930043854328897e-02
1.403071052034541265e-02
1.403988967169450194e-02
1.413574793181493830e-02
1.408843051442837564e-02
1.400979372605271750e-02
1.408529886761591271e-02
1.414024874274120644e-02
1.399828670103397607e-02
1.396359649456382218e-02
1.401456321764600436e-02
1.406397140282690875e-02
1.402086091494039212e-02
1.404732544801943518e-02
1.399663591074284431e-02
1.398176134789454531e-02
1.389447457798490861e-02
1.395035800763753768e-02
1.407757998167886472e-02
1.408028928532759939e-02
1.398292047802719706e-02
1.401344471735666702e-02
1.402846746207152620e-02
1.395182990887816089e-02
1.398915721840014552e-02
1.397738230177259997e-02
1.395656417887637321e-02
1.401961568036950122e-02
1.402148143897002930e-02
1.391770909846722255e-02
1.408709495354261779e-02
1.405244816201302316e-02
1.387989735363192798e-02
1.398075593335226276e-02
1.397654953126856517e-02
1.390418698258797520e-02
1.395255992047664435e-02
1.385642069606279198e-02
1.391887698861239524e-02
1.386953741284857253e-02
1.391660360543392483e-02
1.393698049618502174e-02
1.387670890202394314e-02
1.386672003014647117e-02
1.388230012356931817e-02
1.393371746166269763e-02
1.391828057985877547e-02
1.386922926628564659e-02
1.383824078188511039e-02
1.385124156323101936e-02
1.384103234315822370e-02
1.394235243586871079e-02
1.381737893026686349e-02
1.385430673705870599e-02
1.387327370858938182e-02
1.388757923088432267e-02
1.395025293192751065e-02
1.378408970831390343e-02
1.389615914010147550e-02
1.391431991707655150e-02
1.383383066206188283e-02
1.397810945831877774e-02
1.390177769919756501e-02
1.395966409663848204e-02
1.384267935982932789e-02
1.381780263545541627e-02
1.388387568509903691e-02
1.395039139892682162e-02
1.383582818939408515e-02
1.382403984979506048e-02
1.388375832291156159e-02
1.384439010619952989e-02
1.387441136040483067e-02
1.389383010463376630e-02
1.379970645271309804e-02
1.390816862589390641e-02
1.385136531566313195e-02
1.390550558152627708e-02
1.391037834078196096e-02
1.389868396519514278e-02
1.374753009231545822e-02
1.368280145273240329e-02
1.390407312215797067e-02
1.382501199570088275e-02
1.381511997436448216e-02
1.384799484165645522e-02
1.377101304783208933e-02
1.377808451677489839e-02
1.368635669122625700e-02
1.388463082515642086e-02
1.375083512914430407e-02
1.372369176090288898e-02
1.379448679144873458e-02
1.373290720109641982e-02
1.376710414252179347e-02
1.377766176716030584e-02
1.378962653241660660e-02
1.379589759167634475e-02
1.368536750804034280e-02
1.379765337968302460e-02
1.376394408146185827e-02
1.373275716010168013e-02
1.378520449472276678e-02
1.381794609158545906e-02
1.383151007236824853e-02
1.384010323670133852e-02
1.376146035708584146e-02
1.376664753700972826e-02
1.367650159632341662e-02
1.372969856915345899e-02
1.374227057767208465e-02
1.370114378079174793e-02
1.378534987751536822e-02
1.368479758205527926e-02
1.371642588075624482e-02
1.371319526725367846e-02
1.374104065792409665e-02
1.369331678126931712e-02
1.375560841607084694e-02
1.379601247848073926e-02
1.373408876558674871e-02
1.379192599395329816e-02
1.378565588092170099e-02
1.373114509971024022e-02
1.370972546727036376e-02
1.372192419625311091e-02
1.369800819749885518e-02
1.372255289800324018e-02
1.367280352415435260e-02
1.365752528158864845e-02
1.363783242886302399e-02
1.378827191559022294e-02
1.362785142803786369e-02
1.386501902882716734e-02
1.370880375396271722e-02
1.371728860517545077e-02
1.369141128842377327e-02
1.374190137051553399e-02
1.369466550960878222e-02
1.360446940065712304e-02
1.365658238741663220e-02
1.366943678176876439e-02
1.372611572934500854e-02
1.366141192185721387e-02
1.375837985120502080e-02
1.372141095165910207e-02
1.371069391928188622e-02
1.365515173593750270e-02
1.363853841868386922e-02
1.378240615870017505e-02
1.358653484411677728e-02
1.372793561601325443e-02
1.369365806283035641e-02
1.357858484300549298e-02
1.373810400828419549e-02
1.367213988781756755e-02
1.358570667294736745e-02
1.362868656894515584e-02
1.365980871821902490e-02
1.367117613846032670e-02
1.358769466335481464e-02
1.362238635254346339e-02
1.369519877601899083e-02
1.368104811120321972e-02
1.370082201026924865e-02
1.362519250979951982e-02
1.367184507032612878e-02
1.368875595300328429e-02
1.355113374986031266e-02
1.369691399816544419e-02
1.362626990881943452e-02
1.365729319200782894e-02
1.362538559150988302e-02
1.353276476290042954e-02
1.364428117854669074e-02
1.362599019574280319e-02
1.358692465267441300e-02
1.358061583435536852e-02
1.354186476826562541e-02
1.364612902236080581e-02
1.354885218091285079e-02
1.359187955916865698e-02
1.352599503638145934e-02
1.358525651501281233e-02
1.356223037959391683e-02
1.360674955159172847e-02
1.357814874794750250e-02
1.350558072854889276e-02
1.364880525142773103e-02
1.352038831960683876e-02
1.354086128128338326e-02
1.360896973597771134e-02
1.351893342300916102e-02
1.364724773376603181e-02
1.362570320269256355e-02
1.349945227808178709e-02
1.349447920580095113e-02
1.350928243488606559e-02
1.357760848868504178e-02
1.354905676038332431e-02
1.354208422388443467e-02
1.341969978088946615e-02
1.362107573501547715e-02
1.350777602367621809e-02
1.353009626199618357e-02
1.360292806350092698e-02
1.349533070462378623e-02
1.355351383822820700e-02
1.360111520200851451e-02
1.348976439642138488e-02
1.344883155244911213e-02
1.352660882520343930e-02
1.347690305258985796e-02
1.348139575774015553e-02
1.350936806557598291e-02
1.357498150041194090e-02
1.354553137866647793e-02
1.358348823014801296e-02
1.347557317699244785e-02
1.347042840430278873e-02
1.353969579801660335e-02
1.357014326074885632e-02
1.345423432074508568e-02
1.346738218632722792e-02
1.349717143402275749e-02
1.360949569657338674e-02
1.348184462053889782e-02
1.351485283862501052e-02
1.349838989703710905e-02
1.345566406959721947e-02
1.349780015274290416e-02
1.344892114898054575e-02
1.340829006751551727e-02
1.345003290029093621e-02
1.341892496855710999e-02
1.348743645792279192e-02
1.348037268505337082e-02
1.349356081111463025e-02
1.357989298042498391e-02
1.337965531218151746e-02
1.346823932568192057e-02
1.352187340549964450e-02
1.349125859933278035e-02
1.354419077711844707e-02
1.349934191698792287e-02
1.342145414708638233e-02
1.345420756481481919e-02
1.350568105059786819e-02
1.348198041652473936e-02
1.338021585242189782e-02
1.352066413962473013e-02
1.338163472878526640e-02
1.342362562096657483e-02
1.331269627136848210e-02
1.352224962811857632e-02
1.334980763425612157e-02
1.341688246681793824e-02
1.340326676718666885e-02
1.343249509149001958e-02
1.334221793771860759e-02
1.351169101567136280e-02
1.346314516755684094e-02
1.342698497494479275e-02
1.336608670461281699e-02
1.350899791883975951e-02
1.340726598341416761e-02
1.334425539185646152e-02
1.330755149081825142e-02
1.338361407370775372e-02
1.347148750047297804e-02
1.343069984825560892e-02
1.334937027646368457e-02
1.337994805352176950e-02
1.335452734968392216e-02
1.340556682870485544e-02
1.338896372179981115e-02
1.346691214275188946e-02
1.336220179242446869e-02
1.337994014483487662e-02
1.331423585635937989e-02
1.336566758688211877e-02
1.348656563800447808e-02
1.347933397961854213e-02
1.331970867753689766e-02
1.328014263778405299e-02
1.335534092932907230e-02
1.337312079434302761e-02
1.340983378162676279e-02
1.339643243143248501e-02
1.340578874767637228e-02
1.332695723275863393e-02
1.339154110434533432e-02
1.340208728582253060e-02
1.335368247147698285e-02
1.327717661272375879e-02
1.341708823714920021e-02
1.333978812309719736e-02
1.338696914208383978e-02
1.329540788643249552e-02
1.328331919975902532e-02
1.337552811871694711e-02
1.328166932567255779e-02
1.330872098095896294e-02
1.320636401607534587e-02
1.328880813619810405e-02
1.327358885949905809e-02
1.333986526845063782e-02
1.332671439657702982e-02
1.327939687491004779e-02
1.326166717224615613e-02
1.306617922757221870e-02
1.322813688249612277e-02
1.342811340828963321e-02
1.332354569629979821e-02
1.322353222333892513e-02
1.326290364766231911e-02
