2.586348644564100477e-03
1.554742085703902975e-03
7.914141799043551348e-04
1.538149241197304040e-03
2.177243229724371183e-03
1.073007000899779337e-03
1.989608643589913916e-03
3.568928661632258387e-03
5.216331418417535261e-03
3.053713721628410673e-03
2.421372299007864669e-03
2.780304392023591475e-03
3.436742618854593447e-03
3.547660412148009087e-03
3.337827984217788674e-03
2.110845800226534858e-03
6.270270779242829648e-03
2.037756136092096302e-03
5.023109059856156917e-03
4.978656585939295921e-03
3.053406756935631624e-03
8.908206572343382867e-03
6.466782464653876919e-03
3.900206302127184627e-03
4.547542356071118674e-03
3.514347840818440611e-03
3.932693900569851457e-03
4.197399072108067009e-03
2.220586685209153394e-03
3.958376253857318408e-03
4.784439748653084544e-03
3.105253560594020083e-03
3.493746697517094262e-03
5.075438022137794027e-03
4.416989141822115321e-03
3.205336712298288964e-03
3.587173000213977631e-03
5.046294686876969145e-03
4.463404782182897254e-03
3.772255866288713906e-03
4.273892809944918048e-03
3.783860084503497517e-03
4.796325515123643982e-03
3.861800685694911309e-03
2.413774163291525308e-03
4.424017482620150148e-03
5.524119319231384460e-03
5.535461492768573542e-03
5.734153572771912878e-03
4.666663280838766886e-03
8.824479829976696402e-03
6.225387209450989300e-03
4.895514654422566600e-03
5.442187008003921550e-03
4.736620153064819913e-03
2.451263325982029530e-03
3.589878922247872594e-03
4.442719278504168000e-03
3.016992799284749088e-03
4.162452041546776081e-03
3.452827150195418929e-03
3.019743363036426088e-03
2.374537809569044530e-03
2.572836866254987233e-03
3.674655144820257111e-03
4.900577411705322323e-03
5.232951873635594865e-03
4.046238491260054949e-03
3.661516458496545060e-03
3.419467670883022566e-03
5.609387740554193022e-03
4.665504168575110473e-03
5.756355066584849071e-03
3.302020688607420346e-03
3.647962066519013641e-03
4.590850694411543510e-03
5.214851380948037386e-03
3.728309775963801424e-03
4.737807098143975715e-03
3.008354497139195238e-03
2.710706797310936250e-03
3.768891034240088537e-03
3.193267967775595840e-03
5.314261084195217449e-03
2.873074964052897608e-03
3.755146537315317678e-03
3.622281867811672114e-03
3.398716582950824742e-03
3.679093134266091768e-03
2.170416574335183677e-03
2.405738337299473222e-03
2.987319854260556389e-03
2.021118042311535919e-03
1.595512727964110969e-03
3.100112412576243055e-03
2.920521817467807996e-03
4.928297873267604816e-03
3.885117813029585494e-03
3.307208638491880310e-03
2.658206504558819402e-03
1.903004189983289757e-03
5.085534362453214205e-03
2.481027822195122547e-03
2.584696535744653977e-03
2.871236771073430033e-03
4.892023972445484932e-03
3.019532214800769738e-03
4.021355431917593599e-03
3.372969980757156445e-03
2.592845510737689426e-03
1.781974773862852459e-03
1.841776916729135575e-03
4.212185438771691090e-03
4.030782920298296886e-03
2.900155633881746752e-03
2.311145200601251014e-03
1.851969818422504648e-03
2.265806644562648464e-03
2.572624314242317415e-03
3.218943692286918914e-03
2.967903124917321746e-03
1.890665515176370238e-03
1.893075804329225975e-03
3.244891325456478355e-03
1.743649324924961396e-03
3.175781293862027510e-03
3.222088400423990528e-03
2.603661826539190559e-03
2.143317441540908922e-03
3.232333298233265335e-03
2.439860659452974291e-03
3.057341832607998917e-03
2.599351780450541612e-03
2.474879650036967537e-03
3.064785992172930178e-03
2.100704260735932957e-03
2.546039605793060621e-03
1.419093173165550652e-03
3.077558583995195721e-03
3.041543158450908495e-03
2.865850499573393152e-03
1.698365256368990347e-03
9.944998171019371440e-04
2.213900646325236369e-03
1.810872224155269479e-03
1.841612309418006257e-03
1.223195734398128736e-03
2.124003787740384817e-03
4.121655532266101964e-03
2.296250410901369467e-03
1.548527953173137487e-03
1.901070463484833993e-03
3.403754774976417829e-03
2.325847629583531820e-03
2.546731776320737290e-03
2.710541552626739414e-03
1.786386812542450258e-03
2.227860343991722603e-03
2.397906441083856501e-03
2.476882489533897922e-03
1.407098877194839842e-03
3.805860182523944629e-03
1.198582380934190127e-03
2.060921802668802798e-03
1.811867100847579628e-03
3.569410485657242577e-03
2.607053469452866139e-03
1.816948840365506870e-03
1.489414483173342151e-03
3.545649218051765989e-03
9.164513122951083775e-04
1.744662265350041324e-03
3.875603221486879219e-03
3.000479536243426740e-03
2.635511095332516290e-03
2.014518893551664382e-03
1.754755472172944177e-03
1.987516647491701684e-03
1.894393394178358215e-03
2.721217199754183847e-03
2.766765871351072048e-03
1.627074990653729026e-03
3.226890991640496767e-03
3.359046804691857499e-03
2.667804009960467529e-03
2.868228028557860947e-03
2.646887283341731265e-03
1.521356894005808586e-03
2.818512005831956893e-03
2.392369960373745465e-03
1.764331242898952530e-03
1.528440819475447186e-03
1.605354126578747509e-03
2.268127236321138430e-03
2.656397164302598882e-03
2.441883722566362807e-03
2.624828903802700706e-03
2.542956467061639227e-03
1.393104025820852011e-03
2.732076570879609159e-03
1.726398981598732934e-03
3.386486143089986658e-03
2.693471920769770558e-03
2.012687801872520190e-03
3.533890616512644790e-03
2.887926457544907205e-03
1.113400692283206305e-03
1.917195509715259594e-03
2.322690367674733625e-03
1.499735831545101310e-03
1.840085842047136429e-03
1.429462501111386161e-03
1.843026311932345618e-03
2.225956146203770299e-03
1.380620862647476176e-03
2.475606380815843256e-03
2.347029711031586949e-03
1.198809790781868488e-03
1.099242004300592709e-03
2.405660662386875821e-03
1.416037696954724600e-03
2.560089046747757776e-03
3.362157803173861786e-03
9.302797986453431112e-04
1.944240579736183612e-03
2.966316131965671555e-03
1.332354305291184263e-03
3.213491847400562224e-03
2.407442594501885309e-03
1.741688039828398092e-03
2.873506489497387566e-03
3.026450280419795431e-03
2.293780939853530976e-03
1.452902736868492278e-03
2.033796472846387086e-03
2.266567005659156017e-03
3.055578566948010007e-03
8.980536851832550795e-04
3.519964318399445690e-03
3.129471308126506503e-03
1.779893043937689698e-03
2.020357172685941036e-03
9.290825324946461617e-04
1.708712966707954389e-03
2.808741193152641466e-03
1.901483767057710354e-03
1.666939238276970514e-03
2.316115929446661229e-03
1.879072786670795206e-03
2.167020492591481464e-03
1.963572116656318086e-03
2.494581287886312500e-03
1.236457388942026206e-03
1.634625040618742755e-03
1.355519977551439660e-03
1.857743908081617738e-03
1.402327938759914726e-03
1.513392384047745551e-03
2.461641676338965825e-03
2.760838466405190345e-03
1.709632228104268539e-03
1.710219812902907116e-03
2.828561994591506645e-03
1.743240457445901538e-03
3.598180473583563292e-03
2.906526679610395725e-03
2.281964097851591454e-03
3.608870303225844524e-04
2.758907156649800883e-03
1.659383828177016067e-03
2.306713058567723320e-03
1.787100849770724290e-03
1.863913495633125281e-03
6.163000803369002908e-04
1.283796320781052137e-03
1.840530233814430218e-03
1.556521023713072684e-03
2.639566682331367931e-03
1.810703604643281069e-03
1.986997217338959225e-03
1.433382627548966974e-03
8.852843035389660600e-04
1.271532847675776925e-03
1.839950475887240774e-03
1.525458385924702721e-03
1.197295418085819133e-03
1.105585565157299940e-03
1.217038442439357651e-03
1.431624012433522141e-03
2.127838753522160852e-03
9.472605496427909241e-04
1.719726607063163824e-03
9.417442051449669872e-04
9.578275932893033900e-04
1.532101733089756123e-03
8.040799658075664874e-04
1.985947195607080072e-03
1.166679088295808926e-03
1.520722889198404971e-03
2.250937801439347775e-03
1.001667375667809716e-03
1.580364422476726247e-03
1.217870734760523495e-03
1.653211003066702841e-03
7.092454109600871987e-04
1.980649283467499164e-03
2.457641751295174936e-03
4.270086483491625402e-04
9.816772423968337519e-04
2.900674270209770145e-03
8.189142722572222057e-04
1.744204116120328914e-03
3.346032272792262823e-03
2.095729479068286077e-03
2.360519538745613384e-03
1.340744589278046765e-03
2.225674003104226480e-03
1.860939814984658791e-03
2.621475269581193153e-03
1.344704856254431893e-03
1.920881653806210928e-03
2.014798177248166601e-03
1.505508644120840886e-03
1.602613459307867475e-03
2.082326278105262139e-03
2.321081232419318612e-03
2.670970030388916585e-03
8.262094990706839257e-04
1.970752259806439043e-03
1.808649886513584611e-03
2.475189463662665155e-03
2.678088696730006931e-03
1.581836329334361090e-03
1.328145246972785732e-03
5.683489661158624279e-04
2.259941518356555715e-03
1.771364395573847865e-03
3.002494355266351576e-03
4.690433992222495935e-03
3.165341034091000323e-03
1.772840209584231183e-03
6.776126372754676021e-04
1.149415130995498939e-03
8.747135081932655171e-04
2.386199138259180452e-03
2.566364646077849438e-03
3.225555074948893187e-03
1.985242086829059043e-03
2.383749380907999264e-03
1.867532624941160325e-03
2.802735190402488256e-03
1.185567202883191585e-03
1.131704028707541639e-03
2.110144152490876692e-03
2.086528849602242112e-03
1.845494930190410198e-03
1.137036905226607988e-03
1.615633073508588105e-03
8.840643222768242030e-04
2.368354935955087337e-03
9.812806030746231822e-04
1.842029850847755551e-03
2.424042977539325478e-03
1.800940144341776602e-03
1.649561828121396670e-03
1.065053641329276194e-03
1.282413681379493669e-03
8.236644850822440059e-04
1.468403304104234485e-03
1.375998524319225862e-03
1.200919971789543529e-03
1.187249233034284174e-03
1.904288494115620022e-03
9.366431481618390500e-04
2.380832099016618516e-03
2.058971210678087107e-03
1.535181338451918880e-03
1.973947774606721415e-03
1.279294139672102490e-03
1.153401997130797932e-03
7.935559784148425678e-04
1.834404695229112760e-03
1.662416366875551967e-03
2.014707119182300010e-03
1.352018056704901161e-03
2.738524320285708972e-03
2.523485693671202301e-03
1.303310772431382977e-03
1.294791654012117409e-04
2.304599769269187904e-03
1.357994870471365733e-03
2.504382230471325493e-03
1.850240908955314836e-03
2.454023170928757748e-03
1.174194024148294407e-03
2.815336527177329448e-03
8.365897387750555582e-04
1.536276795536741565e-03
1.728117208170400773e-03
1.074777101324258513e-03
2.323643503903212795e-03
1.692719772570039274e-03
2.417190385262266150e-03
9.720297054942253360e-04
3.052365784048439480e-03
1.842558643125021120e-03
1.615497354533210542e-03
2.008491833120462644e-03
3.149667043144436466e-03
1.821236445113426751e-03
1.967706074198842005e-03
1.510375995064512991e-03
9.557773264094486174e-04
1.598178097027421049e-03
2.023330164763637463e-03
1.550126429337676066e-03
1.479966317670781918e-03
1.440171906906414839e-03
1.929651538557311270e-03
2.298651520527122353e-03
1.832505929027475073e-03
1.563011755126401080e-03
1.608051689396750288e-03
3.066328160913141861e-03
2.950094192792821531e-03
2.623631660432032379e-03
5.318145117973637403e-04
1.992459400234831632e-03
1.910748360992561888e-03
2.371697222419650707e-03
1.472984139846995628e-03
1.909238966951903264e-03
1.443897346400533667e-03
1.694645546378290750e-03
2.198804738782911532e-03
1.370206131072917609e-03
1.595169027374491360e-03
2.245312295014064135e-03
2.112070853165995930e-03
1.915854827183277858e-03
8.334612683708801737e-04
1.409857490684220073e-03
1.730041447134032144e-03
3.017170804022016508e-03
2.565545482967392446e-03
2.502919784035126469e-03
2.119270931015053167e-03
8.450549833338748609e-04
2.354098415061861398e-03
2.219335200681686344e-03
1.251023144335854228e-03
9.967804406820985133e-04
1.501432332199272458e-03
1.298728979366740996e-03
1.529185017104499203e-03
1.413662267280021024e-03
2.390164716289138423e-03
1.367178799140606697e-03
1.417714889167890398e-03
6.553980725195673526e-04
1.504281456841095443e-03
2.503140171907819195e-03
1.387628190423959495e-03
1.185504814476563001e-03
4.652933321441725389e-03
2.433797724518353429e-03
2.517956410188963105e-03
1.859199429757416901e-03
2.019576837013002668e-03
2.123541293805995649e-03
6.518105418199198310e-04
1.576049109968833892e-03
2.643110159579021168e-03
2.014627773619022313e-03
2.260098924177553811e-03
1.060827708192043717e-03
1.531366863476435036e-03
1.640884811785182917e-03
2.505155124218243559e-03
1.817195160046544125e-03
2.571755802221194643e-03
1.593775584712194210e-03
2.554559532508294054e-03
1.698845133147580243e-03
1.367109845972673456e-03
1.247483685551856571e-03
1.641721297986985847e-03
1.630069708965166354e-03
1.719468230696342059e-03
1.656715309348252103e-03
3.788096505024708162e-03
1.117083107659329203e-03
1.867068723933433755e-03
2.119910114556615519e-03
1.274780762905121986e-03
1.560271495810335723e-03
2.514180104017218857e-03
8.428593410656296794e-04
2.528631076920197143e-03
2.935005654101363864e-03
2.169455192482658105e-03
1.586271137182428820e-03
1.910200725334154420e-03
1.625638990184005098e-03
8.824754459790708086e-04
2.332317911456902124e-03
2.226760081226399242e-03
2.466919436999338335e-03
1.969662137617525944e-03
1.678350310777764962e-03
2.381549338509577306e-03
1.426451478265108094e-03
2.650181855932775329e-03
2.476044022226609603e-03
2.679984152432061603e-03
2.256305051768725707e-03
2.018283615539037332e-03
1.965308283673071390e-03
1.812221607740154353e-03
1.328260675928825876e-03
2.385864610582759393e-03
1.870082410959556657e-03
1.913094505874092348e-03
1.885250353985575434e-03
5.401621029483684271e-04
1.827436688003194554e-03
1.480367530215183618e-03
1.622171589412224699e-03
2.187418598461256681e-03
1.624788196982206862e-03
1.448535650390652069e-03
2.702110020525149477e-03
2.652093001640071224e-03
1.824005900815762549e-03
1.060287662836205229e-03
9.097908419025425289e-04
3.098262630717594102e-03
1.512603339012136240e-03
6.237861761778201427e-04
1.710503475226938901e-03
1.338520799575468063e-03
1.825471613900102579e-03
2.095846283540011082e-03
1.066332696646324959e-03
3.160196318113483571e-03
1.127831220126751174e-03
1.644375598327676687e-03
2.461662204112726599e-03
3.115587724055434056e-03
1.865600419106039397e-03
2.861780924270748011e-03
1.659490481895479694e-03
1.634574560590310466e-03
1.187705287227168970e-03
8.090393403516518136e-04
2.924867535351005979e-03
7.175818697820919578e-04
1.326897388552817150e-03
3.194413337015390968e-03
1.879602342555378343e-03
2.339935287110562340e-03
3.053967717320054797e-03
3.149495837333126866e-03
2.671816553299190787e-03
1.970629512462409097e-03
1.388729482667924947e-03
1.414152425944674614e-03
2.497821320591472535e-03
2.075548448861759803e-03
2.385870126060307597e-03
1.094748683858450759e-03
2.211564680156513207e-03
1.412523696764334544e-03
3.410956264099547497e-03
1.910445288482090628e-03
1.793686189207278165e-03
2.738584004952445208e-03
3.495694675025111473e-03
2.224115328076218569e-03
1.320517491399691773e-03
3.921738148515885487e-03
1.420631436500946173e-03
2.521987147133684850e-03
2.781211108706768426e-03
2.372350804707947479e-03
1.861185997390823153e-03
1.575856296312690358e-03
1.691436956452894904e-03
1.801504282464741480e-03
3.356796320702847957e-03
1.423283495553934923e-03
1.131923486862362882e-03
2.179785291987792941e-03
2.681440694968587665e-03
1.113224527007049443e-03
1.734118793473992661e-03
1.513618865963658848e-03
1.384684819412319422e-03
2.433514929247993560e-03
1.497296778900444100e-03
8.157418843687333368e-04
1.354144696298405053e-03
1.275430212029075644e-03
1.251190464300419190e-03
3.473290610205210984e-03
2.165075615904244084e-03
3.376134661828230493e-03
2.696067875698887010e-03
1.525354289051684747e-03
2.367858858811273427e-03
1.583673216715827860e-03
1.189547005796762593e-03
2.748425509701652499e-03
2.197871362825549232e-03
1.224511443998776289e-03
2.827459081632809502e-03
1.669622286539919993e-03
2.922997838203777315e-03
1.440605325302623130e-03
3.488046354703617461e-03
2.297580360124522672e-03
3.540209622243064690e-03
1.846957208702234947e-03
1.455757884327472376e-03
1.692681144930974907e-03
1.012836092466380287e-03
2.730597818848138139e-03
1.979589160019775990e-03
2.167006081249206982e-03
2.146252510647423620e-03
1.635606846321837216e-03
1.260620395859870548e-03
1.304770341480032203e-03
2.612380145032846060e-03
8.159313951068044701e-04
2.482237241849163945e-03
7.874436921557992309e-04
1.782611927680725775e-03
8.814820369341927388e-04
2.065352340082920058e-03
2.186090121087717452e-03
1.367443841251586058e-03
1.213133558774684862e-03
1.287157594251473695e-03
2.047949134444576862e-03
2.500778998459285678e-03
1.617743964794434060e-03
2.997239898713285281e-03
1.208967705437231010e-03
2.654584889333846780e-03
2.934727049208132616e-03
5.935830398244579253e-04
1.478220492553212551e-03
1.424702851184937768e-03
2.174425052257900927e-03
2.762159051579394110e-03
1.388302327926600917e-03
1.588232112167033659e-03
5.737993764523178315e-04
1.792678030182885511e-03
1.850424799107572901e-03
2.192242988830405640e-03
1.230105675061263833e-03
2.554494176198403126e-03
1.126573752354160596e-03
1.823042943037496161e-03
2.015405411442500790e-03
1.274414186167406550e-03
2.862665152395096023e-03
2.355033722854802791e-03
2.270093575458511509e-03
1.068046791999262409e-03
7.710218700285533140e-04
2.311922725355720475e-03
1.944939280241106058e-03
2.323621723423814883e-03
1.362077231227339308e-03
6.858264918548506337e-04
4.268009689341086942e-04
1.701068752189194202e-03
1.981608019839928465e-03
1.905337307989966649e-03
1.618799689890982208e-03
2.261476733023773302e-03
1.773541993471673423e-03
2.539370982200988072e-03
1.984370349599388558e-03
1.534626230915437468e-03
2.687388597286177738e-03
1.655175991804407965e-03
2.036797738806590905e-03
1.326679961275736407e-03
6.145252073188258325e-04
2.770226505433195496e-03
2.312054293843780056e-03
2.248014130181665796e-03
1.146477955767414344e-03
1.066611052446851844e-03
1.763414580885669034e-03
1.943791790105818063e-03
1.752961113137174688e-03
1.248409843958524614e-03
9.681174601585171942e-04
3.427241642816213595e-03
2.434795551248889866e-03
2.938779838753417719e-03
1.313747575596658102e-03
2.533029457193044284e-03
2.140444405470641465e-03
2.300264337853001433e-03
1.397697196623345255e-03
1.048078080150344074e-03
6.512323328416421211e-04
1.539347878282665933e-03
1.372269054055672011e-03
2.252668629563112784e-03
1.995807837726530556e-03
1.311027591486345562e-03
1.244116329771735715e-03
6.320953133995134247e-04
2.208125901388241410e-03
1.929294912531495263e-03
1.069827211215790275e-03
1.915054884936333432e-03
1.571698408373373807e-03
1.896339441712058997e-03
1.773647771442753152e-03
3.227330216751532130e-03
9.124996449058771740e-04
2.129202464604287078e-03
1.944146444548249669e-03
1.751098131738192598e-03
1.817392074480175422e-03
1.829409830426709542e-03
1.930204888589717250e-03
1.144953342329524957e-03
1.700772616817567426e-03
3.618058199050483079e-03
1.015536921158591071e-03
1.827901961756261268e-03
1.482083289876498381e-03
2.552939456131566275e-03
2.329000848079052204e-03
9.585043495692176447e-04
1.339665216343786285e-03
6.198590754686454955e-04
1.611314338445721727e-03
1.315536422393444836e-03
2.058828157072858153e-03
1.222690660103238364e-03
8.688728864130177733e-04
1.505927373823232138e-03
1.140682036745967014e-03
1.850407285924565801e-03
1.163420663365213751e-03
1.853391225362320842e-03
1.585540333376851165e-03
3.374527985076773619e-03
2.132010227813849104e-03
1.632138668223681024e-03
1.629830379720742560e-03
2.518308289954337368e-03
7.471318805208771851e-04
2.530789180274611513e-03
1.026848062719753997e-03
1.462475979042597183e-03
2.015796860717588169e-03
1.455933693218637841e-03
2.238251118316571513e-03
2.852909129928999244e-03
1.297934090110830409e-03
1.252074069189662619e-03
2.113314764819988843e-03
7.491285039783313450e-04
1.795947662448715018e-03
2.230458540443694404e-03
3.029037339717852856e-03
2.892903446187910024e-03
2.723074226575329052e-03
1.608092598201451033e-03
1.621012800682933384e-03
2.274349221358861525e-03
2.478519978850762806e-03
2.523585411365961324e-03
1.583912045839072375e-03
1.754259909167814368e-03
1.124246730485807446e-03
9.535026182640130715e-04
2.094008390105298826e-03
1.944382491547908204e-03
1.271403033786855635e-03
1.102736093311739839e-03
2.393619653909703337e-03
3.148197042272329015e-03
1.094232701424910012e-03
1.418329547624279765e-03
3.539395859326657876e-03
1.202027843735963301e-03
2.650305936462257067e-03
2.218193968001343393e-03
1.715189060203270530e-03
