5.075537866482950078e-02
5.091980389616697356e-02
5.074169183687633755e-02
4.989745769656194624e-02
4.887438007417672231e-02
4.894273961212439183e-02
4.951707107913522199e-02
4.866355556417244210e-02
4.801558997803174328e-02
4.755940620924496709e-02
4.779216302280499262e-02
4.813858744496391645e-02
4.655306813020328865e-02
4.715510037386659581e-02
4.681197838754103113e-02
4.625798006569370457e-02
4.531951571157323555e-02
4.505999422341695065e-02
4.469496544329215615e-02
4.499697676718331790e-02
4.423948848434456488e-02
4.421089764710356418e-02
4.305939251772621795e-02
4.279996071763013388e-02
4.244541501677481787e-02
4.210792100016807343e-02
4.171793219850188777e-02
4.168111361710055696e-02
4.065579203753197368e-02
4.102454331477110860e-02
4.036712613196741239e-02
4.061251747445791122e-02
3.922055406755798473e-02
3.904708661617768695e-02
3.813960899648507347e-02
3.825021279138772490e-02
3.827898406220676258e-02
3.754278133521883609e-02
3.636984186802622032e-02
3.664103203751337134e-02
3.615636353063118175e-02
3.544714919080601406e-02
3.544540936263727848e-02
3.514621579984120170e-02
3.396506392976178512e-02
3.419548429987865484e-02
3.329022459860535993e-02
3.303924177354807673e-02
3.260066715817162841e-02
3.183789587639483665e-02
3.221366727482222192e-02
3.105108781362909964e-02
3.153538839854989201e-02
3.086873169526368685e-02
3.078601279711752972e-02
2.969041141321383803e-02
2.910353303368374070e-02
2.933970867900847351e-02
2.907797994284750179e-02
2.901152500274172680e-02
2.831102999971980838e-02
2.714612433147403289e-02
2.677613073201084992e-02
2.622833910735571789e-02
2.648179557851267074e-02
2.563267794396242860e-02
2.576062434548920949e-02
2.572976128118865946e-02
2.506605098139832663e-02
2.454033127468673026e-02
2.461955672474576418e-02
2.465705661683612049e-02
2.438809238741959651e-02
2.383455930837167711e-02
2.283838012130875311e-02
2.276661826978411407e-02
2.238046653114250314e-02
2.232501761353087449e-02
2.214251346793963057e-02
2.138776729162519818e-02
2.105922347558284932e-02
2.043503897669631322e-02
2.060586401303473453e-02
2.043480835809512522e-02
1.964896000612550639e-02
1.965669028711501329e-02
1.924813075541807403e-02
1.903212652506753449e-02
1.904240993481050997e-02
1.810455841814948702e-02
1.800386621526028907e-02
1.755386156879071291e-02
1.761871130698085958e-02
1.751859324545189736e-02
1.693920158302202744e-02
1.695790006175940459e-02
1.601029900366762043e-02
1.652540033965136518e-02
1.581363591404264662e-02
1.583457190332195064e-02
1.561056615744506326e-02
1.529630319059682372e-02
1.495681158615682835e-02
1.506417773137309207e-02
1.466589441060427851e-02
1.460309224880958212e-02
1.421347097450031960e-02
1.384572299122815986e-02
1.308518100164197777e-02
1.353573199693636729e-02
1.334902043697210917e-02
1.270174171805793506e-02
1.289590227383630508e-02
1.265032635660271083e-02
1.230283706862485803e-02
1.213244923076433474e-02
1.133610811637706869e-02
1.173355105967799350e-02
1.120983999652995153e-02
1.070253099432088260e-02
1.093809909951604098e-02
1.090659070342212510e-02
1.030623783670453486e-02
1.019653756368337980e-02
1.020167817938744462e-02
9.878960557448999286e-03
9.706179490041280666e-03
9.930340438686714732e-03
9.355228483192829653e-03
9.360758938483076247e-03
9.360383741537036534e-03
8.709415595058504073e-03
8.898547411208043018e-03
8.375302311841350753e-03
8.586240302289811430e-03
8.221946622339795091e-03
8.379893722482122109e-03
7.587274686323700751e-03
7.944763488136762433e-03
7.827893266364174471e-03
7.336596802947705637e-03
7.077122835415611615e-03
7.303839753713343812e-03
7.052600785530711673e-03
7.043937241374558476e-03
6.457881466679038680e-03
6.336887185017114725e-03
6.026859202612799664e-03
6.255051167551779062e-03
6.318188799856780391e-03
6.477945548903989680e-03
5.760381551350034386e-03
5.797821083315158469e-03
5.895729677966572366e-03
5.613647169610825639e-03
5.655418264305955324e-03
5.211311271689951508e-03
5.210587026745402799e-03
4.892582548946208289e-03
5.272963728960335106e-03
4.664995572498786998e-03
4.568492676738153749e-03
4.575259341717266386e-03
4.670406222086534269e-03
4.742518097769098627e-03
4.361283578008056001e-03
4.404018235747606327e-03
4.185748612495788015e-03
4.013216053384251018e-03
3.903341631134203769e-03
3.987693033010780361e-03
4.024804717369259363e-03
3.985163217025362858e-03
3.892227579112282274e-03
3.920808868786490251e-03
3.998832515958124223e-03
3.636342102259817674e-03
3.462366443896030752e-03
3.405438365192322778e-03
3.417484345515417639e-03
3.364456489936653791e-03
3.181430255172788563e-03
3.707469995835180505e-03
3.032725301555084293e-03
3.213588231894117051e-03
2.958302406327643734e-03
3.097887067496404422e-03
3.039307328231531571e-03
3.293875712857133927e-03
2.883529104312126772e-03
2.875700608268277024e-03
2.948134442452460778e-03
2.778601797483213481e-03
2.846267479671364242e-03
2.599111061202625302e-03
2.692601853887165598e-03
2.714498309084645983e-03
2.709248637257003281e-03
2.501927941299091768e-03
2.710999823373614042e-03
2.551528141189412548e-03
2.749902250192625547e-03
2.600643076152065695e-03
2.578955907388101685e-03
2.750799928156070183e-03
2.715145081872621501e-03
2.700302426447905978e-03
2.710731477741106735e-03
2.717203942369092982e-03
2.561547452614799762e-03
2.589636403527864096e-03
2.573990402934606646e-03
2.775106086715845716e-03
2.588932668321519172e-03
2.574781372792914538e-03
2.614792238916338000e-03
2.652206353243708424e-03
2.576250374253082932e-03
2.581509680724068320e-03
2.467316379621542315e-03
2.413428760202640869e-03
2.755807105938263678e-03
2.921403623610436661e-03
2.935875487195573064e-03
2.673613149234026209e-03
2.918169613988684519e-03
2.695546366576741237e-03
2.664354753871093443e-03
2.877877723993191392e-03
2.735921465412178080e-03
2.593169342957576170e-03
2.793781846326410384e-03
2.702069130872012965e-03
2.830124133575343329e-03
2.919394229220220131e-03
2.817029121172584961e-03
2.995817613608758867e-03
2.965926251027467715e-03
2.739838256624384585e-03
2.846561871228448382e-03
2.871324498683672233e-03
2.923049510021738864e-03
3.051968490844836519e-03
3.060660461067363312e-03
3.068734901684138424e-03
3.044773800168290752e-03
2.936048676735785595e-03
3.341834830031030143e-03
3.037804478056111909e-03
3.248432935708412544e-03
2.830963218091913161e-03
3.151263257698123325e-03
3.253065068324862558e-03
3.220670765605760343e-03
3.448136015199939480e-03
3.288069868282555899e-03
3.399164581286136504e-03
3.058054281825667124e-03
3.322427065696959784e-03
3.427041951099340806e-03
3.368982249848766208e-03
3.572664965373439742e-03
3.345573706273123442e-03
3.554983682983599638e-03
3.371986425142515370e-03
3.351217246800895343e-03
3.187241431472134442e-03
3.612047550129871953e-03
3.591035738292737509e-03
3.565503362850300836e-03
3.523727408810454608e-03
3.541048304391385126e-03
3.579438612859352567e-03
3.570065150263140343e-03
3.729075324776794532e-03
3.660083598113190225e-03
3.635999930889576796e-03
3.669874426844146019e-03
3.711923396928415702e-03
3.663486358967829939e-03
3.770852313095660394e-03
3.530747496606611181e-03
3.719410777664967395e-03
3.604327451518184872e-03
3.891805731977705796e-03
3.839307123912817209e-03
3.729154673726967593e-03
3.849908641949778033e-03
3.931961682218237941e-03
3.778826657517706401e-03
4.150003401055733961e-03
3.744232446061146902e-03
4.001005452178596836e-03
3.828121168045284153e-03
3.864499616552486555e-03
3.975117109943181529e-03
3.885853241718550434e-03
4.135208948434973379e-03
4.095096666695025034e-03
3.971770069511682336e-03
4.166949420595431400e-03
3.811579610442142850e-03
3.972654248312021928e-03
4.324364594489756713e-03
3.942649280424285682e-03
3.919124377699355691e-03
4.036559413375087960e-03
4.026094959323951034e-03
4.152132310815297329e-03
4.027320335086176720e-03
4.085724095782864926e-03
3.965210112681858898e-03
3.753489004061315998e-03
3.987800220936693965e-03
4.054488442622187355e-03
4.024174453948863896e-03
3.853670686253691038e-03
3.891805977703115000e-03
3.674171603327044955e-03
3.909298115685076389e-03
4.019708089432418377e-03
3.776528793164551749e-03
3.688170429295851635e-03
3.766322572495840997e-03
3.804038803783586602e-03
3.841241043215908729e-03
3.684826279021365895e-03
3.941612104379661752e-03
3.739481042517390445e-03
3.617987470195318904e-03
3.656193826027955961e-03
3.590584730548334463e-03
3.654691046095263733e-03
3.755741644982921179e-03
3.894152913778262375e-03
3.487299372088237953e-03
3.728920878904158805e-03
3.510060228269205797e-03
3.627973519523527979e-03
3.590640865592523850e-03
3.444575497440103933e-03
3.482220465105829998e-03
3.560496457096204437e-03
3.411711421343205548e-03
3.242644966413771312e-03
3.342939752773358905e-03
3.356519633914873367e-03
3.179959190702586098e-03
3.304555947071121866e-03
3.398068031428412572e-03
3.267092043567247552e-03
3.203369393374586559e-03
3.312004896041936299e-03
3.283155428084862104e-03
3.348322492601334653e-03
3.192817178675159441e-03
3.287207181976762975e-03
3.147624702063265938e-03
3.291269209570364847e-03
3.270531865017488327e-03
3.137533327653314278e-03
3.069144560239410197e-03
3.257756344487204494e-03
3.104342865790074135e-03
3.039483816566088126e-03
3.327185041523207047e-03
2.881735387154826713e-03
2.948944534320746286e-03
3.008615403118503496e-03
3.230743446182876566e-03
3.199565694343580163e-03
3.073995196501731926e-03
3.097667984800183804e-03
2.885723471872436718e-03
2.904579754089014337e-03
3.047191056152494422e-03
2.864174646543618270e-03
2.978026666754604590e-03
2.894163956802335222e-03
2.774731532266708472e-03
3.002596389439400604e-03
2.795263202138525624e-03
2.929983260093078738e-03
2.857509275569557455e-03
2.914100146882303826e-03
3.025126994457164563e-03
2.991005188239572506e-03
2.646526866719380033e-03
2.911771584123118862e-03
3.038160732558158918e-03
2.843622613642109859e-03
2.810211154780277529e-03
2.936843220465594744e-03
2.782089066622645511e-03
2.883020415220539402e-03
2.834130818539337682e-03
2.793857143178163187e-03
2.730890131255821890e-03
2.755935413265564286e-03
2.894106629860486272e-03
2.731015116280530609e-03
2.907459522619080215e-03
2.776009702301098208e-03
2.862458505966762861e-03
2.779330850635867295e-03
2.747064038075997233e-03
2.734487448699670590e-03
2.617142980003246341e-03
2.823490480686830298e-03
2.861852663959695616e-03
2.814243955805672583e-03
2.806958484611474236e-03
2.734083904539616819e-03
2.652305912272080561e-03
2.845614465867836278e-03
2.792995708890618888e-03
2.648386878697678824e-03
2.801345281454844030e-03
2.723251478234180005e-03
2.629835406988320721e-03
2.678196991958148310e-03
2.848984793634262627e-03
2.880156428762885908e-03
2.710405858964046524e-03
2.883944843434496988e-03
2.849597082396718075e-03
2.709835539059549450e-03
2.848975479828443590e-03
2.780838799265792326e-03
2.941673904521790051e-03
2.656770306554101686e-03
2.610014456654470225e-03
2.698392146488802837e-03
2.777039481232529763e-03
2.904914541773259262e-03
2.888608219674222363e-03
2.734320112096608624e-03
2.834199309777959714e-03
2.812736802979584443e-03
2.884324893165492697e-03
2.969574252883700523e-03
2.603749660647372999e-03
2.686901881843747550e-03
2.621732619724767913e-03
2.675410188491492841e-03
2.696471316421060558e-03
2.645622787716427494e-03
2.730053858177395112e-03
2.862446945526614731e-03
2.600107491321708084e-03
2.704734030585934264e-03
2.662059711975006335e-03
2.636255019201391020e-03
2.871874087255984510e-03
2.981216270043009729e-03
2.898906345133740303e-03
2.605056843523590078e-03
2.675327418845652085e-03
2.800910830406630816e-03
2.732427293674231147e-03
2.677747774553217858e-03
2.572553210679103062e-03
2.578627717822504564e-03
2.860917222789706102e-03
2.877584649079988413e-03
2.694874485331861386e-03
2.623230243014637759e-03
2.664727852760067836e-03
2.721327334909137696e-03
2.660813567532431794e-03
2.719573555355898290e-03
2.724344573072782875e-03
2.659403955260558443e-03
2.851151535526460536e-03
2.708318601487220631e-03
2.736231938400068148e-03
2.663889626694770311e-03
2.710114391828263858e-03
2.726931117839343464e-03
2.658111157359358510e-03
2.670857798704713917e-03
2.589803619983825893e-03
2.700852637914531642e-03
2.521249412188342198e-03
2.717784045346125724e-03
2.649360613477166546e-03
2.696083781226778740e-03
2.748656808394463712e-03
2.693171856296043901e-03
2.654850926578016402e-03
2.644492888809118775e-03
2.795957660235531134e-03
2.773740227610417726e-03
2.633423292614938977e-03
2.717893885341498336e-03
2.659434517487633057e-03
2.524297414151271436e-03
2.855720375844150900e-03
2.729029639748378408e-03
2.514253343370078178e-03
2.761473929083195760e-03
2.597657944188861822e-03
2.677419382042703355e-03
2.635648360822979552e-03
2.799064873701619278e-03
2.592012391626115526e-03
2.784021437645398025e-03
2.675997441115230552e-03
2.651583136258303143e-03
2.692863012705408975e-03
2.826372585647554496e-03
2.875218296345832987e-03
2.683516042207577217e-03
2.649110500817076705e-03
2.725260431910015747e-03
2.798612578052906991e-03
2.750924500794144079e-03
2.664630798821290662e-03
2.768094481999799471e-03
2.681456300864409805e-03
2.768478395673517386e-03
2.815919741729029820e-03
2.580670670742735845e-03
2.776708187999617303e-03
2.676810572147773556e-03
2.668512291893856796e-03
2.675508963697454355e-03
2.676305053519505150e-03
2.472021796482658934e-03
2.728594317452988794e-03
2.668703509135316940e-03
2.683671968518118889e-03
2.748026814185709939e-03
2.674462839500664577e-03
2.655014984985476674e-03
2.656342262236925655e-03
2.789613526224869917e-03
2.710509690929696971e-03
2.706087804523769902e-03
2.775463939242404053e-03
2.828424836852455777e-03
2.758300208263432095e-03
2.665684617738302113e-03
2.577046050196732992e-03
2.759931900899865315e-03
2.842856374170126248e-03
2.693720770453139797e-03
2.687723728944766462e-03
2.683391780131648766e-03
2.755852615745335837e-03
2.629066488757329095e-03
2.789180418837459985e-03
2.682450399228375471e-03
2.714574479422146927e-03
2.688340545419353779e-03
2.552659681837585182e-03
2.727691721832048530e-03
2.830666336538808017e-03
2.687991832800649007e-03
2.696175730854278446e-03
2.578998408420656984e-03
2.685220238189751658e-03
2.631245123064115694e-03
2.763403966678388592e-03
2.558790896190440024e-03
2.746725865993154131e-03
2.624598399716114496e-03
2.592914944568203151e-03
2.702084676813174078e-03
2.571789808714607974e-03
2.657681799441345433e-03
2.750549328146126293e-03
2.621001755089779305e-03
2.765072389156214561e-03
2.907831512707286827e-03
2.654450865986089300e-03
2.736058436671013564e-03
2.522247364799551708e-03
2.756537730966728862e-03
2.793130615629246805e-03
2.822281905252074091e-03
2.737442037019327794e-03
2.572924151053435689e-03
2.695358302619292167e-03
2.801499440576629696e-03
2.785429222462896919e-03
2.518709259401222776e-03
2.792363848707888219e-03
2.642428288907155195e-03
2.744089768768576045e-03
2.652494559102067627e-03
2.800693642080487669e-03
2.724512127761469487e-03
2.749632319660868206e-03
2.926712631964588449e-03
2.794171756306658601e-03
2.670661392540537790e-03
2.694307195993510002e-03
2.521708026272889789e-03
2.586657481635274217e-03
2.855898011894345261e-03
2.706525948086348134e-03
2.968859373089411269e-03
2.765330845270162763e-03
2.751804993722122873e-03
2.959064842191882604e-03
2.703477995098593940e-03
2.872776298497460752e-03
2.718876445404029910e-03
2.757164414403475393e-03
2.700702324721650314e-03
2.775701170575158375e-03
2.665687023625085313e-03
2.846041864072716265e-03
2.851463938498728645e-03
2.842986077170006100e-03
2.765992246777473559e-03
2.767192452928449436e-03
2.787304400758083833e-03
2.901484941962933616e-03
2.712994792350028727e-03
2.812962132444041426e-03
2.656451524192931894e-03
2.747294331985021456e-03
2.626537389449492589e-03
2.898052478406801507e-03
2.714954032372455736e-03
2.803267736851749667e-03
3.039376163310218964e-03
3.038598966954677780e-03
2.850410971412469397e-03
2.962967551820492890e-03
2.906076489034735075e-03
2.812736977267125439e-03
2.788988015634214900e-03
2.861636429450365761e-03
2.703782682064246722e-03
2.735827669085315501e-03
2.619767086653403045e-03
2.731284055756374833e-03
2.655016450865391522e-03
2.720201034468253988e-03
2.701104943072697804e-03
2.604726220150492370e-03
2.865393177482939303e-03
2.692035580120282715e-03
2.963573194258932886e-03
2.783046273275727959e-03
2.752430998121487091e-03
2.877873604718943733e-03
2.636107886320025132e-03
2.726779296505047433e-03
2.680671795777286003e-03
2.790089928183238539e-03
2.775847301833629828e-03
2.713497562909850287e-03
2.768416504921634991e-03
2.657014650354700726e-03
2.923036662287690352e-03
2.906877733893481995e-03
2.756711665717754590e-03
2.778870357808287898e-03
3.001201331058259147e-03
2.876670235381607876e-03
2.819505527890709372e-03
2.851899643866075227e-03
2.897947713102657329e-03
2.846965970318160368e-03
2.766687736510464908e-03
2.826447571066441691e-03
2.836920571543256886e-03
2.731165929510739020e-03
2.744200808531696914e-03
2.711547947948470504e-03
2.843946029387552261e-03
2.704587208986002599e-03
2.954025007163066461e-03
2.684001157053258948e-03
2.952690864539806066e-03
2.677269578830506012e-03
2.868396037574218096e-03
2.808359894544359883e-03
2.841429570432226978e-03
2.735588723707879383e-03
2.862953150479473179e-03
2.746371443496730281e-03
2.943677751535566864e-03
2.931171731368864986e-03
2.835989595865364126e-03
2.586694700419448628e-03
2.850253038139961750e-03
2.915524931745932212e-03
2.867826118801586159e-03
2.913518728789282319e-03
2.660076121948266089e-03
2.841340949020304540e-03
2.896367612084331956e-03
2.829387111883717183e-03
2.877565129941457665e-03
2.638027324789393550e-03
2.773507652745311504e-03
2.786247296410738778e-03
2.593985607137724685e-03
2.939581652860918676e-03
2.821409200982744753e-03
2.907021994823680115e-03
2.990632209337402894e-03
2.945620374741948766e-03
2.795681497018178731e-03
2.786430241782269016e-03
2.836363737070670289e-03
2.750737116623864272e-03
2.922883170319238999e-03
2.690568097333714392e-03
2.746480785705469798e-03
2.796036449014431546e-03
2.815404673690913035e-03
2.672578960878897389e-03
2.923000376363457144e-03
2.729987706400399672e-03
2.697999029887803140e-03
2.715043841755515868e-03
2.791538268033404158e-03
2.833186726754645737e-03
2.930601294098634027e-03
2.852330431107698728e-03
2.817062184371272975e-03
2.873336589308691895e-03
3.002117752738443952e-03
2.899343251967999822e-03
2.749951271650816903e-03
3.138235190281403984e-03
2.901453187428682835e-03
2.806710454879483060e-03
2.855833401001086399e-03
2.862253352931031988e-03
2.871946957625625720e-03
2.831843599795453442e-03
2.837516231538378311e-03
2.905055566571556735e-03
2.664409330495307732e-03
2.808562307513007804e-03
2.682263708709949936e-03
2.808794174670754731e-03
3.028215355606069231e-03
2.978864119913036436e-03
2.801318441392126966e-03
2.769366922615957259e-03
2.715409506171448297e-03
2.831039182983391064e-03
2.944092746901121830e-03
2.835876736572663301e-03
2.813792797159943813e-03
2.998825865518189339e-03
2.777925476762328500e-03
2.767735049518073569e-03
2.686003603294072860e-03
2.817732493124047981e-03
2.834238806438322579e-03
2.950886812395187801e-03
2.846152257592281937e-03
2.610538442162546515e-03
2.877376896775701073e-03
2.995424251042712229e-03
2.908948438666420205e-03
2.665525573526359403e-03
2.771856225745537340e-03
2.926142504191596525e-03
2.837332907711386659e-03
2.743928474250301869e-03
2.803807253023551070e-03
2.985725006164411267e-03
2.726913369646814540e-03
2.689502476453217023e-03
2.814024234790297486e-03
2.848699553295320260e-03
2.983037810448425833e-03
2.598059761621567248e-03
2.943597063516338076e-03
2.914964509620623402e-03
2.945984624829808569e-03
2.840737881057423496e-03
2.956497145947526405e-03
2.876999731410445106e-03
2.833619244166516327e-03
2.915618342866548116e-03
2.927212898313461594e-03
2.880955043817364815e-03
3.026292431292155940e-03
2.823479961165514633e-03
2.681645125939675217e-03
2.876661376189631070e-03
2.844527015125042184e-03
2.840896464105714669e-03
2.933396889401329068e-03
2.854011959363956380e-03
2.886742732769411422e-03
2.816699335148277819e-03
2.756883545893447102e-03
2.935065681929378140e-03
2.801672295522431889e-03
