3.390371050182978529e-03
3.800123913101892577e-03
2.300426353235000658e-03
2.624040588196544649e-03
2.689471363558960416e-03
3.300456747327217260e-03
3.130282263397325074e-03
2.642109257102537734e-03
1.653454508883545277e-03
3.008789968805267775e-03
2.459075980318333257e-03
3.701756786560525102e-03
1.224860350187045085e-03
3.993818347667112655e-03
2.448448119215336592e-03
3.958508754397209971e-03
2.276155843340865650e-03
2.571495797261273523e-03
3.803435681509807764e-03
3.575797871551042624e-03
2.744078784323544535e-03
1.099893995206556929e-03
3.272139755089063622e-03
4.020319929172375822e-03
2.217168783449336052e-03
1.367696680363036151e-03
3.928111028154259061e-03
1.986539838199830998e-03
3.360590731448752366e-03
1.293531246029973412e-03
3.079418492746523271e-03
1.337300982897384610e-03
3.282816647846975317e-03
3.467585844450163466e-03
3.410936169706249750e-03
2.909913254376158675e-03
3.412757536031004943e-03
5.311879091408490405e-03
3.408813424226511679e-03
2.572319117673500279e-03
2.479396813442126622e-03
2.443550463026083683e-03
2.827830474479281746e-03
3.025649065279772953e-03
1.333210977995765356e-03
3.314678096336062980e-03
2.126602488191823345e-03
3.527018135042583272e-03
3.666723114569947917e-03
3.263266573929050895e-03
3.357806174141214108e-03
2.783728727113982376e-03
2.887696153157283223e-03
2.538564687751087515e-03
1.869090623296713622e-03
2.830093574997740932e-03
4.159472742803008334e-03
3.058587872285906031e-03
1.875421184878152230e-03
2.671740929095218868e-03
2.514646407108671582e-03
2.815799601395281137e-03
3.267821988039134196e-03
2.721855144407862425e-03
1.213102431026233125e-03
1.969712579764471439e-03
3.747454661342694907e-03
1.979821207319655899e-03
2.511997575971982536e-03
2.638876019736101711e-03
3.286135904320698978e-03
1.266523416240186717e-03
2.583411722564079183e-03
3.789416285095156128e-03
1.675215697308849198e-03
1.632529412988442891e-03
2.329063829144589499e-03
1.996333671808076492e-03
1.907356060219514513e-03
1.507801782478609270e-03
2.227798796478081423e-03
3.193686170088172981e-03
2.100401511736976149e-03
2.226738610486860958e-03
1.764246276744839848e-03
1.294148356538268050e-03
1.596008005007479129e-03
2.658146543101358276e-03
1.808367846334169591e-03
3.088027524479112617e-03
1.411387931367886518e-03
1.936756553180780894e-03
2.798770935891085887e-03
8.109320012930457426e-04
2.454866442714424574e-03
1.400665877773802585e-03
1.289886230800662507e-03
1.397396625714521397e-03
1.047308841692704082e-03
1.619546765633492506e-03
2.550030269446116899e-03
2.014934278306586887e-03
3.659713950352530814e-03
1.714359353810397581e-03
1.087998128955966958e-03
1.247536968914584677e-03
3.400924839582779649e-03
1.552097603810912840e-03
1.273673994793970846e-03
2.275559437224609731e-03
3.717831582180902011e-03
2.512864679318825220e-03
2.409602825759226026e-03
1.594563176585527030e-03
1.287813366377975333e-03
1.778400922787554128e-03
1.978133499652438756e-03
2.109427361490793552e-03
1.421109074193531788e-03
1.388186900910712371e-03
1.726496018036774655e-03
8.171483854148522312e-04
8.129945642383361098e-04
1.381548799912450751e-03
2.450876457529768248e-03
1.222646289117044951e-03
1.899264738687757564e-03
1.410527826160958833e-03
2.596522030092011761e-03
2.239778901908671439e-03
2.479559902166517376e-03
1.725930324452406650e-03
2.569864515891056266e-03
1.717826565701530746e-03
6.502099788388194688e-04
2.077092457802767050e-03
1.994056667686879437e-03
1.005575221867203084e-03
2.549793457254993269e-03
1.417471900576433965e-03
2.148130537857837093e-03
1.756205560970149722e-03
2.799127094073896455e-03
2.868122019753366336e-03
1.745045456138808555e-03
1.646599687733867360e-03
1.790220292356943478e-03
1.109313357077160601e-03
1.599270027813124492e-03
2.038484088784786076e-03
2.237565933354459646e-03
2.177035999914259373e-03
2.759123762434860516e-03
1.722595956628449792e-03
1.451922749988246658e-03
2.457170669328296621e-03
2.483022762618663191e-03
1.980808410697483535e-03
2.017535121521732769e-03
1.745094205966504037e-03
2.592583156164840474e-03
1.862353344316321734e-03
2.130723620728834384e-03
2.460725735292293610e-03
1.763036733486775167e-03
2.233975872038194716e-03
2.692408524549263268e-03
1.391856739077610436e-03
2.015055545328431254e-03
2.204100254264252084e-03
1.475263355973249237e-03
3.284885656852939637e-03
1.067767258700631511e-03
2.414760470302962109e-03
3.146416467610794240e-03
2.871417462619937824e-03
2.016688937513141759e-03
1.545466896112290605e-03
1.517853708472236170e-03
1.849183061455165729e-03
2.762484862706113525e-03
1.045804149446607871e-03
2.197530412522167523e-03
3.472075649108898824e-03
3.482427475165558988e-03
2.974838731768383350e-03
3.141401326829174664e-03
1.725047877574807480e-03
2.644006521897242397e-03
2.216754504817766182e-03
2.494447983326009925e-03
1.812672862098651345e-03
2.563077161362907388e-03
3.145546054999041712e-03
2.085510796997548742e-03
1.678508045345909749e-03
2.071655034119742125e-03
2.277511956702752034e-03
2.283774737376177179e-03
3.431861000030859022e-03
2.482078238651500447e-03
2.389016242376183676e-03
3.170650946222595620e-03
1.698721687066087008e-03
3.183557218513465622e-03
2.271696277277069059e-03
2.937848483454136815e-03
3.561188568606609133e-03
1.653019797889783904e-03
2.407452308871914620e-03
3.559488587657763572e-03
2.116750068916240044e-03
4.071208723509209780e-03
2.911998766179472141e-03
2.597266856078947733e-03
2.944702087589856371e-03
2.914367433990447918e-03
3.000190553835315518e-03
2.302353079423097911e-03
2.492617516129890486e-03
2.245183503328752796e-03
3.520532759297178779e-03
3.540193237600522229e-03
4.547711671120744335e-03
3.272744177387479012e-03
2.673251177790568478e-03
2.795387546862845244e-03
3.005176768630674327e-03
4.839536159320503156e-03
3.053306408766599984e-03
4.323968110890658717e-03
2.372367819464550262e-03
4.042580734997539005e-03
4.336037493845782895e-03
1.500416423707399104e-03
2.557173269275752562e-03
4.130440326760597726e-03
4.089126338061113176e-03
3.629982379247713876e-03
2.274220369348576003e-03
3.057299461356193133e-03
2.528234798512595319e-03
2.704636458557771028e-03
4.004282800461283695e-03
2.386239375863160542e-03
3.851010522449213862e-03
2.935316056878307933e-03
3.843221194369025612e-03
3.166477945443476986e-03
3.475805777475908954e-03
2.506143323022583247e-03
2.182954352023314983e-03
2.563128502510436061e-03
3.909618487944645747e-03
2.993513929401040666e-03
4.712909430066782902e-03
3.286148327775580569e-03
3.998393397309434744e-03
4.036146201346206205e-03
3.049790152224051646e-03
1.979770703356289498e-03
3.969768330468578105e-03
3.901857552558796356e-03
2.916327815405297345e-03
3.190744369612997892e-03
4.103762254012071307e-03
2.701924913067650213e-03
4.342020684452130644e-03
4.121010030913375630e-03
3.047233057932953459e-03
5.518520362063870054e-03
4.898447174552920079e-03
5.767682470436688406e-03
3.633860775817421198e-03
4.826076692208513923e-03
1.906406468047485564e-03
3.757312346729153266e-03
3.085160977884981309e-03
4.303143927019267498e-03
3.945549872366672407e-03
4.880153670013539363e-03
3.586994376038351532e-03
2.601289318932138196e-03
4.980271113083293254e-03
3.268127685582260678e-03
5.627613985547296610e-03
3.283174318014570221e-03
4.616012240012032884e-03
4.229506173367296278e-03
5.383766836751073710e-03
4.937905093628726545e-03
4.831529953645974894e-03
3.810469123733325157e-03
4.746806676768726245e-03
4.101928762640006179e-03
3.219215713483955174e-03
4.742302787139815456e-03
4.358798443735531492e-03
4.745282625087389808e-03
4.998443003725836463e-03
3.484674131504220378e-03
4.243912950859290469e-03
4.009447593775188057e-03
5.944514283509451727e-03
5.194005087968616569e-03
4.355571996049474592e-03
4.769912169303341595e-03
4.159949118682390763e-03
4.924923339658960134e-03
4.434712482516586958e-03
5.660363359690807374e-03
3.059708519334176750e-03
4.213107776062375610e-03
3.693962375316270537e-03
4.010366435139757144e-03
5.643546224522422508e-03
3.888682073748953635e-03
6.180897867908650631e-03
3.132315311362244246e-03
6.560951606097739468e-03
2.605289684725147457e-03
4.597585665228862833e-03
3.240218650324568506e-03
3.370186834296082581e-03
5.041560377035514406e-03
3.843683197320357618e-03
4.211118554780100137e-03
5.356199177927914445e-03
3.810951708710125230e-03
3.434708523540763985e-03
4.353884355703112503e-03
3.675427738945998783e-03
3.512575924007932653e-03
3.717845452673968626e-03
3.930261799060252859e-03
4.633376884017706074e-03
6.992651909738638490e-03
4.272875935791809257e-03
4.735636891474103403e-03
5.897031637504848885e-03
4.275730356644471923e-03
4.594715476000087520e-03
4.226265823831004166e-03
1.474793065700670666e-03
3.654035264389889678e-03
3.222483469965579852e-03
3.810380178704055390e-03
2.853179006315460266e-03
3.939274661000490875e-03
3.135050651188350974e-03
3.775331186395463126e-03
4.387294651886108378e-03
3.761539451373518798e-03
2.305753467715150259e-03
4.264639587540103131e-03
4.589931279035611676e-03
4.356271905935097874e-03
3.862231063597096163e-03
4.054536707617541029e-03
5.209175805649112444e-03
3.661454841984345277e-03
2.914220602173304628e-03
3.655007804172242733e-03
3.264496242156892606e-03
3.590272414406427831e-03
4.189541445275767398e-03
2.372062570322559447e-03
3.327365722629346649e-03
3.306347113640342207e-03
3.982183649925601435e-03
3.342898777532521404e-03
3.531590298965269891e-03
3.183959801839546244e-03
3.818476378292651012e-03
4.486882045805017961e-03
4.232201279491641308e-03
4.184629948788616723e-03
2.425564991209420811e-03
2.998088575765370158e-03
7.730512847983799429e-04
3.838805375223095472e-03
1.221877886955237457e-03
3.039973679388221096e-03
3.290373277915327119e-03
3.041666310573850219e-03
2.783039602385200921e-03
4.298491611248018984e-03
4.683473928661039190e-03
3.894074913585076920e-03
3.472213112899337050e-03
2.891626503116041021e-03
2.715959870687046761e-03
3.882189371422366253e-03
3.285621496715826744e-03
3.763246718669785180e-03
2.403654791174082705e-03
3.866769438973219689e-03
2.665051439507859238e-03
3.811251899650697130e-03
3.997743351779675484e-03
1.634801033072766927e-03
3.895794003109663735e-03
2.506387047685501492e-03
3.882033513260137961e-03
4.204536756050144403e-03
3.814010113530559576e-03
2.610731856277549983e-03
2.653222653877161403e-03
2.804284480600656698e-03
1.916264255207141432e-03
3.693262556572495230e-03
4.272558550837065282e-03
2.535886198605841191e-03
3.103291285840283509e-03
3.322076588012055475e-03
2.480525556680998091e-03
2.930526922555734635e-03
4.292654633243663150e-03
1.900195181749681850e-03
3.804997460034159704e-03
2.865524133814506720e-03
3.462723036232702618e-03
1.972964252740353180e-03
3.065309674034300165e-03
2.132909146225889143e-03
3.412928849090210003e-03
4.256255381149601918e-03
2.527081614432845347e-03
3.503042852548654117e-03
2.885240336024820235e-03
2.766549183066933232e-03
4.364459766936676713e-03
3.245018020361137810e-03
3.678871613515463483e-03
4.912392107162701256e-03
6.112503858985809599e-03
3.019811612876400087e-03
3.051419046064019879e-03
1.426147404604962169e-03
2.936352185316578635e-03
2.681388268259120040e-03
2.733009874528889195e-03
4.380564697161871621e-03
3.092789030315144360e-03
2.501762265433216028e-03
2.707309062718649476e-03
1.330945769686361349e-03
3.668795153269969501e-03
2.158139146034310403e-03
1.911075239528695633e-03
2.687809326947158788e-03
4.236840613944370566e-03
1.674940939536493940e-03
5.516600357347581189e-03
3.148648515302457374e-03
3.606525529360011736e-03
2.362973774739351215e-03
2.307713252501806221e-03
2.512309060188827776e-03
4.439467843355893693e-03
3.263481649890597001e-03
2.600677422041652517e-03
3.224494324474360633e-03
2.944360318023408422e-03
2.075693933249969907e-03
3.665912467215282858e-03
2.785515530664282174e-03
3.501367564187091597e-03
3.645928187652657838e-03
3.157754318571472183e-03
2.851119774335881488e-03
3.189001112562691708e-03
4.965985554891210255e-03
2.461335743511063306e-03
3.039743912631046388e-03
2.687425834185195109e-03
3.518115161912368973e-03
2.017444487776924068e-03
3.101489157775911068e-03
3.396892203571820305e-03
2.677481793411682059e-03
3.473541173067030887e-03
3.686200175323740922e-03
3.861926791956848092e-03
5.126615026836739593e-03
1.608752690601483520e-03
3.891185769366067512e-03
2.905881902261368832e-03
3.287463711025216586e-03
2.681755689298041465e-03
2.675916364287818632e-03
2.229664188396365473e-03
3.688980687693122623e-03
3.862001062285825691e-03
3.176550008715648635e-03
2.626270016528084884e-03
3.068705241517470650e-03
3.071381586703184497e-03
3.622326638204613220e-03
2.876398940223955612e-03
2.287227472502205081e-03
1.571042576984292083e-03
3.379429173080074345e-03
4.428336727509906215e-03
3.823747231359188922e-03
2.709432767337797802e-03
4.724095236962418641e-03
1.509584019047158178e-03
2.908621951365559372e-03
2.662051672541314220e-03
2.664091988176373136e-03
4.210324561881000592e-03
3.179999155611735497e-03
2.928317442644393521e-03
2.343675934819707679e-03
3.461652952815139680e-03
3.069100763303462057e-03
2.228208081868617105e-03
4.324465615559667901e-03
5.757633810503846178e-03
2.021409284130569386e-03
3.796039467150519407e-03
3.357531494356337954e-03
3.472746561833843417e-03
3.618064818588128100e-03
2.089293638606902915e-03
4.062497048894067597e-03
4.226476304593405030e-03
1.410175565712314940e-03
2.185054078601294386e-03
4.495214727117484259e-03
2.817424280621401347e-03
3.739347286474421512e-03
3.018909253211788084e-03
2.924821085746129139e-03
2.650119982983176452e-03
2.752547128763887293e-03
3.071643110488988821e-03
4.900196557363950024e-03
3.494347586918296160e-03
4.185916117193981545e-03
2.137306534678174406e-03
2.478214517976605035e-03
1.240525065760660290e-03
2.063899856759892314e-03
4.715646647450965658e-03
2.624675417728958120e-03
1.915113170617706567e-03
2.201340706848851567e-03
3.388051205349570244e-03
3.077194822165889299e-03
3.226026057881279958e-03
2.472306606407205769e-03
3.245826909766678925e-03
3.199433387241570632e-03
1.881060999410070480e-03
3.194174332551898057e-03
5.781152869277926890e-03
4.606458080830582585e-03
3.078122337992734037e-03
3.442415378485723550e-03
1.834768659654515983e-03
3.906787594395388918e-03
4.646309032346503456e-03
4.115568977936214651e-03
2.370260838007155757e-03
5.563970649345297698e-03
5.186170001869482363e-03
2.700422799232229942e-03
2.952172156263723184e-03
2.710518609108980570e-03
2.671712931437477626e-03
2.562207606766034058e-03
1.657496981665410474e-03
3.806267549574334722e-03
2.288124339510621327e-03
3.343201493227406472e-03
2.267574280895588972e-03
2.337129639705270816e-03
2.839602954258938459e-03
2.547241754550893123e-03
3.063083599219936122e-03
1.829115176965709095e-03
3.756477651547555311e-03
4.235786522675464606e-03
2.974339147767096191e-03
1.518065766371944937e-03
2.044555015195600404e-03
2.164679971174752245e-03
2.699542520818109647e-03
4.141307240617298109e-03
2.396511041710273730e-03
4.759952763355338595e-03
4.662599693743800164e-03
5.065814043123967152e-03
2.462440958903577403e-03
3.713095792373638081e-03
3.351663035923053546e-03
3.325061357092461319e-03
4.091662299228253537e-03
2.015045107634393182e-03
4.233152913155385083e-03
3.591094122776266120e-03
3.488077456451406638e-03
2.420372174845026540e-03
3.325967334569197853e-03
3.012428678197079813e-03
4.537626571265133621e-03
3.384085996483896051e-03
2.471915450220884321e-03
5.148526327552771856e-03
4.008875081032804016e-03
3.607958451961383334e-03
3.017520066915204812e-03
2.528106345480116320e-03
4.086097643968261868e-03
3.775116336504816435e-03
2.015727694958394794e-03
4.137205001651791253e-03
5.011256546066246431e-03
3.070014109184684113e-03
3.001995936665417895e-03
2.422644205299193717e-03
3.075680633412255279e-03
2.737527575757683299e-03
2.429707662740403923e-03
2.141871884900425991e-03
3.049075632608074047e-03
6.482043787230834173e-03
4.171179617230479954e-03
2.098944831907701737e-03
5.275156853883993489e-03
4.090061062136958643e-03
2.912143828187052641e-03
2.964047279015666943e-03
4.291967298957055990e-03
4.588442417120626102e-03
4.500725446720818881e-03
3.177083055764414170e-03
3.715082773891654078e-03
3.223206835638225444e-03
2.777601935768161077e-03
2.428629930721467635e-03
2.956740706363543848e-03
3.481326647900467950e-03
3.345771316748881452e-03
2.948689248559041402e-03
3.442523403785556491e-03
3.501788285752350204e-03
3.986117174466294669e-03
2.179192497704374610e-03
2.923735328621221170e-03
2.552294150802659947e-03
3.815916378876688195e-03
3.097480217651252168e-03
2.678345829304767164e-03
2.495201990098727673e-03
4.166251801124866254e-03
4.025653419193028944e-03
3.852628940689090294e-03
3.654331094030058291e-03
3.400278828554015396e-03
1.843165318801695887e-03
4.835613876271677505e-03
3.953112044750555637e-03
4.515652243248569064e-03
1.786796701523727998e-03
4.063308552122041513e-03
3.287792632688252368e-03
2.778061761687310085e-03
2.432417115179548277e-03
2.211160846774341826e-03
3.363764954226819946e-03
3.684125421375406256e-03
3.978175522331945518e-03
2.829383211829242066e-03
2.589627209298501868e-03
4.641514188936863780e-03
5.367816320697802596e-03
2.744105802575379574e-03
1.824153562894104174e-03
4.186247305078011176e-03
4.158629010792328461e-03
2.088604159862910217e-03
3.629460711103902910e-03
3.902162871152176256e-03
4.222583167121254574e-03
3.055448354348584868e-03
4.402765416779904316e-03
3.340292739536731680e-03
1.662238491421066076e-03
3.466463586186792605e-03
4.622927678978742787e-03
6.281723261800780181e-03
1.958210517149006503e-03
4.231784962281045365e-03
4.034421259143236224e-03
2.873744131948833061e-03
2.389517249611495826e-03
2.867435336808042603e-03
2.722350906383498321e-03
3.400874686128358033e-03
1.325813423453719260e-03
3.322210266410225397e-03
6.907743321329073635e-03
2.768278725225893980e-03
4.243998592483632162e-03
3.211419222043189903e-03
4.172207054548519173e-03
2.743139750356724579e-03
4.149070088033473235e-03
3.060895475205768941e-03
3.201052013598046538e-03
3.262525552474070892e-03
4.881245110889546879e-03
2.336480261665621616e-03
2.799354580019259176e-03
4.170401152026113716e-03
3.136369047350674993e-03
3.340659594342113015e-03
3.935640637244994418e-03
2.091630572321426500e-03
4.894164618040576509e-03
3.086222907177445587e-03
4.607533282440793437e-03
2.714594124871467194e-03
4.774642124510177291e-03
1.884169912702293725e-03
2.876680119626454958e-03
2.976539317516857259e-03
2.883681819312444630e-03
3.535884166077972110e-03
2.978412895116648498e-03
3.002253648004413016e-03
2.177444581221845993e-03
3.660201936869183440e-03
3.433013362186258365e-03
2.519198618326534776e-03
2.799915541933561437e-03
2.065696092406712602e-03
1.219210714216092386e-03
3.190721773697116886e-03
2.688663843247876030e-03
4.845509606010359530e-03
2.634940454066861913e-03
4.784036319736195177e-03
3.085718867349397914e-03
4.602690909298053946e-03
3.165666516598944751e-03
4.292949708770984509e-03
3.335290025529194079e-03
3.423789672226235179e-03
2.529546400446561465e-03
4.771172276659807650e-03
2.532127454544321355e-03
3.562800476954939167e-03
3.002919947961089995e-03
3.292457460792638790e-03
2.982624202456561190e-03
3.105143181010635613e-03
1.545794258600639024e-03
2.708967531503821049e-03
5.183033120187341934e-03
3.594223293387972026e-03
4.068079372970048561e-03
2.919780108171722306e-03
2.962631811351344041e-03
3.549503522131401776e-03
1.970368382878064876e-03
2.207362064372967499e-03
4.334204369895125301e-03
3.312669915248776364e-03
2.491686466842816909e-03
3.484442674372518686e-03
3.620819234000719356e-03
3.675965432451224358e-03
4.737655156025363974e-03
1.827180170923248942e-03
2.719609714742739388e-03
2.581818442017591846e-03
3.364528585066675105e-03
3.457877729198978369e-03
3.256450308535204473e-03
2.433670558583593199e-03
4.873581102074264065e-03
3.710570229264089758e-03
3.014302588678064148e-03
3.677689182572429008e-03
3.940673855402676215e-03
4.592299152338471038e-03
4.755440297252395108e-03
2.712040502295501396e-03
3.274559031949514885e-03
3.358960426364978723e-03
4.676585078803467688e-03
3.196012357348145677e-03
2.969717849408276544e-03
3.456776436151971690e-03
2.914045211731210346e-03
3.170038192972464419e-03
4.119613667641144894e-03
