4.921597217004856570e-03
4.250632621763807822e-03
2.914639522286875759e-03
3.392907392601648801e-03
3.359041926157132867e-03
2.045462415330261997e-03
5.842402173602125742e-03
4.116388328798166116e-03
6.499461032229287595e-03
2.977636258151343703e-03
4.899326678786700313e-03
5.175713112151705646e-03
4.336156330813243850e-03
2.749819007764049954e-03
5.915136737208389478e-03
5.630702267130993123e-03
5.581718298645865252e-03
3.854692870940850096e-03
3.594361503264589201e-03
4.652588068795103331e-03
4.322508568444132122e-03
5.607963534077507577e-03
3.973521126619824692e-03
4.629750823743244807e-03
4.498063771697874934e-03
4.397602648417034063e-03
6.674339308414755159e-03
6.170610532328407033e-03
4.844113592220023606e-03
3.377130385821281496e-03
6.747038719307496719e-03
4.152188265368104460e-03
4.681222830712913896e-03
6.605083079973751888e-03
5.186169249959661498e-03
5.651332473545079248e-03
5.966891137925312873e-03
7.339040779543917065e-03
6.193760892974669446e-03
4.209051579854901186e-03
7.313694750056559321e-03
7.940852717752477224e-03
5.941766565411879877e-03
7.654799015006704538e-03
2.728432784194598833e-03
8.795430525252452558e-03
7.521702333053039043e-03
4.554694713047112431e-03
4.478068022068685400e-03
9.070571515731824797e-03
9.022038408317474903e-03
6.984316324114787922e-03
8.577452630981191942e-03
6.406940041242556103e-03
6.259495784441113098e-03
7.067582018980870032e-03
6.461996527683110114e-03
5.018909191917156863e-03
9.528899955333795108e-03
8.911889846062871767e-03
6.067223704625450929e-03
9.243505600866430347e-03
7.835940527676161019e-03
5.925004777385728914e-03
5.902513536302076390e-03
1.100761658518622892e-02
7.499594533286192168e-03
6.008479250270876669e-03
6.229893035536985049e-03
7.749817642708404716e-03
6.793323997394367167e-03
8.802089243085703396e-03
9.646212497465410374e-03
8.711203220665321781e-03
8.589827351129022959e-03
9.524916730508255908e-03
1.053361422634294803e-02
7.801174557519271330e-03
8.166831802815816693e-03
8.157496538146312426e-03
9.521136736616517271e-03
7.659773487600767851e-03
9.922179801115885156e-03
9.333751856275811914e-03
9.900019194879367337e-03
1.279892454499120986e-02
6.664654599091528013e-03
7.097400277009832843e-03
1.036531754176364499e-02
8.348292919395320505e-03
7.521849758282782641e-03
7.435804134110096143e-03
1.316391460286663560e-02
1.101869813951373775e-02
1.129799805060950277e-02
1.162389197041584915e-02
7.179085486308101408e-03
8.918592101828227633e-03
1.026994649501776838e-02
1.022159764562380162e-02
1.024221090013251352e-02
9.988660314626347445e-03
9.678823252773187391e-03
1.308139370233201565e-02
1.254116914482348612e-02
9.123133218224221963e-03
9.173810279049387020e-03
1.195973203821533784e-02
1.058175641873444067e-02
1.444362330890948919e-02
1.266190022389531225e-02
1.233914713570227230e-02
1.351215136091139801e-02
1.150920411973784668e-02
9.731131685590505009e-03
1.045218390451642734e-02
9.238404664641198388e-03
1.274331566687891652e-02
1.431370295402197533e-02
1.649595668619300431e-02
9.058272343138442165e-03
1.189163799565112929e-02
1.000587679464419108e-02
1.289417592758187320e-02
1.513307898682071315e-02
1.347407869789536694e-02
1.978394086138955676e-02
1.225947552739514203e-02
1.327163319026936593e-02
1.296270076342642165e-02
1.596608396532680704e-02
1.227661137875054806e-02
1.575906301524808081e-02
1.439136538735310764e-02
1.430784789624729887e-02
1.164421380682293013e-02
8.368872496645746520e-03
1.802619878165323888e-02
1.365903981670422290e-02
1.507216475689992195e-02
1.416885146111273447e-02
1.754347705304393906e-02
1.566950841544452119e-02
1.682733374291338693e-02
1.492606146203545071e-02
1.733412177550260752e-02
1.644557651436637236e-02
1.534567793100319495e-02
1.727046339306227002e-02
1.345634442630782614e-02
1.381908874390810893e-02
1.437801507119830513e-02
1.894227459370744285e-02
2.068412430225288409e-02
1.710418567401252032e-02
1.589164191272064361e-02
1.200347222593538092e-02
1.962174225184608323e-02
1.743364740213564426e-02
1.877448003426467754e-02
1.772292818904798797e-02
1.606023929792491090e-02
1.458891409184708693e-02
1.477828955556134173e-02
1.902323729079388043e-02
1.323043818613954190e-02
1.885112908208955509e-02
2.015938416673132560e-02
1.203942859367161319e-02
1.638560958065373233e-02
1.563431244405698653e-02
2.201477336600720161e-02
1.811888527313255948e-02
1.455121192819636144e-02
1.905288769480653274e-02
1.967441002873519112e-02
1.488265583462169278e-02
1.848018090600006200e-02
1.999891199133333256e-02
2.131922407200242953e-02
1.736480486285976038e-02
1.580953247198973663e-02
2.071771727137079050e-02
1.876763541406826358e-02
1.915315054183488672e-02
1.806550387895582838e-02
1.724549488711636658e-02
1.669677698625193774e-02
2.155966206145424821e-02
1.560282445759719056e-02
2.246465803182962420e-02
2.101871137513997359e-02
1.644351851984422394e-02
1.439771550743297775e-02
1.784757867432634412e-02
2.015048286691566506e-02
1.900811358743102406e-02
1.842048232687822432e-02
1.879127489045262153e-02
1.610547948489978939e-02
1.979224616619394694e-02
1.610919468487864714e-02
2.350480603398807586e-02
1.976074411373802270e-02
1.870812430834318044e-02
1.732162177214363261e-02
1.725560818251884940e-02
2.014114973969637068e-02
1.862825392487500384e-02
1.781393783251430246e-02
1.895927799649674630e-02
1.472835742415239645e-02
1.812922046276622956e-02
2.240444583173805196e-02
1.834370045878674568e-02
2.003313547483114021e-02
2.328865149868413267e-02
2.326908568558026802e-02
2.264088612101943301e-02
1.773570943492943849e-02
2.067595652099937786e-02
1.928213611028505720e-02
1.906173289725171527e-02
2.200306683854673373e-02
1.912438740252507888e-02
2.083828850341775535e-02
1.855499142430291210e-02
1.676772090880078794e-02
1.920319186929156374e-02
1.839165112557916704e-02
1.751751061439601326e-02
2.206994924922185686e-02
1.857386522548607963e-02
1.601086407811106241e-02
2.306209911836097290e-02
1.864475700251486817e-02
1.906431192624566395e-02
2.380830070903136586e-02
1.660191568296624093e-02
2.081988063422559113e-02
1.878099390041860703e-02
2.393828008156755408e-02
2.034384947404574775e-02
1.885324056592724284e-02
2.046551612759189495e-02
2.076555753434482232e-02
1.991988307424279875e-02
2.231748047597276879e-02
1.906211894085282910e-02
2.184393246102034336e-02
1.872505103463217163e-02
2.236302107860746111e-02
1.919915783836729714e-02
2.312459827478949986e-02
2.567936758052865795e-02
2.234633447230075648e-02
2.055539273003049658e-02
1.904441834826670760e-02
1.735405913243383280e-02
1.981196353810336930e-02
2.147685013899092166e-02
2.356803894561515511e-02
1.864017425300589989e-02
1.777720843258989367e-02
1.712448125100767687e-02
2.119903692998233863e-02
1.837673793295462737e-02
1.865982389743493092e-02
1.927207117143432680e-02
2.164254647469138204e-02
1.692219064852186830e-02
1.816784499462256036e-02
2.169070575851968913e-02
1.863447082938250038e-02
2.136020330825452035e-02
2.101087843990860626e-02
2.154926409181931804e-02
1.911587394670405046e-02
2.092474080430752753e-02
1.726836540115331622e-02
1.867134884308215698e-02
1.990085723800244163e-02
2.398988619805787759e-02
2.027664151572029436e-02
1.909476195433836357e-02
2.189770669224557972e-02
2.325281880915831823e-02
2.021761062340065446e-02
2.000126606179005243e-02
2.213400907103018483e-02
2.181835678020352040e-02
1.780903155673486601e-02
1.763231698832765440e-02
2.529179765132944999e-02
2.412176067402475171e-02
2.052609411893482547e-02
1.845779173286443003e-02
2.250366910853047325e-02
2.148584553728099741e-02
2.024784960194205355e-02
2.078861198736921961e-02
2.215899703163680054e-02
1.920123402689789469e-02
2.102129052731735101e-02
1.768800465242145736e-02
2.092369230959571780e-02
2.515613680325321649e-02
1.876585825272202024e-02
2.311565210894946445e-02
2.298593516572704915e-02
1.704276396638906149e-02
1.994007562923932886e-02
1.880840625508180264e-02
2.282908625834313351e-02
2.594609338279113900e-02
2.001880854576570945e-02
1.798094817349963140e-02
2.251112141494264127e-02
1.863760324718472666e-02
2.034889322431226652e-02
1.859246280634576157e-02
1.750609111290610947e-02
1.842706750954181683e-02
2.082494469148111343e-02
2.287512743648535338e-02
1.850983232027975794e-02
2.378296923121547835e-02
2.175469733272187081e-02
1.612086851955422950e-02
2.086981519164655963e-02
2.119706367596987592e-02
2.687503061259219339e-02
1.808355187689742946e-02
2.184829014206542477e-02
1.884906464717703983e-02
1.698790668005136645e-02
2.018507906198270530e-02
2.137424546088548261e-02
1.656029671371540835e-02
1.697897418035788225e-02
2.109890370175097896e-02
2.109603339879046260e-02
2.096961224937191060e-02
2.571033818049207539e-02
1.955079696805212680e-02
2.228951853521603590e-02
1.957606260541528212e-02
2.064975415441659690e-02
2.269654649839775509e-02
2.142766623312146110e-02
2.302725197263696261e-02
1.834852705430499442e-02
1.655040128403808750e-02
1.570625625221732519e-02
2.112905061777799187e-02
1.546563184232412937e-02
2.337538537312779455e-02
2.010080013535567658e-02
2.079212827696892002e-02
2.112643441620978835e-02
2.169405421778587695e-02
1.885251046638058980e-02
2.074958170135728433e-02
1.870206947526489860e-02
1.908315860514915585e-02
2.483641240548698989e-02
1.871804531475059971e-02
1.903336809070233296e-02
2.316945193349121204e-02
2.040193390998577480e-02
2.426033898735025646e-02
1.890162578241515526e-02
2.043772229966090564e-02
2.077002022342881032e-02
1.602857585408368549e-02
2.221869511926933410e-02
2.120994310120827286e-02
2.161431317611415062e-02
1.887501911942098334e-02
2.246424632690218262e-02
1.862334910382683340e-02
1.919942210082105707e-02
2.387060993724340538e-02
2.172119759918229517e-02
1.933356606797224930e-02
1.938814291408456555e-02
1.852141607493333272e-02
1.981083328958707299e-02
2.348407706974550008e-02
2.333813535598875527e-02
2.048287146753218976e-02
2.056604419081278085e-02
1.976559688787670258e-02
2.189526914422437395e-02
1.489536036144109565e-02
2.110343123293609638e-02
2.118487666275813835e-02
2.013157629018698033e-02
1.890509699514861600e-02
1.858596999795766522e-02
1.998692635733344963e-02
1.982014022044551946e-02
1.755583888554838531e-02
2.198573312278014752e-02
2.217034176139293447e-02
2.217699326132479068e-02
2.156546936947717485e-02
2.087317262266119577e-02
1.955053546404419279e-02
2.258971668917914011e-02
1.991855463104345164e-02
2.391726532392427634e-02
1.868763196687959691e-02
2.012321687977069659e-02
1.790747476557087714e-02
2.078641253056554353e-02
1.967064764337258034e-02
1.863629805724988445e-02
2.300776714089251482e-02
1.909656508793138030e-02
1.663234582916479909e-02
2.177899999387440319e-02
1.908404736969033025e-02
1.597725550280664972e-02
2.260650648265592408e-02
1.876006933834001300e-02
2.065450837584618948e-02
2.250131212407197392e-02
2.235312293978454837e-02
1.870748549410325423e-02
2.021487331938505091e-02
1.768515468161799276e-02
1.810210641593021710e-02
2.205038646750462350e-02
1.841317064442503024e-02
1.939517965406387448e-02
1.854026556157457178e-02
1.867758389297876145e-02
1.908229535814118250e-02
1.942507837481077804e-02
1.706796124821446242e-02
1.782825361497571148e-02
1.954400322691910580e-02
2.001473683661785657e-02
1.764102525867481189e-02
1.941417289513442182e-02
2.355723912795341241e-02
2.242914490269470526e-02
2.049819423310632674e-02
1.872487741865624944e-02
1.919128672370386951e-02
1.826148661815522531e-02
1.813386605923692288e-02
2.484758857159750575e-02
1.968170091341189462e-02
2.410520596993840151e-02
1.894367545554572277e-02
1.895529696317218779e-02
1.814235613564036190e-02
1.974509167595566925e-02
2.458445298330199508e-02
2.067068212037324881e-02
2.252578624950444044e-02
2.052007663342721513e-02
1.998127211034473813e-02
1.840274419198519029e-02
1.646346357739631588e-02
1.651743854652787738e-02
2.383733552745126785e-02
2.065680953835491787e-02
1.630429363506955345e-02
2.331250695446711318e-02
2.183975646143411151e-02
1.996645024039239713e-02
2.078907748686925280e-02
1.867008297105358927e-02
1.924967766914500653e-02
1.842521181945460176e-02
1.863617925078922544e-02
1.820587353575560050e-02
2.118860895408516617e-02
2.158097516236934243e-02
2.065262623480009982e-02
2.063471995889494884e-02
1.793372446250473748e-02
2.056999466691606868e-02
2.016444598080644954e-02
2.501761382887403989e-02
1.940463990708054046e-02
2.067040042042813525e-02
1.729475241045993691e-02
2.038524127135922168e-02
1.940579498057922597e-02
2.595277375837774791e-02
2.306517083372884233e-02
2.170098014635090874e-02
1.770334882187657444e-02
1.909167259124536567e-02
2.573424811385108257e-02
2.186776743886445842e-02
1.943781130290806944e-02
2.183972082110402849e-02
1.867274752976204669e-02
2.104227224496726945e-02
2.106107416037522953e-02
2.314932491133939521e-02
1.896973410173134755e-02
2.433716347583889800e-02
1.956754290475009456e-02
1.625437733553764322e-02
2.352916107029954379e-02
1.727767169221989391e-02
2.068772653778195789e-02
2.138143216401928656e-02
1.788195844684235813e-02
2.087131230527308409e-02
2.163350398836095048e-02
1.735849624605827202e-02
2.021327908193461600e-02
2.104156951520642221e-02
2.067459276594272796e-02
2.090838735793728101e-02
2.188757579136992384e-02
2.139988226269328928e-02
2.118092841385242273e-02
2.735944608320780083e-02
2.118720832231586748e-02
2.186600228972074636e-02
1.730533852916208912e-02
2.158928152604601761e-02
2.142178541055112309e-02
1.888884259034113652e-02
1.642003947566834238e-02
1.883728213192595313e-02
1.865363392125815936e-02
2.023078950513195959e-02
1.971021989542690034e-02
1.816848978859417901e-02
2.181267545629967525e-02
2.078955936513268363e-02
2.512793745646496948e-02
2.102425073925423896e-02
1.932511139104331477e-02
1.900444607018915433e-02
2.135238833169002953e-02
1.947942959862808410e-02
2.328384066698436713e-02
1.869937983855346486e-02
1.969151780801493487e-02
2.649832628071590798e-02
2.078536410153703634e-02
1.742823810134497969e-02
2.075198800176756425e-02
2.046902370741843571e-02
1.916818733126914032e-02
2.048469413169527742e-02
2.044241345790846071e-02
1.790150680028684133e-02
1.924826453284019662e-02
1.918543890452563405e-02
2.080777335135773967e-02
1.759755632455193078e-02
1.877220014200429998e-02
2.081402053546046668e-02
1.929005962335534133e-02
2.021302792755053784e-02
1.963332464663003832e-02
2.288039653280108179e-02
1.956928332183147101e-02
1.937163132423115261e-02
1.868763626176428785e-02
2.572433292202904592e-02
1.613096626866882682e-02
2.269333444144137901e-02
2.137315371420591206e-02
1.870740206597790514e-02
2.062715000175726829e-02
2.211326294084832791e-02
2.468213365029291520e-02
2.274004165184433796e-02
2.004690609106558885e-02
2.264038838213066826e-02
1.819323313179562959e-02
2.021572132292104307e-02
1.902388319002092792e-02
2.254247008095355484e-02
1.927533868518327767e-02
2.131250975118553770e-02
1.857906373794644336e-02
1.868360877977691403e-02
2.202668625511666756e-02
2.204930566712414580e-02
2.106478286833731589e-02
2.126481168724968923e-02
1.739612093027212772e-02
1.615705494842819070e-02
1.733692763817048371e-02
2.179767584426275592e-02
1.906968771471235363e-02
1.906081510079497485e-02
1.553792446236829800e-02
2.278313888845472091e-02
2.158073110085204083e-02
2.223666245284008913e-02
2.312768746293675931e-02
2.197023542175089578e-02
1.753797764978281756e-02
2.039270689759095645e-02
1.984642463060195747e-02
2.167147515080958611e-02
2.531186454608719619e-02
2.234499229449130042e-02
2.472724712551125845e-02
1.883140405631337014e-02
2.087305276805448070e-02
1.628598966203649925e-02
1.799020729872254434e-02
2.117126920305553717e-02
1.948836549759353984e-02
1.747711480385326366e-02
1.949736866340916197e-02
1.945493217902140998e-02
2.215763797807975694e-02
1.646253172989418229e-02
1.920329774293246319e-02
2.094353106636892559e-02
2.012117687640675029e-02
2.106464026711118293e-02
1.782822717080491046e-02
1.796462867587782231e-02
2.180052267618285550e-02
1.725210395334978233e-02
1.704859595169794587e-02
1.927886383587658695e-02
2.304810082052527465e-02
1.862259785378827734e-02
1.849218758199046297e-02
2.005969801240142097e-02
2.040140285197458020e-02
2.149583898785184521e-02
1.657027699484414640e-02
1.862950679261485623e-02
2.018891541138263454e-02
1.558162889273303868e-02
1.773690256917447722e-02
1.684352440201198134e-02
1.770074684329777867e-02
2.238677477143550740e-02
1.902976568920998826e-02
1.527605674299499332e-02
2.049876011886130750e-02
2.380441319951090429e-02
1.940560577097306949e-02
2.185368532804657024e-02
1.746269120332751001e-02
1.970961382198868975e-02
2.193605039576657090e-02
2.148765145233658483e-02
2.103296798622933395e-02
1.884334296186811891e-02
1.873684418489969528e-02
1.690118402531975636e-02
2.141433470001833511e-02
1.840822285098190139e-02
1.684231922465806788e-02
2.375622788585973061e-02
1.987673456129428542e-02
2.015009140838639953e-02
2.025363998483817318e-02
1.868924406242923608e-02
1.966110612577881556e-02
2.186032023103744171e-02
1.846666706024998120e-02
1.756996004557843938e-02
1.955077284063139534e-02
1.781681416809011154e-02
1.659220742276418595e-02
1.851420331887698029e-02
2.165469776052342948e-02
1.788672399161264290e-02
1.956228773848382729e-02
1.646770869702928256e-02
2.048727627654767583e-02
1.970669259356013989e-02
1.926417318679621293e-02
2.167383537562436388e-02
1.811652064244612809e-02
2.428393142199874663e-02
1.646863475700318866e-02
2.066062927576982691e-02
1.921403803130582871e-02
1.727005646300713154e-02
1.611751104696401357e-02
1.854819182650170942e-02
1.978805107794402718e-02
1.714907040075189237e-02
2.213064641031176061e-02
2.171328703113808642e-02
2.596519191440212898e-02
2.041182818766242718e-02
1.820181862409622417e-02
2.180760789938662736e-02
2.008601905576859123e-02
2.001820278932005953e-02
1.437110225427219203e-02
1.740060769423367945e-02
2.010500437307975383e-02
2.349830769374560216e-02
2.343868310664580859e-02
1.915980544514022527e-02
2.037236025241110846e-02
2.239107051920601749e-02
2.069293636930270158e-02
1.858809823996310923e-02
1.895087487123916711e-02
1.359341993644899022e-02
2.001234573646952508e-02
2.210313260068642177e-02
1.974347566496292491e-02
1.730991498435491271e-02
1.953632951414767394e-02
1.988950257832796872e-02
1.850924862654723668e-02
2.351585408519548531e-02
1.782297079180742219e-02
2.342247988012274504e-02
1.863754254915349004e-02
1.975209529914159073e-02
2.092167091888686228e-02
1.805142493205944693e-02
1.849251279213941918e-02
2.000821107175077690e-02
2.342604316838555606e-02
1.619767024119736845e-02
1.851855590991639822e-02
1.992689613468901291e-02
1.946314354051528750e-02
1.888089047300123974e-02
1.748826281496965521e-02
1.876112129660692865e-02
1.908770968702556622e-02
1.743876433811376858e-02
1.702108634724329439e-02
1.807743372788947131e-02
2.206246778311013804e-02
2.062007291897533998e-02
2.374711098618006652e-02
2.004833802552784261e-02
2.057535277400900087e-02
1.676520179284975154e-02
2.204434810481271240e-02
1.933983083304415332e-02
2.374813402202156573e-02
2.163548883796235361e-02
2.264143798244498684e-02
1.813813498121428364e-02
1.801796391499651748e-02
1.880903238419251791e-02
2.496716469225852830e-02
1.808805535218250757e-02
2.001217119368818229e-02
1.985648110261773597e-02
1.814910482565359681e-02
2.055202610540732971e-02
1.927862695122018258e-02
1.974635276936044515e-02
2.063662315679076070e-02
1.619046040363648215e-02
1.933400205181925666e-02
2.392868609680368075e-02
2.027700881860516544e-02
2.260886127715323532e-02
2.254570400086516532e-02
2.174529158371616908e-02
1.742630832819140954e-02
2.203943112445842789e-02
1.933987310305673030e-02
2.447874716925753716e-02
1.977193311437019235e-02
2.166777204463537360e-02
1.881676951294117273e-02
2.309340353445456934e-02
1.931057957757892005e-02
2.104895200670164543e-02
1.721514672731869200e-02
1.844315894378214041e-02
1.977041226547630870e-02
2.148156913103826948e-02
1.698312291797050150e-02
1.974213056626143714e-02
2.193600180366914523e-02
1.983975689584752122e-02
2.005500381450904882e-02
1.892072427849826599e-02
1.838989944760789294e-02
1.857224763743067081e-02
1.785351080257965503e-02
2.104100320649955613e-02
1.817199426566805040e-02
2.792312860381881284e-02
2.063676339876316032e-02
