1.461688553880541525e-03
1.619591346796346283e-03
1.584418367737461773e-03
1.200576818331775247e-03
1.437564056798093255e-03
1.023893149584287777e-03
1.150759107270273073e-03
1.518165547755794204e-03
1.314736499290127631e-03
4.886699639679407958e-04
1.227787328127852946e-03
1.056881663822615766e-03
1.326930928382935452e-03
1.539390201782358256e-03
3.501970009966561622e-04
1.167137066264503382e-03
7.578024530823252586e-04
1.231405004435833081e-03
1.008512219352798549e-03
7.430637348826813707e-04
1.207309473712169477e-03
2.420867436638630358e-03
2.165621215971341891e-03
2.003626380402385911e-03
1.082710578062579540e-03
1.480412208598566549e-03
1.273516995167179927e-03
7.807114218565471041e-04
1.167863035999881132e-03
9.513272229998870778e-04
1.580794560235369330e-03
1.940963089893900026e-03
2.087445435582307475e-03
7.503648195732523637e-04
1.266222308091318090e-03
6.725815947878652310e-04
1.220998790351885983e-03
8.051685452245344521e-04
1.030720260359295698e-03
2.010161529325003426e-03
1.830308587225518537e-03
5.675625572322748336e-04
1.133458113625900737e-03
1.547381465963898126e-03
1.252565609605290698e-03
1.424695379691086859e-03
1.816261142317540786e-03
2.041908479111245733e-03
5.166156543073045174e-04
1.860367967645005713e-03
6.402257702863116406e-04
9.524481229756533683e-04
7.822474396336781153e-04
1.599136306457996917e-03
1.725967220347008994e-03
1.259464226357557984e-03
1.205622671612749516e-03
1.484153535893278312e-03
1.006863083010286564e-03
1.416177620920908674e-03
1.178096859138075140e-03
2.261117412643115412e-03
8.895381984760078117e-04
5.162896522653554051e-04
1.258610078165996746e-03
1.320693306965806243e-03
1.892841256439984840e-03
9.980936595978648525e-04
1.656213059371480951e-03
1.646312647125072097e-03
1.265094776845185212e-03
1.146820677479635110e-03
1.620574181758225717e-03
1.232624977411067536e-03
1.562970338351736283e-03
9.190745898358751052e-04
1.979076933479507854e-03
2.634054977489679733e-03
1.611885864986750162e-03
1.799998062836933709e-03
1.302198749339260418e-03
1.584956564579884791e-03
2.364744195768004459e-03
1.541249055786114621e-03
8.064221132314528580e-04
1.346553109445367599e-03
7.185275882099703693e-04
1.827592080428270009e-03
1.953252936352942604e-03
1.450929876558416888e-03
1.158005198822726440e-03
1.605884594949866196e-03
8.924858259464051730e-04
6.927027676623053690e-04
1.062167460264031894e-03
1.972010867461495599e-03
1.396093774123696729e-03
1.946196364042511711e-03
3.033516122647083452e-03
1.357644020889638842e-03
1.281281042200100619e-03
1.712518408131850261e-03
2.653691702710929607e-04
2.503616400989167393e-03
7.340866817484329940e-04
1.196842580207211747e-03
1.109745985007981302e-03
4.267311813568880211e-04
1.705789468253414431e-03
6.281336948836509573e-04
1.458953720250144494e-03
1.601234972195424633e-03
1.094310279941204363e-03
1.404001429379566398e-03
1.281077047306754474e-03
1.202931156410095778e-03
6.817424718258049271e-04
1.138566755198773452e-03
1.149072009003309931e-03
1.582116215745482625e-03
4.319830068468238763e-04
1.901667685901390920e-03
9.104239951480527695e-04
1.396276399446574022e-03
7.282033948535529240e-04
3.254830647542820152e-04
1.337710208105598493e-03
7.936920211695878144e-04
5.514231414521251822e-04
1.010806623242626505e-03
1.276754560155100859e-03
5.430271009284611894e-04
1.726438096166447696e-03
9.011932842622483999e-04
1.521000588334337844e-03
1.167177025330219187e-03
4.435993189593155899e-04
1.190716593125319992e-03
1.463701389522362910e-03
1.160845450652732121e-03
1.344870536284556439e-03
1.647688398616413766e-03
1.884812873486203322e-03
1.866926459586555750e-03
4.309473858042396220e-04
5.296801179733509612e-04
1.372657614717535121e-03
1.764964990678750132e-03
7.636348202744669628e-04
6.662382075560531686e-04
1.352071254371870835e-03
1.238333305608172114e-03
1.431095813120241995e-03
4.812449682645003461e-04
9.790157595761341588e-04
1.289655875304131704e-03
4.744184283633306977e-04
1.760406895365209876e-03
8.241601764886656925e-04
5.593568593100421520e-05
5.714747991701325065e-04
8.643367796961776844e-04
6.304944590202759972e-04
1.039271921358422748e-03
8.141155150208883706e-04
3.606094476353823909e-04
6.390091152981073859e-04
8.848677483300330417e-04
1.300062728397293702e-03
7.179450097821886206e-04
5.606226801935004013e-05
1.493310421524954128e-03
1.362301438270575437e-03
5.706630586262984852e-04
8.627201491276418558e-04
2.258306406074704425e-04
5.583344795895923886e-04
7.887522494756626619e-04
5.985808871227188497e-04
5.127103504482035399e-04
1.630676301406072150e-03
4.321529677159761918e-04
4.336822205057292486e-04
8.696814577670735659e-04
5.572798654106924775e-04
1.424907869109641890e-03
1.134900096469951703e-03
8.547764379145411260e-04
5.966946691705200378e-04
8.892230674172852626e-04
3.487907352088019056e-04
5.735798357720937359e-04
1.284641242978270311e-03
2.062007060973416453e-04
3.021599434417781291e-04
3.357389123194561226e-04
1.422596671779180607e-03
1.557561539614680688e-03
7.386336573342883877e-04
6.354271881404227693e-04
5.912556251583039792e-04
7.507913964228638297e-04
2.657055057952139037e-04
1.303568414883295753e-04
9.387660673248590703e-04
5.360079927738644386e-04
2.937054755121765171e-04
2.904295748121157460e-04
1.940832403909170840e-04
1.246600535872623454e-03
8.460082927400048528e-04
3.296490590388977408e-04
7.793448449957947550e-04
4.522129981084714828e-04
6.886005191941229567e-04
3.870875027556871140e-04
8.581247585580185216e-04
4.614839236795731489e-04
8.201612902252169296e-04
1.178913394605707234e-03
5.404215892526739121e-04
5.606732798253789363e-04
9.771546757886572822e-04
7.534462678456061097e-04
4.252342290790647739e-04
2.734752936516987891e-04
6.121141114830704706e-04
4.891007192477083104e-05
2.678094326806193981e-04
5.050178691788123316e-04
6.996891550730230825e-04
4.726870958233782131e-04
2.199907000758624198e-04
6.242663223756708115e-04
5.056903294511219194e-04
3.243929223129925747e-05
7.225111737807291814e-04
3.232588271505413527e-04
1.422138251399503465e-04
3.309677626320165563e-04
5.487099723989626553e-04
1.101877406561404572e-04
1.096907651868209849e-04
9.802275093130495987e-04
5.449609752934724341e-04
4.150678458510044478e-04
1.268451652130221598e-04
4.565645324494143806e-04
2.762978051713722849e-04
6.784904777660397471e-04
5.854029226823662243e-04
5.971137969635531486e-05
2.382129259003080204e-06
1.451775024693857887e-06
2.745235190332108747e-04
6.944765584510805413e-05
2.660642323196484829e-04
1.095877131367248335e-03
2.083112558535444919e-04
2.430327040177290290e-04
1.493706890005818636e-04
5.557515123221326873e-04
3.620361548543692782e-04
2.083705251128023744e-04
1.552396203203018209e-04
4.453488844064315316e-04
1.877851834938861473e-05
2.379494537713745285e-04
8.865985382905356782e-04
2.948749344439423456e-04
2.197833260201433969e-04
9.000690386656840219e-05
4.378524857936582656e-05
8.030167444938568263e-06
2.566476098925036717e-04
1.064763007545967144e-03
3.376846175776645055e-04
1.638892854906976132e-04
2.124503464661615759e-06
7.294952000631064090e-06
8.540405407781382545e-05
5.208392091117225583e-04
5.039219572094177967e-04
2.681113473664940370e-05
2.191501786673654220e-04
4.615715132632726794e-04
2.599840422051621114e-05
4.597290613548602140e-05
7.156003877870417360e-07
1.461767227743109195e-04
1.601057465409730824e-05
2.230672273299196700e-04
1.953295390465463043e-04
8.952121593055392668e-05
4.334692267503426435e-04
2.931869888943219198e-04
1.958581362732912158e-04
6.584948693617369040e-06
1.772291807056346397e-04
1.940312200503984685e-06
1.652916371705527836e-04
4.145789887807117412e-04
7.123543893499339162e-05
4.544584524815974293e-05
1.439833330419304123e-04
2.514067535482920277e-05
1.467690270516608419e-04
5.727092067510090081e-05
2.760016294839395449e-05
5.422501877361497670e-06
1.453286939793071953e-04
2.451720360891335905e-05
1.803844967318329797e-04
7.467373135686044888e-04
7.168866812051271308e-05
4.998382775784079255e-05
6.231752693322600628e-04
2.366849163273569278e-06
1.035549079987491513e-04
9.453733360360294636e-05
1.283331104623513260e-06
7.247014288380928058e-06
3.617838405713318475e-04
1.933166613390432180e-05
2.720527670302188032e-04
3.388265524378771394e-05
3.549360523860035395e-05
2.830013324002905300e-05
1.058749330010480223e-05
3.892831492781634927e-08
3.119959789627477502e-04
3.831951349237810436e-05
1.764805257856169672e-04
1.773034773337078449e-04
2.618582182041085489e-04
4.850666311200344145e-04
2.395724037116511886e-05
7.599682053183630587e-05
3.411914645843893985e-05
3.105749939652966102e-05
5.498192083647608900e-07
5.463373127179468853e-05
1.821518461263380191e-04
2.230651637536967390e-04
1.053101956893213212e-05
5.553580773316507175e-05
3.761938385164300997e-05
8.298994536267001042e-06
6.096329789106315442e-05
2.414128803150295433e-04
4.743965344616708899e-06
3.877482677557931928e-05
1.611382528771593652e-05
2.721054543143743231e-06
5.878084212082988480e-06
1.063506769104406740e-04
6.728073046229397043e-05
4.242364215662479290e-04
5.437003839081518797e-05
1.795376968954074423e-04
2.900717727353634625e-06
6.261907979673477637e-05
1.373852158748554671e-04
1.427819894872779216e-04
5.028355045215748739e-05
3.954307833335176531e-05
7.880254750580217881e-05
3.570600726614281710e-04
3.663400505922574284e-06
9.003409971839961999e-05
7.503415488186929460e-06
2.423486701335573199e-04
8.256649218161018729e-05
6.174532828207989106e-05
1.570338700556184293e-06
2.051993023290960417e-04
4.380054495037621388e-05
1.811478905006711599e-05
1.414634047982312244e-05
3.680822727956590586e-05
1.627498670539532491e-04
9.322913032216821605e-05
1.754697043881553984e-04
5.352678085352123064e-06
5.124951888344085642e-05
5.471504179491563946e-05
2.993286513462358627e-04
2.600806513413574128e-04
9.167651960616739985e-05
3.730066045268073694e-05
1.952451688619370930e-05
4.558798984259913753e-07
1.772855916930286466e-04
1.475548269051136576e-05
1.352023833783161146e-10
1.414027516214124336e-04
1.501061765953460454e-05
4.810647912622519556e-06
7.024728430115456368e-06
1.642674311898101251e-06
1.344170214471858901e-06
4.441232280887061692e-04
7.523922860684797757e-06
2.724497774265545694e-05
8.427031445058141336e-08
3.182936143125544219e-04
5.682947821104003598e-05
2.381126899585223760e-06
1.893962689337467327e-04
2.979265001022883774e-05
2.965452669581899739e-06
1.076325013626594122e-04
1.698680256280341396e-04
7.856785117796030390e-05
2.162363542773485161e-07
1.794806740851119167e-05
1.386118513568356068e-04
3.871909049603280669e-05
3.079676221863931465e-05
1.737775607387070676e-05
1.683452140676608568e-05
1.321365054776093128e-06
8.618841401964851619e-05
1.609581035775508597e-04
2.930533931437200810e-06
7.141661083465212817e-05
1.370544661377529952e-06
6.608846140536844295e-05
1.844156545567712270e-05
2.577453908487943352e-04
6.140143949944059679e-06
2.452818178515500723e-04
6.341301170275886646e-06
2.912344348315684932e-06
8.140486179135344362e-05
3.726020959701309117e-05
5.050259052354865835e-05
1.170145699737773548e-05
9.286925275996354127e-06
2.415669578646243397e-04
3.856558387707393536e-05
6.467945344739270632e-09
3.007485345853983631e-05
3.760147434842848476e-05
5.882618618879690091e-06
1.176510032295849949e-07
6.937102011610979929e-06
1.295435114577968532e-04
1.502192592252922356e-05
6.520991882682151779e-05
8.871179218577507906e-05
8.494664388896460021e-06
1.619481025972994460e-05
6.600477732854923760e-06
4.412160440848188832e-05
4.983049647089557097e-04
4.167866759954944687e-06
4.108472027590480210e-06
7.583429482674480588e-07
1.273828275012919876e-05
3.261867659837996199e-05
1.895740493828108480e-06
1.541332599475032756e-06
2.450405393099207220e-05
4.185867372381263859e-08
3.032851262865250748e-05
2.885667316005871059e-08
1.094331525671548807e-04
3.048357288613598210e-04
1.395052610020527614e-04
9.069619992137171107e-06
1.083794897802467918e-06
7.088202977315351487e-06
1.023625275332563691e-06
2.022704736294520843e-05
2.351793574019837331e-04
2.585669762537758641e-06
1.689760088949932655e-04
9.906264605682957592e-08
4.066832019942572301e-07
1.335957001469746961e-05
4.000266875876513613e-05
7.823412606925701679e-06
2.978913078571283511e-05
2.951996553255488553e-05
1.608510247724375146e-05
5.522200326176866363e-05
1.911907930339320518e-04
2.502207219647615199e-05
8.794258453943880764e-06
6.316203746655243951e-06
3.879092885030165907e-04
7.809385224385288087e-06
3.528029413468773749e-05
9.324297228543560704e-05
1.128332343501389534e-04
3.712381729276707440e-04
3.690877269575353861e-04
6.109191009087390706e-06
6.472620006508161768e-06
1.648183495634174779e-05
2.883916603528127051e-05
3.466942293948459172e-05
2.915792047662664780e-04
2.087239738134100510e-04
3.000366938244124182e-04
5.735779080574326585e-07
1.041169041830430713e-04
3.856684120825140211e-05
1.370067225755306891e-05
1.188297330844862056e-04
2.553889665481956569e-06
8.416117487967840483e-04
1.392186925935365934e-04
2.799474911513531372e-05
5.224694770689646429e-04
1.298555500247949249e-04
2.617171260568444484e-04
1.521420388378307324e-04
6.962478785954866103e-05
2.605564170760849897e-04
4.165948525942161641e-05
1.129689363885306590e-04
2.271251146218796466e-04
8.776201144334697969e-05
3.562190850145387699e-04
2.655717576245358977e-04
7.799629435048615440e-05
1.473258002066192928e-06
9.707683835892963128e-05
6.233571624610729285e-07
2.242064443073992636e-04
5.082977176317486921e-05
2.284592666632452124e-05
9.191607377466547298e-05
5.564312539852420169e-05
3.938240554582854409e-05
4.601006660573757769e-06
6.900026540667466762e-07
5.114023557580416583e-05
1.767726494061708817e-04
4.292077308840695670e-06
4.912742999532692398e-04
1.526021304831570350e-05
3.497964240260350243e-05
2.587245634465866408e-04
2.408961717951420419e-04
7.793265983786808594e-05
1.662279291853585854e-04
9.817270665130818272e-05
5.815573423564008264e-05
3.793855316824111404e-07
1.080709689207572669e-04
3.227678031667865723e-05
1.423704487580423168e-04
5.944827298779843363e-05
5.826985397762966004e-05
1.330061062330098328e-05
2.312511807062571400e-04
5.165200349803623784e-06
2.083900214467926404e-04
8.064671302449785006e-06
4.904384097577492895e-06
4.341758735662545365e-06
1.064164865064955566e-05
3.155316917717251608e-05
3.660580611558950700e-04
1.257960552216711042e-05
3.296149244715561029e-04
6.402143037519480800e-05
3.302636385188976461e-05
2.606585488447096268e-04
3.361534563718807751e-04
4.221477066282156254e-08
6.859088355507581599e-05
1.349840478529712741e-05
3.731525319569204427e-05
2.841390739307268813e-05
2.814841086167402397e-05
2.859018572440245306e-05
5.397113763437842783e-06
3.005401554117793309e-04
3.161720888447648050e-05
2.137924074009223870e-05
5.681690085411770846e-05
6.625374979025317748e-05
2.062619339388992623e-04
2.705560996950485248e-04
3.093279595866121846e-04
3.403347385101343102e-05
8.505380032045537495e-05
5.567727531018883342e-05
2.823594160563096690e-04
2.805527821220483260e-04
1.248287553860098786e-04
2.767637537109405407e-06
1.209802893555045503e-07
9.655046762767011473e-04
6.451616207355899077e-05
2.924960564060540892e-04
3.604721246302434141e-06
8.828240182622700222e-05
1.168902048820273464e-04
9.883916030622313682e-05
2.648210625376749043e-06
2.420828686138892750e-04
1.535159384100856235e-05
9.026463778359383218e-04
3.631900050088935115e-05
3.015631594933017843e-04
9.352552806977560708e-05
1.370668203039802923e-04
1.243874930301678801e-04
8.804639580382136240e-05
1.664095612058227211e-07
8.633190089395803644e-05
1.847461268727824447e-05
1.314186379546982721e-04
3.605734203699955320e-04
9.654853021508792439e-05
1.698949321416678591e-04
8.956401756826427873e-05
2.180084901000581157e-04
3.636305552839979682e-04
1.090111189534684983e-04
3.767131358919929130e-05
8.979450973279861476e-05
3.087005200374913364e-05
1.285372053252961460e-04
5.329265662447935532e-05
1.531487452227964815e-04
3.824296837918383853e-05
3.673700883620194306e-05
7.181433643645550465e-05
4.573253449627539624e-04
2.747652910092387903e-04
4.391314968389154079e-05
1.279221160317080923e-05
7.091215107600272927e-05
8.897752329145454975e-06
1.145636180957663493e-04
7.876580972891909717e-05
1.641677226530791436e-04
6.215265106108508681e-05
3.362317883100383810e-05
3.517477015420141835e-05
3.755893226547536349e-05
3.003086505515776671e-04
2.488730501780747357e-04
1.914753391177291292e-04
3.151805204601927396e-05
1.659504641596159908e-05
5.908336528503038324e-05
1.154137435929327160e-05
3.863128223095918762e-05
3.918013199651218466e-05
3.990232603208423610e-05
1.094144283971487756e-04
2.083685975522269189e-05
4.272771561314641980e-04
6.715797380147736986e-05
9.951346265409493339e-05
1.401320836679435377e-04
6.909611173198422366e-05
3.650450336275811331e-05
3.743870063476676768e-04
9.202809473747671409e-05
9.912454644560583103e-06
2.044868506468009166e-04
2.843747673235571768e-04
5.928267273655758295e-04
3.332526339274075023e-04
3.410711539622107252e-05
6.743423950626003117e-05
1.252471341480924168e-04
1.530903482585578286e-04
8.847360057348515390e-05
6.568936782288276196e-05
1.308004716864505129e-04
4.354006299915690156e-04
6.003521043279302070e-05
3.340007306978030324e-04
1.564044093186085370e-04
1.842276264982106669e-05
1.179100457411577836e-04
7.525180108254157970e-06
4.432762496680262053e-04
2.506020727294857339e-04
4.566357651561399398e-04
6.453262792839732209e-04
1.056453509364440441e-04
2.086415449876665102e-04
3.837764779133823911e-05
1.278704008878331366e-04
5.841305263815777362e-05
2.283082539865238735e-05
6.357266343854458721e-05
4.477391188890119474e-05
4.915508624737466585e-05
1.127391422715471074e-03
1.346260384354114197e-06
6.596230600226535241e-06
7.153567345505890281e-05
2.467479382740007726e-04
2.566118378897030549e-04
2.118550513861152762e-04
2.521418345839719155e-04
1.146585624472928406e-04
6.388844705464486384e-04
6.951533889544061215e-04
2.525804958500902579e-07
1.309101681115412675e-04
2.539000618289973714e-04
4.714357261816145038e-05
7.950095004651976625e-04
4.778787154314210767e-04
3.129437409593775559e-05
1.007302090503741924e-05
6.648775144028657901e-06
3.152953654160603079e-04
1.231822216768571691e-05
1.380859031775934817e-04
1.038206698153378540e-05
3.011334257800461268e-04
8.236175254367140075e-04
4.241122445385702008e-04
4.869435070669821423e-04
2.256140047754982326e-04
5.330130059878837058e-05
7.427428313020503206e-04
1.340079578651977830e-04
5.693397534663484274e-04
1.287091240980223284e-05
1.777563876044539824e-04
3.079152360162018846e-04
6.177797696611957200e-04
5.733407598889224931e-04
4.300986278179723746e-04
3.087251718298673203e-04
2.994085631600095962e-04
1.277998217880702383e-04
3.416216104256957365e-04
5.487357734939594858e-04
3.217583682096974648e-05
6.894696476334626036e-06
2.401565066712314691e-04
2.568883232292924908e-04
5.777192421821129896e-04
7.938623817390339345e-04
5.474269959311656348e-05
1.021978256308450611e-04
3.887812928433168600e-04
9.315792149445230699e-05
1.646304886452826038e-04
3.944917091982149498e-06
1.106195666085369237e-04
1.204397020763616584e-03
2.625613820205265701e-05
2.551627640805174653e-04
4.068576112541961553e-05
1.324599622060865364e-04
3.327292404761601763e-04
9.667057227347472341e-05
3.350117972084635989e-04
1.033031842273927905e-06
8.007549948549857024e-04
4.481558138822829061e-04
5.158544993937923219e-04
4.133541565370635578e-06
1.173515202627731619e-05
1.261718027956410935e-06
1.609450920006744786e-04
9.039920646987366847e-05
7.487314896529353699e-05
6.694791967578671928e-05
1.330722481347442539e-04
3.913880354298756139e-04
2.436620653497068869e-04
5.663916429445491009e-05
1.437523580175138305e-04
3.843087062040263357e-04
1.449149140727523872e-04
2.791970244225395288e-04
2.753448476910997267e-04
3.703512703984717801e-04
6.082954063827221810e-05
6.467271036658191631e-08
1.817765728336840405e-05
2.825005110142457120e-04
6.938803049706679317e-05
1.035409230277857058e-05
3.262882850776101088e-04
1.392615862774129626e-06
2.137508855803299794e-04
3.134871419646662483e-04
5.890082952081258981e-05
2.336060984242798204e-04
1.230586142378625584e-04
1.998309499697885588e-04
3.163212950780333469e-04
1.683128680334609710e-04
