1.401739113030453640e-03
1.942456087117898139e-03
1.432698424398150998e-03
1.183583626378290152e-03
1.796304636101815188e-03
2.211389290891005530e-03
2.112148272859866102e-03
1.093391385063911293e-03
1.235490539485743517e-03
1.844711498111866388e-03
1.213349610436083477e-03
1.184984705946904703e-03
2.292170441744846056e-03
1.512928239112780546e-03
2.991190360177284607e-03
1.781408659943173409e-03
2.173881142227989272e-03
1.519285701463067963e-03
1.399685777167762992e-03
5.304041769061278210e-04
2.142190275907257524e-03
1.862762272693869016e-03
4.040324313328944039e-03
1.637592101596075517e-03
1.889844486906361049e-03
1.906581969095419871e-03
1.872771533531648403e-03
2.641255142565724755e-03
2.602478985644611584e-03
1.806174021774354472e-03
3.180511425754805124e-03
1.311446240217359425e-03
6.144277790713387633e-04
9.779171223566311428e-04
3.847461124333808810e-03
1.497606664186639999e-03
1.913371506978322036e-03
9.802339293724442962e-04
1.949933152503119339e-03
2.490036490965084719e-03
3.306370568417209017e-03
2.010623776938410753e-03
1.836772889830895353e-03
2.231620298222445568e-03
1.699706892512891331e-03
1.959982675371165980e-03
1.954805411372448256e-03
2.295786065488061335e-03
7.957550668485874161e-04
1.448470323970851110e-03
1.856818808387640778e-03
1.664970148888398564e-03
1.700869302519324730e-03
2.288664139927776113e-03
1.356708692374444759e-03
2.021580555316953264e-03
5.595375698171183281e-04
1.119881664549719161e-03
1.568839371347438300e-03
2.388742354056411481e-03
2.827927372763257806e-03
1.767562872712113596e-03
7.214000498502560555e-04
1.399007803749475250e-03
2.480106685392436099e-03
1.979649663100815568e-03
1.747098376450148711e-03
1.718377734070006485e-03
3.338906103948392420e-03
2.024007080573465411e-03
2.154746967506426889e-03
2.143183028568937908e-03
2.736040143756855725e-03
1.688026769671799191e-03
1.106027335398180895e-03
2.807301555760019062e-03
1.988446911178310805e-03
2.297285255696758510e-03
8.542803928971869120e-04
2.791494111242657714e-03
2.845967712462782375e-03
1.715532302819650513e-03
1.445621031114343756e-03
2.341217811435918929e-03
1.272005694324245114e-03
2.520221069952154752e-03
2.606899322397318239e-03
3.023663074171431368e-03
1.957072217064121690e-03
1.653613079009935705e-03
3.058132250086999585e-03
2.781447927907499361e-03
2.738947101352048972e-03
1.487448848335669880e-03
1.468089515184415857e-03
2.595410779631511511e-03
2.269769665931786317e-03
1.469535132348876979e-03
1.704482995605518603e-03
8.365815694769900652e-04
1.992485827885994570e-03
2.205513005934647396e-03
1.642453133757548972e-03
2.634696358408932480e-03
1.855251646620398971e-03
1.680178748909557035e-03
2.919416664989696753e-03
2.029378033507516291e-03
1.028034695009215262e-03
1.597614209254657027e-03
1.581276838981997973e-03
8.055469585856462732e-04
2.302085457859302277e-03
3.290654527656848832e-03
2.839215195801465287e-03
1.447460611871055148e-03
2.516010096149161931e-03
2.139843514391642342e-03
2.148409838533418045e-03
2.647258122450557929e-03
1.397452199263028803e-03
2.591268282561172680e-03
3.197729797601005924e-03
2.946382734105760983e-03
2.115501099647086256e-03
2.414397507090818538e-03
3.752111228940340458e-03
2.673113420005205926e-03
2.094180142541667445e-03
1.584116303769946910e-03
4.444268806091690276e-03
1.993052890620650944e-03
2.546291313385721459e-03
2.487585354223165613e-03
2.496258709186139832e-03
1.921018325169430259e-03
2.196608822293932232e-03
3.425305596933767623e-03
2.592462607091474986e-03
1.437411652631521942e-03
2.767695658716842061e-03
3.130180927220137677e-03
3.883115682143665690e-03
3.436982255219662129e-03
2.909326826301829316e-03
2.679572397185751593e-03
3.671868468751163326e-03
3.386968312160391036e-03
4.229559362688605634e-03
3.843715428571445412e-03
2.643590259463673986e-03
4.753499641758212983e-03
3.088933727271168071e-03
4.012308010307269815e-03
2.729939595668022523e-03
5.518881259545352878e-03
3.354262677992022983e-03
3.381145279135351015e-03
4.363650754940396823e-03
2.563498093578683423e-03
4.103664754770951391e-03
4.071339080506600726e-03
4.671501178522102261e-03
3.992308300638626808e-03
3.077831333935319123e-03
4.850858454465591454e-03
4.701359493222803318e-03
2.724893351204252245e-03
4.542133699019767698e-03
3.308805326188388098e-03
3.308565307461594236e-03
3.985235704304114328e-03
3.733372949638249973e-03
3.394321654047422181e-03
3.951776881840437204e-03
3.540549507040486460e-03
5.018761281424468854e-03
4.400938832328599344e-03
3.470366384254212552e-03
5.030009208097301759e-03
4.136989457154302031e-03
4.927280415318265050e-03
3.181346363804873206e-03
6.575927422614170730e-03
3.691115130902584366e-03
3.948380064881114836e-03
4.002282162636548561e-03
6.318258292862442838e-03
4.552180345693664955e-03
4.287608385913365544e-03
3.446391186595565859e-03
6.473518274603194504e-03
4.368381608701302210e-03
6.931231800648302369e-03
5.873082062388155361e-03
6.083425108917357715e-03
5.020350625621528354e-03
6.281974674391553083e-03
5.096180031397818007e-03
4.758276420792907982e-03
5.295164918932665846e-03
2.866044778924896688e-03
5.094126158311481148e-03
3.614563441039787915e-03
6.854847930170063219e-03
4.042352068801742873e-03
6.535453064589110198e-03
4.420235647257492184e-03
8.100775927765594547e-03
7.544025692381897685e-03
4.345439572123238961e-03
6.469099536546743523e-03
9.814093119786645308e-03
5.477116764830252706e-03
5.906377670008563369e-03
5.658656155636019452e-03
6.311266952439806982e-03
5.867473017244497283e-03
7.442308110786340948e-03
5.018870245864036524e-03
5.696679769727939005e-03
6.341780300122727004e-03
6.760395423275371990e-03
5.212923071767648631e-03
3.835350805862579749e-03
8.110746214139531035e-03
5.601556750938655599e-03
7.842195605141856485e-03
4.951804525025148111e-03
9.464219937928746232e-03
6.181750409008674764e-03
8.273172120770418483e-03
5.282562452849049253e-03
7.154673923921572344e-03
5.635468255404227529e-03
8.092483981914689456e-03
7.148199787083278807e-03
6.859659220184414694e-03
6.114989439870158888e-03
1.067131521252768361e-02
5.559674817014773236e-03
7.894776954382391743e-03
7.928051893760838104e-03
9.618625169382151105e-03
7.202838883749470775e-03
7.838093856131661194e-03
5.674932858916658870e-03
5.565822731037191502e-03
5.263128838640804101e-03
8.493120820265664256e-03
6.647342257019401082e-03
9.529765393225824235e-03
8.931858260366434127e-03
5.875467080567310305e-03
6.164828537207631479e-03
6.283489529035049016e-03
6.180654784264957499e-03
7.681471551306832263e-03
8.769214520035584909e-03
5.842757152171486855e-03
7.742699943784983781e-03
8.124814688514857275e-03
7.485978562098666994e-03
5.904095852330674618e-03
7.851668068450579421e-03
8.380639303546039490e-03
7.075222263491057900e-03
7.576874011177300340e-03
8.940095071274861346e-03
8.822000295641467885e-03
8.243297663586000509e-03
9.119829534759510414e-03
7.678628560152548320e-03
1.035703771040729845e-02
1.111993657503363223e-02
7.335448977898873478e-03
5.497639209333279355e-03
1.007913652336754444e-02
7.820011839776718626e-03
1.130311766437314992e-02
7.432467935281622876e-03
7.164723636883723289e-03
8.175729462961450061e-03
1.009560801169878848e-02
9.618396285494528603e-03
7.027188027681981891e-03
6.727449700365636942e-03
9.107344173423759584e-03
7.738798242373366894e-03
7.807263414637204829e-03
9.119905501698735706e-03
8.417915335893210588e-03
6.304593843771967923e-03
6.936255185114149381e-03
8.554920056634119849e-03
1.015485076033155465e-02
7.757289966856774875e-03
6.235837097520027794e-03
7.341388189193416916e-03
9.691843681933700813e-03
8.469366781629839719e-03
7.230456913676070255e-03
8.788911822060194168e-03
8.357288790938758108e-03
8.609101795101022428e-03
1.086970882454120664e-02
1.174490831720668635e-02
7.902847071221505426e-03
7.001016792208254388e-03
9.613985069907257305e-03
8.719272208792927525e-03
1.175461855277606243e-02
1.134109852545463031e-02
9.338972782208116927e-03
9.278178904648593656e-03
9.767750246806468015e-03
9.033891883392613023e-03
9.459530172503833115e-03
9.220794889612696915e-03
9.749293842113055525e-03
1.000280351150277178e-02
1.035001680743427924e-02
9.066602821025674525e-03
1.086761466294816972e-02
9.401956350366830542e-03
1.030431398278496349e-02
1.026199499760514083e-02
1.182003327959441769e-02
8.509787108403311928e-03
7.338438144421578074e-03
1.047969007186247588e-02
8.615990816441206762e-03
1.017516572244296126e-02
1.012681324376630589e-02
9.427706807574350381e-03
1.165339600606009850e-02
8.787760844332758586e-03
8.814201287726844761e-03
1.014605412437476553e-02
9.756271632064132324e-03
9.860929458148029111e-03
8.884871374136236663e-03
1.058993713659545088e-02
1.079783721460374039e-02
1.191920800247996300e-02
1.093696593065852755e-02
6.209307614556431633e-03
1.101986948779519471e-02
9.966772799106456832e-03
9.607995563282281312e-03
1.081212683451047811e-02
8.685499973503499338e-03
9.244088796361781338e-03
1.109611724732767826e-02
9.623133854878476029e-03
1.302881599233682991e-02
1.052397932770537253e-02
7.396379074198271460e-03
1.215917860152897906e-02
1.047089395941773471e-02
1.150824505504139880e-02
1.033921910931448820e-02
1.181942119625434273e-02
9.220194247207160257e-03
8.535397559633119483e-03
9.827110149268968725e-03
1.020201533383274621e-02
1.225255544637484685e-02
9.532648453186189433e-03
1.064788452188849925e-02
9.498504174214593768e-03
1.115757739899001823e-02
1.397984427846463325e-02
9.986092965670290492e-03
1.065697494739087890e-02
1.314009999666618592e-02
1.342314023790535694e-02
1.015341643069717255e-02
1.161973427962206991e-02
1.034098500430159946e-02
9.047392302122517563e-03
1.334093744165083459e-02
1.073708191047296513e-02
1.089925910578580341e-02
1.398168445027974348e-02
1.321387286787968629e-02
1.020849312815618262e-02
8.903340091624172697e-03
1.012066572680156429e-02
1.043489789561724210e-02
7.812554821174889572e-03
1.137936747580741217e-02
1.136302228956406583e-02
1.230292480020440601e-02
1.053619972462663083e-02
1.033866642061532885e-02
1.360530428739939977e-02
1.038286460598639160e-02
1.212707382276712043e-02
1.134413472085338791e-02
1.183956971016187319e-02
8.527819456716746738e-03
1.112036822631653349e-02
8.849501103532653873e-03
1.127118924735246060e-02
1.148347267933616869e-02
7.601242589980176066e-03
1.250498283622386402e-02
1.082591265266775148e-02
1.116276983747653898e-02
1.077501888923184346e-02
1.194712736797828335e-02
9.763935095244192369e-03
1.213758498683637811e-02
1.072913907142219667e-02
1.277367044431227186e-02
1.174424985259664433e-02
1.382248892917898979e-02
1.113932830381808570e-02
1.077587513156899081e-02
1.313293000944686616e-02
1.212815327575178341e-02
8.105477299126421370e-03
1.220460671421313113e-02
1.457385776176336328e-02
1.000909223924192556e-02
1.089985721978467027e-02
1.184349204821933017e-02
1.256769530436701622e-02
1.472633023343095787e-02
1.135194171018566109e-02
1.276410091414650720e-02
1.300842776517781470e-02
1.250474211327673446e-02
1.384755428442320871e-02
9.039800860525285323e-03
1.024146474971706668e-02
1.130608939911972866e-02
1.267281086106435140e-02
1.000123506343472517e-02
1.003457434687900912e-02
1.108498369954291629e-02
1.188471479127686976e-02
1.050181313641516782e-02
1.031482000306911499e-02
1.285383786490682662e-02
1.226624370222110551e-02
1.487016834902363596e-02
1.325685705947767662e-02
1.153618350091391298e-02
1.389436714638755087e-02
1.023393709691313054e-02
1.241930076668667539e-02
1.358904492323777420e-02
1.283053857134042880e-02
1.312848187067279342e-02
8.867245180014769745e-03
1.367768728726420115e-02
1.391359219669075289e-02
1.187970541883078338e-02
1.185693211232829829e-02
1.535939092033261621e-02
1.026322741701045718e-02
1.061358763620655343e-02
1.316827239156109081e-02
1.424922360444917137e-02
1.241658918153580073e-02
1.182808069384865511e-02
1.482023456162684383e-02
1.287531013927768406e-02
1.343899833308470626e-02
9.429820162515228921e-03
1.232581924136097636e-02
1.298464095382660839e-02
1.169208038180950295e-02
1.340183009387035419e-02
9.782867385704555746e-03
1.169668368569637233e-02
1.159238790760303874e-02
1.169753084115844090e-02
1.091967403638506758e-02
1.259852938951636948e-02
9.886846006526499309e-03
9.344495049464994138e-03
1.344325019810154592e-02
1.354542412955979901e-02
1.605532866231656683e-02
1.110671815883321548e-02
8.726503237578913177e-03
1.409237535710261384e-02
1.388610550344169386e-02
9.524578580834920649e-03
1.633132041938010690e-02
1.587954950232259993e-02
1.426023873881862754e-02
1.033343344487669402e-02
1.420719584100618368e-02
1.328410693754134703e-02
1.150745383222563298e-02
1.225774432303298501e-02
1.074018391480466121e-02
1.323276248416194179e-02
1.039704633199342587e-02
1.166158037739153767e-02
1.154379453581717667e-02
1.314877666795351459e-02
1.436972115842008110e-02
1.216237882294001448e-02
1.228886977215160048e-02
1.394852537865494922e-02
1.284642967666874830e-02
1.137436191649533572e-02
1.117649820733937482e-02
1.100848370360590911e-02
1.096576741271890199e-02
1.306586935455105770e-02
1.096870882410156713e-02
1.443517335136935108e-02
1.306546812185152562e-02
1.189786609167284293e-02
1.349885352158253053e-02
1.553781988720480227e-02
1.051391866076413495e-02
1.510613123999774397e-02
1.230471991391095775e-02
1.073941116239147432e-02
1.195605124538294366e-02
1.329852501083125978e-02
1.208733468800031810e-02
1.015293058936142870e-02
1.223108268285698873e-02
1.226986647386010647e-02
1.500127127643508841e-02
1.074702641546594270e-02
1.395202959709485567e-02
1.335544910189151099e-02
1.076504627724618295e-02
1.141820001700114690e-02
1.174874680321233607e-02
1.078413942820053914e-02
1.473268151325623013e-02
1.114307125033606183e-02
1.075140244332776183e-02
1.570102310674376458e-02
1.418053883422031557e-02
1.324384095775677991e-02
1.436844453991547102e-02
1.073660947596567251e-02
1.468906307443842638e-02
1.270676465355979196e-02
1.115725628202858880e-02
1.352222502841796820e-02
1.145686799615021519e-02
1.535746108614713043e-02
9.817526405977890225e-03
1.451432777268695136e-02
1.264314438063663011e-02
1.443768787478768266e-02
1.364882711710345073e-02
1.501940044174322406e-02
1.202213992744826515e-02
1.180839421389321547e-02
1.176079081061904945e-02
1.172769029678144906e-02
1.370542008657676947e-02
1.508711611307909407e-02
1.476800005882716697e-02
1.392031423444989313e-02
1.196729236852778384e-02
8.453028987662872945e-03
1.313041183922623173e-02
1.401167390636787018e-02
1.278944066930102000e-02
1.359346540522418309e-02
1.273089560707315986e-02
1.466343266783825747e-02
1.171199454681065913e-02
1.389134898382254207e-02
1.248794749634831933e-02
1.196209994359984964e-02
1.293463745351540288e-02
1.134352341176430266e-02
1.214997325168228233e-02
1.417554861157863111e-02
1.570116658606608012e-02
1.803301493289861945e-02
1.366364628082271208e-02
1.086486573465650189e-02
1.266291343191054339e-02
1.256212671363738688e-02
1.251140560381830760e-02
1.630639966805874641e-02
1.566902124720597270e-02
1.248092009979715790e-02
1.124089720219051576e-02
1.180640627841676206e-02
1.336360928629311100e-02
1.331363490512627208e-02
1.252504064884912664e-02
1.215651392586242045e-02
1.106809195786017178e-02
1.094199452257000812e-02
1.280670826970116243e-02
1.229920492591918962e-02
1.166604821634944014e-02
1.239030045483516251e-02
1.231951125446198447e-02
1.246478567498903421e-02
1.196197103854577427e-02
1.295526607869183951e-02
1.344953057985092890e-02
1.332805689661194400e-02
1.374848268106380195e-02
1.142202223670841892e-02
1.269410321823330468e-02
1.461523448873629921e-02
9.841571755980967409e-03
1.157994117552470920e-02
1.535500032795602578e-02
1.158600552135124855e-02
1.200877874335493610e-02
1.804049103162891007e-02
1.281267071121949472e-02
1.379651752348037483e-02
1.479543316312524961e-02
1.060221148005825904e-02
1.219001525725570481e-02
1.276508403363662073e-02
1.465712624427688467e-02
1.303638557408445288e-02
1.135818754986694587e-02
1.307078517016966625e-02
1.300140077892869735e-02
1.560798233611169171e-02
1.315824471751222448e-02
1.218821590085455119e-02
1.479249774299320162e-02
1.599159014381344029e-02
1.381398368804801456e-02
1.357459521249610411e-02
9.703811525578590752e-03
1.386294227268741394e-02
1.121863884625317991e-02
1.345344249852995465e-02
1.209580982787521360e-02
1.216243966091411395e-02
1.127378905758267061e-02
1.280666816945997058e-02
1.131751682792310303e-02
1.445281775003742254e-02
1.295314286916594837e-02
1.440712921915485861e-02
1.078373054150406213e-02
1.687899877744581528e-02
9.431604966229014883e-03
1.208643039283562731e-02
1.656497351120525541e-02
1.259411994593092471e-02
1.105744801475824941e-02
1.253432645855618276e-02
1.197574724716594582e-02
1.353692421813184124e-02
1.183576230206938480e-02
1.519968504009265066e-02
1.500563997297332114e-02
1.504649383336436989e-02
1.285309886425701174e-02
1.508756410768914702e-02
1.262767472526086544e-02
1.383659020658637405e-02
1.422011352596253171e-02
1.255402421961528299e-02
1.216018928907334519e-02
1.265996007679241753e-02
1.361842925760564649e-02
1.154978482341371092e-02
1.450157403556692585e-02
1.503766441006996503e-02
1.337136172522903829e-02
1.024894821199966513e-02
1.135613383212082973e-02
1.243189199378527156e-02
1.301169358467477513e-02
1.359680607988643201e-02
1.658055874212532518e-02
1.396873616562294314e-02
1.495720733388435954e-02
1.455530905129144396e-02
1.483734226359205259e-02
1.485243866913213764e-02
1.501047209969603655e-02
1.551480297054993324e-02
1.268220845179104071e-02
1.522085363102072819e-02
1.457871614345287482e-02
1.381843885264574280e-02
1.119568504576096482e-02
1.417656929635709336e-02
1.242198995188779041e-02
1.398613044091127390e-02
1.508537784810292173e-02
1.403402173548957271e-02
1.663522818157257138e-02
1.252965634275327728e-02
1.473323140199873753e-02
1.395597028779539672e-02
1.214405457882189628e-02
1.244589672055637121e-02
1.450305350109335097e-02
1.238249992328499527e-02
1.297412769174506424e-02
1.296571862108615580e-02
1.706216590461924823e-02
1.407220347866645037e-02
1.121571811054499802e-02
1.345020438435170704e-02
1.250573278094249501e-02
1.195565031718619046e-02
1.404137077588903451e-02
1.006634612549466359e-02
1.326297044667320256e-02
1.517037409545412587e-02
1.284457533413591382e-02
1.103213680709293383e-02
1.788015353184908493e-02
1.490807706999737643e-02
1.559141944573246875e-02
1.491056744305829795e-02
1.175153705779358529e-02
1.428973962854307792e-02
1.247125567084232320e-02
1.380911269393534160e-02
1.562847083007010834e-02
1.545399376765139998e-02
1.342372091896066807e-02
1.378677639090208386e-02
1.077483819739708665e-02
1.321092226363753362e-02
1.809287265065511602e-02
9.921380483870465006e-03
1.332269296331435246e-02
1.219894253493689767e-02
1.511719363534974776e-02
1.297557593988767598e-02
1.205698511684040637e-02
1.461429893347790041e-02
1.357224662507530710e-02
1.670660630996187099e-02
1.091287499164799238e-02
1.491864279133147363e-02
1.328304263063146556e-02
1.296041671664907580e-02
1.393320631782816489e-02
1.283207822185197973e-02
1.071065111663600626e-02
1.051968063917880190e-02
1.420018308945641267e-02
1.289710254553048767e-02
1.473179654807406022e-02
1.459163483794119996e-02
1.612789954504577697e-02
1.026228714439877780e-02
1.468672494709846732e-02
1.419015122348784089e-02
1.522615201254422582e-02
1.708037857317140987e-02
1.210658224304848873e-02
1.704919139148305257e-02
1.263497474090333195e-02
1.664536219388311131e-02
1.457973702346545934e-02
1.097657513591976906e-02
1.396207181251635579e-02
1.363609493532433846e-02
1.336192461951045407e-02
1.162674934739952801e-02
9.982850671034102993e-03
1.410413502553621058e-02
1.464175942094953463e-02
1.398787436859424971e-02
1.483823148321521991e-02
1.242851303279302912e-02
1.538860213716820684e-02
1.652061232619122036e-02
1.461663564198009344e-02
1.614508851457253924e-02
1.489370281522830325e-02
1.538459067583219410e-02
1.254128707652899660e-02
1.652114057160687308e-02
1.346627500654336979e-02
1.243205971141908388e-02
1.539716589787501304e-02
1.187539536022208693e-02
1.510011824499293658e-02
1.324337461207436735e-02
1.597093405582033707e-02
1.598483586008250107e-02
1.561610342621533483e-02
1.647736519973332439e-02
1.521443356491682629e-02
