1.825384825413642331e-02
1.848827841610489742e-02
1.887013160879498844e-02
1.807057888357807909e-02
1.755857083033581303e-02
1.665026339179450157e-02
1.853801094233991850e-02
1.447946822009402688e-02
1.981717936716436909e-02
1.587072513336593507e-02
1.775172085796662691e-02
1.538957775047143997e-02
1.655840900873792668e-02
1.501610626775018963e-02
1.500367108409264919e-02
1.476498277364374223e-02
1.484094468031883253e-02
1.594089180213388579e-02
1.565087633792276028e-02
1.646441541284121568e-02
1.565070013148887537e-02
1.860705351131261912e-02
1.079538109527510351e-02
1.513587049850049354e-02
1.632633199550527492e-02
1.788353650620132587e-02
1.523725766455683202e-02
1.202102641045888279e-02
1.378583514578398707e-02
1.326506194091940476e-02
1.417595660043636206e-02
1.405165927737385759e-02
1.578635502894965362e-02
1.416828072473187879e-02
1.432067298302164803e-02
1.304927209630459516e-02
1.134369272652499365e-02
1.156326171223527946e-02
1.404611523875083645e-02
1.530093180081843265e-02
1.579384274487966033e-02
1.440757668632037906e-02
1.202293877567849924e-02
1.073524788393570746e-02
1.175652802335556968e-02
1.060029260787495771e-02
1.545113969100943806e-02
1.340041476293259669e-02
1.060508111359362467e-02
1.404141945735058392e-02
1.164716235425976819e-02
1.515314168139598842e-02
1.220059393218940989e-02
1.243877107318367911e-02
1.156744947482008651e-02
1.318898117342496429e-02
1.355178142101409397e-02
1.637151977914053091e-02
1.165266416014476385e-02
1.228062758488181888e-02
1.082813805892019268e-02
1.566232819089345002e-02
1.161141489619344457e-02
9.971793336177295700e-03
1.280831195397569115e-02
1.189651324116218316e-02
1.011059920156343397e-02
8.791166700009678259e-03
1.107282209781297773e-02
1.139018754448964214e-02
1.148540616745487124e-02
1.124025241509193744e-02
1.187175489105311149e-02
1.381143337769509538e-02
1.264412383705435482e-02
1.138583392151854522e-02
1.254190947017695852e-02
1.318758337876742813e-02
1.167208322506692493e-02
1.195714161414197611e-02
1.055269275997675581e-02
9.064593960246140544e-03
1.241471391098300341e-02
1.781918081667121720e-02
1.213960031011246908e-02
1.442229346400719994e-02
1.216379612687821729e-02
1.233991485140450463e-02
1.581023740035140956e-02
9.506623240205718667e-03
1.385170713873482701e-02
1.186347431503948988e-02
1.011041952424253376e-02
1.059754247728381463e-02
1.293630876928653084e-02
1.330094841144824173e-02
1.239191116607705340e-02
1.018150392239564744e-02
1.295400417203388353e-02
1.182564079465412733e-02
1.099066465901821395e-02
1.741827822198069656e-02
1.477546882295776090e-02
1.012398117551486544e-02
1.236818450104466664e-02
1.116273066447503320e-02
1.038387840416622222e-02
1.096815007820549012e-02
7.862388060881901619e-03
1.140447560598118436e-02
1.309228844432056005e-02
1.168842064820727229e-02
1.264921123584223338e-02
8.114653199342215795e-03
1.122256467275490298e-02
1.025120497337541833e-02
1.182319688397604276e-02
1.125240087540631782e-02
1.270373981443254432e-02
9.722137620235620295e-03
1.381680818553895039e-02
8.582313950766539551e-03
9.957382002123168693e-03
1.121673007776210693e-02
1.221857558854112964e-02
1.511357901832586538e-02
1.247393831927560634e-02
1.349123742254855311e-02
1.234496501071161156e-02
8.566188661416273067e-03
1.038627833878521048e-02
1.002729222077446136e-02
9.577549141197284205e-03
1.142287063855155355e-02
1.100983759077222603e-02
1.036256317624048399e-02
1.220020513270258893e-02
1.005672005185079092e-02
1.177765709507944646e-02
1.331645181767069329e-02
9.270005449027448469e-03
1.249051462905840897e-02
1.150504349292327637e-02
1.073033784067677944e-02
8.983238326241269403e-03
9.668575517727569582e-03
9.991411458189691439e-03
1.066087457829930155e-02
9.090806889727865922e-03
9.430549535138022313e-03
1.042176081877612716e-02
8.802441915022966509e-03
1.056210157852907616e-02
1.195953666285714048e-02
1.113590278612936954e-02
9.980873778628858786e-03
1.128895343640981021e-02
9.641284039290263716e-03
1.006394858047115690e-02
1.190085113235437968e-02
1.069656597357245172e-02
9.114994353725864099e-03
1.124249644880859732e-02
8.630513692361127878e-03
8.813552653184068136e-03
1.033381510519572333e-02
1.049202397163557891e-02
1.095445316845784431e-02
7.826874433553253352e-03
1.377760058032139086e-02
1.170492948458678843e-02
9.675608196221057236e-03
1.242044761339264163e-02
9.153841581219788678e-03
1.264515059959067135e-02
1.074208474801068361e-02
1.212402363290122215e-02
1.239441862822578122e-02
9.326069483165822654e-03
1.048445210700563700e-02
9.432436160864417912e-03
1.073688816140862257e-02
1.307988928653962095e-02
1.015383146812135796e-02
9.310573662276430684e-03
9.742553173235864172e-03
8.786816921350346088e-03
1.079767427374597917e-02
1.042222159719236735e-02
1.046467674717615343e-02
1.031058574060761748e-02
1.318097701053923265e-02
9.242386885424341489e-03
8.865928645621573914e-03
1.123564781683141986e-02
9.877082148157540625e-03
8.839831539206305724e-03
1.232935728613402879e-02
9.097113390400793712e-03
9.235333534805123881e-03
1.018583828300899038e-02
1.085850492115189754e-02
8.330395036799819256e-03
7.650456033490235681e-03
8.482798039371512722e-03
1.209168919043207384e-02
9.407462229976478948e-03
8.871354351487434342e-03
7.324795890458973315e-03
1.219389322371011372e-02
6.700706878537788375e-03
9.086757103011053674e-03
8.955262009191415282e-03
6.956703716620551807e-03
1.236505942795898191e-02
1.041007788338075765e-02
9.524639413508119781e-03
6.498544144501549810e-03
1.091123365228175227e-02
9.650483326928124828e-03
8.560348835400209688e-03
8.854886070195629871e-03
7.810823783715352756e-03
1.008277470468218681e-02
1.014187391745867070e-02
8.602295707568536134e-03
1.130520517562826933e-02
8.632190271349019298e-03
8.430275126498619834e-03
7.122333779173988140e-03
4.844001744911166293e-03
9.825764157634244919e-03
8.472533293696607806e-03
7.938025719746423514e-03
7.807253676079920456e-03
8.454763418067693867e-03
8.910432847091347835e-03
9.834698733527037079e-03
7.743170954962998176e-03
1.049071130605026478e-02
8.369759609173197182e-03
5.952800348243191507e-03
8.963587570554008843e-03
1.016469014490275352e-02
9.555357354087764751e-03
8.051880017695633995e-03
9.471080480204634514e-03
7.409946277987543295e-03
1.090070624134688998e-02
9.879516468000908505e-03
9.497626900363327629e-03
1.440635773081478180e-02
9.755799325767726057e-03
5.720446431224092583e-03
1.108660619699180713e-02
8.077389779124510491e-03
6.197590246402473295e-03
8.605281084949572765e-03
7.902427751044594634e-03
6.967002793808893535e-03
1.084459986734091254e-02
1.031768067937037688e-02
9.780285752628953624e-03
8.672531828493749984e-03
7.683833149576748713e-03
6.379754529800883353e-03
9.600205251482793467e-03
8.933943535079534246e-03
5.597632934481801791e-03
9.207790975057908098e-03
1.020637715359605513e-02
9.836371086060280433e-03
1.124074049331023374e-02
7.453186392207237707e-03
1.160211772502271407e-02
8.954867346984841936e-03
1.097896303704469327e-02
8.799406729016266693e-03
9.431647449208942213e-03
9.954709923384354175e-03
1.030571627964356821e-02
8.600488981811612796e-03
1.106815231138576910e-02
7.537194847407434686e-03
1.077976512354028582e-02
1.009277886382239572e-02
9.859141866041159011e-03
1.130006035238958866e-02
1.074276601452462884e-02
8.086769079284288064e-03
9.231009961734398805e-03
1.205157617668020827e-02
7.160529878048499039e-03
1.008293017150651942e-02
8.577312793636951427e-03
1.099714972061933971e-02
1.092870876684591888e-02
1.004011788856838498e-02
9.445301197144720384e-03
9.529755124590678916e-03
1.064236131967577666e-02
7.497877099240871611e-03
9.807838047915342847e-03
9.970937320753759520e-03
1.087916683042317034e-02
9.784219068082258830e-03
1.241485201276273410e-02
1.104409112377446010e-02
1.107356350112540487e-02
1.072424721358192744e-02
8.490828543519854735e-03
1.259226875851701156e-02
7.787345433766535915e-03
6.494776178629347273e-03
1.005265092457757747e-02
7.867571777603122804e-03
9.801720872102228851e-03
1.091688567334307171e-02
9.639441977741422876e-03
1.025399559278963001e-02
1.066115320794605408e-02
1.275587032134435639e-02
1.046951104626901198e-02
1.048102607496019523e-02
1.203634502454345445e-02
9.550750804562488025e-03
1.086018870627856840e-02
8.409358544862856680e-03
9.933399563011280700e-03
1.131723131245890648e-02
9.147989346173300562e-03
1.204725278053146026e-02
8.296185963046378078e-03
9.677758522922611309e-03
1.032577352452242019e-02
9.509147092107143873e-03
9.821327725693204669e-03
8.153898576570997245e-03
1.485829999791890045e-02
9.546923169841497331e-03
9.766446294399563563e-03
9.674079269621140009e-03
7.864894232173777477e-03
9.261664274373346273e-03
1.082597427225928839e-02
8.936263741937591071e-03
8.552109142373356607e-03
1.157625929344116740e-02
9.340062391788205715e-03
9.515769927314539703e-03
9.161462169445288087e-03
1.032040597148725473e-02
9.999592563886728833e-03
1.196615397249477415e-02
6.568903375613645290e-03
8.119288759789093299e-03
1.099532416222483849e-02
9.992518221992274102e-03
1.052069497967564847e-02
9.989229584606943227e-03
1.068917453202884553e-02
9.513267365172592416e-03
9.443315109497045848e-03
1.208453491218167836e-02
9.380794501932436177e-03
1.334516521070173642e-02
8.742505584163869428e-03
1.232515708714990339e-02
9.702443009963696366e-03
1.179380491576155487e-02
1.038447183515519255e-02
7.475604943326614148e-03
1.202553528335182503e-02
8.990288283283041915e-03
1.067511630991411012e-02
1.071365665165783208e-02
8.574579715704662777e-03
1.011558593008658226e-02
9.211740057910602908e-03
1.076235459113239305e-02
9.261249725397751459e-03
1.047753882650787928e-02
6.889162012768061671e-03
1.079614009795072486e-02
1.090254080728048254e-02
1.204078456572418160e-02
1.075974318756688086e-02
8.971899781596310436e-03
1.177567322962075336e-02
9.600252433732510068e-03
9.063071099770695846e-03
1.015676016183535320e-02
9.880072451693618432e-03
8.290758606083340268e-03
1.040583756097727096e-02
1.155722360615022738e-02
1.051736625982618335e-02
1.180607100172352368e-02
8.720776324150952136e-03
1.020060914128412266e-02
7.198678096991126089e-03
9.711502198178297018e-03
1.058681786992657359e-02
1.069569112136032479e-02
8.480448847607485741e-03
1.032718655081978250e-02
1.209246728446942976e-02
9.835986861430555048e-03
9.863776438851615952e-03
8.635014170872852210e-03
1.280448355789087084e-02
1.238542822547967180e-02
1.164875384029791239e-02
8.736277832410675737e-03
1.191250722771738935e-02
1.388333140382598009e-02
1.200530151914945727e-02
1.069959680722591677e-02
9.567177574296760814e-03
1.310181198050632684e-02
1.171772173188640777e-02
7.456433313220348254e-03
8.863147876096216446e-03
9.238095182749537712e-03
9.421779650365379524e-03
9.916499136610917517e-03
9.074826984550336470e-03
1.100540586307391031e-02
1.034646663654015947e-02
9.719753952568096697e-03
9.980422062608287556e-03
1.017329126890072558e-02
1.045818690137875762e-02
1.182592267277420006e-02
1.288070214573963125e-02
1.267792953692307815e-02
1.133888554024559472e-02
1.182572783685838930e-02
1.053847417062199129e-02
1.326511303248402267e-02
9.987139950969500107e-03
7.822883589242374605e-03
1.065579821258487610e-02
8.571114242668062197e-03
8.721348046823460334e-03
1.019906139133931224e-02
1.098024986143861931e-02
1.123413677960952151e-02
9.086037809739084745e-03
1.166319802837364507e-02
9.388094580154609722e-03
1.288130977658265806e-02
9.422802337518788179e-03
1.095370554856728469e-02
1.137077107205045241e-02
9.898608476482309917e-03
1.028133207294838584e-02
9.729893783892508072e-03
1.091089998942134168e-02
1.101994537665802742e-02
1.062654340585886259e-02
1.019658487218749222e-02
1.062241921249086271e-02
1.095343012465831850e-02
1.121770500981772271e-02
9.107536673819483994e-03
1.069938050450375440e-02
9.538723849224771054e-03
1.054128406580058519e-02
9.823641029379503314e-03
1.197346767858730940e-02
1.264334937352372748e-02
1.131014479382474493e-02
8.917451545943214097e-03
1.150160666450779877e-02
9.563651358686290141e-03
1.062399644252539146e-02
8.054663004103627261e-03
9.186857348352001421e-03
7.130097861680132799e-03
1.160239054134207422e-02
9.654226757154984670e-03
9.101906412839913182e-03
1.459416290608799537e-02
9.948518773032630907e-03
1.225441565187583397e-02
8.680103920037046325e-03
9.429087900513664564e-03
1.023249132142653971e-02
7.769283124657756431e-03
1.098769944449403888e-02
9.728335586206608709e-03
1.223089683621431806e-02
9.157855850743598300e-03
1.114024491293494519e-02
1.108479218166080402e-02
9.868979643305098373e-03
9.753489301156938532e-03
8.473927290248916069e-03
1.048213817948737310e-02
9.367643008299546964e-03
7.912099282164750461e-03
1.026976297155933991e-02
1.198784034198144104e-02
1.073234187257756170e-02
1.201436027696630576e-02
1.084236881062862652e-02
1.191019959953162725e-02
1.140126973917128007e-02
1.307744471424743260e-02
1.007353629066023819e-02
1.054521024346628984e-02
9.848346702789438634e-03
9.085427279491797847e-03
1.005477968578663388e-02
1.128884117410007201e-02
9.879684980426654481e-03
1.178972700561444972e-02
1.130158292697720085e-02
1.239048514742786128e-02
1.145491321860519184e-02
9.430276985878539853e-03
1.017877224115552696e-02
1.168142232797933847e-02
9.626677261520550158e-03
1.256046645191630229e-02
1.020703400282761859e-02
1.200665689845035501e-02
1.125748081518843612e-02
9.372865259421473208e-03
1.351708156577391580e-02
1.106049831344686936e-02
1.036507529090255168e-02
9.485130180165142824e-03
1.005307127772745064e-02
9.932601283338487325e-03
1.093004316235372808e-02
8.480937712852286772e-03
8.544534397804693163e-03
1.094916627229465533e-02
9.567807124205714511e-03
1.008056626318393038e-02
1.570029064497914864e-02
1.127883018604927505e-02
8.427082270131875871e-03
9.403223185672162157e-03
9.686721786920073074e-03
9.029558357680317685e-03
1.456912359815360977e-02
1.154481303535010925e-02
8.984155218183310573e-03
1.089605232218915538e-02
9.667586477624914160e-03
9.336584563490018737e-03
9.261715461652346784e-03
8.391575972210407741e-03
8.660376329198797574e-03
1.199072519123639026e-02
1.490734284710966764e-02
1.000830426142277491e-02
1.094419515287819999e-02
6.370267708430247394e-03
9.565337431768891618e-03
1.063269809409187784e-02
1.165355646365513753e-02
9.503747687126555196e-03
1.119425675864966184e-02
1.052223398754838744e-02
8.756339514095037510e-03
8.514270866562680118e-03
1.156653186305042248e-02
1.093307675445941672e-02
1.102852643812923285e-02
1.256526954523409616e-02
1.088721338955330430e-02
1.273311191674447555e-02
9.829572247150385189e-03
1.035563070465922442e-02
1.143192708658019238e-02
9.903424909950362537e-03
8.686247307789218830e-03
1.076000534773504519e-02
1.025260769277890581e-02
1.062797500345226409e-02
1.336407037887808215e-02
1.028746273610215214e-02
1.100173244917873432e-02
1.150968213092007364e-02
9.515948521852612974e-03
1.022997288047631896e-02
8.821438667421873867e-03
1.018946970804374477e-02
9.995314424353526211e-03
1.140551864843099457e-02
9.959381054392667243e-03
1.219919888056491403e-02
5.352403639586510858e-03
1.285981625323320658e-02
9.649584657829148038e-03
1.008686239914363333e-02
9.308599939249224270e-03
1.136099838113921109e-02
1.114916072245394386e-02
1.014886673496616029e-02
1.084172449864071429e-02
1.027364244570473303e-02
9.756093284956931719e-03
1.138439620900574302e-02
1.063558089612044212e-02
1.032461299420276736e-02
1.231399312871767071e-02
1.173532961428196651e-02
1.152197409296931013e-02
1.204363938792456581e-02
8.233655773943171149e-03
1.140431652511927907e-02
1.033779361790531509e-02
1.011725281291044748e-02
1.071680232422314756e-02
9.984542814214470915e-03
1.282633143592937230e-02
1.167791285358261988e-02
9.545535043682442169e-03
1.023001332935378864e-02
1.101150930301578179e-02
8.222109124378308015e-03
1.110347995368851995e-02
1.047479646125597588e-02
1.158549488200875249e-02
1.149528745709242801e-02
8.158508398023194344e-03
8.095818527191116568e-03
1.006751739499068925e-02
1.022317486312891016e-02
1.043019531026879478e-02
1.271559491146372588e-02
9.201492384476869096e-03
9.108973956948681130e-03
1.090560106364403883e-02
1.174570086013670620e-02
1.030805554304273230e-02
1.211356009907285473e-02
1.077756934987339661e-02
1.209607599263000204e-02
9.966667667337706163e-03
1.099682940426007643e-02
1.446687070394759092e-02
1.004145476589662564e-02
1.003585739792911720e-02
1.404453862167499671e-02
1.112519185355329010e-02
1.152940206176673865e-02
9.035538590488036148e-03
1.165145811455568260e-02
1.085603407136490409e-02
1.053040115899193940e-02
1.186442399915505971e-02
1.114241144248840146e-02
1.080589819075880934e-02
1.210774282715998407e-02
8.049670576821606194e-03
1.256225734495030645e-02
9.384383572077300076e-03
1.149938021668990562e-02
1.156440901402264188e-02
8.890315648437889517e-03
9.758337622364715927e-03
1.035838032296225453e-02
1.016436780481495307e-02
1.089043228628270958e-02
9.744402632144566825e-03
9.478098177635081029e-03
9.210391018913206135e-03
1.260398348659040602e-02
1.146274545030571794e-02
1.032753025089883439e-02
1.009481951673995952e-02
1.000758219501834100e-02
1.293148401551645447e-02
1.076235129353177687e-02
1.202169418101563421e-02
7.309226663365818270e-03
1.209275101243272726e-02
6.750335408687496708e-03
7.598272490250677393e-03
1.134263374345584156e-02
1.232122986943783721e-02
7.956548175863244893e-03
1.060324671295422884e-02
1.520482917893768542e-02
1.088351862908324731e-02
1.145455109939782883e-02
8.403203968837258397e-03
1.292839277473717234e-02
1.286373616111521206e-02
7.817144318072568113e-03
1.063232994728498075e-02
9.618075911527501284e-03
9.894636403074724695e-03
1.110609073167549005e-02
9.665716082429554046e-03
1.324823204526941536e-02
1.041669675656213892e-02
9.520114371570825851e-03
9.666192156341834110e-03
8.743811734505450156e-03
1.043489823374811783e-02
1.219931208632533959e-02
1.066437811538136458e-02
1.195209285934943286e-02
9.686730870973346563e-03
1.000162705150855688e-02
6.809451721684314091e-03
1.134676639489255907e-02
9.747996151303816789e-03
1.007265998619975324e-02
1.255485771956395789e-02
1.201470255015771663e-02
9.780594162177219664e-03
9.084349660310108918e-03
8.588569546141950131e-03
1.010893624192271516e-02
9.196644198276076460e-03
8.462033856368478615e-03
1.016897037688528453e-02
1.065225377861692135e-02
1.015808779551411085e-02
9.275466292264911497e-03
1.198895225533491184e-02
1.066566386341832005e-02
8.047517129726422871e-03
1.161057542944044819e-02
1.228588526849008593e-02
9.686227628838601361e-03
1.070370413430640072e-02
1.098392169834705792e-02
1.146556380572288578e-02
1.128014781280197235e-02
8.435232620307540549e-03
1.041548120787261222e-02
9.166847042676331755e-03
1.153103925932759746e-02
9.060709063067252933e-03
8.285085554303919797e-03
1.206716253086542907e-02
8.852118622611987106e-03
1.205363926769793988e-02
9.762184452553057668e-03
9.241019476074989816e-03
1.247940437943160716e-02
7.970628389570189043e-03
1.144296253339619103e-02
1.123424126395694035e-02
1.022419644130540851e-02
1.065095687005550296e-02
1.129950675712308727e-02
1.413920084100920085e-02
1.083304419249510320e-02
1.020497376696745395e-02
8.627818263505192264e-03
1.208370962528732689e-02
1.132983693609431082e-02
1.055841401147557257e-02
9.549044574664227250e-03
9.139757041332052453e-03
1.005636178583883822e-02
9.104276994370785053e-03
8.636811589705348235e-03
1.084674798877513155e-02
8.779745291627411713e-03
9.216598008964859562e-03
8.289277239624475921e-03
9.061009499148743249e-03
1.168724596983203474e-02
1.077164286875425744e-02
1.079553988490311936e-02
7.548791488981436947e-03
1.137610630184309086e-02
1.382667863801975705e-02
8.832626451019093272e-03
1.122664638169522736e-02
1.094712571657307024e-02
1.313337429436028068e-02
8.932185741982267765e-03
8.607783536594672269e-03
8.746910102756924599e-03
9.890860399926908880e-03
7.712890850078129440e-03
9.215728317013427082e-03
1.059036802204739794e-02
9.950032459765544360e-03
1.121995343814092931e-02
9.579284236025210203e-03
1.090262361145666672e-02
1.353798522591626377e-02
9.422507077055542607e-03
1.087756378116002710e-02
8.630554383806617047e-03
1.120853709785333933e-02
1.221857165299215092e-02
1.003401959063127645e-02
