1.445092057075068707e-02
1.444497764655415170e-02
1.430520236049245830e-02
1.421565368327639724e-02
1.410297462005737426e-02
1.408856990065538752e-02
1.398904646407420072e-02
1.384469053143534689e-02
1.374852748069690760e-02
1.372090788702638210e-02
1.371580359450450849e-02
1.346338524555500474e-02
1.351253549015953188e-02
1.347634902158095088e-02
1.322554889612505974e-02
1.317230874362830192e-02
1.312373090885080723e-02
1.304798197579157618e-02
1.301281485951331224e-02
1.281405969026580029e-02
1.284735556135028524e-02
1.272115673650967525e-02
1.276436626854082768e-02
1.243095516245508111e-02
1.236290925640884733e-02
1.230076327582855719e-02
1.216872907848323346e-02
1.215171065020279571e-02
1.200266368002368342e-02
1.180128522097147713e-02
1.171656061087391482e-02
1.166133793327915613e-02
1.148563752034020315e-02
1.135792700024791657e-02
1.144360819565772187e-02
1.133879839132363385e-02
1.133263842094728822e-02
1.092139670591127376e-02
1.097152026739075040e-02
1.099150834693452851e-02
1.077312831678321758e-02
1.063313599377930380e-02
1.072851498935541159e-02
1.075658544490201533e-02
1.061424628972463570e-02
1.036863903800086181e-02
1.024183370205693742e-02
1.018913053706865975e-02
1.018659318198678575e-02
1.001596085298606630e-02
1.001491023331373478e-02
9.671404661352463877e-03
9.686501974753888855e-03
9.621323839267524602e-03
9.376779711294871977e-03
9.410763906488929867e-03
9.375542380591872851e-03
9.405296815146176742e-03
9.197715408164434947e-03
9.144288022210123046e-03
9.075331716541894245e-03
8.954443546715620122e-03
8.849989115287327374e-03
8.864986373852724866e-03
8.586649911678571195e-03
8.630204101595940688e-03
8.474318421310383931e-03
8.480838099267012237e-03
8.007950264994205189e-03
8.128678752212275399e-03
8.180302182975190961e-03
8.133238298865988480e-03
8.128498987776615337e-03
7.624656432813261414e-03
7.775086820456472356e-03
7.675865999183493354e-03
7.717124117649021287e-03
7.671000060119406716e-03
7.537760119587790311e-03
7.508976016259064946e-03
7.309848584896696914e-03
7.141035044331906639e-03
7.162307711289322282e-03
7.233528210397011798e-03
7.025059463982338825e-03
7.104960126128101461e-03
6.983065761453691872e-03
6.988450750683360309e-03
6.925265869370053270e-03
6.753001838073669286e-03
6.712233890111101754e-03
6.439203103522838853e-03
6.547620484621803280e-03
6.607849675245981366e-03
6.376937504301377624e-03
6.268197229937766402e-03
6.128246444109983551e-03
6.348182010412903135e-03
5.874868922598882812e-03
6.211779669836079570e-03
6.230000246111615757e-03
5.984495431222571805e-03
5.717890300165005477e-03
6.067057368604918989e-03
5.703499018360690467e-03
5.956654074270917136e-03
5.597090266705723356e-03
5.461396585935746409e-03
5.470643400629645638e-03
5.621856927036212280e-03
5.574764027706493631e-03
5.315570625871868585e-03
5.349165403582125528e-03
5.370098067292510338e-03
5.022496511696351515e-03
5.369607066230557696e-03
5.111891027517335116e-03
4.820079901133413232e-03
4.959767326721297928e-03
4.787332109183209394e-03
4.888647266821971073e-03
4.895767863536090378e-03
4.814888175560990899e-03
4.816805687143971455e-03
4.839579397208480620e-03
4.641043869731760647e-03
4.402136669415706097e-03
4.940269573412488235e-03
4.553751804147471681e-03
4.378210013442797657e-03
4.594755192543742081e-03
4.377018748848714690e-03
4.065404820468742318e-03
4.065523666615842961e-03
4.131109063054172123e-03
4.274757108591714302e-03
4.331594840486617179e-03
4.123721638481419108e-03
4.040710339905016768e-03
4.285173362316402335e-03
3.908308487510281370e-03
4.347630621680542012e-03
4.047261081191137061e-03
3.934522611107868495e-03
3.713040686263793105e-03
4.073867326076537412e-03
4.013528895699664326e-03
3.761206627113882969e-03
3.959022883891567118e-03
3.616129128754194851e-03
3.698514259070533224e-03
3.655687098070047655e-03
3.644852390091670412e-03
3.533158146174883614e-03
3.283715955681795837e-03
3.616053787186851009e-03
3.396776160812093898e-03
3.525976916279299940e-03
3.226186729046036025e-03
3.255359192345104458e-03
3.020321573474256220e-03
3.236585921337634814e-03
3.234952887360194144e-03
3.362134285584568710e-03
3.216389620635864803e-03
2.755699846356883358e-03
3.108260356422420500e-03
2.848565358937154689e-03
2.919418908466912821e-03
2.709135759587441225e-03
2.946504837456835613e-03
2.823331411973167056e-03
2.982792573514375482e-03
2.720182344405221598e-03
3.301085565993182053e-03
3.150046621386393825e-03
3.183172176395424047e-03
2.764999513973245230e-03
2.518024161102375147e-03
2.631142673905094431e-03
2.692542628251069249e-03
2.624370006140300509e-03
2.229169004061717571e-03
2.488563179167806085e-03
2.570789903681816851e-03
2.471164844283480020e-03
2.833686666007279031e-03
2.622615007276254268e-03
2.330636211047922707e-03
2.420076446887083500e-03
2.530866876184289290e-03
2.630805622506116048e-03
2.556096528435149260e-03
2.578618250623758695e-03
2.524696940533927535e-03
2.725416288151340065e-03
2.610562164298187333e-03
2.716294091403031151e-03
2.569472428320984311e-03
2.368121195622571468e-03
2.612383186018446112e-03
2.223296877255575947e-03
2.250742726794286667e-03
2.248453203827315786e-03
2.154485544043244737e-03
2.177931231287941628e-03
2.521460006067937493e-03
2.414916337503976180e-03
2.334239790533896696e-03
2.399346898360864549e-03
2.386544718593362324e-03
2.236486509708339541e-03
2.223554978872441419e-03
2.267771150414947014e-03
2.378835867411288781e-03
2.492934991519859308e-03
2.335940689551199018e-03
2.378577963708168163e-03
2.373841944190280447e-03
2.238794045174867867e-03
2.094037310964140270e-03
2.229932248717599475e-03
2.505518010158610046e-03
2.669867232475190821e-03
2.323832332494077911e-03
2.499788422505039385e-03
2.435566532109132917e-03
2.308199930405312184e-03
2.420572490033142711e-03
2.737884795352123896e-03
2.239842586405185396e-03
2.707211393335682333e-03
2.457295367037127219e-03
2.316220960997278193e-03
2.492370290516673047e-03
2.759433188329549810e-03
2.430243128728280105e-03
2.601616466629258842e-03
2.559678961302198127e-03
2.402245669640224682e-03
2.629223391951400566e-03
2.236329996171141678e-03
2.650987441897074536e-03
2.427549530064188055e-03
2.347039103033149270e-03
2.183246840117920341e-03
2.354428392202194756e-03
2.427156280210357713e-03
2.302925250409864222e-03
2.456830913557033532e-03
2.300722870482196578e-03
2.712522768539478782e-03
2.454764621854237713e-03
2.133624942739475224e-03
2.492979536350518020e-03
2.452922501008070709e-03
2.551828848437010227e-03
2.274705240191328328e-03
2.305006552588925207e-03
2.280063673011650891e-03
2.300455073031954477e-03
2.303782972241597005e-03
2.221104732008759818e-03
2.209232442253158783e-03
2.095555946836306221e-03
2.462117902452250293e-03
2.384453776410994010e-03
2.521652431365486394e-03
2.111249435920016602e-03
2.431752241591934090e-03
2.513846385452526370e-03
2.429234322718197819e-03
2.390847360321124698e-03
2.157836856783389677e-03
2.441737317088784297e-03
2.515713424082335805e-03
2.363155653844103456e-03
2.106352209355189138e-03
2.574076893491633773e-03
2.546711958270416257e-03
2.208467343822984388e-03
2.609726507247545329e-03
2.181923572707275376e-03
2.420436188766904220e-03
2.221614077738813878e-03
2.229950529921340390e-03
2.088268523516550752e-03
2.291651518405698161e-03
2.453549328031707881e-03
2.576317714000592000e-03
2.331230766959823883e-03
2.547088931327887943e-03
2.231089682518173824e-03
2.390119119562516149e-03
1.995252642704587777e-03
2.208256366058100519e-03
2.390812951678263944e-03
2.358227245731196308e-03
2.494375836917520593e-03
2.043981876824048100e-03
2.410338238675108907e-03
2.576946173369541911e-03
2.011106129564613730e-03
2.506877329465333291e-03
2.524345400017483435e-03
2.287111736057370094e-03
2.847669754528978948e-03
2.727355564403720692e-03
2.355354925236672909e-03
2.524832561155569786e-03
2.619951675723308608e-03
2.840081347274783959e-03
2.164552717379680542e-03
2.144825230287291350e-03
2.644490086794246044e-03
2.063228220277051658e-03
2.466566558650103505e-03
2.454266033405092147e-03
2.415356263524489136e-03
2.477754433965317655e-03
2.405085369330678836e-03
2.439087406902708515e-03
2.437491304730926220e-03
2.242569769777978152e-03
2.391836147459558068e-03
2.762593483937625903e-03
2.261288005119764608e-03
2.477912233748937390e-03
2.628355010553072926e-03
2.272396466326798668e-03
2.571294671126154226e-03
2.618363667989093146e-03
2.614574806657660525e-03
2.478851653014473456e-03
2.286056314686364492e-03
2.656251832169027362e-03
2.464050445033934798e-03
2.387999025709291491e-03
2.376731045158612509e-03
2.777710325291440560e-03
2.599147697832085088e-03
2.429905698587501214e-03
2.550633677094087896e-03
2.650632002155247323e-03
2.762379612508904844e-03
2.411237872168811667e-03
2.597397192117541481e-03
2.455668025835016678e-03
2.633513447480321547e-03
2.113453314325816190e-03
2.311779884596532227e-03
2.272264174916038219e-03
2.458247501724714068e-03
2.650758508629147067e-03
2.554326197014297230e-03
2.699934045651538293e-03
2.358377164737869222e-03
2.737978555892383193e-03
2.571533120376607966e-03
2.392113741720267202e-03
2.603512865285587206e-03
2.414913015217927915e-03
2.588631597886852966e-03
2.561480844822527133e-03
2.667653070444813909e-03
2.598836782656575601e-03
2.724683781790205803e-03
2.491309428616785438e-03
2.801496726854206705e-03
2.676071282314181933e-03
2.625842436424605415e-03
2.512942342742823486e-03
2.366130367474296361e-03
2.565522458881059221e-03
2.575257759629222439e-03
2.705611051325383307e-03
2.651822967877156753e-03
2.615603325015386765e-03
2.618343835381916826e-03
2.718405712831241210e-03
2.716750283876414110e-03
2.340858103866597963e-03
2.561041946763292342e-03
2.581024897674007949e-03
2.804918275980520549e-03
2.594514225869220050e-03
2.926947309219042354e-03
2.558884116837456361e-03
2.562302650301313475e-03
2.323467413196733406e-03
2.756514882813399046e-03
2.651487998410380527e-03
2.389098560381246704e-03
2.467365222561815775e-03
2.564188794120055969e-03
2.634769407353060484e-03
2.939414826037618951e-03
2.545616008449372390e-03
2.336786240585832924e-03
2.464209850300229290e-03
2.292467531254163346e-03
2.604627452968130436e-03
2.818184039392493227e-03
2.468784502574543956e-03
2.544955306033766691e-03
2.565449834590107989e-03
2.332405802580648710e-03
2.501154684518012376e-03
2.965501876732540894e-03
2.709151526610486041e-03
2.792773739067061587e-03
2.539419841087637696e-03
2.276065062329232780e-03
2.235487565710422495e-03
2.650435696984230344e-03
2.850702283728689078e-03
2.597715769529066777e-03
2.785534188956332018e-03
2.445047427947382931e-03
2.689336246129230782e-03
2.623246331036751915e-03
2.351484675096373808e-03
2.471023478748942109e-03
2.636079998206854787e-03
2.831470969967942765e-03
2.669031442826505594e-03
2.509299735317901611e-03
2.655437957962105116e-03
2.554706647712446516e-03
2.898628291530278532e-03
2.337324158428826914e-03
2.465761332033810076e-03
2.892051823250124405e-03
2.652126828454952952e-03
2.668936455377331120e-03
2.396087235568420543e-03
2.640488921691303437e-03
2.697465292039512384e-03
2.639297694659145394e-03
2.678377853953048914e-03
2.969954363214335254e-03
2.772247882932438786e-03
2.409003621934789532e-03
2.544492741063634697e-03
2.650343494035034119e-03
2.520165658305587551e-03
2.570762310849289325e-03
2.729309603023050406e-03
2.584071346730000898e-03
2.914692944344548283e-03
2.459920698791867675e-03
2.623027183718384253e-03
2.586449960181297532e-03
2.620792442608092365e-03
2.603235447541991498e-03
2.587250225129456883e-03
2.435401299912825709e-03
2.715357360438323125e-03
2.337615525180381307e-03
2.587436879957237968e-03
2.639408110116861148e-03
2.479463499425221991e-03
2.369315502132153008e-03
2.400066666506369371e-03
2.678539355303559324e-03
2.243444571730058516e-03
2.581928317072159154e-03
2.654367588927394189e-03
2.559940008005197332e-03
2.447479122744018742e-03
2.424497090139449140e-03
2.385886521022603356e-03
2.674237812044789366e-03
2.442842345743106644e-03
2.706166012695322524e-03
2.403585332723609264e-03
2.261278389927165022e-03
2.752021239649453822e-03
2.398217940849802377e-03
2.714850629295659842e-03
2.507670423289788241e-03
2.338856150398337715e-03
2.389038081100725974e-03
2.576764753067750137e-03
2.920274233637295321e-03
2.300932061810973331e-03
2.754130492234260763e-03
2.741641603150131792e-03
2.647539988967497274e-03
2.586426947261845095e-03
2.606025015070685680e-03
2.472529044825034963e-03
2.798178119480763948e-03
2.673560009747553631e-03
2.244465652906927049e-03
2.244762558567464823e-03
2.609229591018727250e-03
2.450922702429297363e-03
2.247994445168619536e-03
2.513850329253054273e-03
2.518349864744357739e-03
2.983109600487814702e-03
2.684022106811683513e-03
2.614755361183455397e-03
2.237794549921856297e-03
2.135189017748047834e-03
2.489677482565306327e-03
2.560719873597273009e-03
2.729196561342453562e-03
2.661870427884939060e-03
2.419707739173978644e-03
2.782450498269358179e-03
2.593866717252589146e-03
2.387445574574458950e-03
2.703981913686424529e-03
2.611474098875996713e-03
2.358854238514357642e-03
2.819955005173552416e-03
2.459191546319126551e-03
2.721116606575922289e-03
2.800985175839280396e-03
2.635326471656945606e-03
2.309714742577076256e-03
2.385936253104598004e-03
2.542490714318143379e-03
2.684264102681749829e-03
2.541934068926228907e-03
2.708927623726853015e-03
2.441559976646867809e-03
2.541016696643511215e-03
2.672560178154257012e-03
2.410491738965616845e-03
2.668287524304559059e-03
2.318673397848722544e-03
2.713042834169896930e-03
2.803816960510615262e-03
2.690823573560491809e-03
2.762064827628595703e-03
2.412593871410759726e-03
2.385190685555676170e-03
2.355637460839561659e-03
2.372943041064609800e-03
3.086962286529580397e-03
2.688989318757135406e-03
2.887750472297484668e-03
2.288672099615141065e-03
2.753354302431522491e-03
2.458444225859402962e-03
2.927411724851588463e-03
2.708950595605498848e-03
2.898091144369912935e-03
2.796829327255622583e-03
2.683649869716298302e-03
2.546790672424476942e-03
2.688922201814315967e-03
2.268589581759711260e-03
2.455627824368448661e-03
2.818646155225923433e-03
2.701247803253381714e-03
2.756506144275772466e-03
2.432767718801707134e-03
2.440370810562022316e-03
2.544796320735304412e-03
2.575613175009914581e-03
2.500511680388746612e-03
2.753340761548700357e-03
2.363878487567443697e-03
2.364561620423613359e-03
2.584101011600143261e-03
2.374745455114749861e-03
2.543249420093768830e-03
2.593774506379597188e-03
2.421307433873068262e-03
2.234210732112695483e-03
2.653941806175126594e-03
2.587687163911850212e-03
2.761843584280259962e-03
2.457042234354423014e-03
2.481920680585418624e-03
2.622955503050506364e-03
2.469021041321804982e-03
2.443706994508161503e-03
2.478118560515205938e-03
2.629038674063379107e-03
2.852809264366936316e-03
2.369861815318313313e-03
2.593578820219083220e-03
2.614817688515792306e-03
2.571048408262566372e-03
2.440797537534107262e-03
2.407159737099231773e-03
2.566183332020184442e-03
2.549933190199574293e-03
2.727353248938189142e-03
3.066083421615841027e-03
2.598617270437883139e-03
2.681415982856392988e-03
2.485446035169964693e-03
2.349008239795931895e-03
2.762007777542881560e-03
2.388773199778217258e-03
2.681132690119835543e-03
2.854555210788784804e-03
2.634443651745251285e-03
2.781667340690491697e-03
2.122988928080105954e-03
2.618240023370962261e-03
2.542982182867853727e-03
2.702328073796966303e-03
2.384622126348777665e-03
2.410641344711387732e-03
2.891438041171863742e-03
2.574251754651508441e-03
2.559091885134440886e-03
2.353237781931425635e-03
2.696705989421024473e-03
2.661600266803320833e-03
2.442960944891553986e-03
2.475278795132407426e-03
2.536331097066538576e-03
2.722915043016892363e-03
2.399710278209740612e-03
2.527990023032087447e-03
2.513592807259617916e-03
2.629863115604823103e-03
2.623889674938462233e-03
2.450686745609994416e-03
2.540083848132794302e-03
2.775358021562319109e-03
2.733486931316178939e-03
2.524109718268751409e-03
2.621765747332595407e-03
2.690368610486131105e-03
2.667594846129394542e-03
2.319718485814745764e-03
2.929391155441121719e-03
2.751997695592181461e-03
2.129211113631672859e-03
2.649571882033260536e-03
2.497864738074863627e-03
2.621362542691267703e-03
2.621418876510008163e-03
2.678675825634230841e-03
2.296738890507602979e-03
2.624139157756667264e-03
2.510018233530647656e-03
2.559275077691657539e-03
2.611911392506657131e-03
2.456665311762302843e-03
2.756792962214912011e-03
2.819514948038672267e-03
2.147813661422853272e-03
2.714652144518472834e-03
2.636806070444599158e-03
2.547518799474015553e-03
2.362707300048018464e-03
2.404322413011142183e-03
2.513792960476662116e-03
2.688581991896862172e-03
2.404548787993291553e-03
2.662373525078427783e-03
2.626671561673508178e-03
2.679437582041024543e-03
2.472933176008307830e-03
2.372172133936992222e-03
2.542740761737835933e-03
2.530866056227128527e-03
2.526541164490406742e-03
2.289756323631914666e-03
2.685455606090105841e-03
2.431365380941579498e-03
2.551840362760633696e-03
2.507015220324623588e-03
2.810878922217153932e-03
2.752512694410596227e-03
2.444393838678366772e-03
2.863475697979673065e-03
2.465523094690454976e-03
2.551396190317195209e-03
2.701397826717314744e-03
2.375808177771039295e-03
2.363081392110716675e-03
2.325198529429495578e-03
2.391446329836002024e-03
2.723449124034329431e-03
2.850224819528334678e-03
2.447109122793153079e-03
2.770380975399975871e-03
2.604656682178058298e-03
2.732110887327445729e-03
2.584143876867378738e-03
2.367592483237248354e-03
2.557755997584383253e-03
2.490013890674882928e-03
2.769323428187211566e-03
2.521916741709818478e-03
2.542848837631752051e-03
2.507692437271563744e-03
2.741898606969264771e-03
2.658993657948986646e-03
2.361231095033251327e-03
2.749525739477955491e-03
2.730311127812667590e-03
2.471273798995003365e-03
2.417714165538789768e-03
2.128612670522955514e-03
2.647745607426358738e-03
2.476783701391563949e-03
2.345144526579159144e-03
2.216648916505483801e-03
2.433874035502557858e-03
2.465219700730350745e-03
2.672997202076744534e-03
2.562755546740753260e-03
2.603359086261575108e-03
2.714775353905940145e-03
2.692929551512413585e-03
2.608021966061410419e-03
2.536657536381580098e-03
2.352303446539249186e-03
2.716954335121228668e-03
2.396784797223683230e-03
2.479840473044176829e-03
2.597642353991230692e-03
2.481929908857449709e-03
2.805526608509323686e-03
2.451300482612786547e-03
2.541194552683574779e-03
2.393622925100308621e-03
2.739513004830750661e-03
2.556222624374567161e-03
2.541474457215742860e-03
2.388570713117382869e-03
2.798462255866092027e-03
2.508971983931412505e-03
2.345073331001418585e-03
2.834947587989792260e-03
2.642934500610973677e-03
2.541306230616346452e-03
2.678458386851113957e-03
2.545116272732176298e-03
2.524950395036030561e-03
2.527784898988026316e-03
2.514454992698891139e-03
2.340793126750082952e-03
2.583114655881250422e-03
2.515855373017068623e-03
2.404900716066974559e-03
2.343542063059342144e-03
2.460586150874295545e-03
2.363847665226808184e-03
2.696504452672636963e-03
2.684471149359055411e-03
2.696493185926026638e-03
2.517964777984597891e-03
2.390241639313027411e-03
2.353338402786078320e-03
2.722513533154196329e-03
2.387817231218139231e-03
2.499745503522996567e-03
2.722724532088946839e-03
2.705457302645299534e-03
2.123795896131953301e-03
2.419607574910908644e-03
2.541574366458969076e-03
2.678815748724927732e-03
2.293705790925127525e-03
2.611039879625615297e-03
2.666417409029724940e-03
2.576983566141808485e-03
2.804668801939122491e-03
2.176052030462989704e-03
2.266268633663438663e-03
2.447978264710386383e-03
2.483509162624544537e-03
2.641721674336782247e-03
2.810245895850326490e-03
2.380348596050293336e-03
2.744624624380668457e-03
2.374781726132360257e-03
2.803062898403531084e-03
2.575498971628425570e-03
2.188536841078094798e-03
2.896163845328137559e-03
2.302243199974761401e-03
2.599445150947474279e-03
2.426977629293016435e-03
2.453932148663326256e-03
2.352132890674341840e-03
2.813388160372925877e-03
2.436533254813692123e-03
2.749937243819864513e-03
2.437999596139025886e-03
2.348187907297452290e-03
2.824261369868246493e-03
2.235487467960263399e-03
2.568226913764985395e-03
2.488995930928421078e-03
2.705467330726203396e-03
2.122263083419558254e-03
2.592204212176630728e-03
