8.952152015038821430e-04
1.674402996670195558e-03
9.290279734534751845e-04
6.509171943119150712e-04
4.118494001302954810e-04
8.833623645671785868e-04
2.281761672502070730e-03
1.934328356991221872e-03
1.183942458417197542e-03
9.172824739710123444e-04
9.169442656513026538e-04
7.283498686936575777e-04
1.572496159843577877e-03
1.793310696541235497e-03
2.175640930304515233e-03
1.106350999860838740e-03
1.830293789229888888e-03
1.058814791543832802e-03
7.466475397104866112e-04
1.037916879380349411e-03
2.258400395177037612e-03
7.486912430257433061e-04
9.119468681471879943e-04
1.228866498577307377e-03
9.970809504257040819e-04
8.658025453310018611e-04
8.108340927182017916e-04
1.121942843843265567e-03
5.860278092156143625e-04
6.193798383938894491e-04
8.252811623589807266e-04
4.114168733545554564e-04
5.102644669136083277e-04
1.408908301684956912e-03
7.042600368758053161e-04
1.004386615160774441e-03
5.267059964230706064e-04
6.234915522061533055e-04
1.368037439246978099e-03
6.406582544120721428e-04
8.769163812437501563e-04
1.367228906823085652e-03
1.149585921398260050e-03
1.170607631233584007e-03
6.317484450003129758e-04
1.351389435056637566e-03
6.233662865694951111e-04
8.175497053354467214e-04
1.513660655858831226e-03
8.198911257594869179e-04
5.426950882823775501e-04
9.451103465448729667e-04
7.723239977775059068e-04
8.409533579565225741e-04
9.235884781263303377e-04
5.866540274670346529e-04
6.923321008338796960e-04
1.162239598397785340e-03
5.067168185232419613e-04
3.004337594227821616e-04
1.662602056889288422e-03
1.285038226071806306e-03
4.864256052942764175e-04
1.207976235216023236e-03
9.679291992380365190e-04
2.547207915741195663e-04
6.684084827397499765e-04
1.303390071587673046e-03
1.747334329665628473e-03
1.460140547128483323e-03
7.009373089295112052e-04
1.972483497043719686e-03
1.413679064191051497e-03
5.395885222972204723e-04
3.596668413418652307e-04
1.026006615912271802e-03
9.501781774949453726e-04
1.265574903756653278e-03
1.205333271186990237e-03
1.445860549627021830e-03
6.035509790280915677e-04
1.431220068451379305e-03
1.397524859226839883e-03
1.042956066717224024e-03
1.088603502943120581e-03
9.909227617852869614e-04
1.785049941154164509e-03
1.057320515677855066e-03
4.792804219116534605e-04
9.242200999196242351e-04
6.728093839209301104e-04
1.157326945344742779e-03
3.120603750534387899e-04
5.176947971766117981e-04
2.712483506015126952e-04
8.480943351686657996e-04
8.704607927129789013e-04
1.090760711947145632e-03
6.594391892337125210e-04
4.540641676984732262e-04
1.023281395512687071e-03
1.509662396086211512e-03
5.529753345180099013e-04
9.472147516431212669e-04
1.465014077483965151e-03
1.028270689653693927e-03
1.378409321032044842e-03
7.514079794488145309e-04
9.026916625218152487e-04
5.592172779456665733e-04
2.609838414213909875e-03
1.757619795115962632e-03
5.029463978537853904e-04
1.533846328140986339e-03
7.626844437787432636e-04
1.985158748635077212e-04
9.619295037397647841e-04
8.752988918500077386e-04
1.248728536545948677e-03
1.260464797686921710e-03
1.532331004118856789e-03
1.614158978594298346e-03
8.167650988553347294e-04
1.899802399832003249e-04
1.904988127575835133e-03
9.525158636627715321e-04
8.743285609030214661e-04
1.602373951240029489e-03
2.121448721217845598e-03
5.338319258456084232e-04
8.143275893882248552e-04
1.853908700405406665e-03
1.712923245439553106e-03
3.433950458012340360e-04
1.241738320087740427e-04
1.085195094321563750e-03
5.083539908651576273e-04
5.889723372226152815e-04
1.352107693877334024e-03
2.354494969157279113e-03
8.226188133384078035e-04
6.919638582920839727e-04
1.692189681237304824e-03
1.563055563512426435e-03
1.586616336841656675e-03
1.851114458975062008e-03
2.544962751849050471e-03
1.918060601993948041e-03
1.026480728468559967e-03
1.399990794373131339e-03
1.608860238226194998e-03
8.785456674737524832e-04
1.471884370188051780e-03
3.819522115213381695e-04
1.384755349931637803e-03
4.098617192818836998e-04
1.329575709044146688e-03
1.635989715278268926e-03
1.558658453698734273e-03
2.756608470290158289e-04
1.502806067797158272e-03
9.567606311808908321e-04
1.408737692805738960e-03
1.018845779714751092e-03
1.723089619425467430e-03
2.036935204462410245e-03
1.473457141788524346e-03
1.403022034145080723e-03
1.959776735675423237e-03
1.398190811453113797e-03
1.723322521144795508e-03
2.150544818634431404e-03
1.895851589324698680e-03
1.580647128642135050e-03
2.188494041379456315e-03
1.320889469056799482e-03
1.179062268873048427e-03
1.262764689099824065e-03
1.130888227776804611e-03
2.268491672680023746e-03
2.177873093182808133e-03
1.918280657214355275e-03
2.093955213718905629e-03
2.077312166791008951e-03
7.426066786916100037e-04
5.074481287197970527e-04
7.836944496932164023e-04
2.340693620974490172e-03
1.155353530352201197e-03
1.065492108654116652e-03
2.262135388202838118e-03
1.458682016301294723e-03
1.430535204687818918e-03
2.662323238155535517e-03
1.405532219049178671e-03
1.302687279624345235e-03
1.800228954803701669e-03
1.120459225729283003e-03
2.370969176784036743e-03
1.958272832390626095e-03
1.184591333375724625e-03
1.360982604511159393e-03
2.008591209093469210e-03
1.516787494061309569e-03
3.335936367855374483e-03
1.805565092735888491e-03
2.113260136069985626e-03
1.718298795705382707e-03
1.991769646991026297e-03
1.121250091863634822e-03
2.412454546991758386e-03
1.795707662999748320e-03
1.383531334851356839e-03
1.239044593028481049e-03
4.670288989633325136e-04
2.250585943495526757e-03
2.241307788921571408e-03
2.811981893593417433e-03
1.708652177621799387e-03
2.336931268932652614e-03
2.564687577400742192e-03
7.200459580338620892e-04
1.851414279708181541e-03
9.286702228087993349e-04
1.267473814360643453e-03
1.580805712587889534e-03
1.907668943185445061e-03
1.710886228350114863e-03
3.353021792645132556e-03
7.678646875929457348e-04
1.417928710203160761e-03
1.525916307665492249e-03
6.350747731261606509e-04
2.149562963229924469e-03
2.822706331359196505e-03
2.420020175684175264e-03
1.868193101499505395e-03
2.762119056150604077e-03
1.198010687141421674e-03
1.906999874411017919e-03
2.239822534088725323e-03
3.456808426934199381e-03
1.886102713430010342e-03
9.168488797476991156e-04
1.546972897637005281e-03
1.527228739230055690e-03
1.881776751631822472e-03
1.969970864350879640e-03
1.545676072655554484e-03
9.711354943486102563e-04
2.506436474931633858e-03
3.184867035330425731e-03
1.884964442800525670e-03
2.003705538812311764e-03
1.366969888558877298e-03
2.654485747018561857e-03
1.623219505278182540e-03
1.846324469342239868e-03
2.004542326383135144e-03
2.317740235983092433e-03
1.660543117693707212e-03
1.388587913400529629e-03
9.312736349278914446e-04
1.127676187701285920e-03
1.988207398464941680e-03
2.784422593444038641e-03
8.233348580996230435e-04
2.233314761034486864e-03
1.148423591052368919e-03
1.544585735702851082e-03
2.331727772889135956e-03
1.348257951967756418e-03
2.112594901775010324e-03
2.101551686539727092e-03
2.203929226046394581e-03
1.672195396672092544e-03
1.935099718058036879e-03
1.599083800082907536e-03
2.716782677457848117e-03
1.674068320474963751e-03
1.679967611952892098e-03
1.798101140842170258e-03
1.899059130218385587e-03
2.055044176208770459e-03
2.112862930711797635e-03
1.311632460475701915e-03
2.350060143383129324e-03
1.026547896504338264e-03
1.007997382810028311e-03
1.910258192817881635e-03
2.499948114986367317e-03
3.065567555736550039e-03
2.540105300926064850e-03
9.222559976672893567e-04
1.693117839619774374e-03
1.664720799756979567e-03
8.990731247836275660e-04
1.103577551655881899e-03
1.113923573462252030e-03
1.159803629984747144e-03
1.729837198450583568e-03
2.671405818722927088e-03
2.056329830149496857e-03
1.724851913784711862e-03
1.486931324510045284e-03
1.394368150103901527e-03
1.279300625650135357e-03
1.725883840398436059e-03
1.614943318634658566e-03
2.151368673676734480e-03
2.027419534238677091e-03
1.982696742620413885e-03
1.625176228890880953e-03
2.224953554623613529e-03
2.392797527779054294e-03
2.290519892751950032e-03
7.727205459462344701e-04
1.389363472299463874e-03
1.639092974562390620e-03
1.017561422976550212e-03
1.867296329752267435e-03
4.582763661822112635e-04
1.632035210151296968e-03
9.807535426771629792e-04
7.925460544351320587e-04
1.055394357267291352e-03
2.612534765048019417e-03
1.069540303610053015e-03
1.454945189508810360e-03
2.168688627956450073e-03
1.601090488305591383e-03
1.960800553189652896e-03
1.220862953407857079e-03
1.792862774024302436e-03
1.574900335125836758e-03
2.078190164257936404e-03
1.848027000398293294e-03
1.698722167741701988e-03
1.859427270122536186e-03
1.906118814519433069e-03
6.712591566257793000e-04
5.395783187351740808e-04
1.135456858621657246e-03
1.191730785229790481e-03
2.001586753401978034e-03
1.320519375516418558e-03
1.727803709469356939e-03
1.221473110038138370e-03
1.179416914467329523e-03
1.079415821555301672e-03
1.490293793491594436e-03
1.203078044540040496e-03
1.506686222605216081e-03
1.674894079026927485e-03
1.864171833100831781e-03
1.179550835896161012e-03
7.576762725773095609e-04
1.188360639387336763e-03
1.484289924445822157e-03
6.005088796127047539e-04
1.846756913891632254e-03
1.723721085796288584e-03
1.202365108576245161e-03
1.669309497048179422e-03
1.767467184498445164e-03
1.943188481745134659e-03
1.743587224148226023e-03
1.410612384125337765e-03
1.489110210525567335e-03
1.046988328368257063e-03
2.055143700623729766e-03
1.917343339188878545e-03
1.416746255841502475e-03
1.040768955441890610e-03
1.715869682691937344e-03
1.773953275952091894e-03
1.965476744219175724e-03
2.667545238711429428e-03
1.224283033622753725e-03
9.199960563728586029e-04
1.953209038682366793e-03
1.028314325155212875e-03
1.837125584077353106e-03
1.017921171290735909e-03
1.094211612141450041e-03
1.555492437822367452e-03
6.690847690486279682e-04
1.329180120926020184e-03
1.545175805893281773e-03
1.705955339169536308e-03
9.909066611358870874e-04
1.886233720246701870e-03
2.387142143723594307e-03
1.459603756887650717e-03
1.402695495652180567e-03
7.312350228898770611e-04
1.745669323351118057e-03
1.307388495094877028e-03
1.306829628699141595e-03
2.177837616306615726e-03
5.664190633287464072e-04
1.430239913726533705e-03
1.360922757794582813e-03
1.550283338946138257e-03
1.643500940300160430e-03
1.264415017517510299e-03
1.580481837230298444e-03
1.667287187780042536e-03
1.286773554231603707e-03
2.488384741705316257e-03
1.544503529672298231e-03
1.858827044140792979e-03
1.520229388936122569e-03
1.729567072404039141e-03
9.072462167161954522e-04
2.305460573971801572e-03
2.054937106556350718e-03
1.688114731734734544e-03
1.492553239256182336e-03
2.128539130071852633e-03
9.823908312192586572e-04
3.482873793146325572e-03
5.262654641240037054e-04
2.177187953525502612e-03
1.090284429557040503e-03
1.038960098638659754e-03
1.741850547007454822e-03
2.991801192187263595e-03
9.875909106743015892e-04
1.441315279069678261e-03
1.431114911816438367e-03
1.526051548336693599e-03
1.286496848223060837e-03
2.321548631361910770e-03
1.980230289291521218e-03
4.500192778958988539e-04
6.743878223214038207e-04
2.572794518590344054e-03
2.610669012355720971e-03
1.634785086526136660e-03
1.605689050586190389e-03
1.564601411540340534e-03
1.716491413854495706e-03
1.211652291295109039e-03
1.047921049773719486e-03
1.937166020529193945e-03
9.838409507472527758e-04
9.834264020337709928e-04
1.755472457203900716e-03
1.588497825954737893e-03
9.065915018731408046e-04
2.491332147917765891e-03
1.496567897880284308e-03
1.859657595489496926e-03
7.414457936243927386e-04
6.759821492429938248e-04
6.338491999931277670e-04
1.907737141450713400e-03
1.201787642753677056e-03
1.691774932177080807e-03
2.157831052318199931e-03
8.423329727816532969e-04
5.147093174840945912e-04
9.825700090115383617e-04
2.694510602029871597e-04
5.844203321779472497e-04
1.450957763752379814e-03
1.246574771355040681e-03
1.849060927444843390e-03
1.391392508384060303e-03
1.053202096098556024e-03
1.446983808727322733e-03
1.304979377255769757e-03
1.583708759306947256e-03
1.643512519786069839e-03
1.319158360513867636e-03
2.179073103353897610e-03
7.711998523977933815e-04
1.878670398568807335e-03
8.366802348379797022e-04
9.839469577229197159e-04
1.297749710734423740e-03
1.379464660903759838e-03
2.567534057765920742e-03
2.760101458996013554e-03
1.051225705092918980e-03
1.527880965881188088e-03
1.922104526375158738e-03
4.726333392317427122e-04
8.568037619138368748e-04
1.703006548792428999e-03
1.798967563513577655e-03
1.764439425571267921e-03
7.761376081799960421e-04
1.716032713864403501e-03
7.038821994418191464e-04
1.003880635132962679e-03
1.505511374815418895e-03
2.052005448838772547e-03
1.963575245389525496e-03
2.350292564154684693e-03
1.390792969396809639e-03
2.123705240401518608e-03
1.340548551630290925e-03
1.895421710741990217e-03
7.657947268085328260e-04
1.138317903995599532e-03
1.822263799710296429e-03
1.915006791224153817e-03
3.041481048717935027e-03
1.919735616350193644e-03
2.084411496445892631e-03
1.862655891063201043e-03
2.236799583991733696e-03
1.143063831779719255e-03
1.172986944745107009e-03
1.946239344444953027e-03
2.280211103683550330e-03
5.524625895636484270e-04
1.582257240343219393e-03
1.369729443632997611e-03
1.003088034644686278e-03
1.104899264639867210e-03
7.538738750048888139e-04
2.450508137981725985e-03
1.355776196482921022e-03
3.056980689381819799e-03
9.674111573986916802e-04
2.153011570541818898e-03
1.691851811935085213e-03
1.791470921945362152e-03
9.660077118794646199e-04
1.177293170670426839e-03
1.227608816947605959e-03
1.410864576390826082e-03
1.369920957166161166e-03
2.514182873945694681e-03
7.107830999123290489e-04
8.820579849808350692e-04
8.764436441213535557e-04
1.056612658718557741e-03
1.902584680594283754e-03
2.129076089013456474e-03
1.893823472282819831e-03
2.661597470104744116e-03
9.443064532248839548e-04
1.555820733236128140e-03
1.131433262217752984e-03
2.466429175691591067e-03
8.421079944279702325e-04
1.656304314269718692e-03
2.273530834765195071e-03
2.052983596650633825e-03
2.207359940929965337e-03
1.531554963296688585e-03
2.853022679566470134e-03
1.879691193976432096e-03
2.775171301668898083e-03
1.191331916523146990e-03
5.952808829338377024e-04
1.161824193600095260e-03
8.270876160835319594e-04
1.605630312296986916e-03
1.189205492320918878e-03
1.626682365271004153e-03
1.560012103111461370e-03
7.129375706457665015e-04
1.767018990811672916e-03
2.194798440505104156e-03
1.893339683111442155e-03
1.475379377692115400e-03
1.430535312718163353e-03
5.338040706769730907e-04
1.832866954455115906e-03
2.001916648697950676e-03
1.991089312898784280e-03
2.648979461532679353e-03
1.914181600848560401e-03
2.376718531950314846e-03
2.302401351126240423e-03
9.431834117796172390e-04
2.265735646057044726e-03
1.258886880143231810e-03
1.253620433128890170e-03
1.025191965616506625e-03
1.512338178395555930e-03
8.501456330921541805e-04
2.027686751019359881e-03
1.183902939398583142e-03
8.047473228903177529e-04
1.652519485882419448e-03
2.241195927114531493e-03
7.957247221581990578e-04
1.502928785306030220e-03
1.149355156954209953e-03
2.411326292835554890e-04
1.986955179548728634e-03
1.044848108809784230e-03
3.001966384870140541e-03
1.452429155939848797e-03
8.507037547893046966e-04
1.749519082550569189e-03
1.955606055272838314e-03
1.008073238806889366e-03
1.378033295099922876e-03
2.368598726443361165e-03
1.628457964566652717e-03
2.026334470193143396e-03
8.475582917631110588e-04
1.477301125301943392e-03
5.978013094361723416e-04
3.375315657450721728e-04
2.190669689716148467e-03
2.090375512485429313e-03
1.516711563894695058e-03
1.495863266786563815e-03
1.324667973872043847e-03
2.175921450232007857e-03
1.725171852945152611e-03
2.255251262311534256e-03
1.807893259292625652e-03
1.738319583830813335e-04
1.629308283932161955e-03
1.098468292329218355e-03
1.273960566446134986e-03
7.984934261561862402e-04
1.104386978399866069e-03
1.643696582299502933e-03
1.495714522783179361e-03
2.127477107293354337e-03
9.367807986291005811e-04
1.688917458099748088e-03
1.988562699362591418e-03
1.645537011928208506e-03
1.228593777343699222e-03
1.281548610658452816e-03
1.663466501472216129e-03
9.655096693933309417e-04
2.427592479071948462e-03
6.366907897076882171e-04
1.740179224746845601e-03
9.725282613444860471e-04
1.451746337324238490e-03
1.104876508787283216e-03
1.655355751481784633e-03
9.204850184603198277e-04
1.041256483674311058e-03
1.481337668587066458e-03
2.935220767883350759e-03
1.222300144632640882e-03
1.626987458396370219e-03
1.730432200937553769e-03
2.848300838062147247e-03
1.335647928599552206e-03
2.690979099591670008e-03
8.479733230735103482e-04
1.283585951251368972e-03
1.085564137488395252e-03
6.778763640648477126e-04
2.243409045266237401e-03
1.787177172499236502e-03
1.089725850926032483e-03
9.179907132799549957e-04
2.560788438164108768e-03
1.374870779305065616e-03
2.348028988032607820e-03
1.428078685072797912e-03
1.476766381658826087e-03
2.482477223859603892e-03
2.856815917052572297e-03
1.355629517214121046e-03
2.395549076288308425e-03
1.040982774067835629e-03
2.109981122278309362e-03
2.705394529601816574e-04
1.057690598659135738e-03
1.036624181963118714e-03
9.047583335059406102e-04
6.652185293395516561e-04
9.674451129775467426e-04
2.128908966149044117e-03
1.125004363843220721e-03
1.505990267485479532e-03
2.007962878665622321e-03
2.935139963052126131e-03
1.296530954716984237e-03
1.318684317957865637e-03
1.802581065394817314e-03
5.149060534418736269e-04
1.386158001380886906e-03
8.340267727312441993e-04
1.818992930954300589e-03
3.130419274137624663e-03
2.442418182197857515e-03
1.299211140143561889e-03
2.045109407791722948e-03
7.049686243921038202e-04
2.003998532208713188e-03
1.568032663086051364e-03
2.057316057086211632e-03
1.548109039735475747e-03
6.930647950189941769e-04
1.426351585334875369e-03
1.024297899174329363e-03
1.803460997034394501e-03
2.089686069939067446e-03
8.517504181837590735e-04
2.676446304398586926e-03
1.279766427302114372e-03
7.769151608740824857e-04
9.576720875685676470e-04
1.772724877253414703e-03
3.064488942958890853e-03
2.229567269112676595e-03
1.619320046961237897e-03
1.493230935369626927e-03
5.866052804792382764e-04
9.084213893786882233e-04
1.587367699645343515e-03
1.670570767786624337e-03
2.544234665160946540e-03
1.990042080174094820e-03
1.980051760286188640e-03
1.948662225832212399e-03
2.133355275487241499e-03
1.990444303592477180e-03
1.203606638172454195e-03
3.138494075043121809e-03
1.033904925289741514e-03
8.655913860803195973e-04
1.352733010677776432e-03
8.934581268307555026e-04
1.352473559258161569e-03
1.463703632647440737e-03
2.582535043336439858e-03
2.052154453127363800e-03
1.882694710276241546e-03
1.186366334221146531e-03
1.603380044925360693e-03
1.359398290387795350e-03
2.064338512541286086e-03
2.336131596839234690e-03
2.181486340163002208e-03
1.336463510638946032e-03
9.942881224002742338e-04
8.658540603662588609e-04
1.117169678506738963e-03
1.865705284473857936e-03
2.585526099071655710e-03
2.130523348668169909e-03
1.601752468890378254e-03
1.818301477313380042e-03
1.851924919792795115e-03
2.617276689635033085e-03
1.443812478099921462e-03
1.011082343545659321e-03
7.363545437910798104e-04
1.667310909228340594e-03
1.129283668113716717e-03
1.605932553275481655e-03
1.717621738180987378e-03
1.528138739454220794e-03
1.585343566803934425e-03
1.075839237764345847e-03
1.430239366372454760e-03
2.142373616683570462e-03
1.995448855392186263e-03
1.680391759674737225e-03
8.232690987651272154e-04
2.240652775452342191e-03
2.643768403644789367e-03
1.380988854416044954e-03
1.384776851904049146e-03
1.989221773874967365e-03
2.186115211904560499e-03
1.528925772318313024e-03
1.698276256165430530e-03
7.146384802645408887e-04
3.006518714729944190e-03
1.716694907044655476e-03
2.958214835083099268e-03
1.706685231033196583e-03
1.373883011625617575e-03
1.910356726806539422e-03
9.387010955322228761e-04
2.209115390655693768e-03
7.119453488695417229e-04
1.989406464712531897e-03
9.241911408975255144e-04
1.967318720733992037e-03
1.473078340764804239e-03
6.990321268157238680e-04
1.393288851696156865e-03
3.562210318449855577e-03
2.280006748466610091e-03
1.387187665342859378e-03
2.164130929701114925e-03
6.618106221855707318e-04
1.031901555970612862e-03
2.237204846560351783e-03
2.256698060107541030e-03
