1.511149816936763028e-02
1.491058644038883128e-02
1.467573318450322850e-02
1.445558553361581469e-02
1.407387199362143335e-02
1.396283554440003356e-02
1.372664194688479229e-02
1.330401480035131243e-02
1.289121831255984375e-02
1.280924608713227171e-02
1.241353565838400168e-02
1.223372374184113383e-02
1.153464073341741239e-02
1.150157655764968284e-02
1.099766431220001485e-02
1.076242319363040351e-02
1.024275011426500556e-02
9.856366110206278217e-03
9.689545586505450905e-03
9.241535556057538930e-03
8.965711136374723486e-03
8.339290783989424666e-03
8.074376020349773378e-03
7.573924521317469336e-03
7.517124978972224494e-03
6.789739196479408628e-03
6.183844500394120210e-03
6.017525993733200025e-03
5.659011866114450374e-03
5.146114966770894486e-03
4.886850220080524859e-03
4.182311328440628181e-03
3.630158430432707788e-03
3.391244285793147250e-03
2.881819743221717550e-03
2.427742439994304974e-03
2.277279185716484834e-03
2.087338981594261816e-03
2.070172766041419431e-03
1.857408285881394141e-03
2.037826712027247453e-03
2.257991706371232331e-03
2.354900623812899822e-03
2.764230436980282587e-03
2.933170903067954319e-03
3.303052115022683550e-03
3.172593884728970234e-03
3.844675486493386030e-03
4.276106322672118196e-03
4.461333693258352252e-03
4.498639240508722770e-03
4.333405635172213680e-03
4.421414409593397640e-03
3.843332076937716699e-03
3.942369697671879725e-03
3.642065493712143536e-03
3.393001785140279704e-03
3.070966312298880826e-03
2.983638287136892650e-03
2.829320408519245961e-03
2.619701801732713092e-03
2.785644811782557288e-03
2.584209114774101753e-03
2.600704386718629899e-03
2.653596597005620974e-03
2.567385586731078372e-03
2.862491576711894380e-03
2.839078166350523721e-03
2.968492954481007345e-03
2.979358068825033439e-03
3.112792330943319266e-03
3.280621463976760716e-03
3.264294471714146093e-03
3.247790096534605361e-03
3.362417211435899094e-03
3.230244413035399022e-03
3.344929727473931313e-03
3.306370924910069422e-03
3.264510796969281349e-03
3.000246847908744768e-03
3.094660502664971224e-03
3.203399334056035441e-03
2.981872780252814610e-03
3.093023195070737207e-03
3.033063390742883267e-03
2.992143874999737656e-03
3.052044121465573995e-03
2.913407853544229889e-03
2.602414706321649982e-03
2.942475693716384202e-03
2.707427277277442857e-03
2.679455417657728572e-03
2.637253745194884091e-03
2.603949347933174393e-03
2.679857767243691655e-03
2.454787014977115843e-03
2.642151981139323567e-03
2.677075390061106792e-03
2.619560943180581757e-03
2.643453214196692103e-03
2.801925338200415838e-03
2.406158857897885365e-03
2.638071186735125272e-03
2.518731021380389394e-03
2.758239134962396297e-03
2.379014354737027555e-03
2.445399668330064911e-03
2.451017459148842857e-03
2.609327735598539373e-03
2.636693730022750433e-03
2.547186410989756445e-03
2.358623269947406672e-03
2.469066571332751737e-03
2.250741259326729474e-03
2.585005576355976862e-03
2.534110586083164213e-03
2.402144475272981715e-03
2.422434496393300815e-03
2.300998841445365053e-03
2.261460168730541984e-03
2.330197755618565111e-03
2.379658019645157670e-03
2.300184187005924023e-03
2.391955197754631977e-03
2.284815083183967029e-03
2.323976480669314847e-03
2.366479094533319866e-03
2.337919419180500141e-03
2.305508000713102704e-03
2.346207913197777706e-03
2.166330839766772778e-03
2.124803353963770815e-03
2.161294782699939819e-03
2.027556236782584662e-03
2.118071536675770247e-03
2.319331546274875158e-03
2.007430841507999719e-03
2.283972798432017115e-03
2.211270372943829020e-03
2.024845704995108242e-03
2.157705072269088063e-03
2.103100197146960323e-03
2.036338187229112806e-03
2.008628471599734674e-03
2.022844257275280277e-03
2.057430728400821279e-03
2.069998251502998959e-03
1.946106211296687576e-03
1.956761230569591201e-03
1.909417411930242796e-03
1.956045387713152388e-03
1.792669631031542764e-03
1.961407546718261022e-03
1.999105218042006478e-03
1.956235931716767285e-03
2.154419016477798592e-03
1.869393984244953127e-03
1.825948935663914167e-03
1.860473177818923940e-03
1.893311770777380675e-03
1.856639417829216961e-03
2.103041284271914974e-03
1.691631052072623638e-03
2.031539077596881786e-03
2.114108400809006170e-03
1.775666993616586108e-03
1.786370699035718865e-03
1.860356361040220365e-03
1.783019699056841113e-03
1.809504288223453324e-03
2.128599712638248008e-03
1.931949656081429064e-03
1.963635102377434254e-03
1.674963991769394273e-03
1.949270940082706034e-03
1.916560148319732242e-03
1.996548152518485587e-03
1.911330568206960796e-03
1.875902404000534020e-03
1.915823005443916677e-03
1.747086374949275312e-03
1.788572239242260760e-03
1.680270597240897563e-03
1.853928644649886336e-03
1.914336218073678028e-03
1.830012194439883683e-03
1.757404352757355398e-03
1.880564000921792307e-03
1.739132639673418622e-03
1.743407698337437776e-03
1.941323210820762330e-03
1.634878277163270398e-03
1.807422482427263003e-03
1.848346946469228355e-03
1.959309457262946481e-03
2.237499519057366097e-03
1.995259505417213818e-03
1.932659688279362523e-03
1.853650437918765142e-03
1.870667340424886317e-03
1.717805437855928798e-03
1.690852168683022044e-03
1.833911339077285048e-03
1.816537657271918111e-03
2.138515852426939486e-03
1.929806752865675240e-03
1.830966224244509090e-03
2.085028138806588240e-03
1.897567320351204075e-03
2.090729839538249622e-03
1.879310616010327305e-03
1.813572142551010550e-03
1.795803414080449729e-03
1.977183835648699522e-03
1.992899035354358563e-03
1.799829040523357859e-03
1.939754539638359086e-03
1.974740502397604857e-03
2.016848136525738969e-03
1.786648982789971205e-03
1.842723421293470916e-03
1.960396467850808108e-03
1.787491649686810419e-03
2.069223382002352736e-03
1.823010018230965690e-03
2.130547219872915010e-03
1.942928743544549515e-03
2.064118675586106358e-03
1.988340853674265291e-03
2.002555773909879804e-03
1.947032987620744750e-03
2.048959480551305282e-03
1.958153047313392157e-03
1.848615605077371521e-03
2.232033036746208961e-03
2.022698529266718850e-03
2.115851072487293268e-03
1.652052347770859627e-03
1.857268877669628407e-03
1.795483536250946270e-03
1.953459395903450919e-03
1.914899019518654993e-03
1.883244245099360142e-03
2.010273805298777670e-03
1.937031271779072854e-03
2.136160391044559809e-03
2.037508753272237062e-03
2.081417308176806459e-03
1.905272294729697634e-03
1.964303831035343114e-03
1.723400209250232525e-03
1.829864567087468403e-03
1.871579576038710606e-03
1.961919908564997012e-03
1.890082227814133837e-03
1.794892156843611421e-03
2.054920822963993837e-03
1.770775404553555843e-03
1.736486365373273930e-03
1.955961407216240313e-03
2.079075335198159701e-03
1.636851858764791631e-03
2.231443815733955699e-03
1.853424316732579834e-03
1.852035488952694228e-03
2.065627136579670318e-03
1.940307922704911014e-03
1.882955158668175779e-03
2.096038393818405125e-03
1.956760853339243982e-03
2.025645140679242957e-03
1.747648755231538415e-03
1.876599798742538752e-03
1.943407575607047997e-03
1.690032333024152258e-03
1.683490132943623284e-03
1.710093572201798733e-03
1.791518133463810940e-03
2.002567197552442089e-03
1.574839086423862611e-03
1.877921178369332386e-03
2.017086563015298411e-03
1.678350001155989478e-03
1.794359976960925064e-03
1.743670184520779848e-03
1.702809002678452302e-03
1.540555423989207334e-03
1.680597608754564806e-03
1.677606475507894233e-03
1.763895873110884723e-03
1.624335922066965070e-03
1.780947290527327195e-03
1.593715947677577576e-03
1.687933580619586666e-03
1.690932143693293400e-03
1.635407980241771614e-03
1.735489900601223370e-03
1.924680536328478384e-03
1.681113217802732585e-03
1.787643959364884844e-03
1.624942723637454525e-03
1.768534941973593736e-03
1.660341685016339299e-03
1.675694793077817969e-03
1.582504237366246002e-03
1.703932197390149381e-03
1.651091250949430654e-03
1.609800563526491953e-03
1.724915045924453735e-03
1.606381570787799662e-03
1.562878780105224959e-03
1.741100693679037154e-03
1.647934799093955056e-03
1.672363039295454972e-03
1.467671751682765981e-03
1.721583897579647814e-03
1.664374769699063965e-03
1.691351733319267515e-03
1.603456434070092435e-03
1.786407834629039548e-03
1.869377010907940541e-03
1.807542616712109421e-03
1.582441887643883712e-03
1.577134357431576308e-03
1.646923321463966130e-03
1.584700168336586508e-03
1.694224444545840494e-03
1.627188659935310073e-03
1.718092979599872413e-03
1.608471233022505794e-03
1.743989491728201169e-03
1.705699793132236727e-03
1.690710910682968271e-03
1.597687195981367398e-03
1.665292540410367138e-03
1.780729560845424565e-03
1.643333087517605002e-03
1.720194670527295340e-03
1.598807403615762172e-03
1.675082599330527311e-03
1.590761462103976176e-03
1.856827262687604872e-03
1.646847905906820156e-03
1.851571702079353628e-03
1.854483085489690717e-03
1.691509618569659147e-03
1.702236336985232888e-03
1.757768678458865525e-03
1.737549362661896732e-03
1.683835501142390452e-03
1.723148151586926255e-03
1.516613727804217923e-03
1.714089889570436431e-03
1.730453000468903848e-03
1.655962577305277557e-03
1.557726998821653153e-03
1.848673914684317550e-03
1.475169239113230217e-03
1.653829089698412649e-03
1.776278255413549527e-03
1.673552342899655744e-03
1.632085326394472347e-03
1.798148470429434837e-03
1.817456552593605702e-03
1.746888675681518375e-03
1.559412545796677856e-03
1.541783820912795986e-03
1.810114832096215536e-03
1.772450556851672479e-03
1.666692798335839059e-03
1.736384827907426530e-03
1.669754759634670778e-03
1.958724177784712094e-03
1.659928375855090725e-03
1.718763135794504435e-03
1.583423627031376076e-03
1.807766135422960753e-03
1.744855131653485223e-03
1.828565626176601984e-03
1.768490027294331891e-03
1.642630342369629133e-03
1.777185821688544599e-03
1.949776718753195052e-03
1.814665901920973915e-03
1.774765977551138541e-03
1.603498080756749454e-03
1.786292116924351366e-03
1.570114230103581213e-03
1.878864795126670290e-03
1.737330760102833794e-03
1.860937413679618129e-03
1.718529943909455696e-03
1.802839983065229572e-03
1.676986986414948522e-03
1.751890713194082004e-03
1.438426095823613395e-03
1.962796166029716610e-03
1.867669547923831060e-03
1.924379279833575082e-03
1.729090888035322762e-03
1.777712240551824422e-03
1.667135080218924746e-03
1.620561337699361060e-03
1.684268020231073377e-03
1.731960328309913380e-03
1.891364852106645206e-03
1.664326310398506637e-03
1.628403783321606419e-03
1.697008393983102719e-03
1.676938182964587054e-03
1.685688325570414668e-03
1.820241650688756568e-03
1.729237261048983433e-03
1.804753052377327822e-03
1.756062567182538423e-03
1.859039214413771507e-03
1.926205376932062664e-03
1.827857775875883295e-03
1.843418515745145472e-03
1.713812807689674145e-03
1.813025086799402528e-03
1.815328499066224495e-03
1.646730685067092359e-03
1.907218486013236187e-03
1.630962289062787719e-03
1.560621562109601370e-03
1.697289401146966819e-03
1.856148931213932310e-03
1.742505627316232476e-03
1.651271392381931579e-03
1.830731268258932150e-03
1.978977629332752397e-03
1.931732815869490263e-03
1.873857488266714643e-03
1.802727157477555364e-03
1.784148943370363971e-03
1.771452095637730123e-03
1.711420580601340398e-03
1.716804896645394377e-03
1.680054001831172202e-03
1.593918429680769855e-03
1.827470179919714853e-03
1.915430442346354725e-03
1.637462581206777920e-03
1.941176491007207301e-03
1.584634871428615595e-03
1.905111028932722668e-03
1.854785576254115026e-03
1.802543863797238799e-03
1.731480028126978479e-03
1.741112806661522907e-03
1.926741498962191053e-03
1.815607691349377384e-03
1.810649005961716042e-03
1.754063105195900318e-03
1.781832091008979987e-03
1.579853040775047388e-03
1.874699515592526860e-03
1.855078598799407216e-03
1.894072759044919917e-03
1.870391676878374642e-03
1.909106782441111726e-03
1.781774250648361082e-03
1.786005663294705417e-03
1.826024929818942854e-03
1.682144752723197575e-03
1.825808280769639254e-03
1.672854179138084235e-03
1.681565515657688090e-03
1.793951312116007311e-03
1.696564257139971006e-03
1.740967506273751169e-03
1.784931192274394991e-03
1.731356179836379162e-03
1.671921773747098551e-03
1.688360248925978649e-03
1.820439846619562952e-03
1.796684535395955433e-03
1.660894764120202875e-03
1.851732240135466881e-03
1.602148177431322526e-03
1.788224289245084414e-03
1.810754938716116480e-03
1.722282971920430315e-03
1.625526487656167151e-03
1.817259547962960485e-03
1.914261590824033361e-03
1.782019752560098143e-03
1.570954770754832410e-03
1.873664258650363209e-03
1.920933860858581137e-03
1.868239537006757042e-03
1.811502895724750655e-03
2.023470757029492348e-03
1.834727448278560729e-03
1.649368525633015644e-03
1.769894972043034760e-03
1.785516900119352331e-03
1.848765410244436989e-03
1.806512130113298526e-03
1.710845535344800508e-03
1.844265499548801944e-03
1.787621399865919978e-03
1.757527770499988078e-03
1.807003024090470889e-03
1.832189850668304587e-03
1.734086802741812827e-03
1.815131122498334386e-03
1.695975890541058387e-03
1.775500714350416879e-03
1.878929751422323772e-03
1.791054502313241606e-03
1.732835083039381422e-03
1.649780474253493678e-03
1.968363614981958037e-03
1.710914299623884091e-03
1.771277717497750370e-03
1.751909580900786953e-03
1.957225268418083270e-03
1.789428862213491818e-03
1.892195421745567450e-03
1.880336492245242427e-03
1.951155487964311309e-03
1.808429922017134152e-03
1.762416952920556204e-03
1.731347585015235091e-03
1.864851406680949168e-03
1.822382779016481309e-03
1.861542348442148500e-03
1.725878891181481826e-03
1.810880676913452329e-03
1.830187915056799043e-03
1.842524301906854232e-03
1.881428660555248180e-03
1.910354371759832078e-03
1.725633893152007502e-03
1.903269868229073890e-03
1.865443232318320446e-03
1.662828872689944490e-03
1.710031734893533058e-03
1.738646703596983352e-03
1.679217616753934158e-03
1.756047563704535037e-03
1.942302201554888365e-03
1.722216127189561338e-03
1.841872359258884401e-03
1.580130583353149109e-03
1.992569206951766946e-03
1.732279519864906745e-03
2.065887101948753451e-03
1.750345954765436789e-03
1.865803934632949022e-03
1.678796182260374739e-03
1.523917934600187889e-03
1.701203679830396494e-03
1.636142601775051383e-03
1.727545181196356566e-03
1.697491535096783046e-03
1.530022824415823175e-03
2.047661835932721580e-03
1.817307300494203949e-03
1.841683706876479001e-03
1.868150822212291586e-03
1.647099028921223231e-03
1.814910668862201827e-03
1.830336328619737007e-03
1.856457888901288239e-03
1.847469672564265369e-03
1.910205395019839644e-03
1.887323904198739098e-03
1.844361969885627197e-03
1.772500987981527739e-03
1.610815830031267059e-03
1.860469723250842474e-03
1.945142767739803337e-03
1.994706822900402503e-03
1.698144878686533429e-03
1.761443111582521341e-03
1.812464118560185933e-03
1.749526642963240971e-03
1.915172094364256134e-03
1.689215981514666188e-03
1.950875245067119294e-03
1.947171077598311819e-03
1.696865902069863777e-03
1.732929958063951113e-03
1.897738007596702072e-03
1.799255870996460107e-03
1.746728678714858096e-03
1.784439262142585494e-03
1.743731875681020635e-03
1.846541835226234466e-03
1.593386797449775072e-03
1.667826366732154050e-03
1.791264150892778184e-03
1.542002958231503693e-03
1.781382294042958142e-03
1.744320815247679419e-03
1.803274319354853652e-03
1.817796920756044755e-03
1.932189444888416643e-03
1.892767071454650634e-03
1.704361186987665092e-03
1.928334837572010527e-03
1.773600353254660075e-03
1.753558955520597437e-03
1.883203364869128144e-03
1.749891154050325394e-03
1.837452433222664392e-03
1.870819099381853352e-03
1.796855238343204745e-03
1.786561361259984696e-03
1.774632169880036416e-03
1.605303527040886176e-03
1.908576019922815286e-03
1.635818319090093145e-03
1.890621745818017686e-03
1.716820894244807088e-03
1.817734700147183823e-03
1.866974239522978685e-03
1.774749742056683406e-03
1.550752774353100815e-03
1.859412498516892871e-03
1.828153456123145443e-03
1.742657153514514789e-03
1.765786748380137900e-03
1.791755877102260306e-03
1.890575589762032637e-03
1.775102308616012710e-03
1.845420292996098046e-03
1.837231015129321774e-03
1.765074246387254072e-03
1.829862540603151245e-03
1.707308808272039839e-03
1.649417109866411569e-03
1.721185536573597479e-03
1.779734744274034594e-03
1.750080396279615671e-03
1.753283969243519657e-03
1.797437947880555550e-03
1.871765486699222651e-03
1.627525879561651486e-03
1.914945897992254703e-03
1.867833831133204961e-03
2.023727166525476039e-03
1.630257696980439916e-03
1.861526489695837115e-03
1.735690339831122897e-03
1.977612407383011559e-03
1.620123930356570652e-03
1.555610767375599068e-03
1.810814192429122550e-03
1.936173697066078487e-03
1.875897676007694335e-03
1.722513074038873725e-03
1.768148116171590345e-03
1.695368321596362219e-03
1.818791770121489524e-03
1.746422251574976641e-03
1.724826246843334018e-03
1.526483998452027140e-03
1.747485100451542277e-03
1.704097856935096788e-03
1.542497286252209098e-03
1.818443062738702353e-03
1.588380104975015139e-03
1.760969079184664283e-03
1.766250326230435052e-03
1.917173296610396715e-03
1.872846064893760130e-03
1.860365298243385826e-03
1.692482410927735343e-03
1.771372294880997449e-03
1.790627178439126903e-03
1.885702086071238195e-03
1.776913186389722423e-03
1.676973207740790287e-03
1.795807087213225749e-03
1.992082962463726827e-03
1.808305860311654016e-03
1.778654489607262457e-03
1.608312468682617869e-03
1.843445998495917221e-03
1.942740626229686688e-03
1.746886711279742582e-03
1.951561687956052463e-03
1.995610674323445265e-03
1.797349026882302976e-03
1.751934285898749683e-03
1.653165181594482350e-03
1.607698917021515650e-03
1.729829585424612001e-03
1.923413606519482543e-03
1.677705121023937655e-03
1.655665800943134907e-03
1.909039435400489279e-03
1.465463609923102657e-03
1.964410613435219922e-03
1.789160656146687690e-03
2.082244002190436656e-03
1.751472410886997615e-03
1.978550521670128463e-03
1.722706877523458042e-03
1.796162508809246924e-03
1.865844779399463554e-03
1.825869877128640699e-03
1.820622882483704857e-03
1.959809601634638233e-03
1.842461097246209881e-03
1.738656875004542012e-03
1.680716365745604009e-03
1.948869932396211230e-03
1.762570168048747422e-03
1.707874837960466491e-03
1.884160798658066939e-03
1.829110717449554304e-03
1.755819832509040264e-03
1.700916718172325228e-03
1.730815888373025448e-03
1.714483632483601453e-03
1.729908878454774470e-03
1.859871510881284896e-03
1.765724317932352953e-03
1.853270544326270867e-03
1.651753640615056173e-03
1.969757937981817149e-03
1.822088456205973959e-03
1.726013678993690900e-03
1.665484000182023512e-03
1.797497256759632549e-03
1.697286848811796998e-03
1.903306822029455798e-03
1.787172927454993947e-03
1.832175167135652229e-03
1.642830152719417479e-03
1.889947668393637424e-03
1.768997560108190098e-03
1.753405149107750433e-03
1.919842495471994325e-03
1.898442444940797932e-03
1.796564249820355869e-03
1.737573663639934525e-03
1.922755238510005099e-03
1.768543799313869675e-03
1.663406668327886175e-03
1.832141861387624228e-03
1.954972202581935301e-03
1.698005789416019793e-03
1.706780343323711013e-03
1.863846749142322344e-03
1.815553322608608796e-03
1.590087731355126210e-03
1.576257122908434477e-03
1.778999643638839567e-03
1.663405449479112745e-03
1.807029686976520302e-03
1.663550419566198592e-03
1.665368710143060212e-03
1.765742688193982102e-03
1.798265945905864549e-03
1.881265936468464860e-03
1.657786705081834133e-03
1.956314601990657206e-03
1.796074933776506573e-03
1.814669391059512121e-03
1.782131245231323696e-03
1.747779625606456048e-03
1.920035996362921046e-03
1.955167222923675022e-03
1.849555672554558609e-03
1.752120406806664983e-03
1.964290922793557759e-03
1.730071152275258935e-03
1.700494343114701459e-03
1.871259395152593272e-03
1.771680329769562655e-03
1.541448303744404578e-03
1.638088513610689786e-03
1.815013889061775458e-03
1.793998163236186060e-03
1.945299865544071905e-03
1.672485936930166945e-03
1.630566401679611407e-03
1.782812179554143193e-03
1.855664587647739856e-03
1.792622886514311405e-03
1.812333038759553899e-03
1.886357602813390748e-03
1.714666034742445356e-03
1.676875590461448812e-03
1.834370132372774081e-03
1.676184041162322516e-03
1.989934028565512863e-03
1.788312739626390967e-03
1.946101444821774244e-03
1.726938084056937103e-03
1.701980787014292567e-03
1.853718278122241242e-03
1.637702092756995655e-03
1.736777296976549367e-03
1.761562409358195715e-03
