1.948590042827718413e-03
2.347395578531641814e-03
1.263060804874887753e-03
1.591258202324582561e-03
1.611241475776496344e-03
3.276095196978044254e-03
1.413535198915460761e-03
1.044700587893722821e-03
9.720684544152073713e-04
2.958973002080132666e-03
1.349223993187754567e-03
1.056106644402335544e-03
2.438338572379603747e-03
2.500930713398647615e-03
1.554166629986472982e-03
2.013312113966012149e-03
1.826553947199687465e-03
2.991652205530936481e-03
7.984684467711618272e-04
2.036805427767563164e-03
1.419882939798268202e-03
7.234155015516384761e-04
2.394955589955272395e-03
1.460038325143056450e-03
1.413993623189295848e-03
8.779971065840788463e-04
2.173433098455552527e-03
2.261324366215215157e-03
6.016039859547502771e-04
2.856750360568564937e-03
2.373028844136938417e-03
1.648049819815711149e-03
9.566769715863560194e-04
1.443214604995592207e-03
1.953694943192973120e-03
1.806917471298328604e-03
2.678058403804816062e-03
2.348635742635899349e-03
1.527464817745539764e-03
1.972559655249046893e-03
1.852571316678607938e-03
2.386118310456401478e-03
2.268307964810646529e-03
1.361526786514706284e-03
3.500073632030510640e-03
1.362786095291330544e-03
6.183846776504603026e-04
2.052250571186231814e-03
1.766672156043128236e-03
1.027537501189576628e-03
1.079154780699663040e-03
2.064714414072637769e-03
1.405692615797269349e-03
2.820742950669989993e-03
2.503326241709444289e-03
1.105488148491048841e-03
2.744791006553165026e-03
1.452859037831730074e-03
1.303584389397372629e-03
1.752066204610926549e-03
2.984491893954321733e-03
2.784071299650824061e-03
1.107818216896203252e-03
2.820021373712978778e-03
1.162611961054268962e-03
2.783614129904804588e-03
1.537109742444561821e-03
1.764134732790155913e-03
1.907875372351578889e-03
1.431479475029191805e-03
1.511319935356923759e-03
6.776829105742111737e-04
2.049689327953121195e-03
2.227134003012401931e-03
9.338443967297109039e-04
2.442575905688766820e-03
1.761686024138249063e-03
2.550033079468068137e-03
1.235525910125176950e-03
1.951015142230887178e-03
5.442507725229092999e-03
3.292543047802953642e-03
3.098729970334342977e-03
3.760495564760679178e-03
2.609030076552714718e-03
2.875216454934978027e-03
1.090872845164035220e-03
2.299511394103958412e-03
1.945962218805002628e-03
1.134272316919924736e-03
1.517302258852391665e-03
1.959130242983639185e-03
1.054757486705920925e-03
1.656517789380824307e-03
2.382048944247469602e-03
3.097014087599583333e-03
1.878159051740549684e-03
1.788292974822006023e-03
2.134476946153997332e-03
2.254048083645618025e-03
1.427818241820947784e-03
1.425767419582658424e-03
2.223416532992638934e-03
1.996240303777143451e-03
2.361778576219823733e-03
1.299329499523016809e-03
1.832974284488073525e-03
2.291266866998893387e-03
2.255098956850975708e-03
1.828746056319643844e-03
2.272472423624262612e-03
1.498040115113570764e-03
3.108980200895614283e-03
3.053555530478188618e-03
1.516489440768851093e-03
1.858387152513454963e-03
1.276257041330383602e-03
9.082316599016929809e-04
2.307139009027384460e-03
1.711641956472069589e-03
2.694931831343610942e-03
2.476046065187209339e-03
2.212091577336715124e-03
1.368330191419783086e-03
1.050637797611456582e-03
2.507329362201661006e-03
8.599213531430653906e-04
2.099715848090485254e-03
1.752231307437603514e-03
1.254093000313437605e-03
1.425789478814331939e-03
2.268881486097715401e-03
1.639785481214804923e-03
2.407236527775905542e-03
2.658554870597847758e-03
1.803901432579337050e-03
1.501872602286027274e-03
1.644404685206045467e-03
1.604679489117389517e-03
1.064680313273428606e-03
2.012819800552504822e-03
1.810499988894614552e-03
1.031288362866423104e-03
2.117988305386045347e-03
3.043252547771926539e-03
2.358952212509122376e-03
1.553171883649999202e-03
9.711159522848363153e-04
1.268664328499908992e-03
2.303703797401311475e-03
1.649584515811738103e-03
1.771654879256437734e-03
1.916615964587251638e-03
3.341623381634804216e-03
7.483434260918823185e-04
2.771320335511721997e-03
2.029663241002354485e-03
1.503203632988140684e-03
1.286227631052551824e-03
1.806569058101271030e-03
1.821533360477438010e-03
1.977996149262882097e-03
1.305866725183672805e-03
1.734237416608946794e-03
1.586331832078725652e-03
1.680851822119673687e-03
3.448554660234224006e-03
1.525887347125662059e-03
3.885388605966147088e-03
1.139148394589668866e-03
2.439531439562556484e-03
2.199682601476843271e-03
1.924857935236224272e-03
1.939926998416834905e-03
2.265306328323809463e-03
1.199591439588254971e-03
1.994695015684611918e-03
2.093103898951008488e-03
1.795724025564197305e-03
1.437010322243546584e-03
1.485180885928380143e-03
8.554663655133001128e-04
1.918952261571262074e-03
2.018380342517964252e-03
1.542882936428036870e-03
1.181150788310396079e-03
1.794200662689474177e-03
1.037942749690420451e-03
2.412282996047274575e-03
1.628337308387205629e-03
1.357571100394779854e-03
2.478376531857662528e-03
1.597686360256121664e-03
1.804804176947717026e-03
2.276935087471170828e-03
2.037433470292635083e-03
1.601791716184186153e-03
2.043981098705546177e-03
1.227672653148295396e-03
1.941093024369739805e-03
1.868891849850513875e-03
9.520145209186967918e-04
2.050492128130068301e-03
2.178751543363213836e-03
1.812777323131415730e-03
3.007610219062431360e-03
1.617125047598333984e-03
1.336464650994321048e-03
1.625792557797181310e-03
1.061775545485240356e-03
1.812904716008931780e-03
2.223483902831838426e-03
2.974038027794627739e-03
2.038639576621246053e-03
8.887876156306247525e-04
1.909012427977730157e-03
1.034128964030015365e-03
1.829533601658100668e-03
1.093835352145963464e-03
9.627168506659469337e-04
1.121638363592066716e-03
1.607800034338063150e-03
2.188100716651300483e-03
1.822935675058041287e-03
1.201766258821824595e-03
7.974657877865239716e-04
1.209781168590487324e-03
2.294220495331952565e-03
1.273850303187493973e-03
1.905446677773743689e-03
2.616438448513265166e-03
1.580584862231699562e-03
1.918201068293271232e-03
1.706423856310570293e-03
2.579648658162268099e-03
1.012147144384900437e-03
2.839984201960994627e-03
2.159611215751325742e-03
2.085755020052293494e-03
1.506759775255551471e-03
1.031933737661756183e-03
1.251478773686940131e-03
3.726535662956588068e-03
3.235924800455264837e-03
1.460029448894087107e-03
2.921637341345245404e-03
2.338855347076861536e-03
1.651044842753557427e-03
6.948995222784238668e-04
2.516081274288224385e-03
1.040703250137880705e-03
1.799860142210415884e-03
1.891986852721467887e-03
1.814750537727187170e-03
3.232978929128707199e-03
1.161132603363984475e-03
1.751817955755337851e-03
1.972112503886920293e-03
4.672254329997430891e-04
1.433312485406436354e-03
1.113843402027661373e-03
1.663875416835195690e-03
1.934537365162324052e-03
3.217854370051670323e-03
1.411691215332219794e-03
1.263439901608996978e-03
1.513959514165191811e-03
1.051204358695326290e-03
1.707721489086163431e-03
2.027006897616901414e-03
1.893839252476264530e-03
2.067683287957457205e-03
2.306426404516531258e-03
1.595633021050465571e-03
3.073470871901075666e-03
2.378626305028955657e-03
4.380471340970826591e-03
1.435147241492715046e-03
1.498291817000205021e-03
1.808903350862364279e-03
2.074441899964511553e-03
2.810682633333198930e-03
2.268065518937578337e-03
1.278068387906153638e-03
1.100879860038625089e-03
1.939190237319807176e-03
3.152492040000928145e-03
2.442348230536081112e-03
1.389008229369553468e-03
1.830513054055722764e-03
1.809543169098496969e-03
3.021968417292593152e-03
1.644044790229903970e-03
1.496191516239012273e-03
2.494865734051918832e-03
1.271117355435955401e-03
2.232732352760035451e-03
2.279371793195863246e-03
8.006868904485930048e-04
1.378948067137816640e-03
1.599279803014718631e-03
3.252809346201451356e-03
1.153168952612990215e-03
2.044840788329027517e-03
1.533549557506589875e-03
2.325819989562926196e-03
1.662721764355501453e-03
1.235364677855168344e-03
2.099038085887887199e-03
2.705396154989134043e-03
1.801213610280524543e-03
2.127851188518974351e-03
1.777432984284304032e-03
2.519888849612452516e-03
3.852002878582472169e-03
1.426541586221227514e-03
1.761344961278385858e-03
1.954819474246905203e-03
3.363495290269577671e-03
2.468964516872871034e-03
2.177530712477377013e-03
1.967216717145126633e-03
2.176889373130526037e-03
2.131329699743947197e-03
1.369357784737952437e-03
1.052716111246726439e-03
1.397508291668062745e-03
1.870770666113650465e-03
2.129453378365642972e-03
2.389482561690863156e-03
1.080384437662731999e-03
9.966896106415590578e-04
2.647523876568210529e-03
8.254252426027724717e-04
1.457993010724875941e-03
1.228738918889013543e-03
2.002637224430754617e-03
3.262344288463412366e-03
1.726183442961268201e-03
2.449449030195603640e-03
1.122604708519877887e-03
1.251877912483485020e-03
2.632998727496878386e-03
1.604761094052901006e-03
1.187330449539984343e-03
1.116591147918013236e-03
1.294903538669312957e-03
1.946390747498509804e-03
6.545402762458491170e-04
1.213826325975468504e-03
1.076873685715063833e-03
1.556347671839016953e-03
1.302309010908823082e-03
1.213151042913627065e-03
2.680386139911799907e-03
1.316246194876044854e-03
1.866905936033295228e-03
7.533372487904268187e-04
2.426475929999888283e-03
1.998449503748767325e-03
5.814814899093909530e-04
1.752221507700752953e-03
1.548919414863483791e-03
2.397866187364461419e-03
2.858675117241713491e-03
2.644313340257256530e-03
2.360326373709475522e-03
2.373352621952758840e-03
1.803669665489130531e-03
2.825422688558491650e-03
2.748531489306425910e-03
2.227448953467574353e-03
1.646400396081817638e-03
2.336268812287889147e-03
1.144903513893586388e-03
4.151441783575407322e-03
1.954049436089873651e-03
2.100650026397888562e-03
3.786495112677672713e-03
1.096517966339374600e-03
2.460655428751640922e-03
1.819672142023576536e-03
1.948505076442457080e-03
2.313885045886499795e-03
1.561435838997728620e-03
1.574112366760371980e-03
1.441072767178993999e-03
2.179159511004881596e-03
3.316227534705200840e-03
1.926228339030042419e-03
1.887694129298902188e-03
2.425807085709473683e-03
2.163522443952764496e-03
1.754581350514790219e-03
2.027470418220979516e-03
2.428979834365073073e-03
1.601752869173967081e-03
2.271845365930352193e-03
2.464677081340086329e-03
1.179567324703477502e-03
6.138451716905070962e-04
2.394978021344368411e-03
1.185927753587100088e-03
5.588238585053930362e-04
1.958691035446981105e-03
2.688501954245148869e-03
1.354591124455125717e-03
1.579307400634122078e-03
3.011682867599610111e-03
1.941112492341171350e-03
1.987502154814093768e-03
1.402316319292604748e-03
1.272133544230296190e-03
2.701519145442471317e-03
1.992049067344945235e-03
2.148345695199261295e-03
2.133822633053339413e-03
2.338553653286655834e-03
6.470473445366194901e-04
1.273056249596195766e-03
1.942398791777078491e-03
1.788088642180646727e-03
1.824508272585159598e-03
1.375222309895243310e-03
2.242261930454556018e-03
2.360544831983454363e-03
2.595085976220459952e-03
1.629381481821067911e-03
1.797384993727442742e-03
1.424475090592744160e-03
1.630079118496428805e-03
1.653489251587413403e-03
2.211435458582241935e-03
2.590225684274266409e-03
9.895928770310726246e-04
1.060595345973572605e-03
9.961003882769370581e-04
1.911681765675820417e-03
1.525015323500966691e-03
1.979194895845531096e-03
1.041282785175084383e-03
1.507621209841618262e-03
1.218198564216117601e-03
2.530087043087178664e-03
1.829996762492487302e-03
2.354382513321009313e-03
1.485817946612381533e-03
2.138517887807420397e-03
1.261196553636301535e-03
1.340607244395015029e-03
2.522434842443378993e-03
1.166151475533125500e-03
2.201296622707917938e-03
1.585793005606996259e-03
1.448770027761838667e-03
2.321110039024997136e-03
2.611771716830856103e-03
3.300216559367927759e-03
1.377219299487136102e-03
2.154354881884922544e-03
7.840819043761188640e-04
1.559342709802902455e-03
2.185194890088663477e-03
1.475920332221147000e-03
1.797389475633839970e-03
2.436996938971786476e-03
1.916206434646588845e-03
2.229144505136255918e-03
2.036527112341189084e-03
2.772563984436141570e-03
2.244320151387711130e-03
1.558226391212364165e-03
1.059849183249479037e-03
1.341152050585998684e-03
1.039080328375309318e-03
2.121582307883836810e-03
7.644465579478743229e-04
2.293015539791895888e-03
1.782732942378434382e-03
1.936996982624548860e-03
1.614275246963908393e-03
2.028234709019163546e-03
1.485961137691262741e-03
2.028435735117906091e-03
1.896393898138946802e-03
2.833834158449026822e-03
1.354929488900235993e-03
1.213069840441205558e-03
1.738993832826407323e-03
1.339540904650030626e-03
1.550473920843496419e-03
2.777939213627705906e-03
2.621368664711334808e-03
8.982962877007725274e-04
1.385191365133551025e-03
1.138761027978949956e-03
1.325250044181812761e-03
1.489922508317004452e-03
1.060890351528540531e-03
3.376038085292537398e-03
2.277429490197737088e-03
1.650920454311745290e-03
1.490042111681194907e-03
2.796994662328002035e-03
2.377714841321833771e-03
1.879783040991511289e-03
2.589948326722402942e-03
2.516607490673916994e-03
2.906139779684112270e-03
2.272915327063891079e-03
1.920328187630547610e-03
2.477309346756905329e-03
1.167055041306642093e-03
2.828514090579714157e-03
3.157064702853846962e-03
3.119305229748925348e-03
2.676832827298617715e-03
2.363389360825473261e-03
1.455359109222193826e-03
2.503487907373968049e-03
3.016412542288780287e-03
2.348880347570795734e-03
2.730411169874528803e-03
2.486342905795812380e-03
1.368107202050749963e-03
3.099512784726201568e-03
2.394893379983640408e-03
1.567283318369670515e-03
8.443665577979143433e-04
1.611868080591329641e-03
2.035000965560414526e-03
9.645817983049684080e-04
2.182195105072683682e-03
1.401119133795907879e-03
2.588651347050909251e-03
1.547441438405132170e-03
2.055618501236453326e-03
1.781004152400693938e-03
2.328174815254121718e-03
1.522967428301732259e-03
1.817209115221540177e-03
2.419607891560642422e-03
2.684377623012480091e-03
2.015155867440667284e-03
1.178302102118963454e-03
1.370678668484182896e-03
2.806637620621854970e-03
2.282988831474496577e-03
2.361656493220824597e-03
1.559614603976461258e-03
1.756887325429034577e-03
1.536442835789414299e-03
2.450135915080399896e-03
1.452917063370000837e-03
2.479903931268415997e-03
1.802269893290234107e-03
9.992079267243253200e-04
2.159529129890328403e-03
1.805465670690601602e-03
1.980479520132856323e-03
2.252203541455643273e-03
2.486090508706322987e-03
1.832797019756197271e-03
2.600214330844350611e-03
2.744255978727012761e-03
1.299362051131661491e-03
1.823605379078798794e-03
3.015969008093259858e-03
1.297152279109169137e-03
1.621260087644114858e-03
6.653634746139167229e-04
9.244629806146463687e-04
2.230430455902456238e-03
2.775811834666272720e-03
1.995827209962770625e-03
2.491985483617665392e-03
1.227913532594719593e-03
1.805757900906509181e-03
2.585164701348864873e-03
2.130389951300864799e-03
1.441012111805247764e-03
1.568353736399304577e-03
1.671618629609843577e-03
2.043217037232895970e-03
1.844945384228217780e-03
1.869025319783281739e-03
2.361481520661074928e-03
2.546408897718060484e-03
2.045409933015889144e-03
2.121231244459336786e-03
2.442705437493974951e-03
1.689423765574302964e-03
1.540740336400328895e-03
1.158432622426600750e-03
1.318956285094337929e-03
2.647864411890256051e-03
1.055519822753813635e-03
2.058006198223409720e-03
3.370103458766131148e-03
1.792354999907498723e-03
1.862466610278955097e-03
3.318026134694230557e-03
2.404592034586855616e-03
2.411852641205223385e-03
1.312095403214189786e-03
2.411433069171822503e-03
1.982779181666016917e-03
2.275714547444655875e-03
1.867563202422643787e-03
1.402167352100185983e-03
2.228174333044977314e-03
8.974712335209102370e-04
2.499500194805755280e-03
2.171505227620362886e-03
1.572355359628333947e-03
1.196317840046859024e-03
2.896945225982919172e-03
2.732821474656712667e-03
8.969242594904536540e-04
1.181050341856923307e-03
1.695619978994055517e-03
3.192853986088011863e-03
1.310670809804459708e-03
1.707238927462686757e-03
1.202164265238949651e-03
3.081375490497523587e-03
1.099501568577759001e-03
2.136099167254378126e-03
3.248898990855167944e-03
2.532274303667357476e-03
1.860201252928399057e-03
2.148035945188701140e-03
2.432953696052982898e-03
1.004879848149899460e-03
2.413848063101938727e-03
9.712399202412702734e-04
5.660851594389891637e-04
1.469388917236103117e-03
3.342224050625241822e-03
1.317004150164313150e-03
2.544097228058147826e-03
2.175560532877421436e-03
3.102845283663968525e-03
1.968044516934567157e-03
9.838751487341748734e-04
1.933950392543379347e-03
1.959030806779485292e-03
1.471599676936718136e-03
1.324506419581006041e-03
5.215327617173956543e-04
1.361437230966143410e-03
1.662203423524271327e-03
1.099326621892884924e-03
9.270571988453443898e-04
2.680278953751640079e-03
2.365041098680101435e-03
2.300357381502712937e-03
1.419421304419853829e-03
1.088343606114968408e-03
1.714823640033264320e-03
2.619572629007649919e-03
4.006286424394378543e-03
1.872890574876780395e-03
2.015112624539960439e-03
2.241190447916850854e-03
2.780558359521197349e-03
1.790332190344149244e-03
1.718685388940443615e-03
1.531554851326196029e-03
1.890969330787710531e-03
1.728282303414261202e-03
2.938957496964651143e-03
1.362395138211764918e-03
2.426074117463182696e-03
1.336766854558669136e-03
1.220229915380751859e-03
2.282609057440438804e-03
2.247484599149119754e-03
2.228446385527646512e-03
1.254652494762102579e-03
2.484769973949819185e-03
1.264049060812432292e-03
1.735784761145971319e-03
4.319972625054342534e-03
1.460650480997731631e-03
1.314807164506263297e-03
1.815664804167548994e-03
1.827363071227289292e-03
1.611851077856882699e-03
1.114737575365110350e-03
1.488968981856382458e-03
1.811080936616715461e-03
2.092788262794676585e-03
1.060988658699303124e-03
1.438265276216344054e-03
1.939098124543789988e-03
1.090765332771832926e-03
9.584167780829594115e-04
1.262466033061674341e-03
2.510362018174967531e-03
1.663237009139694562e-03
1.715395849686600577e-03
1.953758083680238403e-03
2.166956315423428960e-03
2.010569047796118437e-03
2.066543050629724917e-03
1.854576372672020988e-03
7.221498024670393789e-04
3.344092320187468884e-03
1.874561216318673977e-03
1.895979519450026506e-03
1.975418135328560476e-03
2.056472236688711326e-03
9.962928183963903374e-04
1.730288196074932731e-03
3.382194840610544106e-03
7.264672513260940056e-04
1.819696164982075081e-03
2.107432834295543470e-03
1.883440090745776676e-03
2.740489124329026707e-03
2.163393800769999355e-03
2.244622707098693336e-03
1.840809774925442283e-03
1.857631714384200662e-03
6.429133509584334868e-04
2.256256109573363290e-03
1.861907512129545904e-03
1.937294711163253498e-03
1.898042632099659899e-03
1.649740566718793221e-03
2.929736997030931833e-03
2.330034911382792076e-03
2.061796602065045676e-03
2.007963461977358040e-03
1.421507758388028181e-03
1.081513938763456603e-03
2.420722525961748264e-03
1.628401694276736819e-03
1.454142086435944621e-03
1.811789179522519744e-03
1.726732792277068307e-03
1.921269439265125114e-03
9.588600703432690426e-04
1.838558448607878829e-03
3.213710712242346529e-03
1.661118039045870977e-03
6.620032738039120356e-04
2.946055308815508263e-03
7.090858933734358075e-04
2.141654920216472247e-03
2.195620878648456634e-03
2.127837100974670943e-03
2.467436070909758469e-03
2.883185159194522063e-03
2.683970589297023437e-03
1.341006678753811892e-03
1.537674440796001855e-03
1.574666381877883655e-03
1.567243678191212455e-03
2.060548923651602405e-03
8.157743385442749835e-04
9.485770175354046960e-04
9.328502129984484565e-04
2.728238658318829155e-03
1.527707046784733316e-03
2.577644585736765109e-03
1.862502673823134697e-03
1.962821899064900663e-03
1.794466335827001177e-03
1.481357453099200507e-03
2.387883917336181775e-03
1.912295248148907726e-03
1.453230991082564124e-03
3.681569167665273579e-03
3.067391492143956705e-03
2.801710271734902599e-03
2.995725145809228270e-03
1.475829668142572635e-03
1.119809786991077596e-03
1.867920729295291168e-03
1.967602943188682691e-03
2.321013933892623199e-03
8.916354951551524457e-04
2.522192637723635108e-03
1.613448850353587857e-03
1.198127065351213376e-03
1.624341343806659423e-03
1.360006012349922059e-03
1.867288969245427775e-03
1.357675731383864524e-03
2.007228059148767271e-03
1.783618113615288671e-03
1.248724024174909355e-03
2.068003699513475471e-03
1.849252446292433145e-03
1.498537943028878383e-03
1.640872547998419246e-03
1.573841936379642963e-03
2.494309827090352479e-03
1.648229321013151795e-03
