1.930176094246383077e-03
9.023917274634168711e-04
9.299919749288299616e-04
6.507630546745737368e-04
7.543606899229736039e-04
1.154890308746259241e-03
6.834522186351922818e-04
1.532491757627099920e-03
2.165278607327518652e-03
2.045584097585206439e-03
5.824795772229774283e-04
8.873437236123710506e-04
6.348905394893975332e-04
1.369719715125472222e-03
9.153666439223281416e-04
2.610294099791654089e-03
1.408362103528960387e-03
3.677133908345944324e-04
1.189172900494701000e-03
1.297916188247953337e-03
1.192377506871326485e-03
1.469769028202472802e-03
9.329350400646442814e-04
8.980376060929237550e-04
1.274410933886548948e-03
6.672194619580926927e-04
8.031673785874041864e-04
4.547366963425188754e-04
9.567804806903513039e-04
5.450593898475520000e-04
9.651147246200427778e-04
9.841925775758736828e-04
1.017406435351832271e-03
1.850714612306894255e-03
2.035011939443206151e-03
8.083839241375618059e-04
1.222775546877408756e-03
1.753701380470526700e-03
1.605369028539764455e-03
8.029195941464127616e-04
6.594593447437131122e-04
1.959672905405077711e-03
1.133455643376714761e-03
4.965437561336083147e-04
4.573623436291592557e-04
6.182539450307928015e-04
1.326530426149153590e-04
7.483209300028395138e-04
1.486069357973702782e-03
1.245004198799677751e-03
1.761336084814831004e-03
1.147320173474500890e-03
1.738108941360068382e-03
1.191724271019356388e-03
5.046508859259761764e-04
6.385760928730957898e-04
2.248569792815111913e-03
5.171992972826713322e-04
1.548950640644095392e-03
1.392783161244718834e-03
1.087348279613495252e-03
1.127217289850600355e-03
8.178287454039324163e-04
1.868654027995486980e-03
1.201103454144866267e-03
1.582025504247819639e-03
3.037931947189243171e-04
1.351394108470937864e-03
7.695372614392432349e-04
2.431862225722932012e-03
8.573363925179049985e-04
7.831073821332320758e-04
7.393320125715156484e-04
1.995497406235017136e-03
1.305619340551205558e-03
9.623874456213896015e-04
9.135284668349100698e-04
1.474994013433073535e-03
1.266639253838168977e-03
8.639549517187505769e-04
1.357551029303500625e-03
2.491662062565474459e-03
6.391134076923553169e-04
8.323342802169204175e-04
1.721006085318255250e-03
3.133056663465489527e-03
8.153692702954325536e-04
9.988394601654674264e-04
8.061075783831103117e-04
1.271414562085934879e-03
1.943891305651204325e-03
3.811359201804502311e-04
2.052680006989841301e-03
1.540675527152106936e-03
1.550712265936474762e-03
2.018496268481349831e-03
1.599032353511472063e-03
1.693511882671572310e-03
1.992165635416173405e-04
2.553915295461020151e-03
1.836127086288331630e-03
8.949292415902157516e-04
6.831293644444020501e-04
1.078465675095028296e-03
1.348877701362152445e-03
1.341202800015023951e-03
1.413854528897822652e-03
1.970995128655086276e-03
1.062307498170413740e-03
1.189563911583297381e-03
1.232731963287560977e-03
3.288208940503825790e-03
1.054702506245519056e-03
6.595330861779389328e-04
1.162036178114675107e-03
6.118085061209333929e-04
1.155766700914519478e-03
1.261656389539128707e-03
4.689311828278869038e-04
9.177607024216742062e-04
4.063703836610804720e-04
1.721991567908696605e-03
8.552887339672164864e-04
3.828718903966131168e-04
1.289247292288072310e-03
6.145190644012487680e-04
2.643016422050626095e-04
1.112347074253412522e-03
1.671037644212816772e-03
8.611804948904449404e-04
1.485700717366294794e-03
1.770147316543464310e-03
4.112242082399741655e-04
1.022003190624838674e-03
1.444879036860592094e-03
1.013113707849340288e-03
2.225787728515943222e-03
1.209605018875783197e-03
9.935264439092734903e-04
1.489927049968165938e-03
5.165718726261059887e-04
1.637937144060612731e-03
2.514951415682758367e-04
8.256694867457435496e-04
1.141323248576950767e-03
5.814642627968777530e-04
5.301595480634625508e-04
1.163427774773323486e-03
1.055398187039747982e-03
1.673093507140019495e-03
1.463029058356683440e-03
8.337000238905180804e-04
1.260340202065591024e-03
1.224128061369202363e-03
1.436552155696844751e-03
1.872909019087088105e-03
1.836637018366579213e-03
6.983371133664778184e-04
2.510722977367617782e-03
1.376681119526796055e-03
1.336572257981252527e-03
1.213081594874146222e-03
1.201358308562407856e-03
1.068840332189228753e-03
1.799611505309163225e-03
9.744913875873224439e-04
1.482521230385522391e-03
8.756873624358323159e-04
9.255139690954834264e-04
6.579246442287574152e-04
6.836639474162202815e-04
1.237357941148789888e-03
1.840980722130035980e-03
1.097855806873212570e-03
9.022138914375863079e-04
1.270336581762288898e-03
1.504864718345631748e-03
1.354386276735394974e-03
4.730363219472775147e-04
1.448387414547819448e-03
9.245098096374591888e-04
1.070084000440585078e-03
4.534032054720370177e-04
1.180279680627220823e-03
1.124452011747787382e-03
1.593409358049783456e-03
1.332379972687456693e-03
8.736500373939558913e-04
1.312612841157224279e-03
9.426119827077709436e-04
1.166495386090495544e-03
2.188794454665158370e-03
1.043922434418869880e-03
8.291260539296965541e-04
1.518508797380764075e-03
9.210016970132886257e-04
1.073170874799722271e-03
7.371192844161587572e-04
1.218019764811043579e-03
6.915002520157248608e-04
6.624551345826813157e-04
1.382140988533571424e-03
6.883316298380602128e-04
9.955130072880314599e-04
9.445309939127177106e-04
9.855831947580804848e-04
1.806210225462819789e-03
7.886328043834949734e-04
1.154848218852515740e-03
2.037294138654461868e-03
1.329322570223927941e-03
1.753550654602095389e-03
2.442993975253565046e-03
1.377211568943270898e-03
1.716555007025472469e-03
6.742946733917513013e-04
1.576077991793657998e-03
3.786208135515390467e-04
1.419086704609748978e-03
2.352249574862505955e-03
9.353028073426878719e-04
1.195166180251975565e-03
6.518880143973165538e-04
2.683474254349855234e-04
1.411658220783935068e-03
1.977366393695154101e-03
1.581356387100452295e-03
1.637702559774205716e-03
1.610202623018938553e-03
7.293784801239125599e-04
1.262976984715504956e-03
8.044413001474291867e-04
7.905291222910196432e-04
1.601648781642531737e-03
9.310968025315324035e-04
1.249565328160553426e-04
1.479500393584301781e-03
1.249560740926532187e-03
8.655569581134928050e-04
1.600991132643991453e-03
6.100195068345053021e-04
1.254719444410583046e-03
2.070858497071796991e-03
1.420373570402538952e-03
1.135235176912684652e-03
1.250172219894637787e-03
1.342377162623888814e-03
1.603763610206041749e-03
7.182355919224932359e-04
1.618628032656271127e-03
1.448717562155739250e-03
1.976835276010891797e-03
1.451222274269393497e-03
7.493174546750875058e-04
9.820936302802453846e-04
1.153060986008771832e-03
4.760481716360089738e-04
1.283144915937309890e-03
1.564306670537164105e-03
8.670147742496559689e-04
1.574522343899131252e-03
2.207463136735134720e-03
1.750235800856781224e-03
1.230658652558289665e-03
1.767433489572255243e-03
1.228898830847014855e-03
1.189769726952030933e-03
1.593563209202647707e-03
4.407418040719586743e-04
1.474946224133521404e-03
1.826371139959007952e-03
1.905836435594597447e-03
1.006546876395451743e-03
5.132546149900568070e-04
1.002075774756027186e-03
1.849737141290475799e-03
2.792583170654973183e-03
9.619515130687905299e-04
8.996531861224134211e-04
1.274823221512880753e-03
1.191590013460545796e-03
5.797979653281489648e-04
1.416021009536442329e-03
6.711457083983038288e-04
4.996993910959084129e-04
8.356418349340596387e-04
8.628375188369177438e-04
1.440881471147316666e-03
1.244143757420636915e-03
1.468674680913561971e-03
1.986596145649984456e-03
2.473587328885920849e-03
9.946655337099658076e-04
2.926565703648021256e-04
4.233312775278836389e-04
1.048509784993759868e-03
1.291848630770879277e-03
6.301452338971899516e-04
6.996027399036228688e-04
1.802590091915545669e-03
1.454651733249260085e-03
7.898200079378060083e-04
9.939804116094721944e-04
1.448284642479314745e-03
9.175903408652527193e-04
1.130535042346897043e-03
1.216646646838890657e-03
1.625701092816841681e-03
6.052875042077534911e-04
1.128018148298284189e-03
1.182884783302871499e-03
1.284669861744405436e-03
1.832176785245675588e-03
1.014596301884028396e-03
1.745089941920232582e-03
1.001902593534291855e-03
1.010265407279950208e-03
1.349677983863990360e-03
1.629162087158143087e-03
1.391299384421450323e-03
9.238704656751445254e-04
1.090862904761919199e-03
8.233350344800066493e-04
1.262503598079481011e-03
1.036743622646082172e-03
6.842300616623360173e-04
1.792256304063161035e-03
2.862221269782573747e-03
1.266906255985879781e-03
6.529663715311835809e-04
1.500112912736628959e-03
1.000262404374293842e-03
4.866402734734918338e-04
1.056549302384275114e-03
7.056417900160191986e-04
1.041515069621963161e-03
1.816114371686798276e-03
1.540470341208747184e-03
1.869188078959592046e-03
7.368195972112859520e-04
1.019195531182229145e-03
1.262452767497110198e-03
6.103397363328810603e-04
1.537592868688401329e-03
1.562192838448556251e-03
1.752639538414348325e-03
6.268461017014012289e-04
1.093349777620111502e-03
7.025130979109493008e-04
9.919631912688568753e-04
1.007956536488381453e-03
1.538434769987950552e-03
1.325944301052549550e-03
1.175578454183537824e-03
1.325779281439603630e-03
2.192978437419315554e-03
5.885465261102257100e-04
1.083081098952763796e-03
1.039530946667847292e-03
1.118746374174823394e-03
2.073374764349909544e-03
1.656654682250905753e-03
6.762375346942631465e-04
1.915448499810343654e-03
1.978262921962290529e-03
1.471646897390904056e-03
7.507557181187491215e-04
2.301858153499374612e-04
1.481786937703325271e-03
8.325193291924047698e-04
1.360951172887842281e-03
1.310881779653101480e-03
8.433075245253559378e-04
7.248647901135184257e-04
4.676421760956274388e-04
6.528050795828333874e-04
1.578615590871921279e-03
1.173952674280750834e-03
1.867389462972872611e-03
1.883254849104754394e-03
9.554723189001379209e-04
1.789338819884269110e-03
7.398536680723926057e-04
1.925589085266334261e-03
7.802640095443351799e-04
2.879202827260622286e-04
1.302188409153593731e-03
1.780560104351073180e-03
1.687955838198610661e-03
1.714608162372899692e-03
9.884746238950480740e-04
1.069502553837999069e-03
4.704878015830056570e-04
1.079445073249054666e-03
8.873518945772935172e-04
8.097006730094209823e-04
1.792940028566233392e-03
1.207252589654748444e-03
4.268608224826969558e-04
5.613267348865931062e-04
1.235990484044555051e-03
8.364413278168469608e-04
6.721935950698795141e-04
1.573484354946915820e-03
1.370460331111839330e-03
4.981358039251557483e-04
2.158492302360732508e-03
1.510856159590146961e-03
1.377399402043588596e-03
9.224157395950113164e-04
6.892688300632087480e-04
1.542769598563957555e-03
5.079083843052608488e-04
7.159834914357513652e-04
2.731412758310190585e-03
7.226444425983485301e-04
1.615128722855042063e-03
1.863526226483892302e-03
2.032255686677726138e-03
1.748652022047002524e-03
2.257548118168945450e-04
1.483975691599015261e-03
1.734062972069030928e-03
9.689177320709838233e-04
2.676021370265846844e-03
1.632371330031983595e-03
6.080800455068470891e-04
1.336620391254400358e-03
9.517599687009015499e-04
7.766314705303456554e-04
8.990639291904384267e-04
7.214840856962325463e-04
1.870284011893714581e-03
3.503739135176492359e-04
5.107407958316221522e-04
9.824425468808874011e-04
2.280935074790483262e-03
1.710343252131333409e-03
8.280757024361464153e-04
3.686360502311173196e-04
1.474616921118652698e-03
1.006513837629653902e-03
1.498332199523048480e-03
2.332022319897725932e-03
2.428004430205631635e-03
1.834413156751312033e-03
6.648045684359763082e-04
1.201445100277304242e-03
1.208102506291390934e-03
2.496928815772028742e-04
7.381344679923461469e-04
7.812057574474110932e-04
1.023225675167046839e-03
9.265747124508769356e-04
8.201989526851121782e-04
1.387615399655829727e-03
9.748117936462700290e-04
1.838161976893761896e-03
7.702631782859644229e-04
1.044339914544004794e-03
1.053029946437762394e-03
6.220215257693706944e-04
9.664090399252078844e-04
6.212014115117449721e-04
9.146526768899200478e-04
1.170979102210469849e-03
9.133317336651709068e-04
1.035852284925532687e-03
9.185836351270178701e-04
8.189743853486828500e-04
1.293994612379965013e-03
8.961655261614070696e-04
1.842683711391620866e-03
9.480697418702525728e-04
6.867361526046810273e-04
1.011073824760170018e-03
1.840071821928194757e-03
1.428622121701729041e-03
7.376889433543831233e-04
1.456503140092478468e-03
8.024002897463492975e-04
1.691362452196279193e-03
8.196852292254864754e-04
2.141103846564515207e-03
1.397010020701198747e-03
1.178928507380628925e-03
2.349519676827234449e-03
9.580194985800100180e-04
1.133650758379394592e-03
9.474565247383497264e-04
7.189831082931650956e-04
6.154333106712165909e-04
1.884562072786021133e-03
9.813751926713851822e-04
1.427767271320784124e-03
3.940946478279699233e-04
2.822850284929350091e-03
9.526904277285571775e-04
8.719640938820898482e-04
1.348293953158490478e-03
4.311203947532337420e-04
7.944547075388575744e-04
1.452083606698349174e-03
1.277733297787632741e-03
5.589623072445735119e-04
6.240459562506612753e-04
2.116805218132512302e-03
1.024494958244610105e-03
1.485688761778268920e-03
1.497671557314534047e-03
1.513544205092701199e-03
9.529418085470443226e-04
8.589975603851880302e-04
1.487108975116212825e-03
6.405278257764194681e-04
1.941777145200701505e-03
1.409511633699810302e-03
1.345958609411898946e-03
6.804325024547343065e-04
1.707873102783160398e-03
1.459023195560180943e-03
1.010107871531083302e-03
1.010323234420747607e-03
8.873146873101451539e-04
1.260738938386556139e-03
1.684475733070326178e-03
1.029131944064665821e-03
1.961450572427962235e-03
1.954278090373262958e-03
1.066790509484342921e-03
1.338194996304295807e-03
4.290770392957817827e-04
5.852905314378552314e-04
1.032356278862163511e-03
1.894113813488397307e-03
6.133331024719967939e-04
8.211450082613233874e-04
2.109099167114933133e-03
1.263490432193021748e-03
1.570423131428621069e-03
8.576706186717557995e-04
1.066442954253668616e-03
1.070843639802821108e-03
2.660109334472343830e-03
1.339650148853684759e-03
1.797207785169173920e-03
6.462452886017617821e-04
1.178884706682844456e-03
2.214369009429776724e-03
7.867408635021280565e-04
1.095382642434187441e-03
7.354694659576651271e-04
1.329472414058987563e-03
7.399096681463249083e-04
1.200222183035731891e-03
1.995261446268851643e-03
1.521197558970513279e-03
6.965169744610777989e-04
1.160948188481479744e-03
1.479975840705152973e-03
1.691002918672096988e-03
1.768490915591977835e-03
1.019335933533941458e-03
1.275287772997446599e-03
8.602230269788926648e-04
1.992176918487781074e-03
9.796622810179990860e-04
5.626599610420838799e-04
1.428076281119114660e-03
7.827915163760722390e-04
1.730817666300408239e-03
7.606425381055177855e-04
8.976705154004595505e-04
4.363440624637025811e-04
7.316511442962186831e-04
1.027102727295639952e-03
8.253227875327207551e-04
1.013358483250368551e-03
1.333850906954616800e-03
1.700121062504281015e-03
1.844022787446823091e-03
8.869404079318666872e-04
1.256787736252414816e-03
1.299804178928181189e-03
2.029703119498087963e-03
1.411159563816877889e-03
5.006293434159894869e-04
6.194812575454912949e-04
5.320810479224214601e-04
1.290246985717352461e-03
1.053711712665845752e-03
2.052090191754454666e-03
1.981015110017432263e-03
1.804255794162228218e-03
7.103052045420849264e-04
2.539484057754777687e-04
4.895160009539087798e-04
1.183233443041638647e-03
1.295718681293569260e-03
2.094001715417080026e-03
2.354253316097238390e-03
2.132281132084773868e-03
1.365695723404131406e-03
4.719349994179059893e-04
1.812227948084434550e-03
1.393529033051984231e-03
1.494026393166187619e-03
3.069071939710290523e-03
7.584987209956722647e-04
1.192177112583899662e-03
1.480426085123263220e-03
1.702038851929947713e-03
1.236594630402646899e-03
8.702425096814874654e-04
7.414894655504431550e-04
1.687999220257028902e-03
1.985345773146162014e-03
6.444068676298037599e-04
9.739531734238197425e-04
1.393030998844337065e-03
1.097626333004192130e-03
2.158171773643803061e-03
1.512526615068895486e-03
6.569217411601456068e-04
1.386922959326681963e-03
1.093043685177781622e-03
9.694502046725438429e-04
1.694372033317493708e-03
1.602372768799335519e-03
4.869173429455458360e-04
2.701937164094346359e-03
1.917081358208628725e-03
4.887874028364985008e-04
2.248540896622359519e-03
1.151195517748069717e-03
1.572312265823865062e-03
1.061280908574623689e-03
7.124994010051808940e-04
9.646814733497774538e-04
1.868599925380097287e-03
2.783630694946356583e-03
3.025853287220533604e-03
5.997337817992333961e-04
1.373805048043889041e-03
1.814166032175832831e-03
1.070537939717021740e-03
5.127512077639209600e-04
1.201198054875593762e-03
9.240267397149614769e-04
1.297722445413904396e-03
2.408792144395486331e-03
4.586899830578796463e-04
1.001831219612865339e-03
1.253173887032918909e-03
1.143451165760702229e-03
1.364921010018813313e-03
9.731441864655792024e-04
4.885141619619550292e-04
8.987577216127616521e-04
1.349930605813280237e-03
1.336801123566841529e-03
1.027616166476483933e-03
1.796121436658222950e-03
1.202162465326260922e-03
2.117785600190375764e-03
1.624559692729874794e-03
4.812762487846358414e-04
1.587821690407405402e-03
1.245472121112063593e-03
1.395041522924141564e-03
1.612956040058530303e-03
1.076957549947538378e-03
1.253344931013766067e-03
8.859872587030339025e-04
1.362230716887878352e-03
1.808306023226246423e-03
7.827546404498222790e-04
7.647597903367690667e-04
1.011834831975037124e-03
7.177467320997916057e-04
1.400433522529247491e-03
1.860122278014073646e-03
8.284499724300888003e-04
1.740139549213744500e-03
8.364472133232099364e-04
1.187148527054972431e-03
1.335631660547434776e-03
6.749065590195637860e-04
1.595211865513403594e-03
1.245193809794303570e-03
1.904659304619369829e-03
5.488545989511592728e-04
1.497105659572508900e-03
1.412843724078573790e-03
1.668243773852032177e-03
1.197105212973284582e-03
1.466111872536141406e-03
1.058602473548100973e-03
1.399584771960687805e-03
9.416706088053443825e-04
1.170000407874962787e-03
4.766310223718321810e-04
6.812418310712354489e-04
9.135778347015646467e-04
5.174200335447405423e-04
1.657926953663712557e-03
2.467065934689901489e-03
1.283649826217719012e-03
2.113095000289557605e-03
1.299113093620118779e-03
8.197510242638747285e-04
9.007386884367404433e-04
1.104228037356486678e-03
1.265942515931300872e-03
1.607976405393603129e-03
5.611991456903199071e-04
3.796019054489392142e-04
1.613164952412356927e-03
1.236233281259926800e-03
7.569645676718456725e-04
1.480209174422301380e-03
1.270294797939486992e-03
4.577700773869784745e-04
1.291406724986833088e-03
1.535285040107851233e-03
1.731761011755654674e-04
2.595435679325568557e-03
1.993766169243057183e-03
2.528003657763247102e-03
7.770918519956084404e-04
1.770453508956208949e-03
8.827467931382486626e-04
6.061772481607685800e-04
8.829514979027727056e-04
8.808656935701621215e-04
2.690447642290333765e-04
1.334784989426483336e-03
2.303638119629488658e-04
1.861011322890194055e-03
5.883295000026173916e-04
1.116671012832905598e-03
1.008485728912803534e-03
3.395386890608948372e-04
8.072381542905960857e-04
1.379306559664594898e-03
1.955568323992159900e-03
4.501698625212231103e-04
1.222319388156111342e-03
6.261569367587405642e-04
8.598528061719892248e-04
1.025778564556763944e-03
1.743543113871706728e-03
1.270756884928568196e-03
1.220077027367826505e-03
9.481756906996851577e-04
1.339657832240473976e-03
7.922784145076495511e-04
1.668705129066809902e-03
1.830269217798374424e-03
7.406173726857820296e-04
5.087376417323186432e-04
1.363986044741084293e-03
2.686004378140656023e-03
5.244319166629151773e-04
9.267839085744097524e-04
1.730092714005515651e-03
1.555417607947270995e-03
1.045116509792828191e-03
2.182992350868388949e-03
8.649085697744718056e-04
9.355750269067042001e-04
8.940242300299145947e-04
4.635636069638085391e-04
1.813849219870079799e-03
8.979653499666501951e-04
9.656377552858302817e-04
7.093703552157320114e-04
1.185496911255844296e-03
8.522591063091309455e-04
1.254224674143750553e-03
6.276733414370692975e-04
8.638226072549679739e-04
2.014590456956555625e-03
1.085508251188185272e-03
9.761897132552171778e-04
5.223798741490215131e-04
1.788726132301503334e-03
7.823591032423048370e-04
7.960921562727674931e-04
1.245868235423236263e-03
8.189468657889053876e-04
1.011652238330150140e-03
7.861274894446113222e-04
9.818789163045895437e-04
1.611036753128963859e-03
1.531697376452242692e-03
7.710244639357709132e-04
2.502502477739289299e-03
9.685078148526351984e-04
1.167092694959184166e-03
7.794175175797640092e-04
