2.769897805358430450e-03
2.931883527647930268e-03
2.104025077130107675e-03
2.099316262414034021e-03
3.368553951847290916e-03
2.710735417448851669e-03
3.291797059326387938e-03
3.017456036106501427e-03
1.562502724570131443e-03
1.553703156382585946e-03
3.018291273724942655e-03
2.034549179312065276e-03
1.826050540604326347e-03
3.961846336215308836e-03
2.037684805063407975e-03
2.953968961056399785e-03
3.555868145380769712e-03
2.602664641019151581e-03
2.691572061562030795e-03
4.430740641229690725e-03
3.226507965875401347e-03
2.799371025281376102e-03
3.015683727433121891e-03
2.314884974687304951e-03
3.000367439031283428e-03
2.277687613786084919e-03
2.312100149341179273e-03
4.094835227045735306e-03
4.825168047160821594e-03
1.703463694510998520e-03
3.069672305390717774e-03
2.572100243113863583e-03
2.584628139371962161e-03
2.136500353460316082e-03
1.958385600520660096e-03
3.806664327586024681e-03
3.401719064134649945e-03
3.566651035720678261e-03
4.429902389447631580e-03
2.929631497972926598e-03
4.343960309762013791e-03
3.737067090629396082e-03
5.223468075671277612e-03
3.439053152742432926e-03
2.841584884590983226e-03
3.541933113248945091e-03
4.739821492952934513e-03
4.202491702419217448e-03
5.013635126289316471e-03
4.179695454818152522e-03
2.408234143387528396e-03
3.403226249848147027e-03
3.535808709990716919e-03
3.091783647079204313e-03
2.818902489676375703e-03
5.555385333665950262e-03
3.965695921045655527e-03
2.234388081185285837e-03
3.798635245247201312e-03
1.507454006637505735e-03
6.173634595212745303e-03
2.662879978649970898e-03
4.205285294637661937e-03
4.899700549983089341e-03
4.189004550434380011e-03
3.035467102399999097e-03
5.740559153401340355e-03
3.985838405739152573e-03
4.557252937837790417e-03
4.863595646182944029e-03
2.793412007142029915e-03
3.985597076663341051e-03
3.741822939007251846e-03
4.227379396608842849e-03
2.664555772300078798e-03
6.041334186701018995e-03
3.062761159471236345e-03
3.244783105826012232e-03
3.528278394431055669e-03
2.733379576369977977e-03
6.012896044944648043e-03
5.697771221989438896e-03
3.925526238811790150e-03
4.370004049145657411e-03
3.292363620569161570e-03
4.057909104161360261e-03
2.292533034256006696e-03
2.883708500959208162e-03
2.346593721390526424e-03
4.858326726082607717e-03
4.707313457763611167e-03
4.355544800515405088e-03
6.382420306716493109e-03
4.525027562662754105e-03
5.113459384545331228e-03
3.956585938076914201e-03
5.776331235976669629e-03
3.288965051578856234e-03
6.174185927467116565e-03
4.013269396887815012e-03
4.017826417266443136e-03
4.112753723748272493e-03
5.198112699041967932e-03
5.213607279188564939e-03
4.827265335395700650e-03
5.846585407708301645e-03
4.849367350482334388e-03
4.822914311687313306e-03
4.180215455945669387e-03
4.351739175589472083e-03
5.172362100497706304e-03
4.316715201622142208e-03
4.223643560776381076e-03
4.365396063065393739e-03
2.992372587070976989e-03
5.030946861767541557e-03
3.774484301023400910e-03
5.405735746328463494e-03
5.086244149005610116e-03
4.240539487934585731e-03
3.113050730681112856e-03
4.142643395568344246e-03
5.950725160341885193e-03
3.512412078006948903e-03
3.113763801750277140e-03
3.262168651450091973e-03
3.760866962638915057e-03
3.332549446120304515e-03
5.378090713670622032e-03
3.170636360006847797e-03
2.342611937256393242e-03
4.651699284252374701e-03
3.137346534938437355e-03
3.570766442409443239e-03
3.371999011165439757e-03
5.183449539148347190e-03
1.600742034104850938e-03
6.359002703943707029e-03
2.170010147861308695e-03
3.735729634617470252e-03
3.120346460818870012e-03
5.653283827716230024e-03
4.939273148528416230e-03
2.336192923213247126e-03
1.664654592912270716e-03
4.266651111952735921e-03
4.981184412405882493e-03
3.575069927948025441e-03
4.272768269728733845e-03
3.335078356342032705e-03
2.473592416288706349e-03
3.424493330234240802e-03
2.323783694438274084e-03
4.726062284887250567e-03
3.488130893608497839e-03
2.771472852457871304e-03
4.773446198716549058e-03
3.841598041026381399e-03
3.801919878738696350e-03
4.197068583399836232e-03
3.126996586082469824e-03
4.725800275935451190e-03
6.651421694693519099e-03
3.681195781048256406e-03
3.583145641548500342e-03
3.936626016568116164e-03
2.817546505558039208e-03
6.306449929165652835e-03
2.775093773053597442e-03
2.953336805781219508e-03
2.370974791306851293e-03
1.283561461466525703e-03
2.799977186039911276e-03
1.667710564387007814e-03
6.661500870994613126e-03
3.689478767910235775e-03
3.395777822593876259e-03
3.385527789594457247e-03
2.881268404174550362e-03
6.565571892102348671e-03
2.789772895259653995e-03
3.003199216280609540e-03
2.447020655633917220e-03
6.220813046897288520e-03
3.525593660700870793e-03
3.254044401919317913e-03
2.625434473515680933e-03
5.739441118092573554e-03
3.876012340023864394e-03
3.764591942162076078e-03
3.420530760265087181e-03
2.730170153268995665e-03
4.006671088760393844e-03
2.102755471060081555e-03
1.952805214875058233e-03
1.430679775578903206e-03
3.216432555466798397e-03
5.482606506830922828e-03
1.828210399621393737e-03
3.151244344804638494e-03
3.485360002768328382e-03
3.901173756200525342e-03
1.534888765689051754e-03
4.163167283424537915e-03
3.704166603718456793e-03
2.691078549093246525e-03
4.246095161568864268e-03
2.657455794370455673e-03
3.567221426844519559e-03
4.071548549731659854e-03
2.715013992490529059e-03
2.815291654511513711e-03
4.075942805336860500e-03
3.116044468845894505e-03
1.774434155795882786e-03
2.689829216222804336e-03
2.270876320289431059e-03
3.341892896693523206e-03
4.493418488629055511e-03
3.378854975474945323e-03
3.919988842035752874e-03
2.594115746985268482e-03
3.101798343997543787e-03
3.503487291425268473e-03
3.303727295160624466e-03
3.730536829408839360e-03
1.967819661114559356e-03
9.762639551611306367e-04
3.646247905802069231e-03
3.105364109003100597e-03
4.115726156553151625e-03
1.960327404229654513e-03
1.513733656079211971e-03
2.042599656311261825e-03
2.723210357472699225e-03
2.076925010116254921e-03
2.470866890927752094e-03
3.468709487976158121e-03
4.232705944194372662e-03
1.000886026820303233e-03
3.066266341876080614e-03
3.202636994789780957e-03
1.795896515282596490e-03
1.512708851176348566e-03
3.452883710090026183e-03
4.060056511086803342e-03
1.456418613642034444e-03
2.679826930550396023e-03
2.403877565902009725e-03
3.666564347969072588e-03
2.701779516651891481e-03
3.021595449796350089e-03
3.726377491749351210e-03
2.590441566980296664e-03
2.894191927908416721e-03
3.578739702078614048e-03
2.988008489030375119e-03
2.684002243755270311e-03
3.516776641136279587e-03
2.783433481166956193e-03
2.741666834418354966e-03
3.330902203829005925e-03
3.379650435376908239e-03
1.890230379866204586e-03
2.100404236728937828e-03
3.448433204266838133e-03
2.716950627459703647e-03
3.407644636343876935e-03
2.901386136089439786e-03
3.922028195368662366e-03
3.737920534769430606e-03
2.021050340712944333e-03
9.260474206538741931e-04
1.948175958154234463e-03
1.447267843875323264e-03
2.368519432217280982e-03
2.219491484648053979e-03
4.448231334643022901e-03
1.885940249864540529e-03
1.067615973321150947e-03
5.059426995759846654e-03
2.574161936619536427e-03
1.814362598432292572e-03
2.264441727277056570e-03
2.841717494361347112e-03
3.262456458531940665e-03
2.826870502385597957e-03
2.169419991232528905e-03
1.753998283077698320e-03
1.966289682061173136e-03
2.117935583307777991e-03
2.167685418366284249e-03
2.529143829445940073e-03
3.462667118354331112e-03
1.949573137447130301e-03
2.869670651562253316e-03
1.605534300205081321e-03
3.003571576883969866e-03
2.944662879659844332e-03
3.926678966835213738e-03
2.127631100616412824e-03
3.440468058413118872e-03
2.624910887376282094e-03
2.973812718414058000e-03
2.358546590328293620e-03
2.045329640451412200e-03
1.438214427266936400e-03
2.168903430260765187e-03
3.038631982413014625e-03
3.536802604009480801e-03
2.004120330320852128e-03
3.515274712030281613e-03
9.162037933235494137e-04
2.448119426108966157e-03
2.323403881274717624e-03
2.010285052504388100e-03
2.188413000062059896e-03
2.505800738578455207e-03
2.524989763878538601e-03
3.601685450553036155e-03
2.007056383708777109e-03
2.816834371716278249e-03
1.443288606976167714e-03
2.455927720366842242e-03
9.528328120628567653e-04
1.783136025778291013e-03
2.861396081183274070e-03
2.371723420840791963e-03
2.126097470155832638e-03
4.978133650468179357e-03
2.412573669570312711e-03
1.934166005082365919e-03
2.986769070643310008e-03
2.146765861901706388e-03
4.997225611588458800e-03
2.468602856778280129e-03
1.121364035051152864e-03
1.726601573401130097e-03
2.158515175361271250e-03
2.488936569250248688e-03
2.963876413003606845e-03
3.455251491539814389e-03
2.508202693991544094e-03
2.262100293370447688e-03
2.462151020437027601e-03
2.455062337092790356e-03
1.838865629493133909e-03
2.859941862104988484e-03
2.935951481934308445e-03
1.483599096468747429e-03
2.787246842299291680e-03
2.072819607774665715e-03
2.483528015245314597e-03
1.699891373449008512e-03
1.481673771069211927e-03
4.300882902135019260e-03
1.750476075741059200e-03
2.049412555776806977e-03
2.852675250817993807e-03
1.888271019010036777e-03
1.375914615286775089e-03
2.136649978337734190e-03
1.294159353998013866e-03
3.448191070266919209e-03
2.453955029175454439e-03
2.954722005138969449e-03
2.065902154301373864e-03
1.061616194371920504e-03
3.480049976963312149e-03
2.088783680960840973e-03
2.508140056647882414e-03
1.831488398675011012e-03
1.964406399590095092e-03
1.257982431377297752e-03
2.262975968569013591e-03
2.426170136071806229e-03
1.338861468313724172e-03
1.183915492177530513e-03
1.550985160953628631e-03
1.092401914560237226e-03
3.022122265743532998e-03
2.125105304619357479e-03
1.905960469095898573e-03
1.024276745030940116e-03
2.048801396276788127e-03
3.163025423102689467e-03
2.859349460828223416e-03
2.489848138391351131e-03
6.602302152794129343e-04
2.111407562572079240e-03
1.375657125757822957e-03
2.574144864060238722e-03
2.339546716694434775e-03
1.193107322392867719e-03
1.755936666099082834e-03
9.161026821530948803e-04
2.332571643866452639e-03
2.138141788526403981e-03
1.548421358189037153e-03
1.269378353253312062e-03
1.463055777058090397e-03
1.799012424631842716e-03
3.383084535734575803e-03
3.068017938540113388e-03
1.871590862604357317e-03
9.001459554767969476e-04
1.740830143461578623e-03
1.252077554508156066e-03
3.167235020690437660e-03
2.164931572294153620e-03
1.351199789069690424e-03
2.307286833338399561e-03
2.763394531342179637e-03
1.466446631934773979e-03
2.408485410690535105e-03
2.461827843112481939e-03
3.734783633619828680e-03
1.222075776596050472e-03
1.775934873955514141e-03
2.745690717795108791e-03
1.632102783932370916e-03
2.837589178931914161e-03
1.610814712426853314e-03
1.936899648950912928e-03
2.946665333238470894e-03
1.251070212128163519e-03
2.398469427407212348e-03
1.959892852819341159e-03
1.657967525372279309e-03
2.972742865965130772e-03
7.980746093722671268e-04
3.015265585920730816e-03
3.680998332664631514e-03
1.783299937253809845e-03
2.258288281279491241e-03
2.322648046496363257e-03
1.572621936090879248e-03
2.152114024186222579e-03
1.567436945576650793e-03
2.913566815805470299e-03
1.211467772837084402e-03
1.671366898649614659e-03
1.861719557982318947e-03
2.226812813690027138e-03
2.250207984488653955e-03
1.899075287789215704e-03
1.474701415677739762e-03
2.496388160793159162e-03
3.536183045416480940e-03
2.658926233550837782e-03
1.673187401412408329e-03
3.157718540269671345e-03
1.805510320849970695e-03
7.900866644898725880e-04
1.570272310255995318e-03
1.097314164508271430e-03
1.674680412943792881e-03
1.677400804371068348e-03
2.379000730178070823e-03
4.091920893268482379e-03
8.698676741446476285e-04
6.886403716372979959e-04
1.706108155456576882e-03
1.761183100464501885e-03
2.695371702831120351e-03
1.890322081006983292e-03
1.729555873180799608e-03
1.452248529559426208e-03
6.240202376080605925e-04
1.570257623903709761e-03
1.313362980432605104e-03
1.613985889621322644e-03
9.047702046615581535e-04
1.540339653860551368e-03
2.583391690564020883e-03
2.789652945457702683e-03
1.560960397336980717e-03
2.171836170143805200e-03
3.687340420826013248e-03
1.703614735089325344e-03
1.436768567386545676e-03
2.588118145131863921e-03
1.370829476031093942e-03
2.479361317997170501e-03
1.279169407184893364e-03
5.718597816566068194e-04
1.628711524284032122e-03
2.232113809257721144e-03
1.436838502864104701e-03
1.014590581018914731e-03
4.278540473226247198e-03
2.825221471315472049e-03
3.191715869931332182e-03
1.578982986038745921e-03
2.453748898195339239e-03
1.788597082561162611e-03
2.575725236878529441e-03
2.637212979150933400e-03
2.169623778734650413e-03
3.576468234443916719e-03
1.343114136623349206e-03
8.535097435516305481e-04
1.892513062392320875e-03
2.454621940193585893e-03
2.545512181278890111e-03
1.444305743025018360e-03
1.247862807721502936e-03
9.109290323761254273e-04
1.237330569668708934e-03
1.697962931865714710e-03
1.319464084002795615e-03
1.211569354628047211e-03
1.757340778666739408e-03
1.300880773228305521e-03
8.421013635884638544e-04
2.359999664226223714e-03
3.691667511348537337e-03
2.163463402505544537e-03
2.991702649743751153e-03
3.133220379221209918e-03
2.604655105894976373e-03
3.092730514781982798e-03
1.385151097299940938e-03
2.573889096496863663e-03
2.606298609008972107e-03
1.749216168423182571e-03
1.390511150899384442e-03
2.063137362166216765e-03
2.111639733454580715e-03
2.518821612005728728e-03
1.367949554170330966e-03
2.336128282217441506e-03
2.291646757348249266e-03
2.241738426431556363e-03
2.409532504656727685e-03
1.618531669909344453e-03
1.261634866337876413e-03
4.971121154411324225e-03
3.299527862786807292e-03
2.456281391381153877e-03
2.934100803938079552e-03
2.502722487518787252e-03
2.149177403452981906e-03
2.385996997048749589e-03
2.206681069022849769e-03
2.929932407569260135e-03
3.068899504699656566e-03
2.013350368898525564e-03
9.735690467144379572e-04
1.067516808591542155e-03
2.030216589244584167e-03
2.527747463096328539e-03
1.476188207679523775e-03
2.085218739617767433e-03
1.964691129682186177e-03
1.647759635453725606e-03
1.945092409057369619e-03
1.550725544345207775e-03
3.718944889987356450e-03
1.949936311251164152e-03
1.588287248806597362e-03
2.952549538648594537e-03
1.299818054065475948e-03
2.788196826779548634e-03
1.113584549160384846e-03
9.421337083796289900e-04
2.282298653104583748e-03
3.190210974934637109e-03
1.084412141601555227e-03
3.983104104511226394e-03
3.073611231930261419e-03
1.841946335479017084e-03
2.383554863181823729e-03
1.079159532506814359e-03
1.438561238608655930e-03
3.358488195165720142e-03
3.236778598338310806e-03
2.879101253409865370e-03
2.873113518289050188e-03
2.811627038065434188e-03
1.908257386958500624e-03
1.995251338356909734e-03
2.802013074837192332e-03
1.233690827202064402e-03
3.022467281084430940e-03
1.872777570347754000e-03
1.151356939399642574e-03
2.373580101946267534e-03
1.795892579711461882e-03
2.733430761933466208e-03
1.496401453770352741e-03
2.631581174534079488e-03
1.672535197220778938e-03
3.210663326250330022e-03
3.522530406810024314e-03
6.437646879524040397e-04
2.996990851409847730e-03
1.881188185438759835e-03
2.995175888153170894e-03
1.337871436369267352e-03
2.915245961778763304e-03
2.411640635350390405e-03
2.003967269441904279e-03
1.966476496381807607e-03
1.898884785082136876e-03
3.027199429642282204e-03
9.543199676392452287e-04
2.405192888543815355e-03
2.369980214960619447e-03
2.514980516806401920e-03
1.939195812302602897e-03
2.488238589921884167e-03
1.652529658259708481e-03
1.731161733453184630e-03
1.520686556140544033e-03
5.221410468854209477e-04
2.433200051193197631e-03
1.620204945140694313e-03
2.895713377744814007e-03
1.451593548102346433e-03
1.755128056961614575e-03
1.929122654867475696e-03
2.639666749680274170e-03
3.070549240764147876e-03
1.028162149704772450e-03
1.157391900483523920e-03
1.626619276080638757e-03
1.902364127436547998e-03
1.557193935332753859e-03
1.779131476395603290e-03
2.875250086946473226e-03
1.258310359838443228e-03
2.850886856544978566e-03
8.444967379225599979e-04
2.478107824084756824e-03
3.063862491743796820e-03
2.031421985324932157e-03
1.136105113791581727e-03
1.428557717854616249e-03
2.038736084021411984e-03
2.249265808075320058e-03
1.193109282390684110e-03
1.642808524455414152e-03
7.873344691310347945e-04
2.525356888381870973e-03
1.413434178379314229e-03
1.560597276661994902e-03
9.617172551969462111e-04
2.238547525062042475e-03
1.785086732183221786e-03
1.724128411504283025e-03
4.387020192888450160e-03
2.278429730958713914e-03
5.626601890301790795e-04
2.817300406887593076e-03
4.492921030323543570e-03
2.158350551299669830e-03
3.353626254017146036e-03
2.113396427415763397e-03
2.937872508272488560e-03
1.578412209397885490e-03
1.475971121630956576e-03
2.620011659885633330e-03
1.029531899221396325e-03
2.020007021091849066e-03
1.600093515903816327e-03
1.220457151023587612e-03
3.404634784055837748e-03
8.038829805600572085e-04
1.771378731955145901e-03
2.140738752354633557e-03
1.476374641417661088e-03
2.492850707326199362e-03
1.774789798572458084e-03
9.819009923562490010e-04
3.104020605692499497e-03
5.726755437539365456e-04
1.146667359071124916e-03
2.047807833561017966e-03
1.780757711791532832e-03
1.453342590316517068e-03
2.481358239160631751e-03
1.902198740784618886e-03
2.175115479614063776e-03
2.113418582905526952e-03
1.798850210026689024e-03
2.356442037959913683e-03
1.996033467398794069e-03
1.237440065649449226e-03
1.890864770569572473e-03
3.467340811752123598e-03
2.018122300787542241e-03
1.911822547935891408e-03
3.330812078912739459e-03
3.553558832659209441e-03
9.654389082560010027e-04
2.741943900726153977e-03
2.172185356368159896e-03
2.002349285773130476e-03
3.515089993266101200e-03
1.859662431107617260e-03
1.484060287871823321e-03
2.239942741212439491e-03
2.153199536577864778e-03
2.157964110136699736e-03
1.687716591254662763e-03
2.994272856048507334e-03
9.211398484557637269e-04
3.909040038768912470e-03
1.394782898694154477e-03
2.989689986957191556e-03
2.298972255516192661e-03
2.379131726888663884e-03
1.880321493931503456e-03
1.452732255851430301e-03
1.784643428691362610e-03
2.314494938078905627e-03
1.861822437572227323e-03
1.774460989524158198e-03
2.928396167341319398e-03
1.887871022477871944e-03
2.686364947813983661e-03
2.251156457924245215e-03
2.558170497662849967e-03
2.344889784035493821e-03
1.621081545350751447e-03
2.516622319912054789e-03
1.862562861289304098e-03
2.579708206850792138e-03
2.948475144569520732e-03
3.852660931330814057e-03
2.031123505903205308e-03
1.495379702752269377e-03
1.536400684644171266e-03
2.128081505377640761e-03
1.606317322161689588e-03
2.804688524316986155e-03
2.730455928196411780e-03
1.599476063986504963e-03
1.551548386188729466e-03
1.678641787608404524e-03
1.872050609460999349e-03
2.973301170087184597e-03
2.012392518066195412e-03
2.854260952698985630e-03
1.558446755846423434e-03
2.749770937972678166e-03
1.254437753029545577e-03
1.157990231658580357e-03
6.227598398360336893e-04
2.366479503459265922e-03
3.074683032520165744e-03
2.118752760559744312e-03
2.297288031230558698e-03
2.050814021319556125e-03
1.211379702002531901e-03
2.155344609237641682e-03
1.381863631970772907e-03
2.437303571538990653e-03
1.054173724961260557e-03
1.266083163630364996e-03
1.767848302323339572e-03
1.638029254650623118e-03
2.190089235138645198e-03
2.772611545834118701e-03
2.741753264217858949e-03
2.157389781382078407e-03
1.147927299186335187e-03
1.230614083786735896e-03
3.058497165886818903e-03
1.287408727960411871e-03
1.480302280069715646e-03
2.567784858775703800e-03
1.721619105731797637e-03
1.897540536962746263e-03
2.590157958648273227e-03
7.360598778827506057e-04
1.329226596803751142e-03
2.235096529106356169e-03
3.480251648413489746e-03
6.120741832034064332e-04
1.025864708473444653e-03
1.824225456768897510e-03
2.225779347132242868e-03
2.227480518370072993e-03
3.356823288358251438e-03
4.303769977100366587e-03
2.451649047717746610e-03
4.524597901158472490e-03
2.319169438106880466e-03
2.297298559646119079e-03
4.837013613269755541e-03
2.246466682999334954e-03
2.579355349241531717e-03
3.190006004829798892e-03
3.436764717198915846e-03
1.651524930827476863e-03
2.320363073142860458e-03
3.009111271021089329e-03
3.263463962273780924e-03
3.501022408395691298e-03
