1.039470100815484454e-03
5.354978824697793384e-04
1.315425089835502810e-03
6.058099464033940345e-04
1.047672274117181354e-03
1.472082276640742423e-03
8.479840325232689945e-04
5.365458693591868868e-04
1.348410241219814929e-03
3.825230917766793653e-04
5.352996775465251097e-04
6.363135472833091706e-04
2.433435846644892175e-04
1.170197955735088500e-03
1.381125219153562242e-03
1.446613739846800816e-03
5.876570092671569217e-04
3.052160764950313972e-03
7.144114044061710680e-04
1.655776329366401203e-03
1.844146869590690321e-03
4.159051161320342156e-04
8.199636458589825566e-04
3.984112521362878591e-04
1.912037826516954815e-03
4.933435538298830327e-04
6.866193274497597648e-04
1.000406838647415527e-03
1.368552070864771067e-04
6.685873633263758218e-04
3.987335925951325435e-04
1.537826833634757528e-03
2.309925306251856231e-04
3.631913151361580673e-04
9.520441524066364453e-04
1.704466674045858592e-03
2.160483042702866622e-04
1.243724823828561664e-03
5.970271070039903595e-05
8.456906535496890465e-04
7.690532497457919833e-05
2.940996396322212436e-04
5.361959788516881256e-04
2.303185500872751280e-04
2.329751215873393944e-03
8.092654228460762801e-04
7.453276643537218304e-04
9.166395685283093000e-04
3.301554367334234592e-04
6.624447516815070661e-04
3.704355655403352245e-04
1.206798059320800687e-03
7.294543418652388485e-04
9.353935115589711484e-04
1.185561770341991979e-04
6.032222934467908117e-05
6.032853129245405090e-04
1.132858238879212026e-03
1.992005862605704348e-04
1.285624269635432006e-03
4.387426802753425083e-04
5.946756662580276109e-04
1.560554956136747976e-04
5.708237287994777235e-04
1.170436122921605796e-03
3.179366020454127092e-04
8.881948952264008502e-04
7.679774101402912865e-04
1.567364844786411958e-03
6.214273580081719614e-04
1.560938167031460924e-03
9.985646502019376088e-04
2.971473251160598262e-04
1.184471250466413326e-03
1.380153342374486466e-03
5.479689084110560358e-04
2.369518780220380527e-04
2.982070718215166019e-04
3.401516391104364651e-04
4.807469264914992916e-04
1.837333600669380413e-04
1.742321298597052049e-04
2.263144788691775220e-04
2.461488633033546546e-04
1.067580409954781108e-03
7.699758755166499552e-04
8.722998601880874170e-04
8.445659868520612526e-04
6.650623747609352122e-05
1.821364543799414203e-04
3.107624998346934005e-04
6.240605995560771606e-04
8.772634020118716066e-05
8.217844071455757897e-05
2.403035708572449989e-04
9.909726360641670737e-06
1.512552058210105080e-05
5.862943547398910072e-04
1.454133688952433708e-04
1.785840915354550476e-04
7.911443894760076243e-05
5.111416833258236635e-04
5.292347976058255250e-04
4.630633178888704949e-04
1.399278612519615217e-03
4.313871264183312426e-04
3.306470427330558031e-04
2.544833516957498436e-04
3.181936234775792783e-04
2.862309651503587788e-04
5.658883362365575449e-04
6.447321790960526241e-04
4.107671110111379238e-04
3.782100105218073557e-04
1.838095316616776835e-04
8.882808992243203033e-04
4.319454267017091079e-04
3.901614381052526852e-04
4.470636053376707080e-04
6.572368381450116809e-04
6.492171420474185340e-05
4.376171341238416527e-04
5.905955630045829153e-04
3.872827293670565748e-04
2.247653107404039285e-04
9.504288177029644909e-04
4.335874523462549435e-04
5.492010819272129815e-04
9.194138713117697517e-05
3.003964404305055715e-04
7.785423898696826675e-04
1.012111119644085871e-03
2.305551989458027207e-04
1.210969257089723614e-04
1.201850129361188124e-04
5.259958401416824716e-06
1.440962917767582422e-04
9.442085244015080946e-04
7.913159632640413485e-04
1.397079607249592046e-04
2.272202891420827434e-05
6.387568271257200285e-05
1.749444512853137084e-04
4.604455856231712404e-04
8.979794768550670731e-04
3.707154243452203974e-04
4.870239015308946442e-05
8.203820452562112474e-04
3.325506903257328083e-04
1.319662862039084358e-04
3.633196726423611037e-04
1.724094442023379938e-04
1.935411221238636569e-04
2.292283224590037888e-07
3.056664394961579443e-06
4.480604784817613902e-04
1.745483142695412884e-05
6.356824008812609565e-05
1.625073604134596777e-04
3.051980336595109568e-04
5.425046809896484016e-05
4.333617708889834972e-06
8.850008464526536189e-05
6.282032351774254151e-05
6.790742485537360753e-04
2.442111724747605852e-04
5.136398016651969463e-05
9.178589660877575285e-05
3.033002408203551935e-04
3.405943140534494775e-04
2.737253837340749511e-04
4.414326888136308196e-04
1.676775726940805272e-04
2.273508971527240694e-04
1.752128867270244511e-07
1.677623249122130308e-04
3.546023186357322513e-04
3.961086932673466427e-05
2.248168397794827664e-04
3.658275969817555937e-06
6.505051460773280834e-04
3.615346838923715511e-04
1.197659296460680013e-05
1.430516414426530314e-04
6.131449663315370395e-06
7.856132331203303869e-05
4.682873998171263575e-04
1.014156815746115322e-04
1.743438469537562680e-04
3.445170603585868030e-04
3.430191383643705288e-05
1.717011919202794884e-04
1.945781413141237798e-05
1.033894316074944807e-05
4.354342605150786447e-04
1.192689317363574715e-04
3.473434538197704572e-04
5.518769397914320663e-05
1.045854265925509896e-05
5.398584844979080243e-06
5.427484788013890683e-04
2.520291579306437372e-04
3.610426341175253652e-04
1.384335782924465974e-04
1.045550970745991908e-04
5.539657278977558769e-05
9.761733750706889370e-05
1.285128537682082633e-04
9.898493320845931978e-05
5.944930074320862253e-05
4.819898726391387881e-05
1.274217262843787196e-05
1.076551692083860376e-06
9.123153070933039881e-05
2.924041339584190790e-04
6.900948180890373058e-04
6.649948064431863146e-05
6.652263241571420909e-05
5.504585972384957808e-05
2.297542462879249530e-05
9.532360287940744579e-08
2.931605812099393737e-05
6.787110950085960704e-05
2.033992348607541309e-04
4.121195911035184499e-07
2.112611153666744609e-04
6.987282366124096028e-07
9.011369752830827547e-05
5.084543211002787253e-04
1.332849971314966004e-04
3.286097211609044977e-06
3.067967254141472572e-05
1.178579610898681176e-07
4.409104373007747662e-05
1.629511489509129836e-04
1.563461469058723650e-04
1.747336867794715585e-04
3.360380776239046833e-04
7.865633784212179191e-09
1.462047980264076627e-04
3.230854706752781045e-05
4.057562782317255984e-06
8.682710323766261418e-05
2.727882161220994829e-04
2.030769336275376716e-04
2.505959199752666840e-06
6.428336372940814559e-05
5.556168737506081691e-06
1.091121294697001195e-05
9.367071903849466877e-05
8.130245622060700288e-06
2.770358386873027592e-05
1.709402641708161492e-04
1.935172502462406241e-05
4.127211122276048418e-06
1.077671530607115492e-05
1.225504300965501485e-05
2.592074442662309678e-04
2.629608831293602419e-07
5.205459789977668575e-05
3.383301357902230547e-05
3.539107045162597208e-05
9.015132179488443491e-06
7.300967350516790130e-05
1.745855289890325328e-04
8.439029574419658504e-05
9.637912833134543503e-06
2.797322534267767812e-04
4.005691165053825369e-05
4.291437785570168645e-06
6.605007066863415879e-05
3.926924621880731195e-05
6.265505580059128215e-05
3.541703460353346828e-05
6.700586731807589265e-05
5.896220028309050935e-05
3.755620810819372730e-05
1.032072589269847687e-04
5.262133334963664121e-05
1.520349362973954857e-05
5.785982334133898996e-04
5.936535902166007616e-05
6.394940786647155936e-06
1.002903955986284034e-05
1.164158657117991114e-04
3.187243896973012905e-05
5.947497211451976826e-05
2.533329459857910503e-04
2.032408840964250952e-08
7.952431346688250305e-05
2.640527713663011543e-04
2.389945784733309457e-04
1.105663038936062004e-04
2.531414104486807070e-04
8.550003376021450443e-05
8.836536025253442653e-05
2.992833390545300920e-05
3.536541790724063029e-05
1.595198570353586378e-05
1.756950075180771278e-05
1.202098226812453526e-05
9.108954872155740367e-05
1.822828796163533617e-04
1.069627827604347544e-04
5.958153070823747876e-05
8.010162533404858402e-04
1.708988945498091485e-04
5.936478200941181407e-09
3.683740620476190844e-04
1.990672519525862663e-05
4.162512858518337090e-04
1.188213913482446968e-04
6.634642194334409299e-05
6.414577247367649843e-08
7.176429295815256850e-05
1.832338255444692911e-05
1.514356163648442948e-05
2.308056920147791898e-04
2.812575608189771758e-04
2.296550554909333570e-05
6.731700547337039319e-05
2.092746100482020948e-05
7.772159060640575136e-05
2.611527148282305802e-04
1.485066940019861560e-06
3.316793804642857480e-07
2.772030578668969656e-05
7.884933932933306836e-05
2.840492964656433390e-05
8.448949304023858366e-05
4.559197577317821825e-05
3.200539607593766173e-06
4.637755402922760752e-06
1.625474508947098882e-06
2.121048183812294769e-05
1.545509529909929052e-05
7.394786557975424742e-04
1.522451191025773423e-05
1.132909654195766533e-05
3.989143633851417873e-06
1.202989365068481476e-07
1.577472472597589179e-05
1.274059737715979199e-04
4.042548024630282191e-05
7.115019366144595099e-06
3.409333435921735626e-05
2.914526539893573390e-04
2.640885740130209563e-05
7.306811456377723458e-08
1.712666209862948461e-05
5.727750294471897654e-07
4.773929934163771130e-05
6.855190952572452211e-06
2.734758544614809199e-04
1.616623133962587580e-04
7.184942507444976977e-05
3.830445465996887836e-05
2.979881200914498668e-04
2.799342069581158603e-05
1.676431744575905186e-05
3.144836041620653242e-04
3.395788540375608390e-06
7.836718348869482298e-05
1.132189841113794091e-04
2.248471593143781474e-04
2.691530748493869893e-06
2.257813417541360435e-04
6.935660531514251929e-06
1.834129926210410115e-04
3.457731414048165241e-04
3.598901444148110609e-06
1.501034084796368774e-05
2.756564455205204575e-05
7.166646879219090401e-07
3.167995040493769174e-06
2.664719589850236313e-06
3.715110300571704987e-04
2.255609866478447802e-04
1.796947894536593499e-05
8.800234744755617460e-05
1.010236844627497550e-04
1.167952226477565096e-05
1.024740347431234529e-04
2.514298444179043958e-05
1.012681005586640705e-06
2.576318225894321259e-07
5.081014737820269632e-05
6.290280204962073913e-06
4.649941027127734946e-05
6.154263247179967940e-05
3.978850427818390836e-07
3.770264679263712123e-05
2.419144581174143124e-04
1.779748538985956914e-06
5.973182243348451466e-06
2.221274504615887552e-05
7.481350110193980427e-07
4.109204873256344117e-06
9.190586497350339452e-05
7.177587592593338524e-05
1.794673392703992852e-04
1.179827887414995490e-05
1.688006849672803544e-05
5.728463808530021425e-07
1.152618826751193902e-04
4.226586346297220016e-05
1.141587189171725822e-05
2.898304147027847889e-04
1.689437713385472724e-04
1.091975560396681149e-06
5.657324608113916122e-06
9.669262477718566108e-08
1.714412083125648302e-05
4.649969596293447561e-05
5.537965133906919325e-05
3.144842719522162783e-06
1.203416311180572750e-04
6.929816673332021100e-05
4.141780962491745555e-04
5.939074158935306238e-05
1.469049921780914539e-05
8.821163954852740077e-06
2.856124203758940634e-05
1.492016819371070133e-05
3.068102230288488732e-05
1.069604882336063310e-05
7.879319884846680219e-05
5.570744167243242643e-05
5.240630749560791447e-05
3.633538201366621036e-04
6.854965922969804887e-05
5.688945526138447794e-07
1.370571341514197456e-05
6.120671366422126202e-05
2.789767661906791398e-05
3.078688856321192094e-05
3.690344430002891392e-09
2.817786079471230548e-05
1.624185273306550292e-04
1.063691628931837414e-05
1.404000180891908161e-06
3.630949567047615312e-04
8.372876950221477799e-05
1.366113831437676591e-04
1.282391421531087353e-05
5.401203852333575012e-05
1.627236891571281271e-04
2.989249201921994020e-04
1.589892103724923809e-05
4.738117399543616124e-06
1.048276221776756360e-04
4.745557767982179321e-06
9.300186584695137020e-06
3.597183443188561289e-05
3.636619419945450419e-06
6.416674545389759374e-05
1.463581297451367505e-04
4.375002409135375549e-05
3.470096588617220139e-05
1.121342056557506019e-04
3.380589438136404631e-05
5.891647830194477622e-06
2.458173400867336511e-05
1.218947326389031298e-05
2.315997370446444731e-06
2.465105498373807745e-05
1.601734398046260398e-04
2.572519315520990844e-04
1.466076196139692420e-09
7.513128421342002026e-07
1.501571160621676339e-05
3.972425985414987696e-05
8.403648916098003878e-05
4.516713606095829991e-05
8.323016831209641185e-04
4.892220289336220856e-04
3.915293506449963809e-04
4.438244224326461360e-06
1.207773928791256863e-06
2.262561271548053568e-06
2.367522524420007809e-06
2.259449770809708775e-04
9.617286704817793819e-05
7.110448125366306210e-05
3.456935835693034613e-05
2.903945963847918843e-05
7.113817314762877148e-05
5.037584984768270327e-05
3.477001198253022360e-05
8.362973714727861042e-05
1.064905638064662545e-04
6.352074682917109663e-06
6.351658375253015337e-05
2.962053899882778306e-05
3.817713732843489618e-05
1.850971211313159355e-05
2.225810955885567323e-05
2.085637724679901693e-04
8.117377902122352299e-05
1.125474305929527512e-04
3.055501478984141105e-05
2.073327364763866453e-06
5.179675596398501158e-08
4.821812814019865986e-09
4.655524222764580947e-04
1.327566876464363619e-05
1.696498335434737812e-05
1.214404521040826353e-04
5.733540069042865767e-05
2.994685834876154289e-04
2.349849979375950732e-05
3.709099782288655319e-06
2.664952627225129094e-05
9.169411950374353683e-05
1.699707618093619589e-04
7.642760628514626536e-05
7.181125833131534397e-09
5.252171023602031107e-06
1.693085689740289287e-04
1.755926546211310265e-05
2.759826597182010600e-08
1.964565352420887597e-05
2.629954439862474847e-05
2.938825449794226562e-05
1.466184804954796349e-05
6.864683172552246049e-06
1.566374841791007006e-04
1.293686283965780578e-04
1.200143819999274379e-04
2.227762294694357722e-04
7.026276201908932093e-05
2.570168428092804113e-06
7.624913514093700968e-05
7.742969481908575102e-05
2.634898931955695334e-05
6.951356603330868085e-07
1.979571879816983113e-04
6.869686134508994665e-05
9.385573601446627589e-07
4.001859596817765563e-06
4.806533617550531531e-06
7.112358783395621100e-06
2.197252292904614018e-05
5.878723467277788517e-05
1.309349726902570176e-05
5.393735445932673335e-06
4.213273947866037576e-05
1.882869051093953818e-06
7.756867661779804485e-05
2.993529116723481448e-04
6.641808164679775372e-04
1.502382937508249380e-05
2.906663975948247590e-07
1.203765616062295259e-04
2.024701283904644701e-04
9.414432268378175237e-05
3.781090986102658756e-05
1.997431876277939186e-06
6.348557386302081638e-05
1.884656722039460084e-04
1.590042522400879926e-05
1.084438987779895382e-04
1.561322284995141389e-04
7.223348028850656653e-07
3.202116183419267753e-05
4.424147796940185263e-06
3.588296569418074034e-06
7.195473054267198718e-07
6.227768965189471614e-07
6.103084085265333741e-05
1.396452913434388849e-05
2.263984361043678447e-05
5.932508144300771845e-05
4.865312290276216528e-07
4.714345686539923429e-04
1.274228514485372461e-04
4.417355309688071790e-06
1.337717807168442992e-05
2.679781803085878772e-07
2.019905265894252045e-04
1.246237825962575761e-04
3.483943525492817859e-05
3.553137070264599797e-05
1.462450452751464316e-04
5.728879850173354474e-06
1.336957396394832323e-05
4.988786831106311204e-05
1.114307894197936354e-04
1.051773473983909102e-04
1.333209924918770989e-04
2.344284818384063723e-04
4.908856413970332368e-05
4.898975747821330651e-05
5.305631133099984780e-05
2.503737326694035014e-06
1.321153534729882227e-05
1.292519720880164322e-04
4.771784114344218282e-04
1.019432518442795442e-04
8.633837565402008646e-06
1.537649277239262237e-03
3.245537022991660278e-05
4.741676866341922551e-05
1.427016397591917988e-06
8.306539774256770071e-05
1.328483243404421441e-04
2.138683222134312695e-05
2.513956328363850163e-06
1.751826446863252430e-05
3.945056028215703490e-04
4.664863206273538861e-06
7.786585193944843151e-05
2.988688908394097863e-05
5.789359439891064801e-08
1.875984588800664883e-04
8.093480439309033592e-06
1.102000695384984898e-04
3.584288172033149490e-06
5.058292252401614677e-05
2.065252123120035819e-04
6.368611677169117968e-05
1.770659951202986225e-04
5.255687538315706453e-05
1.857373351669816327e-05
2.182067130783674354e-04
1.695885258847469666e-04
2.872909326703713766e-04
1.905334914573667731e-04
2.374845018755710683e-04
6.346427024127702953e-05
9.120084441945336808e-05
2.059740815922522520e-05
1.331824230973850621e-04
1.413652762957122234e-05
1.446360249261565865e-04
1.532076141836887829e-04
3.910412598354611564e-05
4.389363902258581779e-05
1.762980204690968900e-06
1.060178910674265387e-05
3.624144293950681708e-05
3.174960518981111721e-06
3.678553476642388632e-04
2.666455046704926645e-06
2.072859386724690156e-05
1.031880143165361043e-04
3.339450613429250737e-06
1.495605573499107961e-04
8.148180588449903103e-07
1.990698737289250812e-05
1.576192367942239416e-04
2.362047467354102046e-06
4.585969413253121436e-05
2.434398440619154523e-05
3.867321037972840916e-05
1.350201694872468468e-04
7.000903486375084303e-05
3.773795917143028469e-05
5.675311423404707408e-06
1.324944499886802245e-04
2.682651405316049218e-05
2.848021929195168839e-05
4.173768082478991846e-06
2.928268354910192555e-06
2.064973693644461521e-05
1.125534195720619545e-06
2.590903230935049273e-05
1.728083130135702665e-04
1.419926239473366638e-05
8.607183572051528889e-06
2.538212016745848161e-07
7.807973424396996701e-07
1.811425637359917541e-05
5.229316253772383553e-05
2.356270236157847621e-05
1.301270510468570687e-05
3.033528268527079780e-05
1.032237231356467652e-04
5.781227457990511210e-07
1.550135010762062043e-04
1.367759677857747277e-04
2.788801980132721539e-05
6.141068453417125963e-05
1.039891580463821203e-05
2.224431038456372141e-08
2.702269429812209040e-05
5.210008148713479360e-07
4.509149436573392945e-04
1.469736597728885583e-06
6.511508846898617831e-07
2.636676109619323535e-05
2.467945713878143442e-05
1.267637631582839691e-04
3.906799878828724201e-05
1.382500908437378051e-05
3.558447751540805076e-05
1.325740951250509517e-04
3.025280340317643613e-06
1.429330038771099124e-06
7.267577000102261027e-05
2.389008072879289220e-04
2.983778730983049339e-06
6.084684809474873911e-05
8.167860335488678270e-08
6.982191786891824871e-05
5.336711671720428588e-07
1.257559880513561944e-05
2.735133499827088313e-05
1.693075255782067396e-04
8.246180529308242996e-05
1.420705197614505406e-04
7.450844273228459896e-06
1.061607986180431156e-04
4.911075429185366380e-05
2.151055433969266796e-04
9.163062675771360517e-06
4.081933676362777029e-06
2.773979200670208083e-04
2.178380919614932474e-05
1.921957886431978238e-04
3.574436512842019023e-05
5.281348828218559652e-05
1.944745676700839084e-04
1.604014289802979982e-05
7.525512401577392476e-05
8.816555267210468252e-06
4.597525625871657274e-07
1.073693417480078036e-04
8.430460813464305057e-05
2.378850120397263293e-04
1.776448552320266858e-04
1.200116679656608081e-06
3.309006798709315182e-05
2.079888493894133388e-04
1.446930004202822090e-04
5.196675771283090474e-05
2.733305342282828546e-05
2.061924198104494707e-07
4.838609299579020047e-05
2.506881331454172135e-04
2.349327773107697055e-05
9.042353595840002084e-06
4.213418755713649533e-06
2.605281260189268983e-04
1.574309826925040460e-05
1.373927549804780256e-04
3.429138982137958504e-04
2.531101562994390159e-04
3.746443908023732366e-05
2.140453253140597086e-04
3.380742028820999301e-05
3.835934690645155260e-05
4.985234203375377705e-06
1.147720396836153736e-05
1.395085809040830759e-04
4.889960855125142841e-04
1.983929759554820460e-05
1.087145813951981012e-04
1.426016894509346696e-04
1.312695077531175525e-05
1.999770997880365170e-05
8.458828775660693215e-07
5.484602800577179055e-05
1.663470713242183802e-04
1.251129932682057259e-04
9.084698193925973172e-06
3.723179322366848216e-06
2.578946001159164409e-05
1.539069208110587362e-04
2.213609411032049226e-04
1.564895584061226912e-04
2.030735138646269620e-05
3.080544715095443758e-06
1.395708542477733694e-04
1.184506090182896048e-05
8.205130656619978482e-05
2.799318396638318456e-05
1.931760529036315708e-04
2.415113279700224227e-05
3.093780168827350288e-04
4.534385053014639380e-04
3.810183170602307210e-04
2.247278178732795234e-04
1.731764690355492881e-04
2.982057034774774337e-08
1.159901423752718834e-04
1.385622442977844546e-04
1.100082687825591245e-04
1.075840540613800253e-04
5.035071807507610271e-05
5.199526488700690527e-06
9.960100705984936578e-05
1.682372271552577610e-05
2.457385853629613610e-05
9.047763712344824235e-06
1.563114160458155575e-05
2.993716726035692936e-04
5.851131756241844864e-05
1.624175365948237659e-06
1.045347306387633572e-04
4.437781975844999551e-04
