4.296315453047452187e-03
4.075631477061974692e-03
4.003557371529081407e-03
3.698206639978066958e-03
3.864233949378985920e-03
3.599785721567868267e-03
3.226083577660318700e-03
3.152979464568415185e-03
3.157025192211373489e-03
3.218646829877613597e-03
2.935233473683108128e-03
2.819215542722281094e-03
2.690658127389292109e-03
2.753940350884061684e-03
2.552327662791341843e-03
2.474768328438583641e-03
2.628153124942114640e-03
2.685450604106567538e-03
2.503296574438000112e-03
2.723453412770067937e-03
2.457898441755572688e-03
2.417573739300005881e-03
2.510747472468685942e-03
2.383941259336896240e-03
2.409622591251435551e-03
2.462912497309396181e-03
2.391209693008315706e-03
2.443552698449829967e-03
2.472742901585032321e-03
2.448595124621743939e-03
2.428906749772674709e-03
2.398976521137857840e-03
2.503121290518810042e-03
2.561182540238424264e-03
2.448661891399930846e-03
2.498118731920511305e-03
2.216675666409656607e-03
2.654961197804454626e-03
2.330779290337732859e-03
2.486131370298114152e-03
2.345935721015703686e-03
2.555901927537704375e-03
2.327495011505610872e-03
2.496770308969682023e-03
2.560861215774383384e-03
2.571440085059788563e-03
2.468707915548507773e-03
2.641187195832815811e-03
2.462636115866375774e-03
2.657848552496383694e-03
2.476367590223249333e-03
2.463454189371439441e-03
2.337582769911946204e-03
2.641742313644784498e-03
2.702389824543086506e-03
2.410540992679197601e-03
2.679344402798140498e-03
2.428536850234455126e-03
2.503334087287530790e-03
2.470817520670091395e-03
2.542679046004338306e-03
2.499302642182254543e-03
2.635496354292703874e-03
2.429735055022378288e-03
2.582326128305362234e-03
2.576795922623282241e-03
2.624391973455202087e-03
2.523872950734440748e-03
2.522154865511308866e-03
2.570410138730210015e-03
2.656735398094542920e-03
2.639755374341257350e-03
2.695499532073655172e-03
2.574609009389040165e-03
2.552691043181390049e-03
2.454480184659801108e-03
2.559689532684248682e-03
2.576799162085370142e-03
2.582196661468750144e-03
2.651847238462039756e-03
2.607268200208711847e-03
2.537835803392292366e-03
2.540327643004103731e-03
2.526689998747930644e-03
2.610453124274263615e-03
2.539618538597358983e-03
2.716246960885839497e-03
2.648089913334333682e-03
2.616929787796785749e-03
2.699273564175837855e-03
2.556885276810587967e-03
2.651403621445650241e-03
2.552085639362329517e-03
2.625494892322863955e-03
2.513168849432016131e-03
2.564578513715221053e-03
2.683638900986096403e-03
2.559492438916027672e-03
2.650140690694182885e-03
2.706812665240969362e-03
2.417145970324585755e-03
2.658829497850829712e-03
2.576830524615103101e-03
2.708604527317131239e-03
2.656339699334471158e-03
2.654684575864697544e-03
2.524789079871323470e-03
2.683674000013189578e-03
2.687089815753412013e-03
2.641912793291197221e-03
2.731775726251314384e-03
2.733990629643037740e-03
2.670519334801759338e-03
2.649145382533814840e-03
2.653774915904690435e-03
2.603543510980819986e-03
2.665432732217517652e-03
2.725024814339891029e-03
2.653754681833810688e-03
2.641636655742898507e-03
2.596533373152077207e-03
2.730225455107088486e-03
2.608562172741068878e-03
2.649521178849955846e-03
2.674579740389349501e-03
2.780699425023845303e-03
2.749599413187467454e-03
2.573018579811120390e-03
2.618001343178982636e-03
2.854134532511908625e-03
2.766785455562866848e-03
2.704953969423069988e-03
2.637696628406830616e-03
2.631098508913522118e-03
2.502024706504548703e-03
2.640438428695206230e-03
2.771275251846555022e-03
2.721814993579622574e-03
2.607807847807687950e-03
2.620510555991822400e-03
2.682672562732259756e-03
2.585583410481477606e-03
2.763415755300850478e-03
2.610084719606341457e-03
2.579589035551466906e-03
2.542213497743896211e-03
2.644038404746108621e-03
2.672148264137802400e-03
2.607156705515619247e-03
2.623193165128610664e-03
2.667016477377662925e-03
2.721654411998092327e-03
2.736030307586366506e-03
2.699032579813273429e-03
2.577715992679684934e-03
2.658113412759654723e-03
2.691045844930392995e-03
2.510321127930432994e-03
2.757591802642989608e-03
2.607186524865577702e-03
2.779702478376397737e-03
2.747655248922919926e-03
2.727246717780414977e-03
2.687656860112477408e-03
2.675900722950815686e-03
2.502559896540341219e-03
2.610586367988737815e-03
2.683766414182850966e-03
2.609451494228449010e-03
2.758240974646142783e-03
2.569420960556885111e-03
2.791863153145611107e-03
2.857914392919152537e-03
2.782249121273456215e-03
2.488607711979251048e-03
2.672692347216069214e-03
2.665127204745789975e-03
2.844894887750175176e-03
2.655893757011545345e-03
2.679925334511406090e-03
2.644265102016644942e-03
2.772044505279324875e-03
2.818995414605319182e-03
2.685987575429161708e-03
2.739558475730559124e-03
2.670897919941280039e-03
2.748981550487923642e-03
2.615504813706163913e-03
2.667278079391609963e-03
2.913801560917886509e-03
2.833900091468283342e-03
2.701142725519911636e-03
2.710170427962390379e-03
2.626163649440590650e-03
2.728434258065518675e-03
2.704434671320940162e-03
2.672505558454447983e-03
2.705789588796324741e-03
2.602380577495185844e-03
2.536626334584298793e-03
2.764119775092192897e-03
2.858460984352944809e-03
2.675365606593296721e-03
2.971254756609739700e-03
2.812669767209861893e-03
2.737453742196217614e-03
2.768907738558693508e-03
2.856158257958109001e-03
2.723240101618586411e-03
2.703277188591337449e-03
2.744272876145206590e-03
2.682902118031060650e-03
2.679411366043419132e-03
2.710655606731946984e-03
2.639327519892482269e-03
2.784260689054186312e-03
2.650787577798702915e-03
2.593521540483303186e-03
2.787571336963304454e-03
2.567386920211492569e-03
2.806634839225221126e-03
2.591534103696931622e-03
2.893044394346522448e-03
2.775455316141755592e-03
2.610867506989210385e-03
2.725231140145524793e-03
2.792483160749900488e-03
2.854430649431640224e-03
2.838001702939014007e-03
2.748748109741418720e-03
2.832708399939493603e-03
2.776215321277276330e-03
2.676870337599262812e-03
2.804956623944458109e-03
2.844793907369092163e-03
2.750643329164266689e-03
2.740418729424784136e-03
2.733314182333036399e-03
2.698696063362816724e-03
2.753329898798250776e-03
2.857005264049740541e-03
2.744055219407200760e-03
2.860368222456311470e-03
2.900845704003369475e-03
2.893509216716754189e-03
2.817909791279962946e-03
2.895920887612053914e-03
2.727129105957913028e-03
2.675563072997003133e-03
2.669683938422068303e-03
2.803417835309017156e-03
2.731586367355294011e-03
2.980069995662974064e-03
2.669491478205163366e-03
2.760878775935741471e-03
2.642795506296035345e-03
2.653740201552221446e-03
2.738830259316287884e-03
2.908087439082997563e-03
2.688273149053995413e-03
2.697794909889032929e-03
2.705148372954366276e-03
2.454191321598096776e-03
2.819275792860476051e-03
2.717809375234975754e-03
2.756447036711973282e-03
2.931610418879256226e-03
2.612735429510574386e-03
2.711035164677192549e-03
2.815256140649626416e-03
2.904617179525681610e-03
2.639165391086873563e-03
2.709093653421340130e-03
2.687394061442480078e-03
2.688791607564083516e-03
2.773681541178028669e-03
2.835425781518678256e-03
2.769828465617697830e-03
2.806203341685998241e-03
2.908924827050097042e-03
2.772106352436371195e-03
2.717687316003187907e-03
2.638378423490154653e-03
2.698556040564236390e-03
2.668874468887500340e-03
2.745953322008635664e-03
2.548694551006686678e-03
2.670333954548820624e-03
2.663947902017820089e-03
2.755641876194508955e-03
2.710404091311428929e-03
2.799739481506406669e-03
2.804448655918603470e-03
2.751199975988355417e-03
2.833933441573649459e-03
2.802018576442687724e-03
2.708630695687536290e-03
2.715554336276085768e-03
2.677748420223792156e-03
2.730048183162675241e-03
2.788243932390058969e-03
2.905296949978771782e-03
2.677648493895090978e-03
2.614940812635472428e-03
2.727457984304797363e-03
2.726018658655347468e-03
2.870954703059261631e-03
2.765896477327280459e-03
2.801295827354556914e-03
2.736729770503019705e-03
2.860383401948026275e-03
2.887328670301135113e-03
2.608267987342880248e-03
2.744678170650214841e-03
2.600179619816830878e-03
2.631487920972135422e-03
2.792390288175952782e-03
2.810871058105876390e-03
2.747548546648880506e-03
2.723667009668605254e-03
2.745855962458370117e-03
2.740849855128524044e-03
2.636734822072327265e-03
2.802402949423810682e-03
2.738718177740091537e-03
2.732163864258732849e-03
2.757380171271828998e-03
2.810311831196647334e-03
2.613858203061239852e-03
2.768954332210219089e-03
2.780937289797876921e-03
2.759341142481473892e-03
2.670772650584402400e-03
2.702030948054076013e-03
2.798889576626946429e-03
2.846100218675400549e-03
2.975505688041648646e-03
2.890514444685486628e-03
2.600419298339083120e-03
2.825916080391745709e-03
2.668827246255578781e-03
2.750845778306877307e-03
2.850913797010617284e-03
2.835797023769104884e-03
2.806626445038428418e-03
2.765619535913611642e-03
2.803358380446150863e-03
2.603132312171712280e-03
2.693248058220591191e-03
2.620256393692996233e-03
2.891450235683594439e-03
2.591434399382671130e-03
2.759163053150221010e-03
2.683055451985104020e-03
2.784304283145452863e-03
2.802666884731035493e-03
2.840009446480230935e-03
2.784727276518754804e-03
2.865004892053953263e-03
2.819020506247063573e-03
2.594783181873371210e-03
2.764422891236390564e-03
2.730094949866290407e-03
2.647866230537504473e-03
2.695682788128091895e-03
2.822789903168527841e-03
2.782189609825164774e-03
2.642266557664952296e-03
2.755042788865525068e-03
2.764860432410594371e-03
2.683155627018634498e-03
2.769669008466590920e-03
2.691191965237892114e-03
2.806584346041185712e-03
2.730640455775196988e-03
2.715856925231714160e-03
2.819956942366140615e-03
2.784150738643050363e-03
2.750766689404251543e-03
2.651560063141519645e-03
2.788849793875456187e-03
2.563894490019809173e-03
2.519279238647729319e-03
2.722926587148092811e-03
2.827856534563126523e-03
2.627926911661463381e-03
2.815787305116646509e-03
2.769241633677691026e-03
2.541064197835743877e-03
2.784426268407523206e-03
2.742183245187870041e-03
2.678045269526149220e-03
2.864889224315316559e-03
2.656846347965678007e-03
2.667762580207253941e-03
2.665236892059004870e-03
2.616140066217822330e-03
2.861065223652618436e-03
2.689332038835793963e-03
2.723702330535805478e-03
2.704500476842585689e-03
2.806984475975182660e-03
2.719173099976828108e-03
2.740164000400371370e-03
2.805934138844997077e-03
2.655330918937946153e-03
2.781918382607687264e-03
2.766553649140893970e-03
2.620926517409207044e-03
2.844791358839204604e-03
2.678699088871614158e-03
2.758429382574576361e-03
2.499702364266059504e-03
2.620555103124500799e-03
2.701743684702466106e-03
2.899377530539560058e-03
2.576816549006554630e-03
2.752293939555272833e-03
2.734131125360330077e-03
2.682744991208968130e-03
2.616873186770057782e-03
2.722997233250959784e-03
2.683564837276361352e-03
2.723872736085579220e-03
2.714612081086121252e-03
2.657871402762228968e-03
2.692187212650106690e-03
2.588813906419168160e-03
2.876894475173184286e-03
2.627574802467227359e-03
2.793593257537603687e-03
2.817861599188076823e-03
2.769953610240532930e-03
2.600500488802544828e-03
2.725408035285463264e-03
2.561281001481998439e-03
2.654533347965372381e-03
2.889923584496988107e-03
2.617008140243405525e-03
2.742780587107029877e-03
2.733714266376759995e-03
2.730639529947169030e-03
2.839397877670357413e-03
2.785233126090278649e-03
2.763680371064585438e-03
2.851365877186999923e-03
2.683332403889521298e-03
2.762185060736048036e-03
2.766536037724454632e-03
2.695959883077173394e-03
2.683945389145469835e-03
2.732737149083539624e-03
2.785425290967474734e-03
2.547005850210761358e-03
2.800918141141093502e-03
2.551729322900451145e-03
2.779402119031675403e-03
2.707867350964892651e-03
2.582833950964661708e-03
2.589930728741909969e-03
2.609835100183102718e-03
2.686753875065373953e-03
2.806105281616018410e-03
2.498970895034409532e-03
2.757601708107312085e-03
2.540390874134041202e-03
2.659019262949955525e-03
2.572739310676042286e-03
2.759726986113890303e-03
2.715321857005512270e-03
2.590192329390688178e-03
2.658854595119298884e-03
2.596131423585832862e-03
2.837605344945980622e-03
2.622085225095854410e-03
2.601556335814135708e-03
2.662333593771384725e-03
2.614846163532396489e-03
2.693016371340554126e-03
2.554739068215861227e-03
2.769534535701848477e-03
2.736370496644966160e-03
2.923393980089567055e-03
2.481344646431405711e-03
2.666936559282521730e-03
2.725208111779136959e-03
2.710609151729263810e-03
2.657571458421551652e-03
2.558101982088376025e-03
2.630974962757242318e-03
2.791840948748069984e-03
2.631872719619750018e-03
2.729491570236485757e-03
2.929182925525204446e-03
2.638168861106527426e-03
2.742933704919993387e-03
2.778471004763184444e-03
2.676275628678066731e-03
2.724936049767097846e-03
2.658195233101375791e-03
2.766748106762112903e-03
3.069484118541407520e-03
2.977510419670499793e-03
2.445795917695993155e-03
2.649823741950188723e-03
2.725745202648622613e-03
2.915423935570034524e-03
2.611690537283226868e-03
2.746176331814544503e-03
2.544502608952339210e-03
2.672662856205032349e-03
2.832384151450948427e-03
2.633102496968076078e-03
2.728640128244824107e-03
2.896864927209304857e-03
2.695902974530974602e-03
2.579973492994464858e-03
2.802296488321992345e-03
2.750486607535399496e-03
2.763228887192195962e-03
2.747100619371779275e-03
2.969296370411432604e-03
2.617727127615477895e-03
2.768897046629923645e-03
2.845039551899527109e-03
2.797574063134438370e-03
2.779515998407163131e-03
2.724053413553950351e-03
2.783074470271425065e-03
2.944552609353424943e-03
2.801893108799149122e-03
2.847172233203541791e-03
2.712576707362201328e-03
2.853801124514471210e-03
2.745628326449841075e-03
2.752015663549248550e-03
2.793208913984495008e-03
2.903890999398459072e-03
2.746759380089983452e-03
2.644941489532583352e-03
2.801660533383317636e-03
2.722741745911166911e-03
2.740061144772810726e-03
2.658811063167006421e-03
2.740408335817628212e-03
2.880174105554655396e-03
2.642306879826113522e-03
2.951957628690706544e-03
2.972564574754113682e-03
2.800489771849252671e-03
3.009258387492018405e-03
2.798524301610650668e-03
2.843206484636394415e-03
2.805713643625341869e-03
2.827694503689771703e-03
2.782761640062344187e-03
2.709162285956165199e-03
2.733650841457740954e-03
2.616062765379554168e-03
2.941042766274983185e-03
2.848852550673343972e-03
2.874342608524940723e-03
2.734722784506869817e-03
2.776233743560074102e-03
2.756157774583251670e-03
2.733940273262708276e-03
2.865746286385618957e-03
2.953584167905840691e-03
2.845046490009608357e-03
2.833027474820468648e-03
2.882795229370219061e-03
2.758764826944400464e-03
2.801605122678829749e-03
2.857012491742264449e-03
2.836339418965207800e-03
2.839420117390112873e-03
2.856368422774573784e-03
2.902972266722609468e-03
2.984980736740937279e-03
2.959887553646017508e-03
2.898665127827417410e-03
2.914984261802837460e-03
2.861874457887624013e-03
2.858234124990637927e-03
2.826334811553876843e-03
2.812818877521548397e-03
2.834442616374456634e-03
2.832088728218822883e-03
2.835099981467506872e-03
2.862524680743998469e-03
2.948503526622256975e-03
2.788713131219905991e-03
2.902517391681526046e-03
2.840371541041122015e-03
2.924324120620906773e-03
2.582649643948889667e-03
2.920487106302956277e-03
2.869419311398889970e-03
2.773456436529217386e-03
2.862590341628181833e-03
2.988810948261754006e-03
3.017986414898331683e-03
2.973504285154608337e-03
2.860628347791379072e-03
2.801836095558359659e-03
2.870568871625700860e-03
2.870203709109792143e-03
2.734034147571314313e-03
2.905559105146923986e-03
3.095910112365162642e-03
2.870576510204835528e-03
2.896507142018915713e-03
3.054791947588986287e-03
2.931391628999996390e-03
2.986476538191925115e-03
2.873293475177171770e-03
2.959522691953971572e-03
2.861216599194997198e-03
2.799660153078102967e-03
2.953660556808419130e-03
3.022954955557339857e-03
2.915063181104885284e-03
2.790567906545729851e-03
3.028151273486502301e-03
3.060826425514353352e-03
2.949138053578908257e-03
2.904986363544042986e-03
2.956409474669882079e-03
3.020998948786408379e-03
3.170508013642900445e-03
2.875949456801553221e-03
2.942554770890760084e-03
2.945236689741475688e-03
2.880159072809690760e-03
3.023177275232346185e-03
2.818184730000738731e-03
2.863183018187301105e-03
3.061645495883234640e-03
2.909955191409614814e-03
2.975275262819935401e-03
2.818421391969882540e-03
2.976157605172323820e-03
2.916829010216294947e-03
2.883565352135821630e-03
3.022551364621639796e-03
2.992307981490524744e-03
3.082248169595725590e-03
2.992363212494090520e-03
2.952206318256284795e-03
2.977708894671369892e-03
3.159397076635374682e-03
2.901520202617465655e-03
3.028117728319021287e-03
2.878432951007622257e-03
2.733006799691157541e-03
3.075339136330743420e-03
3.155214336015690901e-03
3.030659930940681965e-03
2.950839775266739066e-03
3.004782083300482076e-03
2.867904274704572570e-03
3.003055177415779684e-03
2.986487990843555984e-03
2.993109909930221323e-03
2.859298295044462521e-03
3.015322377620425348e-03
2.817341096520580707e-03
2.804292165224240435e-03
2.942057505943458228e-03
2.909004483123937314e-03
3.022263906974687921e-03
2.909164712019960027e-03
2.860054440409260604e-03
2.944553996810625723e-03
3.003971047699226325e-03
2.988077531386651269e-03
2.904493200902964582e-03
3.072190890874838994e-03
3.014425304749423877e-03
2.994375641860584723e-03
2.940572507962090597e-03
3.103473782966036446e-03
3.011194493606615240e-03
2.971965515084202744e-03
2.957387755304315743e-03
2.930236777427283699e-03
3.019428224355517019e-03
2.875392121867400771e-03
2.903312962652409950e-03
2.951732474677191964e-03
3.154885949749786263e-03
3.116157550865714197e-03
3.020493141319854653e-03
3.109740480635659037e-03
2.849322596167962272e-03
2.814963246914203247e-03
2.972779426561521395e-03
2.937823267345369364e-03
2.912243356704213599e-03
3.013057791053770206e-03
2.766531662990759539e-03
3.006302431505826055e-03
2.958211658874838456e-03
3.088933978141004261e-03
2.925020095106989522e-03
2.949803126297171913e-03
2.952156304926309080e-03
3.115730908158988698e-03
2.993642545585012849e-03
3.002638098000157650e-03
2.914248608790928619e-03
2.970785272839661980e-03
2.816988428867023362e-03
3.063796989002454292e-03
3.086277053030024933e-03
3.050083286064458020e-03
3.004248046733275831e-03
3.177086782134947492e-03
2.998039196836699369e-03
2.913337677395779445e-03
2.982439019694045797e-03
2.921902241193451589e-03
2.878607621748020731e-03
2.965270453020345080e-03
3.045211045852609828e-03
2.935088833022871796e-03
2.901101937596742113e-03
3.033870785962346564e-03
3.025402078115608552e-03
3.041532628904260269e-03
2.871394531491662516e-03
2.983322331743480833e-03
2.961061765147258995e-03
3.089974398933738580e-03
2.995459001510668122e-03
3.021379456704708158e-03
2.977990604583080451e-03
2.919105396902620109e-03
3.164177028071182320e-03
3.154197553698646472e-03
3.033311056767042362e-03
3.038146972461528220e-03
2.967040381569422541e-03
3.016952048489741564e-03
3.040309466857684609e-03
3.096894596919193970e-03
3.111134516581521691e-03
3.091466608056735350e-03
3.155134741967585005e-03
3.115891840208342544e-03
2.970651448103136128e-03
3.026493952616096141e-03
2.917126584234622406e-03
2.949577220425715542e-03
3.155565871889983321e-03
3.048055067267880103e-03
3.106613498009683227e-03
3.106826711109603525e-03
3.022287723587252853e-03
3.003942978451945231e-03
2.999761237640493749e-03
3.119338505127219711e-03
3.062496858954511739e-03
3.091328345091189089e-03
3.192780169286870209e-03
3.266556381346463409e-03
3.209514645259737686e-03
3.127022871046118181e-03
3.112209387077015301e-03
3.069087277626363595e-03
3.044870766891302934e-03
3.173031472817391344e-03
3.003370588027326916e-03
3.212919260653583631e-03
3.095800325384289939e-03
3.188871657167140824e-03
3.292364958149412990e-03
3.118186860911901885e-03
3.030624202633728798e-03
3.032263588336444118e-03
3.262645704048366697e-03
3.202032814852600814e-03
3.062939148243580371e-03
2.986583209831614877e-03
3.117390087907208687e-03
3.195512168609563990e-03
3.101438042949150511e-03
2.976201809688960778e-03
3.275338094637131499e-03
3.059813801240780090e-03
3.109271693403051380e-03
3.083859898938132692e-03
3.043487808592906275e-03
2.966306283272060473e-03
3.092653103775278196e-03
3.060216849621130979e-03
3.222933145809734820e-03
3.121214246537227892e-03
3.359050345910635348e-03
3.189898323563497649e-03
3.325944272970718894e-03
