1.575570323556053920e-02
1.555329888840992734e-02
1.547696439975510332e-02
1.537217900936524786e-02
1.552002643494664394e-02
1.523444471258824512e-02
1.530088463478309485e-02
1.503020111612143710e-02
1.501207367266225653e-02
1.471802990664931171e-02
1.457202106301765977e-02
1.458850887810667421e-02
1.443835196996524906e-02
1.422483551262209746e-02
1.411049622843878193e-02
1.374448432243823015e-02
1.390267517913534520e-02
1.368979800731423384e-02
1.372315804090676328e-02
1.355333252883443237e-02
1.355134815400876880e-02
1.333974572502393159e-02
1.322488211714379150e-02
1.311234369669611946e-02
1.289834489085739042e-02
1.264244710155482468e-02
1.259562964558093474e-02
1.227444744955304839e-02
1.228096996161058205e-02
1.219505709088252073e-02
1.222716256484988363e-02
1.165845863330611937e-02
1.151898331822431842e-02
1.144237363524018905e-02
1.131874739317004219e-02
1.124180861785247301e-02
1.099784299154710730e-02
1.100644901895147729e-02
1.086344912937967262e-02
1.061383712876091956e-02
1.039108048146643835e-02
9.987719144539868726e-03
1.000806062895241363e-02
1.000431349362695260e-02
9.597450871424301200e-03
9.648766090304433662e-03
9.564693974882985950e-03
9.209498566011529302e-03
9.076787767345689817e-03
8.586492510345329621e-03
8.509332161839387038e-03
8.415876590247475114e-03
8.056785703665289566e-03
8.010855482628006022e-03
7.651858378105722176e-03
7.310129500505063889e-03
7.164164353979334335e-03
6.960845346319874047e-03
6.940530291649890313e-03
6.386414609641196879e-03
6.661407195396326988e-03
6.320555648512139225e-03
6.380806930476819877e-03
5.766490000321256894e-03
5.853951260170173199e-03
5.440430679860682947e-03
5.333977243607799026e-03
5.228305614536426886e-03
5.073690797278636831e-03
4.964091661166114382e-03
5.085994149372750212e-03
4.646656701244229228e-03
4.725059640235718811e-03
4.479998543294460428e-03
4.375996527194407973e-03
4.147628608273625471e-03
4.393821340933717033e-03
4.171986682996006029e-03
4.067384064492058672e-03
3.870512853621058819e-03
3.924333433522739743e-03
3.608148678327975645e-03
3.803334229636554792e-03
3.587320777276861977e-03
3.413139583157391230e-03
3.295425793168100040e-03
3.445940067958350086e-03
3.236758815887920762e-03
3.195155223924461742e-03
3.044699731415940937e-03
3.156117944602881108e-03
3.054826627357720530e-03
2.839746024201559357e-03
3.028805776892747482e-03
2.972856450987679776e-03
2.669045507457896982e-03
2.828064388502270210e-03
2.743851899503173611e-03
2.687152673629477229e-03
3.038099693209539952e-03
2.776782098306184582e-03
2.582781446553607599e-03
2.724797168382608794e-03
2.517088303640499687e-03
2.758488924989533232e-03
2.588141612011497002e-03
2.863185146100471427e-03
2.524647897164998198e-03
2.633754599499369721e-03
2.456348876160572604e-03
2.670834755756287815e-03
2.615230597983953225e-03
2.700199834563513264e-03
2.765592341001470427e-03
2.790667854708574029e-03
2.567132804685975586e-03
2.685214213190369008e-03
2.725540032219762269e-03
2.784599942217931296e-03
2.778059353084705828e-03
2.835223906522775245e-03
2.477456406331458773e-03
2.652850003400869430e-03
2.554520324838598089e-03
2.622010447470512172e-03
2.524611446992611717e-03
2.491463913757221114e-03
2.424644546291105339e-03
2.809095092739376243e-03
2.616990426559350803e-03
2.711529712190867327e-03
2.381644556801318195e-03
2.568125846913119157e-03
2.469407531314582026e-03
2.618078023270918857e-03
2.704766296194891038e-03
2.699141550089921918e-03
2.588857136533920852e-03
2.891051054979072894e-03
2.740191870679566533e-03
2.463428699605014691e-03
2.576526538847265842e-03
2.540360933582944646e-03
2.599934408528287947e-03
2.750908106925277485e-03
2.629959692901247953e-03
2.844457184672587007e-03
2.664297548795327257e-03
2.579436379641245145e-03
2.558943549745011821e-03
2.697302077765029171e-03
2.645661670404114273e-03
2.582702378587224158e-03
2.506747697740222078e-03
2.752782786274117488e-03
2.549189658549785333e-03
2.543711715765934953e-03
2.441906668815413406e-03
2.518002332008636383e-03
2.451332784315120306e-03
2.590116388005560787e-03
2.508678445502118132e-03
2.555244613421056923e-03
2.462836680276696017e-03
2.471622292204091794e-03
2.365821569039066458e-03
2.492520106275384565e-03
2.358985450527192017e-03
2.541295916256052206e-03
2.865497486414023912e-03
2.423387144398128808e-03
2.471978724203150249e-03
2.663418910047898880e-03
2.332760473494575708e-03
2.322777082117320150e-03
2.422214789071395254e-03
2.222617704128397598e-03
2.422098845247795933e-03
2.379494724985264757e-03
2.343495646035040694e-03
2.556867590406378295e-03
2.471658813390180572e-03
2.194238689077390031e-03
2.184849337862501857e-03
2.589413648028118624e-03
2.418713454189247696e-03
2.331283130941847609e-03
2.437273567526238027e-03
2.335244279569756443e-03
2.257202670014043632e-03
2.367045584650916568e-03
2.197230864560407310e-03
2.128340627679396573e-03
2.314272886482014995e-03
2.099906471094642370e-03
2.189335766778128991e-03
2.214325490983579375e-03
2.347296733744198231e-03
1.932427567814455193e-03
2.306681211437258856e-03
2.003155289868113406e-03
2.176731447017419933e-03
2.297996909059063335e-03
2.031687755759725537e-03
1.922015736480422229e-03
1.958219108006293337e-03
1.874939113718422212e-03
2.186424072417507934e-03
1.810778913695215491e-03
2.057307801480152184e-03
2.017168949204987353e-03
1.633109969890248619e-03
1.934949086126571847e-03
1.912076343464834231e-03
1.814875834218736056e-03
1.739680690853452963e-03
1.964050707625107552e-03
1.742173370962694446e-03
1.893335337497018727e-03
1.813657606119366272e-03
1.841387830498054327e-03
1.628890033953821984e-03
1.973396085337475458e-03
1.858247249842867252e-03
1.697751113910382159e-03
1.517520248026866907e-03
1.868293339032599558e-03
1.928665655213326283e-03
1.835151849357906199e-03
1.535895983410268161e-03
1.650410768185867072e-03
1.577895647894447025e-03
1.606597383392558342e-03
1.466670378145773154e-03
1.714729188224741255e-03
1.558609189123628946e-03
1.516366659914861149e-03
1.714992019600203007e-03
1.501844614035884864e-03
1.400731943483199231e-03
1.611348436163004879e-03
1.677891977588954163e-03
1.393247364747543602e-03
1.537538315164414934e-03
1.571657960552609633e-03
1.584839500593428251e-03
1.500885727060690495e-03
1.455073128349187268e-03
1.566773377815259584e-03
1.803786939961696950e-03
1.455679743568206660e-03
1.841557165609577443e-03
1.866778060567293512e-03
1.838403003135351526e-03
1.605957364518669460e-03
1.869466586911469261e-03
1.849606440446244747e-03
1.777964645483311916e-03
1.885230720042842733e-03
1.892300259387931895e-03
2.073112721254224966e-03
2.169507830456901803e-03
1.878272842372253389e-03
1.958409152492322520e-03
1.981094572787784301e-03
1.956577555866712177e-03
2.333894845502879067e-03
2.195218255301645792e-03
1.982838965195910831e-03
2.303082827848124819e-03
2.452414769214612128e-03
2.339575141533480236e-03
2.256742144394187528e-03
2.217464037125466917e-03
2.364125607682517928e-03
2.116298607213088802e-03
2.237880181257571269e-03
2.054877893398083036e-03
2.238325307234519286e-03
2.196817020027714076e-03
2.422403664864870680e-03
2.422139970530935368e-03
2.246506352796323516e-03
2.173925364207704956e-03
2.248433953568742399e-03
2.210661355530377757e-03
2.198865521440166153e-03
2.326316662914917552e-03
1.835621319514391461e-03
2.135414039486588020e-03
2.010346700707976112e-03
1.779807072801607194e-03
2.322624767924035254e-03
2.107835881165707418e-03
2.069577220626403827e-03
2.117531729848272284e-03
2.028244225452224391e-03
2.152366893907920950e-03
2.063838231373655175e-03
1.968362461328846194e-03
2.123093251581927542e-03
2.023082181282427703e-03
1.919740699569420263e-03
1.817439669893956833e-03
2.103420798082343210e-03
2.106020039209811293e-03
1.983631161228513635e-03
2.065190684737139119e-03
2.213582034261525437e-03
2.216955643108167034e-03
1.968953463710071926e-03
2.030756209949809588e-03
2.385637583348117555e-03
2.346168078299079932e-03
2.215563568449868161e-03
2.147721498686113242e-03
2.226104292304087635e-03
2.047123730881699865e-03
2.334881239410615053e-03
2.038395076204141225e-03
2.467220580075401778e-03
2.318523652878148964e-03
2.169084818295045815e-03
2.256325228725553252e-03
2.736958176789163442e-03
2.060609108370065230e-03
2.234410582899236299e-03
2.114090708666561090e-03
2.130616353491853084e-03
2.160743984267804105e-03
2.145025541057818397e-03
2.244604802925142042e-03
2.029459187186001025e-03
2.419735603805378207e-03
2.063586034761815020e-03
1.922996706525887875e-03
2.477269387704497238e-03
2.298907671969941703e-03
2.575510348250018705e-03
2.394496442240945551e-03
2.313332841622536828e-03
2.008581237021163281e-03
2.372204623845414282e-03
2.433145983562434896e-03
2.603425723893463758e-03
2.450952620817578934e-03
2.489065219473187394e-03
2.440056986740848227e-03
2.453841207087212838e-03
2.071397074194921903e-03
2.592533490710730894e-03
2.340075330370945932e-03
2.549851609719292096e-03
2.286229656024604730e-03
2.349888216415462437e-03
2.667757703314466329e-03
2.563120138577990557e-03
2.153818890428558629e-03
2.373663377259339902e-03
2.519633197071724680e-03
2.411947947815907146e-03
2.372262710567963825e-03
2.195463254245642697e-03
2.266720591663850572e-03
2.546032322864307494e-03
2.424753269491814692e-03
2.359107483487297551e-03
2.327820357761113245e-03
2.519099232131066443e-03
2.306167938499082727e-03
2.325767547366725582e-03
2.457702387773643034e-03
2.336880901573982518e-03
2.476462579445082648e-03
2.330022889225904885e-03
2.387118216959908078e-03
2.328129229320661381e-03
2.663102151138226591e-03
2.258305417850766522e-03
2.387058464887048190e-03
2.508447007857966902e-03
2.485019290955572772e-03
2.720023334265493989e-03
2.495318760636282100e-03
2.651593797188497338e-03
2.264807612970486626e-03
2.493638678944682871e-03
2.289774215721584322e-03
2.313288732984838773e-03
2.462029702861347376e-03
2.584834746959195281e-03
2.371947041182330667e-03
2.146389188706623961e-03
2.336766228660607046e-03
2.447536730163297168e-03
2.585346150778610168e-03
2.466366313630472505e-03
2.637321001582012929e-03
2.360208403445644872e-03
2.265955324629846494e-03
2.297371568121696697e-03
2.393167092049514576e-03
2.332890721984555264e-03
2.570456409114277654e-03
2.874918441916026086e-03
2.341129771016367891e-03
2.274979729680086642e-03
2.347643656648109971e-03
2.411818059456068142e-03
2.362416208180704441e-03
2.530562671188972979e-03
2.665571681111506865e-03
2.549881637620350118e-03
2.453028276102535259e-03
2.605327099651232742e-03
2.926533348458127196e-03
2.859195168079025663e-03
2.367390534452584218e-03
2.494734133574602521e-03
2.467014536891212490e-03
2.696787529780463391e-03
2.605384281375422613e-03
2.463680567816124625e-03
2.589933667682033785e-03
2.369794951237735002e-03
2.431879157412688858e-03
2.785182675653447015e-03
2.598749529080891102e-03
2.483014250573060532e-03
2.692704629486192963e-03
2.408913616275673228e-03
2.500806519730115664e-03
2.500233746950740986e-03
2.584172020716739987e-03
2.586046190150411740e-03
2.713455215514094451e-03
2.384037136633199855e-03
2.616861657017497105e-03
2.559872525754215700e-03
2.989045268529794391e-03
2.396330244040272700e-03
2.601052982348546223e-03
2.766529167022706640e-03
2.695488328895426743e-03
2.734125650689510963e-03
2.380319399594333848e-03
2.446405331355996048e-03
2.448907929820811659e-03
2.551372989552232358e-03
2.506407715121537066e-03
2.540188552528751566e-03
2.442676384143047628e-03
2.656674768286272203e-03
2.701998096212932746e-03
2.799504845819453941e-03
2.518457104709328868e-03
2.764477404130465631e-03
2.395417460932611035e-03
2.584552990016431191e-03
2.467261782256836237e-03
2.286453051034061015e-03
2.419561874691758454e-03
2.393395549676287544e-03
2.415598450627610451e-03
2.768480994994266045e-03
2.455545167002766600e-03
2.874499927331847574e-03
2.343508055074523724e-03
2.561302423749914174e-03
2.855887323835620308e-03
2.762621983972812344e-03
2.535918101160162131e-03
2.517218236101556594e-03
2.735816711894831135e-03
2.407340498599685845e-03
2.480070381034607530e-03
2.472637347442466042e-03
2.656349925358266265e-03
2.636704392179188561e-03
2.691343482933011410e-03
2.311507972370101076e-03
2.457381645694278662e-03
2.782511882522052497e-03
2.519242982957437763e-03
2.615042102629362621e-03
2.427079885384183025e-03
2.660164933474857760e-03
2.415193915805007290e-03
2.679612284867687651e-03
2.812291463020650216e-03
2.515792259372804252e-03
2.491580075813173631e-03
2.684103574977092597e-03
2.559684053588234982e-03
2.598201944830819121e-03
2.678910916917286514e-03
2.866314445594726062e-03
2.613603043216713995e-03
2.552190399806086862e-03
2.638605053474438883e-03
2.683803286674917542e-03
2.660777971555679244e-03
2.759261017543384979e-03
2.593811292360599392e-03
2.776248316025513307e-03
2.872747927246712719e-03
2.550626376919096910e-03
2.724763949221178493e-03
3.040813545794549162e-03
2.700325163206558458e-03
2.598429023800427097e-03
2.737128381122829173e-03
2.550195729062564986e-03
2.763911759818069979e-03
2.735220742033513640e-03
2.612650551955628120e-03
2.598481206849136051e-03
2.700065552300672401e-03
2.612736399509297223e-03
2.435731384214513077e-03
2.399119228601586783e-03
2.714516157940914404e-03
2.655141458214818270e-03
2.740322415652350109e-03
2.804161890863181295e-03
2.543160041932100626e-03
2.662569266767544733e-03
2.648673522927233025e-03
2.680051114126606304e-03
2.655516284325589241e-03
2.765704028646310056e-03
2.743391822238401036e-03
2.704949840125330310e-03
2.844067147275523844e-03
2.823989100550099336e-03
2.783961824100668076e-03
2.842634814170223560e-03
2.692143714328308450e-03
2.565867423448085077e-03
2.606462072765278973e-03
2.835453324079338817e-03
2.565373615065712903e-03
2.508910720243908831e-03
2.588954016817926907e-03
2.676038561744639895e-03
2.795381938399949320e-03
2.779120005825305890e-03
2.768992945928322718e-03
2.509765833964918563e-03
2.831105675039176026e-03
2.907630438672374924e-03
2.747383271740248736e-03
2.490097611764436128e-03
2.601582634371336130e-03
2.969343175765968342e-03
2.507622914609005001e-03
2.762798327806310645e-03
2.972242380447635141e-03
2.714214726816616824e-03
2.741524763591620013e-03
2.649588539937484076e-03
2.503302192958791524e-03
2.752881990690848359e-03
2.475699184189185213e-03
2.502329552618066076e-03
2.542742967975995978e-03
2.850399070261494094e-03
2.742685166014025358e-03
2.751228724586173707e-03
2.784841117382866153e-03
2.693855134600841965e-03
2.682567637532473712e-03
2.784087116904174035e-03
2.922937482951972702e-03
2.950108664763398739e-03
2.718223232580963683e-03
2.799980598759965744e-03
2.806453737126263226e-03
2.693781905540647802e-03
2.808887066371417406e-03
2.559966656974288664e-03
2.947896143932907456e-03
2.732442580295858965e-03
2.916218960812107762e-03
2.689957370947697237e-03
2.849225804105811818e-03
2.672117837620689718e-03
2.527912562024076798e-03
2.539941218710892699e-03
2.657234230321683238e-03
2.595957310861580266e-03
2.842175427503109471e-03
3.012164933270973857e-03
2.816995196179409178e-03
2.728335969047331229e-03
2.574874042294228449e-03
2.755861888140229404e-03
2.901687083674347849e-03
2.504554728936711321e-03
2.744206385890216385e-03
3.014972327630848544e-03
2.795077970483613589e-03
2.820649538986263333e-03
2.539702592343326751e-03
2.682732780344051701e-03
2.547973618932707855e-03
2.566242906476179104e-03
3.017919957369376467e-03
2.975892969510824000e-03
2.522107692610443819e-03
2.824407457340236561e-03
2.807022460029824293e-03
2.593742731622678682e-03
2.685441247377774732e-03
2.726301578626120093e-03
2.686248121624283149e-03
2.522166537429102687e-03
2.877209619243772942e-03
2.787837240243257186e-03
2.985972542859580137e-03
2.616472378144056327e-03
2.679651976968436614e-03
3.069909086766486363e-03
2.667117135746039508e-03
3.233948711792691139e-03
2.857980765652064735e-03
2.867641001022032052e-03
2.824855798199090405e-03
2.951180459029780195e-03
2.658193245311148666e-03
3.177877857347412641e-03
2.698100380951799770e-03
2.497033035928906616e-03
2.629463961566455218e-03
2.749152266410273982e-03
2.599749054455615521e-03
2.726735134440203857e-03
2.742051807042478109e-03
2.792342521303693963e-03
2.776298332244834036e-03
2.985478897414728643e-03
2.966937216760582793e-03
3.062950127123309323e-03
2.676897983455230577e-03
2.740356080511912457e-03
2.634208272676022682e-03
2.754472351310979436e-03
3.111965188701549569e-03
2.972688855434110940e-03
2.859372948726706786e-03
2.897795739735952933e-03
2.999062515822950581e-03
2.552406779946217973e-03
2.597597339344324876e-03
2.755958237295512859e-03
2.650369463289795492e-03
2.989096212956704468e-03
2.619075153336478286e-03
2.529575204889515563e-03
2.821923136688092321e-03
2.594008826126300259e-03
2.619319513846430844e-03
2.597591775179985095e-03
2.709149950154041055e-03
2.810737058437064000e-03
2.605915892798061056e-03
2.977560276793691021e-03
2.802150887068105382e-03
2.781818489856369148e-03
3.057206230233381217e-03
2.695128654753104792e-03
2.913933569320396010e-03
2.882137610463409317e-03
2.921228035385262968e-03
2.765328168432547480e-03
2.679153351258752643e-03
2.718896226161882784e-03
2.822873023161159671e-03
2.618033988574885659e-03
3.328389560778949492e-03
2.710633985914030590e-03
2.946030933790281733e-03
2.532044383927518905e-03
2.675032260043621983e-03
2.784151248543907144e-03
2.998766672215650263e-03
3.136650182971725386e-03
2.895375733698088774e-03
3.022796707155483813e-03
3.176572949901973822e-03
3.130611918934554042e-03
2.827361969853932431e-03
2.799105265504942333e-03
2.857240423082098475e-03
3.023467644308775338e-03
2.877265654618462246e-03
3.084552573395707604e-03
2.676126843120881296e-03
2.832006188598511567e-03
2.730389112040531099e-03
2.751330938811560357e-03
2.903189208568238665e-03
2.705618586682552711e-03
3.096949450617024480e-03
2.648294111060830493e-03
2.990802606078816778e-03
2.680587151031085975e-03
2.810101536865491478e-03
2.954130197353348631e-03
2.732818614147630894e-03
2.716019960449608805e-03
3.009955862450015406e-03
2.954710963909187860e-03
3.061086953119806792e-03
2.794085753767561794e-03
2.970304418676708753e-03
2.867169482007480945e-03
2.751118831478105431e-03
2.849322568972271694e-03
3.059236100055113400e-03
2.811929830569734421e-03
2.950945221004296851e-03
2.630377028307201784e-03
2.829815631575703042e-03
2.567679861147611348e-03
2.723505718810088037e-03
2.879061888996306724e-03
3.171493195662966353e-03
2.812910371545573017e-03
2.966571515907486314e-03
2.922805356733237676e-03
2.731249225062975031e-03
2.804433254064321070e-03
2.875688893234188380e-03
2.885420259017079138e-03
3.112035911751414793e-03
2.998307737780430901e-03
3.262981564807496213e-03
2.880731020601729180e-03
2.845357531899489912e-03
3.013676258557413615e-03
3.108978849910457205e-03
3.115006039016916459e-03
3.063413283464414341e-03
2.591465003522057040e-03
2.854394244618923323e-03
3.129733644470849944e-03
3.110618130394390054e-03
2.693263126161480128e-03
2.727882518369235607e-03
3.049954687449646373e-03
2.709427727219192346e-03
2.912124021620189022e-03
3.109955164995434167e-03
2.701210778757923928e-03
3.121344263677104311e-03
2.858593588266004903e-03
2.864869123307423222e-03
2.811766214693399608e-03
2.792858467491290964e-03
2.905276469754811478e-03
2.831620240968028921e-03
2.941677118692150039e-03
2.701860979081542342e-03
3.020702542662938132e-03
3.032164524399985194e-03
3.096952107213507208e-03
3.311179254070497312e-03
2.928622513021761006e-03
3.046755188868703612e-03
2.819930284436554177e-03
2.779854666714424560e-03
2.909895296734151156e-03
3.096769861997461775e-03
2.903982439725136776e-03
2.748891599587695734e-03
2.622633240002996725e-03
2.684226589898510741e-03
2.780466009188319911e-03
2.829365422081285206e-03
2.945038538760485526e-03
2.721010077360716626e-03
3.168804507656660958e-03
2.879451720502574155e-03
2.693820302834453676e-03
2.995610553459323623e-03
2.997955221192737801e-03
3.251213907051653165e-03
2.702024756445736697e-03
3.060496342015436595e-03
3.070163910019900466e-03
2.957837905760100656e-03
2.794193291252230170e-03
2.895970205813623837e-03
2.752434037100037235e-03
2.845517137436514958e-03
2.930640286782397290e-03
2.933159193622124263e-03
3.043025393757326207e-03
2.800773161689905279e-03
3.265628393130402384e-03
