1.091752934320614453e-03
2.912714050861015761e-03
3.401322055142006005e-03
3.173596333382497706e-03
2.321140621659555179e-03
1.904967928566751734e-03
9.690187798778922843e-04
3.884601319389740029e-03
2.585485213499346454e-03
1.633698642194998619e-03
1.375782054268462644e-03
6.535587807222576146e-04
2.361877215423252661e-03
1.321067549504104750e-03
2.264582755738624685e-03
7.633951549135874291e-04
9.954028325542675464e-04
1.202814188309888916e-03
1.336585674602634331e-03
1.098546434795583809e-03
1.002912364233354316e-03
1.584949738081673897e-03
6.056056687612054300e-04
5.721742911882092336e-04
1.117697490537102192e-04
1.085144235726817098e-03
7.922203931834817048e-04
1.947217364147504361e-04
2.496354814410237707e-04
4.295788340648853672e-04
1.597950893392348327e-04
4.354731786966104293e-04
3.335648913879671351e-04
5.131732201607684283e-04
1.716126444471042112e-04
1.186972213867899958e-04
5.468390816059547007e-06
1.370525585156253145e-05
7.395917148125215931e-05
3.726349602210672878e-05
4.185105708539402354e-06
1.267927192728912492e-04
1.799529369221403155e-05
6.084626706314393815e-05
1.578029439277199887e-05
1.551224883974075010e-04
2.205384173234638940e-04
3.565006910634283704e-04
3.092665971776136099e-04
1.148451100957821841e-04
1.370698550590403891e-04
1.908865165906252048e-04
5.383282851620821256e-04
2.394129762046800169e-04
1.151999386847389801e-04
1.236495968752244112e-04
6.003875076727432773e-05
5.150727877936289332e-04
5.195393003752897055e-04
2.562220150833047368e-04
4.637500855512555024e-04
8.893270339689056826e-04
7.982029835010524344e-04
8.218642888190523911e-04
6.717114194989768630e-04
1.558087187780537314e-03
7.143783509413979002e-04
4.563033314580662060e-04
4.581091743595116931e-04
1.394709298565244195e-03
9.181637607148296137e-04
8.473540149146590586e-04
1.245127358812953911e-03
1.478757374919194246e-03
1.438026135509631095e-03
1.236009973114459608e-03
1.394508166380963726e-03
2.276020002594536257e-03
1.888951767042719530e-03
2.121072919117473858e-03
1.359924171136446145e-03
2.129704247300751984e-03
2.128871039081343692e-03
1.407370732477612003e-03
2.356085626078012300e-03
2.541617028986972466e-03
2.041444854946843253e-03
2.274770956072375526e-03
3.713842372999869457e-03
2.316273739844657963e-03
3.634173413925655561e-03
2.229579327626499477e-03
1.682160991745700789e-03
2.357190934697104764e-03
2.787245592580640200e-03
2.402386665811007301e-03
3.417314389772389566e-03
2.342249154836964237e-03
2.996745153986176986e-03
2.268904950877892457e-03
2.464311687751757733e-03
2.414452075408426990e-03
4.016647690359708561e-03
2.401975773893826396e-03
2.795657897232406430e-03
3.037523201182541419e-03
2.296946244863086635e-03
3.884161842283744611e-03
3.009719651720702254e-03
1.754964413740441346e-03
3.193839196702234762e-03
2.458872819577182130e-03
3.176284326513641783e-03
3.003974878107365434e-03
4.241735703598233445e-03
4.828150500275570772e-03
2.757123324961565248e-03
3.755649315315484887e-03
1.389096611100258108e-03
3.265401814800339420e-03
2.510417107798855376e-03
1.980796709156543763e-03
2.051409391694405775e-03
2.087208844693418195e-03
3.148216648195776256e-03
2.636031038531001357e-03
4.735450129088266541e-03
3.131368751365134432e-03
3.690160001966336437e-03
2.432894127221819566e-03
2.704316415192394366e-03
3.400154744242578440e-03
4.574354485968952673e-03
2.255919363546539987e-03
2.606756496653791881e-03
1.663622391692546254e-03
2.407560292715900559e-03
3.618678406665110613e-03
1.871704584986954786e-03
2.915952272807110970e-03
2.947159807341314872e-03
3.064592830227023511e-03
1.958695185693877256e-03
2.688785498801445420e-03
2.178488184792107089e-03
4.859296263965640940e-03
2.778604665862921715e-03
2.971044510949377802e-03
2.452636221146628145e-03
2.548176211087142644e-03
3.384825499464981687e-03
2.693754377816875902e-03
3.036911840275620129e-03
2.031552177278080074e-03
1.589386093941348114e-03
3.311996581292409817e-03
2.181984789529143546e-03
2.444251526664312137e-03
2.570270846054835065e-03
3.747699731172522870e-03
2.810544380094506540e-03
1.650391621567300852e-03
2.241973591414963846e-03
2.877014586337173045e-03
2.941919037435830782e-03
3.780089448721018607e-03
2.138157608624762906e-03
2.982436054513163716e-03
2.889326039926413091e-03
3.916766666104487885e-03
3.514594368780279109e-03
3.533317781751321024e-03
3.150829889639616705e-03
2.251003680598718127e-03
1.986554137906204002e-03
2.777831217330396438e-03
4.060917181980834741e-03
3.812792315993555285e-03
2.295601666978570009e-03
3.222842343894051758e-03
2.816339496153855582e-03
1.517481718747617191e-03
3.003340888803477608e-03
2.274160849206654546e-03
1.440672270311602358e-03
2.819207557338885770e-03
4.209060449564178998e-03
1.987418235593068402e-03
4.661916589806954468e-03
3.543236266456382087e-03
2.848224046394016561e-03
2.045359788163606928e-03
2.181074347392974056e-03
2.100639884557577858e-03
2.630876575552058144e-03
2.897550914683868183e-03
2.506762521009993881e-03
2.550431800076635724e-03
2.030522674215041318e-03
3.778217481137865607e-03
4.271355237673424461e-03
2.423679572345907411e-03
2.420358838670846370e-03
3.222261553177287099e-03
2.629464539434631272e-03
3.321545018673367506e-03
2.838672784136530430e-03
2.566245552370186901e-03
2.329336709706383499e-03
3.465996772707832015e-03
2.605274337387671491e-03
1.721314671897301082e-03
2.986861522327803348e-03
2.823815471762052953e-03
2.753017709422235330e-03
3.064635534466615078e-03
1.784884380158810501e-03
2.813247769355553280e-03
2.595864759776846716e-03
3.689361552141241958e-03
2.602763860269466899e-03
3.265574289439319988e-03
4.323610634025270086e-03
3.880264731187083125e-03
2.420960926100394067e-03
3.216559310920829792e-03
5.535942605407503068e-03
3.628290962421527616e-03
2.347455070559257249e-03
3.464491415515323636e-03
2.542709267694647033e-03
2.532515383691275740e-03
2.011373318704794654e-03
4.060090915708115811e-03
4.456269748980790264e-03
2.832106844107412473e-03
3.952226881859727259e-03
4.602464576014445030e-03
3.419927857345027994e-03
3.627342040040977458e-03
3.294454109296560563e-03
3.266756825167449561e-03
2.958525782655209782e-03
3.794855248262376125e-03
3.745922954663420852e-03
3.150541365972221036e-03
2.898219171375974665e-03
3.779821072290194279e-03
2.256347224406468361e-03
3.664680783233720957e-03
4.006532743536415746e-03
3.475238076396814941e-03
4.223083870448254146e-03
3.437127162857068433e-03
3.420126610573250275e-03
4.977640191706943044e-03
3.153077123695478996e-03
3.147271297768193012e-03
3.893547892303984414e-03
4.150612303878655450e-03
3.581843150631834616e-03
4.785432814763818966e-03
2.459034118763328731e-03
5.356842515405526098e-03
2.616898032989417935e-03
4.698072102834263859e-03
5.669339414953281607e-03
2.637635806150063957e-03
3.862858109717013950e-03
5.191016497829771016e-03
4.186963314726293781e-03
4.547893850947972577e-03
2.621147665991430727e-03
4.983808927282614570e-03
4.201779649102788984e-03
4.305021674600217722e-03
2.427419510215837566e-03
3.538106460078145783e-03
4.064231228829099513e-03
4.222250226514944263e-03
4.480990032122823298e-03
3.667814240195534613e-03
3.069760030955530176e-03
4.629582865803939101e-03
2.716337619008252300e-03
3.655551710075646225e-03
4.321750110471945031e-03
3.903403123309253167e-03
3.320723612140594107e-03
3.361959126510820350e-03
4.526938072434342694e-03
2.269092443872684165e-03
4.620156907539134383e-03
2.948100095577422218e-03
2.518122747220183106e-03
4.252453810549387814e-03
3.329827542340851095e-03
3.120219407145873470e-03
3.676695130871797130e-03
3.765923384260838440e-03
2.806992865366699213e-03
3.036991040121521726e-03
2.742427003754396939e-03
3.623716573792209843e-03
4.408220291828392201e-03
3.815185636195147795e-03
3.033442972199037330e-03
4.699072481422125573e-03
3.881464731736349299e-03
4.512126893558774700e-03
2.725261394192755784e-03
5.413575017143466665e-03
3.837215308569708570e-03
4.572443599480289882e-03
2.844939774082158503e-03
3.148738670504975211e-03
6.321439701853653198e-03
1.428013213136047552e-03
3.072225625552546437e-03
2.932752595332477168e-03
2.919840362311222626e-03
3.089910383628680871e-03
4.034985609267799887e-03
4.677996044622235831e-03
4.795407288875327967e-03
2.791979834816566558e-03
3.944011680424606286e-03
4.851758222800917758e-03
3.649820520208230026e-03
4.007658027013794727e-03
3.773758128915903447e-03
5.400818197259964377e-03
3.608934198827497709e-03
3.957814427684292098e-03
4.398295919579474182e-03
4.793207001524337797e-03
3.939021156431419916e-03
2.712155372188163483e-03
6.099210276361267079e-03
3.121578553950614832e-03
3.305695250871689295e-03
2.525581498175715790e-03
3.683325999969230130e-03
3.269742122405880531e-03
4.446000151345720977e-03
1.911249525590807052e-03
3.405901470796755988e-03
4.194868472389464385e-03
3.889682816298680335e-03
3.187953132395401380e-03
3.422436335318255422e-03
3.907411081085522368e-03
2.974990286858313418e-03
4.686933138375708359e-03
3.644632542233716774e-03
4.199649933796605755e-03
4.735775647054681764e-03
5.280814300908420571e-03
4.727486529624760209e-03
3.922785343443836552e-03
3.433928244936085891e-03
3.763506629229744927e-03
3.478280403596334131e-03
3.327387638461990968e-03
3.543163055421237693e-03
3.750144737240466552e-03
3.080819180668242785e-03
3.272719685985500497e-03
3.078453899276735635e-03
3.870968487356552055e-03
3.604817041294724328e-03
4.451011190973636587e-03
5.459805081198571171e-03
3.976364308588722744e-03
3.045016602536252445e-03
4.201269087152546995e-03
3.556996894475709849e-03
2.906371828499024201e-03
4.399176444354255082e-03
4.251907834948968554e-03
4.553534724626011679e-03
3.298670833605326768e-03
3.147250161832715071e-03
2.501093340985372990e-03
2.657275263370797568e-03
3.440843726938277655e-03
3.068378494187241554e-03
4.138295584690569566e-03
2.675105110613285996e-03
3.312885784977267437e-03
5.321805188908665385e-03
2.365517752283951853e-03
2.793845279392510959e-03
2.806147554766439973e-03
3.684438909805518633e-03
5.039229623651668606e-03
3.778252330472498931e-03
3.553058165383439580e-03
3.662990369166964008e-03
3.442729236811594047e-03
3.140998522866861233e-03
3.624335087897176313e-03
4.555259025043130634e-03
4.432839025759869114e-03
4.884139708806150941e-03
1.838539463859325878e-03
2.582761809247307878e-03
3.629570308407988315e-03
3.182196425867664900e-03
2.370931742322401198e-03
3.974459767372440396e-03
4.395394281456382890e-03
3.571037604834867950e-03
2.739940870013778205e-03
2.725433400466965774e-03
4.843041511744961697e-03
5.130737254698801778e-03
1.836648561855357999e-03
3.783514853059427325e-03
3.909954335328261026e-03
4.108146056780646177e-03
3.235559831115736827e-03
3.388317655700211206e-03
3.473675708586563410e-03
2.668585401692018418e-03
3.700249008732156130e-03
2.567697160075961028e-03
2.732621816645379106e-03
3.107670707314796020e-03
4.240117749576660135e-03
3.233002872632585994e-03
3.191125098399128206e-03
3.729070100236567004e-03
3.960938767868286969e-03
4.369951312187993729e-03
2.593425491654346472e-03
3.227692734517495759e-03
3.754172221117107328e-03
3.045032376470074766e-03
3.797221291653077486e-03
4.125823004869967094e-03
2.561968051349373509e-03
1.848968671350069599e-03
2.572184483011958483e-03
2.703308196565012284e-03
2.724811789539535040e-03
3.344083296824222618e-03
3.447485895778558233e-03
2.303437806941208057e-03
3.530695702093062001e-03
3.682860782836786320e-03
3.282754299204846803e-03
3.369335387139135198e-03
3.821276004927839139e-03
3.870539432692488273e-03
4.182920245192309726e-03
4.614932982459487437e-03
4.088160049417950172e-03
2.973857774383719798e-03
3.646003002276192780e-03
3.403738102099275985e-03
4.073520745726491588e-03
3.574518447144825126e-03
1.914822527870836504e-03
5.107735552944117977e-03
3.153540257084055248e-03
2.961830092541486558e-03
4.007546088968635262e-03
3.694628738415342041e-03
3.685272935959731013e-03
3.908562545153425848e-03
4.091610341723195612e-03
3.664800477500796457e-03
4.054824399487179723e-03
4.912773647591153932e-03
2.215671705355867251e-03
2.741173429283093842e-03
3.372778656583004867e-03
3.572502893752158189e-03
4.646673919858287233e-03
3.919567317251015925e-03
2.327653605692675542e-03
3.894279941978484854e-03
4.065736048162401500e-03
3.309136428804673909e-03
3.164732221363044610e-03
3.063696684768464889e-03
2.898699694735854589e-03
3.547153105816771516e-03
3.621751593332453792e-03
2.896651492972594690e-03
3.593097247707601784e-03
4.727473754218745883e-03
3.428241076829065953e-03
2.862244192411221404e-03
3.229496486296430744e-03
4.400804454436133169e-03
3.823239254960495836e-03
3.952467842214937854e-03
2.869329870850028264e-03
2.632359265078257436e-03
3.929252842236833493e-03
5.311313284214284718e-03
2.594101124426497883e-03
4.190900750450115252e-03
2.319910032895100820e-03
3.926658823073802228e-03
3.666363940867300910e-03
4.072583094496111736e-03
1.742682370134090867e-03
3.023499610502425328e-03
2.540099416176875170e-03
3.847990551695117459e-03
3.684835975060085644e-03
3.405109273083333204e-03
2.666604531529569427e-03
3.768619182395922113e-03
3.212374659438923218e-03
2.860492169118531748e-03
3.260048117930518415e-03
5.809847947177392002e-03
2.411029276169787423e-03
3.435989643453036917e-03
4.883234555966424126e-03
3.699718324825080305e-03
2.151783879082787461e-03
3.884015422813991494e-03
4.523376600739902227e-03
4.082618928798467488e-03
2.971544291059983849e-03
3.393591776766863126e-03
2.895653369136727464e-03
3.726395561889971585e-03
2.692687281183866587e-03
3.098893688676190427e-03
3.954900191987152647e-03
3.534928682956709096e-03
3.575347834767372401e-03
2.130482525880693975e-03
3.564799417705192923e-03
3.109819190923734499e-03
3.664205826616701109e-03
3.556141224752642355e-03
3.392461415657125733e-03
2.930342636839908775e-03
4.043685946581567457e-03
1.928953124063996667e-03
4.675675371535995342e-03
3.345757509969141119e-03
1.486237071075619193e-03
3.521490975721271090e-03
3.218421221162481947e-03
3.048862698898708277e-03
3.558755773547333211e-03
3.114182906524737716e-03
2.520050309730053912e-03
2.834615048037998457e-03
4.194443695883900806e-03
3.095639872130411582e-03
2.707804364550337253e-03
2.878424943464146738e-03
3.533405597787316922e-03
4.252593246425193443e-03
1.904176580430736506e-03
2.911901151508584050e-03
2.693671745219208304e-03
5.104437000905058010e-03
2.747927043851693812e-03
2.223331940955733301e-03
3.220129669814711035e-03
2.376708206291901476e-03
3.169405974948404266e-03
4.828036182368639247e-03
4.329502194615066080e-03
2.826844673396401372e-03
2.572584355518851926e-03
3.049535407564286059e-03
4.908793407647962966e-03
4.033813513376655231e-03
2.383556638885048814e-03
3.021225004658091400e-03
4.202250569474351612e-03
2.769225267178212872e-03
4.082250847880903449e-03
3.920540677511314548e-03
2.089822019921386883e-03
3.540888388869660279e-03
2.819124924009691353e-03
3.083792572994739894e-03
2.448992082856812219e-03
2.497177749993907420e-03
2.481246665891272563e-03
4.177780163777329234e-03
2.901667897535233336e-03
4.451313681454247342e-03
2.576783143418789022e-03
3.097538773756112942e-03
3.263737375616296808e-03
3.835655697503468926e-03
2.415708562300737574e-03
4.411951931278810038e-03
3.130783949401772740e-03
3.387245642553228606e-03
3.692922299075016013e-03
2.886516879453101484e-03
2.838713500144874387e-03
3.336448085207865174e-03
4.332494434230138927e-03
3.111188951319445936e-03
3.162565516351170582e-03
3.617720950991166074e-03
3.406478449440434198e-03
4.182815152119471851e-03
3.119611708292066923e-03
3.038884928221306618e-03
3.626142375511838371e-03
2.716278364241483684e-03
3.569415059510392101e-03
2.483539769259605987e-03
3.267929092577270215e-03
2.707860141524030210e-03
3.127478108424144171e-03
3.292601217313961132e-03
2.964650856305710899e-03
2.492956064398918221e-03
2.035542075996254856e-03
3.901296600264871940e-03
3.250727978552262788e-03
3.850291359430602078e-03
3.008030390444391741e-03
4.903876590691796412e-03
3.494420588452113677e-03
2.552456494673673807e-03
4.732407536627065807e-03
3.327955801750544056e-03
3.721529993111415916e-03
3.494282682301353901e-03
4.952247746354793839e-03
3.427399146920482968e-03
3.864197099182316644e-03
3.141087272552954904e-03
2.787563466652960478e-03
3.652557653162442387e-03
4.180506563596852847e-03
3.163475870638230141e-03
2.643849236188431425e-03
3.683916839901723878e-03
3.086016355028232093e-03
4.167296307093848635e-03
3.019480761618319794e-03
3.151486008007544498e-03
3.404138190252271531e-03
3.032725059354513062e-03
4.751799348419757582e-03
2.380947890764289598e-03
2.816330358506230914e-03
2.887254105188996091e-03
3.597355854801001247e-03
2.979640170879916967e-03
3.718755320056328466e-03
2.709165336020943199e-03
3.244784664969010534e-03
4.621661563573365925e-03
3.979865474513755511e-03
3.373350446187434008e-03
4.148091209035282591e-03
3.425902114237925743e-03
3.162322013446206351e-03
2.832217559684104338e-03
2.798614495652005166e-03
4.126249266072193160e-03
3.243380997162030165e-03
3.595976068796209475e-03
3.494145875456297450e-03
3.920389810047282542e-03
3.456279773397515770e-03
3.384767955436415645e-03
3.052275491782069188e-03
2.491642853472771698e-03
2.838842392556000568e-03
4.134866322477139672e-03
2.626280363879239174e-03
2.337092066501520252e-03
3.492225215454185152e-03
2.848896045730080380e-03
3.226467222269226252e-03
3.220247572082167963e-03
3.415742911180416098e-03
4.132777010808955966e-03
4.471718568216273039e-03
3.148325052106181344e-03
3.708799006043421876e-03
2.742494412918619270e-03
4.342903564378513062e-03
2.940272934034724849e-03
5.130516924817830719e-03
4.582840155465426474e-03
2.746893791070590795e-03
2.902292578362512289e-03
4.537728553083341700e-03
2.226583859241809075e-03
4.003066928790664607e-03
3.129887380772907162e-03
2.634410131852925937e-03
4.215097642661596797e-03
3.892856111766324588e-03
3.317593333650246078e-03
3.740386293574030161e-03
3.069002813879009688e-03
3.631415640442354348e-03
2.579539544120565495e-03
5.250433113886896971e-03
2.295930295679944784e-03
3.334697986068463176e-03
4.519033450666096012e-03
3.423472207063283073e-03
2.962063180769521770e-03
3.423078134366235991e-03
5.389743130586858826e-03
4.184954700305215138e-03
3.106722423374984939e-03
4.292909433870963597e-03
3.332096741875787034e-03
2.930300783899470341e-03
3.477981018393422417e-03
2.264104580805998204e-03
2.361523718145254122e-03
2.016537476336950456e-03
4.517734226508637180e-03
3.193989180286005685e-03
5.086611455390641426e-03
4.120531253081477843e-03
3.128842057109179099e-03
3.964550033338848888e-03
4.749000214219335596e-03
2.346544324555568939e-03
3.325236340834859111e-03
3.980031506194054748e-03
3.301305318681513942e-03
3.174671452698645500e-03
4.092735391380295483e-03
4.044862013200312134e-03
3.460496074798315082e-03
4.070527154833908715e-03
3.595627191582383315e-03
3.367631314482576101e-03
2.964071932059238797e-03
3.033907560952004215e-03
2.939537644925914635e-03
2.663185130716899315e-03
2.498120419764615369e-03
4.951194926653793536e-03
2.346478737370602009e-03
3.910830408815040536e-03
2.756208555854266270e-03
4.059169407617000541e-03
3.897450866599325939e-03
2.794160617589623065e-03
3.802146358264203631e-03
3.351747482387385652e-03
4.080363561149015321e-03
3.285073298816040387e-03
1.869990441749466844e-03
3.402182509626503881e-03
2.402149161122128784e-03
3.139145162567077291e-03
3.592130294638965805e-03
4.012544494752548659e-03
3.304060273267627433e-03
3.696611375942163071e-03
2.924870990773904746e-03
2.884350671204536330e-03
2.514346288514803397e-03
3.702624728952128973e-03
3.982120847207899772e-03
3.019018464134359467e-03
3.591441284842746082e-03
2.601753418408040905e-03
3.791930116019628146e-03
2.779705113934385734e-03
3.384880927967992646e-03
3.388526012391319519e-03
4.967328092489479638e-03
2.873772531221510055e-03
4.119219589915915081e-03
3.055682559189024615e-03
2.288215642565795838e-03
3.674516799511018221e-03
3.034357513893969158e-03
2.069810497134874118e-03
3.221310752502499781e-03
4.595714447334063764e-03
4.312291948657651780e-03
2.376569819447133230e-03
1.988923682390684837e-03
2.424720476717776799e-03
2.287291580025841483e-03
1.165048385743805079e-03
2.819339007843724935e-03
3.497347109002344086e-03
5.702756500938105030e-03
