1.911915560219887549e-03
1.283642436172119893e-03
6.168141469591428058e-04
1.211729801616983444e-03
1.175940639835327617e-03
1.041659937021807269e-03
1.351676175314800877e-03
2.371902033634469727e-03
9.462187726653607019e-04
1.491767291632220722e-03
1.488194337610712148e-03
1.628588562896121682e-03
1.297480343984657759e-03
1.245020510161806357e-03
4.290769543896852519e-04
7.813941323064746208e-04
1.586562070161911782e-03
1.388428172699572236e-03
1.044029126547785843e-03
6.032491776218130205e-04
1.590043946784316714e-03
1.796889477007633344e-03
3.617019439654481513e-04
1.027834297870923929e-03
1.491490567190218884e-03
1.455310913805444098e-03
1.022035014716827063e-03
1.357794688057324065e-03
3.802344060549970456e-04
4.052790643697291991e-04
1.582868567718458477e-03
5.468111438491323872e-04
6.079927399505735946e-04
1.463531941063938918e-03
2.271364590530318330e-03
1.294985654843551579e-03
9.825615759793417635e-04
9.361064196397133035e-04
1.404232615110991489e-03
1.139502491645006527e-03
1.664856589493545489e-03
8.231281371113033330e-04
1.796906105232037084e-03
1.851630958151878311e-03
2.040791853501473080e-04
1.477319123863156001e-03
1.971233382381223660e-03
7.022633702954683959e-04
1.131383410221124559e-03
4.889438970420282617e-04
9.371422834599841840e-04
7.733226031676524413e-04
1.274774902533503665e-03
1.561306954783348456e-03
1.110902807454388058e-03
9.368297030955667105e-04
9.495196292145837704e-04
1.115482073725974216e-03
5.376687179362711318e-04
2.406665227687014314e-03
9.007419956494242767e-04
7.438719416798868526e-04
1.012439662435605679e-03
1.980232395953791195e-03
7.736135879923437602e-04
1.049322009239345068e-03
8.846973744887416018e-04
1.371258458323637488e-03
2.290058341707413864e-03
2.721853727023590408e-03
1.767453211217978213e-03
1.784264563536558162e-03
2.005568120013164445e-03
1.690169274664450301e-03
1.360568027078287679e-03
1.401972193794467480e-03
6.176174060981195341e-04
1.326714351774267373e-03
2.116758160403151099e-03
1.301329940348585614e-03
6.147557616081516857e-04
2.814251684905826208e-04
1.077250497183998915e-03
1.158337031547527129e-03
8.671468506978493576e-04
1.376662412406281285e-03
1.748159201334581600e-03
1.675099693324179741e-03
1.158587310434250122e-03
1.524106558492028564e-03
2.984803296875694558e-04
9.836556726538223452e-04
1.165616989914057804e-03
2.840830637075083143e-04
5.008911130605829759e-04
1.204415878717545255e-03
6.440577144386529489e-04
1.989615434260901244e-03
7.046570779867084803e-04
1.451442673501674406e-03
7.505457904893329856e-04
1.135402583332894774e-03
1.135793120434410016e-03
1.576788080269722267e-03
1.627185902497386462e-03
1.237173297502582514e-03
8.668050941222837577e-04
9.664065671298121369e-04
1.581133734254773710e-03
2.841854946908293957e-03
4.913128840781975188e-04
1.954158318550409251e-03
7.690422397542798520e-04
3.360768219295631330e-04
1.155188010220990855e-03
1.387862595337286320e-03
4.616218137512960061e-04
6.811684639077078291e-04
5.190864519388947110e-04
1.210027364393919573e-03
2.058491537717029723e-04
1.299744735218407452e-03
1.475581999948666302e-03
1.204880001929661913e-03
9.683884092568518630e-04
1.519309313143598012e-03
2.622040444476719280e-03
5.075709157540547745e-04
2.253353456243162214e-03
1.231197950144096494e-03
1.521226611942427592e-03
6.536156735399016636e-04
9.386823224891863247e-04
9.744837194303291672e-04
1.249989261145589056e-03
1.074545346627214229e-03
3.510507424606214072e-04
6.842943336956185596e-04
1.489832963991750319e-03
1.334105767747272801e-03
1.295085908712685250e-03
1.721729618462152335e-03
1.578106596961630645e-03
8.129711366850375350e-04
1.234998990361503481e-03
5.218475210188566185e-04
1.051450313145349058e-03
1.727765844554559130e-03
6.978385120094533853e-04
8.156196610227464802e-04
1.680461853709862632e-03
2.113220495667212425e-03
1.373789511100265669e-03
8.128648892137738504e-04
7.289555881469111541e-04
1.586610810132099009e-03
1.539501795006198871e-03
8.043007921084497757e-04
3.489910204044722130e-04
1.647521414652074493e-03
1.400491410847932300e-03
1.278910782652287886e-03
4.850998019778404854e-04
1.151167486739559931e-03
5.767530379706200822e-04
1.189499931701886544e-03
1.401041919663345700e-03
1.187980914961316720e-03
1.106270263498529112e-03
3.589168516927913020e-04
1.927939277504413804e-03
1.222031796236558616e-03
1.167255405234573834e-03
5.268511270185382124e-04
2.695983351953640163e-03
9.988720371192135600e-04
1.615157816764294964e-03
1.158094942114078077e-03
8.347466955273453873e-04
1.349882812062062941e-03
1.677458215774208991e-03
1.899286074570828058e-03
1.873188640386252947e-03
2.377516749084037078e-03
1.767645278189080259e-03
1.638949986139929486e-03
6.644704368739645347e-04
2.529519741500795265e-03
1.315564566686633569e-03
1.871212366578332712e-03
1.104252976589788432e-03
4.728045467159551767e-04
9.487882998377043580e-04
2.259042714299839064e-03
1.818696200201563948e-03
8.456504706376578428e-04
2.048869208876947026e-03
1.322422361941776590e-04
9.163408391652105986e-04
7.011654065915832231e-04
8.440023499613516196e-04
4.538334209597007490e-04
9.552075531384382825e-04
6.875131791422002623e-04
2.028275903829156006e-03
1.838328862481332631e-03
1.583966905502318546e-03
6.343050844790984596e-04
1.902020520826583393e-03
1.956282284589301070e-03
4.458057954817833276e-04
1.298736391514332660e-03
1.082959908715937008e-03
6.070729666001814647e-04
1.746759488510224532e-03
1.930786180514813041e-03
6.228975972019257928e-04
1.541958762081691112e-03
1.005011238403912379e-03
1.239234381464144859e-03
5.320082619545184535e-04
8.586596209232172545e-04
9.626885977501351520e-04
2.561763294444014956e-04
8.193856365728438649e-04
1.132154302432750951e-03
1.130330514670170551e-03
1.002846616369907099e-03
9.870244825716442943e-04
1.874677994579007851e-03
1.338253663160367517e-03
1.348744125064481152e-03
1.008905152911729547e-03
4.737185547695261416e-04
1.315513608693768275e-03
1.004932333824859730e-03
7.866479633772269697e-04
8.951548609498315026e-04
4.291575694407883030e-04
1.010379898477283510e-03
4.989346824751000106e-04
9.590384550658743621e-04
1.380903797098320890e-03
9.351091865250785260e-04
9.909200941862648590e-04
1.065859981743556622e-03
1.076715884203514450e-03
9.873181581081785091e-04
1.485918833975488195e-03
5.629678936741127314e-04
1.320868436070449280e-03
1.825369029410757980e-03
1.353763515012150346e-03
1.241533252575124837e-03
1.296831392594103086e-03
2.150707461639538194e-03
1.062539755410193097e-03
9.612417128939147390e-04
6.095506684361085914e-04
9.780383555004401510e-04
7.669173490761131652e-04
1.911170678559537131e-03
9.959508089826553910e-04
1.925424137706260690e-03
1.308606213484451606e-03
9.293587730650315062e-04
1.568254617075476700e-03
1.171141903261758250e-03
1.089846112744841024e-03
1.918227348998603884e-03
1.247380747368350990e-03
1.408562738204673743e-03
1.300879635461067892e-03
1.958612648542534655e-04
3.019879537625473273e-04
1.328242914925406798e-03
1.520867056524397975e-03
1.526463616918070270e-03
9.826385838878732518e-04
7.272929131720141764e-04
3.502086981822838158e-04
1.333572606565057396e-03
8.416164145199733597e-04
1.698551117076593179e-03
1.363400438690394413e-03
2.371105802039070662e-03
3.022909035987397038e-04
6.906025831812965610e-04
6.760905573297226962e-04
1.447572136665404305e-03
4.127543549494544712e-04
6.173829493911588747e-04
1.115983897125408112e-03
7.500369743927618295e-04
1.204882784366590126e-03
1.235080240844801946e-03
1.356036216094061182e-03
4.384220757378762007e-04
1.296629363199017400e-03
4.849538543228112150e-04
8.691567048312972199e-04
8.312293142822121863e-04
4.862926931647363151e-04
1.951184254109837677e-03
8.907292848376690110e-04
1.653805201157731910e-03
1.749626922849908256e-03
9.790257986633799092e-04
2.349249454838897751e-03
6.458500056744888784e-04
8.622783771539920244e-04
1.041100655311246554e-03
8.320262335727242374e-04
1.023989066633350853e-03
1.401092430550599345e-03
1.063490566814177243e-03
8.134360911817256450e-04
5.311494018464526720e-04
2.082166953891703351e-03
1.247440119160689613e-03
7.385300112654025022e-04
1.459816330396076231e-03
8.043785834609927521e-04
8.518477075248701577e-04
1.330678453941755565e-03
1.732250900490683821e-03
4.963145647383843985e-04
1.002381675545947846e-03
1.778584587038525150e-03
1.049413823178641262e-03
6.330727590176758995e-04
1.745241647528661356e-03
4.328951444358751879e-04
1.105035830510589208e-03
1.183111581317043259e-03
1.825536199658086504e-03
1.751547386112668964e-03
8.230872290576139293e-04
8.359308933667374941e-04
1.549195981624892655e-03
8.262721245635921540e-04
1.507461369518113894e-03
1.396535564327192145e-03
1.702820343366532761e-03
8.289068572689210204e-04
1.557930039729841501e-03
1.050586727771536883e-03
8.355252151551586029e-04
1.059932462612963753e-03
9.976714728184737143e-04
7.596082801106424131e-04
1.099267134780483341e-03
4.645409255376365971e-04
2.331994623904384313e-03
1.251159466762021564e-03
6.044051908533716513e-04
1.207326327069075918e-03
6.566194498586462071e-04
1.304082588632279665e-03
7.951122026760010361e-04
9.415594915516046657e-04
7.680769565129807151e-04
1.149417057951701180e-03
1.349761152067180782e-03
1.614637333739982411e-03
2.123088386454064468e-03
1.570539794402041030e-03
1.308020452636340751e-03
1.067194868987886465e-03
1.889744687445607226e-03
1.747786234494141423e-03
6.097655893060413166e-04
1.910157307975263131e-03
9.094999477661442396e-04
5.716915071507968748e-04
1.204157083540999392e-03
1.389555886940820268e-03
8.284286955192740956e-04
1.423231578423643463e-03
1.636412324452381694e-03
1.366374014051090430e-03
9.951821615329561194e-04
6.516701427512591911e-04
1.882785256462888137e-03
3.894731683111357970e-04
8.398527837846894760e-04
1.042000989026453791e-03
1.107839173547015303e-03
1.644861601473287041e-03
8.986469959554052936e-04
1.379356677918185548e-03
1.176125260098206298e-03
1.487471344050299727e-03
8.723601389059057422e-04
7.702906804692490625e-04
1.316201750844223735e-03
1.703848102884946867e-03
1.086101912756676354e-03
1.293544969181763694e-03
2.931506015218366019e-03
2.040497357496577537e-03
8.982548316115194706e-04
1.145274450640275258e-03
1.640951120484509390e-03
1.334147571071311704e-03
5.178767329259733980e-04
1.065619581222827968e-03
3.238393397588532410e-04
8.529806447312263422e-04
8.458229330716550767e-04
1.456661854491704327e-03
9.834310954985210889e-04
6.787139975741514905e-04
1.071680234658803875e-03
7.626314009577402596e-04
1.059961746780124824e-03
2.557160879601947539e-04
2.108966306225618093e-03
2.323158189734399713e-03
1.979378448913552985e-03
6.335948795585042825e-04
6.591493916357251933e-04
1.144911614469355798e-03
9.997486440756380485e-04
4.682756874023191328e-04
1.288845822181662864e-03
7.422450677161731561e-04
1.209828798691326215e-03
1.574910603083081199e-03
7.843198378616418392e-04
8.219415804657282960e-04
2.348473955728907700e-03
1.366523071874711174e-03
5.580144012056023920e-04
9.847958567827158529e-04
1.097058789458820295e-03
3.565110512211903775e-04
7.690548974258886198e-04
5.725056005946477537e-04
1.135533264308024887e-03
3.657222867895767527e-04
1.518596963485257384e-03
1.059399802625083948e-03
8.463447846928548153e-04
8.246657277749280292e-04
1.591373595618438344e-03
1.539568424354331895e-03
1.371630545059359611e-03
1.074437415618484425e-03
2.207416609477686874e-03
1.068930430196174310e-03
1.769130773252784337e-03
1.862359142914544194e-03
1.299040570571054383e-03
1.352024631095511201e-03
1.954101126780904540e-03
7.305638657879150394e-04
9.158996992133135173e-04
5.810083078332964421e-04
1.692690213626531345e-03
2.578316393384542157e-03
1.946973920659265684e-03
1.476411325189203212e-03
7.911703504781555062e-04
8.880537233520539040e-04
1.073631203753086906e-03
1.353534651343785101e-03
1.105874727290033499e-03
1.081714348905636050e-03
1.381074630433232675e-03
1.230741444463934664e-03
1.735508912006713611e-03
2.320585622730755859e-03
2.029094621413467074e-03
1.182180964975653760e-03
7.901996754652068806e-04
7.148861179311962475e-04
3.005030550623597179e-03
1.045206096403908640e-03
1.086012173928661752e-03
5.664958472554605358e-04
5.654889455587342340e-04
1.017424685776414451e-03
1.178379357858351257e-03
6.686789669808498003e-04
1.430016122174091690e-03
1.483842369254177338e-03
2.499865118370751664e-04
1.562342443984980058e-03
7.076900353642361389e-04
6.903537890019305172e-04
1.144287007014287497e-03
8.161914575199297845e-04
1.025522593761407295e-03
5.867070123454256854e-04
1.835786261040029494e-03
2.104838131897640585e-04
1.877287647488714390e-03
1.103415282574612966e-03
1.467048549491778561e-03
5.602222133891601600e-04
9.744038769082768829e-04
1.924119148901829845e-03
7.459428037547148919e-04
1.551883606206714379e-03
1.558282856742623053e-03
1.202682346926986544e-03
1.350620437689706169e-03
1.466966350279771871e-03
3.934604567032463376e-04
8.266904234975395961e-04
1.707015645437500199e-03
6.066437211387903103e-04
1.274147162586939785e-03
1.975077523326642867e-03
1.405989687367391805e-03
9.992286911059875508e-04
1.792362891704539453e-03
1.361834796438699631e-03
2.545087822883503655e-03
3.622383797494365103e-04
8.291741532150971985e-04
1.516452318095139803e-03
1.107509854130691316e-03
1.673508835755250146e-03
1.193065056562384865e-03
1.226972007334975294e-03
1.010183994441538665e-03
7.451539781947200212e-04
1.238375258260969360e-03
1.549245699161595682e-03
2.068028437288694371e-03
8.613996913479566361e-04
7.026711951600213713e-04
2.262953563027580561e-03
2.122106764900958450e-03
1.984743732591171504e-03
6.712670768583633377e-04
1.157221723674703223e-03
6.713018407866340161e-04
1.338286954590197199e-03
5.994008760507172533e-04
1.397580817907926112e-03
2.014511397708474306e-03
7.371440022314369473e-04
1.558899980419837204e-03
1.385486713267861667e-03
1.091515281785512608e-03
1.141109390964680512e-03
7.197796716000327832e-04
1.144150462215318131e-03
1.999883026943069400e-04
1.136186783252031126e-03
8.990110418011310403e-04
1.832269811357902390e-03
1.327424758868037645e-03
1.589722330125016092e-03
7.993135560767876532e-04
2.049106086552439886e-03
1.071155154341705933e-03
6.966381254834157254e-04
1.067153673167995894e-03
1.894619736628384322e-03
1.046399558968030222e-03
1.957596631249077131e-03
1.395285717409853327e-03
4.768962749297047440e-04
1.874138450045738325e-03
1.345862259263570435e-03
1.226704485745664080e-03
1.032378736769429565e-03
2.123391726532313992e-03
1.505539131810269046e-03
1.610427365737391106e-03
1.037592712966895750e-03
9.423276322170933122e-04
1.831088192204244087e-03
9.803188844045543533e-04
1.131194878360676156e-03
2.661894953272539183e-03
1.335167689707008254e-03
1.472895297231623102e-03
1.286779990202515083e-03
1.516365530708123051e-03
9.893249495625136645e-04
8.029542771165429664e-04
8.875178801579912966e-04
3.223111058930281628e-04
1.227885193259331455e-03
4.815815684885478174e-04
1.145067965820101242e-03
1.996716509083920361e-03
6.281392708382828967e-04
1.313229046360184530e-03
3.707893360569291413e-04
1.022841602027146695e-03
6.813005801652355408e-04
3.206583959622145898e-03
1.553750148548517247e-03
1.120963178597626049e-03
1.166092638390072442e-03
1.922217424416324937e-03
1.384461951453481564e-03
1.524660567396413655e-03
1.154565121950818559e-03
1.317614630145701399e-03
6.951906160417937932e-04
1.017462694098178033e-03
1.192255201972642741e-03
5.332245882230030780e-04
1.499454369334717214e-03
1.083671803030958379e-03
1.968756744483440716e-04
1.548836340482199559e-03
1.120585377082294323e-03
1.784731424577712952e-03
6.292256531221054102e-04
1.318217109947683119e-03
8.120922896243957991e-04
5.717478971637469931e-04
1.017923958844761190e-03
1.603004988097957726e-03
1.671758487945759070e-03
2.189727619531232558e-03
6.056072166946125344e-04
1.611777851832698998e-03
1.559846518975079640e-03
1.915839279315670546e-03
9.131748319147213510e-04
1.527022968027427373e-03
8.144561304939670551e-04
1.088298103019143476e-03
2.599393649903583098e-05
1.484305077304507847e-03
5.453342526299759328e-04
1.478776544261747004e-03
1.131366901800941183e-03
1.452728956143423253e-03
1.778464544346828897e-03
1.421868284029692304e-03
8.990072848203343710e-04
1.545813618988977527e-03
1.045066803585325329e-03
5.970873562960902310e-04
1.018110026382281581e-03
6.784935088166094619e-04
8.918392789637174254e-04
3.597798621538974943e-04
1.583313773270722882e-03
7.194590338581712419e-04
1.712847572331351997e-03
5.395596768164195346e-04
2.583657650455071370e-03
6.809830981683331853e-04
1.584808733108208304e-03
1.007945152227094103e-03
1.239234937354294526e-03
8.011338997128028376e-04
9.498783310271469117e-04
1.050464787567981185e-03
1.179315079600157636e-03
8.341533496645518915e-04
1.625514279127849952e-03
1.355609281461991108e-03
1.032061037725379377e-03
7.671093528387127594e-04
4.010313492123986794e-04
5.093906739246566130e-04
9.565918473257318394e-04
1.866953493153594539e-03
5.624685485332037724e-04
4.352148013264268284e-04
8.818957998666451933e-04
1.652439992523980225e-03
1.240163284749651665e-03
4.590116110998562109e-04
1.085776939959759435e-03
1.838943360858390262e-03
4.885742630987828603e-04
9.867544618392789027e-04
1.333605636741676389e-03
8.984942757206795848e-04
1.286089298403333536e-03
4.089365239047389709e-04
6.294129830959552122e-04
4.107085281500040086e-04
9.236385262351633641e-04
6.729513336926546459e-04
6.377604632915196423e-04
1.496593225802835469e-03
9.898055288494582177e-04
6.319991367793170983e-04
1.268372053436236154e-03
2.753577034222411905e-04
4.841022948979387315e-04
6.076686632169011129e-04
9.173717656993092377e-04
1.895208591970045254e-03
1.250501474661417593e-03
9.739044655455940912e-04
7.955473945796881149e-04
6.043506986877039645e-04
7.742795998428452127e-04
1.184251595621619397e-03
1.317028501235662820e-03
1.521001808649424672e-03
1.260941726601238610e-03
1.682511221621421334e-03
9.145411973619656893e-04
1.048827325790788450e-03
1.938106523289095853e-03
1.240176980984668883e-03
1.205074407051111773e-03
1.482721442404708783e-03
1.109921253717169277e-03
7.492210836081428715e-04
1.217872075217519114e-03
1.285472659880081310e-03
7.382925918951687132e-04
1.647440616437380106e-03
7.169285020936981383e-04
1.076013578877995248e-03
1.207087695652407340e-03
6.311289185427723398e-04
1.458894273053796013e-03
1.711800281941615104e-03
1.165630829236348606e-03
1.180210910861933301e-03
1.230430716264890520e-03
1.321879032371568513e-03
1.117158257362906850e-03
1.274069483784033303e-03
2.478445638183047334e-03
2.172124743197671477e-03
2.484757629494520944e-03
1.177829096146617606e-03
1.704233416249146572e-03
1.330328733531357379e-03
6.517516163686657435e-04
1.219811288432645505e-03
6.609955649073063133e-04
1.145050335581007314e-03
6.760519271631391198e-04
1.945683284462019829e-03
5.527578979693054334e-04
9.863214796230967366e-04
9.522515499127033600e-04
7.379079423027736732e-04
2.183994596826863404e-03
1.369006609373687663e-04
1.445761220404297945e-03
9.325538008514120151e-04
1.236096208922386232e-03
1.301859719700070852e-03
9.465139889714287939e-04
6.826955840703372155e-04
1.038141478459000738e-03
7.676812292034573045e-04
5.553228296386135800e-04
5.223570681406469740e-04
1.107571933887060035e-03
5.995974144812978067e-04
1.366520558107447601e-03
7.065216262619246909e-04
8.645988257957359967e-04
1.165931460393956507e-03
6.854153782747989454e-04
9.489710496586830409e-04
5.190402742387977041e-04
1.216285819453778380e-03
2.153933211134981696e-03
2.059100142713606897e-03
1.494599498888643171e-03
9.067776596342973748e-04
9.568588424154316754e-04
1.078325569156091384e-03
5.912040798016209454e-04
1.270321039406147436e-03
4.149656860495240973e-04
1.487498844127985902e-03
8.922887336314775947e-04
1.441126102636933063e-03
9.529470442932617621e-04
1.649599818274616759e-03
2.083114223612563855e-03
1.026464037033102215e-03
1.938801371486484132e-03
4.976691425425032542e-04
1.347044300090757514e-03
1.515005502145075778e-03
1.865839228348495273e-03
3.547543328980306328e-04
1.414929047847323425e-03
8.218050381416072735e-04
1.292930104588790180e-03
7.345886834374510494e-04
1.806201228396904371e-03
9.484429949701711103e-04
7.381084009121327170e-04
8.737626140821859672e-04
1.125639956118957988e-03
