1.109974658671848274e-01
1.007967362615758700e-01
9.860597504556768700e-02
9.254531636297218256e-02
8.169974893871682908e-02
7.732534678745731083e-02
6.649290821077342983e-02
5.485588887712150585e-02
5.527641227413637032e-02
4.897579542873165687e-02
4.662014163430876212e-02
4.151107661286358719e-02
3.682287697869213172e-02
3.764331248341824115e-02
3.096006038698835561e-02
3.130946838108875779e-02
2.150718649676958832e-02
2.030434738989271917e-02
1.556547936020902245e-02
7.034362605536761959e-03
8.489438115004429783e-03
5.072374674278313025e-03
2.369746608175482463e-03
1.690162195431822246e-03
5.653868475544919460e-04
1.972129104302939749e-04
6.263955696935684381e-04
4.431166850651697573e-04
1.082806015566064009e-05
4.816605603462515155e-04
1.254047964066990839e-03
3.637667273285537673e-03
1.822539699106541945e-03
9.924109681307418003e-04
1.571710994089312420e-03
1.204883405584056483e-03
7.406515458163951673e-04
1.247324339612378326e-03
1.181617902608038699e-03
1.389091263991607070e-03
2.381983163015027102e-03
2.542841167348648939e-03
9.860022493558852612e-04
1.796666116157431261e-03
2.463361593274163153e-03
4.896558369071231549e-03
3.653259266014499337e-03
5.197293104289151498e-03
3.786884584091591843e-03
6.236278324954771038e-03
7.775819583975773774e-03
6.484270961719420558e-03
5.029974059009125267e-03
3.321101568558803684e-03
1.859932731496616873e-03
1.380950772559169399e-04
4.645183623526089201e-06
1.241794923256731541e-03
5.074626924718655214e-04
2.848205852119888460e-03
4.488663488838121399e-03
3.218009171101735618e-03
3.584179873975596592e-03
7.847002527958514637e-04
4.552762251422639997e-04
6.264261910607112473e-05
1.771227589618815782e-05
2.190538329989742466e-05
2.595331659872603916e-04
2.266648030642890149e-04
1.683526633806462630e-04
6.615863182628872947e-06
3.720874397088121165e-04
3.811581291968319830e-04
4.462919205586232262e-04
2.049136822834155425e-03
1.855989188378032086e-03
1.755995834347213276e-03
2.224100955109100438e-03
1.878727378787252607e-03
1.265946824859719155e-03
2.835218945856352035e-03
1.244877817846802136e-03
2.275086284570105438e-04
2.950652545125882591e-04
2.273751968125377408e-04
8.289454541677446307e-04
1.967819422811944356e-04
2.091125109320296895e-05
1.595839378491107697e-04
2.998986249818985845e-04
2.956590272124828465e-04
4.618476631637620619e-04
4.924149774057940418e-04
5.350132086680472326e-04
7.410965758146241793e-04
1.736447268583294723e-04
4.408597787134032101e-04
5.327368307746009038e-05
6.891233427283073587e-05
3.244603147528156558e-04
1.675527323323074103e-04
1.542344397989914154e-04
4.508066939948053011e-04
3.011499586513547095e-04
5.183411879655939390e-05
2.527149979719282608e-04
2.284171359788987436e-03
1.903675512984209003e-03
2.185453005289721314e-03
3.202628158143102678e-03
6.889310587042683613e-03
6.976894576031403110e-03
8.576119558085728775e-03
9.929767385846513528e-03
1.556898661981045810e-02
8.883430124954879228e-03
1.257954548673839018e-02
1.936779267971631968e-02
1.415948471931887526e-02
1.962206470708499628e-02
2.122721973927690214e-02
1.443988043661696870e-02
1.712618789649568776e-02
1.367056418689860733e-02
1.668928457684884861e-02
1.096335429578996178e-02
9.159706011784134530e-03
1.100385167426324792e-02
1.099901281314706429e-02
5.131187910634618654e-03
2.859325441871616788e-03
2.410791480586131456e-03
2.580970717473349968e-03
3.451148041510551743e-03
1.013645024502241032e-03
7.208921520702162239e-04
2.962684068009386142e-04
8.729986594792503354e-04
1.014739750507474543e-04
6.308732469768857766e-05
3.567591203928889673e-04
1.745874376325406971e-07
2.617921064835397084e-04
5.569758470827431687e-04
1.259257872246027639e-04
2.014020081885604124e-05
2.891233738933008719e-05
7.065679402909336702e-05
9.146060914341462561e-06
4.304589620364026800e-04
7.825685299484424215e-04
6.861436503049037376e-04
8.516545667525086136e-04
7.014024807141571241e-04
7.289049285478290665e-04
1.648221754561347060e-03
1.466060747742138322e-03
9.560264424175445594e-04
1.850411356109893900e-03
1.915289676090886975e-03
2.294971008852268127e-03
1.389343549779892750e-03
1.496527656234942355e-03
2.083428159570210360e-03
3.734901990339726564e-03
1.807581368246347206e-03
1.244035554185399933e-03
2.235311422470197089e-03
1.186584206453098183e-03
1.216973165641430359e-03
2.105652635806122552e-03
1.505502445431763014e-03
1.012884228119024241e-03
8.264507553759704904e-04
4.449126663153873040e-04
4.404904357654051842e-04
1.060084078639625529e-04
1.157917238839804305e-04
7.837245358228214082e-04
4.163948729452815424e-04
2.835207258163705436e-04
2.496258114322381428e-04
1.061123824515123167e-04
1.215825933914333334e-05
1.842178073753343961e-04
3.574553919204044675e-05
6.583263637883914044e-05
3.566588670984586501e-06
3.502234061374269366e-05
5.504123784544181824e-05
1.391585802930410398e-03
1.026590610597914429e-03
1.958307540473357752e-03
1.664649834676694765e-03
1.256347111677623418e-03
3.896030682344533719e-03
4.283915946381693617e-03
1.790220177951521276e-03
2.236192500201697464e-03
2.310323077465098116e-03
3.082300856236360083e-03
3.627214251753619820e-03
2.843727123577791983e-03
5.477354180054929550e-03
4.754085303731986518e-03
4.601507001230505621e-03
4.167380717674082531e-03
5.842594602923558735e-03
4.593083823946984834e-03
5.229647926388402215e-03
6.479079865571511603e-03
5.680762455572116280e-03
7.829684468500091102e-03
7.136571938438122757e-03
8.960246394166981876e-03
6.969814461575527323e-03
7.736489663276376570e-03
6.115646175041605966e-03
7.365903204872066394e-03
6.834434034492191563e-03
7.581688124059672747e-03
9.716261453786134011e-03
6.817303135973347417e-03
5.839417879708021231e-03
8.363608997752704916e-03
8.072013576369604232e-03
9.088634773774528774e-03
6.732628669836548257e-03
9.563312450791696534e-03
7.837161450840745419e-03
7.146043746296956885e-03
6.306316696277426519e-03
7.390331779042705329e-03
5.868850461185526508e-03
7.652394684170135339e-03
1.102494468370254950e-02
5.424717274996607858e-03
8.331752128538968960e-03
9.280533919686757838e-03
7.747968295560665394e-03
4.958509047044154863e-03
8.703907838958226117e-03
4.795918702437671974e-03
7.381445015023941660e-03
6.747793056582041329e-03
7.397221678568221409e-03
5.569612480682693996e-03
5.882509682357704370e-03
5.171167375405813157e-03
6.988408951587120506e-03
4.888640626268841126e-03
4.837941261792346598e-03
6.467275504019507314e-03
4.814047972977140814e-03
3.266882958058533581e-03
3.747997417493044350e-03
9.831632968910898433e-04
2.355532561262895994e-03
2.397384733268310888e-03
1.996623110376330792e-03
1.177137810435018982e-03
9.787589888329225902e-04
1.122478274093460272e-03
1.265058736239962119e-03
1.491254569802736912e-03
1.258055537615089059e-03
2.398519959279865827e-04
5.655283373237875248e-05
3.859445266069243979e-04
6.582354235024376159e-04
8.595734577013514066e-04
3.732087575035469579e-04
5.253468326732655650e-05
1.960798006056882080e-04
2.245781955994674399e-04
4.438976393390101447e-06
1.885738109084275768e-04
2.891398139954910650e-05
6.465404771783272132e-06
1.775595000978397658e-05
3.312843725294035600e-05
3.956920421715741945e-05
1.809667065231646411e-04
4.394109420265570167e-04
5.135158180565494541e-04
3.375596589062960866e-04
5.235163614497639114e-04
5.050618337414487184e-04
4.555144962026722835e-04
5.679628466178864406e-05
1.493620037952478048e-04
4.750233582385622773e-04
6.943094427663548803e-04
4.951249216837711863e-04
5.294583973386452879e-04
1.631288321246539838e-03
3.331930691162663326e-04
2.101380503127234017e-04
7.568116530624428026e-04
4.123906970661799518e-04
1.757398194232213126e-04
4.123822817593434872e-04
2.612671125901272484e-04
1.431704605586745511e-05
6.434808877578603731e-04
4.939716013784615188e-04
1.909218134593914642e-04
1.942977262827365613e-05
2.998273295945761471e-04
8.604308018439559794e-05
3.712066835208135268e-04
3.527787304674793534e-04
1.734818646855558380e-04
4.066640516493872900e-04
4.603710841957258586e-04
2.668250450236060939e-04
5.992461478556656467e-04
4.909567321447332744e-05
4.191667654036343037e-04
4.117843677999141684e-04
6.214484111890537435e-06
3.252973398303523969e-06
3.898098628904961380e-05
1.099102988888021492e-05
3.034137304109723565e-05
9.905098998322003012e-05
1.407560956394666345e-04
4.879645029883522550e-05
2.421496614353522650e-05
1.218946806598230625e-05
6.118269684724971342e-06
6.245562805932309300e-06
3.914427539184939697e-05
2.480803473759088233e-04
5.781341238059091464e-06
8.749771925117136371e-05
2.947084783919399865e-08
3.279921503069098898e-05
4.089807072491459983e-06
6.592207703775466981e-06
7.711446930773681763e-06
1.255485471407321197e-04
1.115379972905026075e-04
3.765873472770887365e-05
7.580195777250952423e-05
7.449555506364008135e-05
3.324902961258215464e-05
6.740498364459614140e-06
3.106285126260731225e-04
2.536329655909853537e-07
3.572593160642816425e-05
6.295983023370103722e-06
3.121882233670485309e-05
2.457868860182519928e-04
3.269168444014870447e-05
1.649366769644576493e-06
3.746271811396581670e-04
1.355770542746116941e-04
6.598083375621961136e-05
1.665412116773768835e-05
3.480050709700650157e-05
3.674901538913390099e-04
5.390589367669450759e-04
5.123424119219848117e-05
5.778973712840373572e-07
1.177684776423406520e-04
6.087361201627554180e-04
1.877248686378003677e-04
2.509859841913995577e-04
6.385203919829629939e-05
4.684681285363830223e-04
1.955117045731496529e-04
5.742623971062284054e-04
1.486802511706578598e-04
7.720114375404747904e-05
5.584604256589582654e-04
7.959435130468296487e-04
1.122930245288339185e-03
1.204729022167003101e-04
9.094464016028266842e-04
2.725078400316227243e-04
7.984267907475191424e-05
3.452644801586893589e-04
1.415540750984681955e-05
1.224488706112383113e-04
4.371614809021574896e-04
3.145526373967029195e-06
2.436856762725905757e-04
9.038175412847608385e-04
3.131782431793391896e-04
7.482434926850464046e-04
5.156578537121356927e-04
3.908063316906248887e-04
1.026879195913365248e-03
7.007768053756657485e-04
6.712032421883431556e-04
1.289779008343392612e-03
4.696023928721776691e-04
4.436858890709468868e-04
4.148502953967342279e-04
9.367888926967724364e-04
7.057092707505499118e-04
5.985300427587039165e-04
7.358842026799383880e-04
6.726188043937965160e-04
6.213330570152532590e-04
1.317195994621403585e-04
3.884090665370063607e-04
1.129693602135785867e-03
5.794115454678125735e-04
9.952147762950788268e-05
6.410964540345875581e-04
7.003237296971939546e-05
4.957400980471845684e-04
3.533277500486808388e-04
7.842077140366146473e-04
4.597918084842915888e-04
1.752467757024317810e-04
8.752055272532712556e-05
1.020177560653753391e-03
4.548024855652382185e-04
4.013777360300016658e-04
4.757763762210906510e-04
3.862459175506534163e-04
5.963567679568439845e-04
9.425249160254857471e-04
6.171284937841355327e-04
8.520642578510985790e-04
1.040959652809098166e-03
6.319046463795335291e-04
6.426999326662928775e-04
8.169734226697352841e-04
7.052362045584286082e-04
1.005764915751818913e-03
6.894732665301180887e-04
7.169534522380249060e-04
2.720687161017904801e-04
2.797152355817810127e-04
2.635260951752201194e-04
1.230999569713605484e-04
1.172636187722837829e-03
2.796521490293881937e-04
3.811046982531341885e-05
4.468528653713022014e-04
1.091836481268281378e-05
1.209733788758705865e-04
2.231928566024383011e-04
3.745249878060787356e-04
6.679108285281686735e-04
2.900469271883426175e-04
4.866610862331043785e-05
1.673079517174351689e-04
1.569821168926454204e-04
5.472120727147444276e-04
3.549470823592697829e-04
1.089964465014640552e-04
2.279640897201624938e-05
3.898620768423088716e-04
3.555617947481194262e-04
3.121902830502785325e-04
8.411085997012846688e-05
2.394977845352360118e-04
3.476813522100459259e-04
8.783909795272463669e-05
3.531953293911061967e-05
1.024416351463515597e-04
2.235273167276460935e-04
4.562228067815106815e-05
4.167793421833704943e-04
2.610287010609940424e-04
3.524124166823370988e-04
3.932116075831510816e-04
5.121475141821114267e-05
3.976140500677779587e-04
3.385353601201712562e-04
3.135039209388704347e-04
4.576436423997556598e-04
9.301056264143125378e-05
1.822087372349515545e-04
3.577509925396811898e-04
2.130280295377340284e-04
6.844989980136852213e-04
3.123015879824845768e-07
2.956375160407177685e-04
1.794782687030258993e-04
1.142902007956457272e-04
2.108550022040786958e-05
4.315672171362097253e-04
1.759965340098626290e-05
2.094709579862395559e-04
3.282021070839056257e-05
2.978892735972834264e-05
4.317877961004646081e-05
9.177612152753429186e-04
2.271838350781710519e-04
4.326180695329237005e-04
4.503801824376063980e-05
7.381001147815159950e-05
2.378048264785188306e-04
4.865809999897833686e-05
2.218571726238725603e-05
3.777306590749501640e-04
1.374646091838152193e-04
2.079857373983836147e-04
1.958305973212949927e-05
1.131546266540782864e-04
5.183602127761032423e-06
2.449748895895882308e-08
1.239113836248770026e-05
1.136655667474855205e-04
5.266989718918976437e-06
2.826993936516047196e-04
1.470474941292003628e-05
1.626362226442126495e-05
3.196270890747187952e-06
2.078768719753484802e-05
8.682786787957060557e-06
2.327880853214476554e-04
1.255349295628445699e-05
7.199475785371355477e-09
4.398547885601412644e-05
4.617651694408924637e-05
5.965669389805812570e-05
1.625932999847293120e-06
9.151671378806184231e-05
1.362915435370835057e-05
8.997225038255058814e-05
1.235755237400373911e-05
1.417213963879598504e-05
8.519503234212195941e-07
3.662876729750956415e-06
6.379195113288222492e-05
1.880424836073648538e-05
9.857341437043371383e-07
1.471777133990160330e-05
3.728016280859900209e-05
6.321871044411907865e-05
1.913889921742237656e-04
4.504336165575958197e-05
4.731543196883037869e-05
1.765094390494748500e-04
4.068808221103886703e-05
3.652630552403153115e-07
1.778978033726346872e-04
1.505624554278063507e-05
3.979634862605051327e-06
7.005002600077296416e-09
1.841839742144514036e-06
7.270570237448909835e-05
7.442470666608730476e-05
4.222218684931258101e-06
6.904203876027566330e-05
1.764932084323144639e-04
1.203346518130537845e-04
1.129201143353738980e-05
3.734007295448037687e-04
8.916679750398278626e-07
1.050429639868771272e-04
5.107628452274828119e-05
1.318288891869926578e-04
3.428130484663679080e-05
1.552462832666791939e-05
1.304042193031245767e-04
7.133920303809028709e-08
1.339087633149068935e-05
3.477827661291768482e-04
5.521391022513899997e-06
3.842502110535047803e-05
1.110503971866260526e-04
7.144143980859028590e-05
4.622917760853906064e-06
1.364399490152473540e-04
2.090465255585794075e-04
6.319710383188051374e-06
3.167504746142852760e-06
2.914758346542516552e-05
7.789024232021912855e-06
8.643055483795715152e-05
1.925092191036443831e-05
6.984670367347672286e-06
8.265971009166162779e-06
1.029125652683641676e-06
1.571003665984524447e-05
1.367554429676644896e-04
9.051083266165740323e-06
3.911223845778735074e-05
3.913245559455266845e-05
3.682971739201547817e-05
2.057726160269823085e-04
4.312066590864761251e-06
4.058671399728308474e-05
1.562195419332490729e-05
2.906476952406729840e-06
2.924384940306545364e-06
9.611730496245798438e-05
1.327183161821360411e-04
3.776709236726604737e-04
3.835252839135505859e-05
1.147603285521021089e-05
7.755084719928048416e-05
3.939396135791520427e-05
1.493485643577821531e-04
1.283276948056912730e-04
3.034963087297612426e-06
6.436192794884456988e-07
1.684200754719520558e-04
2.817260224246361422e-04
4.362078021517025439e-05
2.632042991783970656e-06
4.458281693214903151e-05
2.503471190515106291e-06
3.616281969642000100e-04
4.472382895859873169e-06
2.247286122947750157e-05
1.783055927219956697e-06
3.535440463868557570e-05
1.140935400971987559e-04
4.502976540751447762e-06
5.518356416698288889e-05
2.040994216915889407e-05
1.545868940391748798e-05
6.190631212198420986e-05
1.836813854155594785e-05
6.309941064985571349e-05
1.761238848589459022e-05
5.783862018680286423e-05
1.382567679572599168e-04
2.070129541991239466e-04
3.265031224591642006e-08
1.238316021310060264e-04
2.264762008633557924e-05
4.111020015629465312e-05
7.839803359484610651e-05
1.831827529457084427e-05
9.108992482533574675e-05
2.211050703418434931e-04
1.675427208350936442e-04
3.206383971378500464e-05
2.013697431381024965e-05
1.127205203108922200e-06
9.591862894261594995e-05
1.788103298286612133e-04
9.076305566145643990e-05
7.436931990020985349e-06
2.291685816358436808e-04
7.117958922322176115e-07
5.300959010861784778e-06
3.065805136317170828e-05
1.338977529241776369e-06
4.146845594220315012e-04
4.991727738844206006e-05
3.904071891930045967e-05
1.680350337224596660e-04
1.316618644069063359e-04
8.652510470056972949e-06
8.854366771252855787e-07
1.340749422163860192e-05
1.317759356262169286e-04
2.154071996306468448e-04
3.307922644021624094e-05
5.806457830970638873e-05
1.517845187034734251e-04
3.735074327447533431e-06
1.021056298871125199e-04
1.540988695929378265e-05
2.054817091571235608e-05
2.956768745842212466e-05
4.866233902448107834e-05
1.698078651207144416e-04
5.888811364676385695e-05
4.451755058468232733e-06
7.048810895598250806e-05
5.828813062875995362e-05
8.092623060568941796e-08
9.455646697391663832e-06
1.007812489432081627e-05
1.168100434871527840e-06
4.908072767199227383e-05
1.723870426414096646e-04
1.933636409538909300e-06
7.471691933491371048e-07
2.912433921594822928e-06
6.707083265514407304e-05
3.703607746042749261e-05
2.455985464092782792e-05
1.426331796253943076e-08
1.756809009143727921e-05
1.195978124999405785e-05
1.835974606235798065e-07
1.642058080218349739e-07
2.107251987802561740e-06
8.419401399022600438e-06
7.157058646498762398e-05
3.761945521228821707e-07
2.122478489566286995e-04
2.728397796997106485e-06
6.851589964187993062e-05
4.525466169329079447e-05
5.776112511678412214e-06
3.449055916591368232e-05
1.203937329207430281e-04
5.152023537420653620e-05
1.777359301640914533e-05
6.396156645012452421e-05
8.761558965281215331e-05
8.676883522199599962e-06
4.560811181578449312e-07
7.197571672954518112e-06
1.030101759862809456e-04
2.568794286457381802e-06
2.565315452998958435e-06
5.191505240286907897e-05
1.302137184752163604e-07
2.965884805266129397e-04
3.252416884280556187e-06
1.362018588579357966e-06
9.907439167579147439e-06
2.943657554547744394e-07
1.571231942110800299e-06
1.241484567973525797e-04
8.442567796087827926e-05
1.776804151738288823e-05
1.747149800255442593e-05
2.804792902405520266e-05
2.778546751878998729e-06
8.012131343467407646e-05
1.878699532164823023e-05
1.393217719234839580e-04
3.720756836245864227e-09
5.331542447348208675e-05
1.764384861433556132e-05
2.235094515177285784e-04
2.675588847879247455e-05
2.434765011593536518e-07
1.246452828960779216e-05
5.461718907295884516e-06
2.985314449119099515e-05
1.143392249925368533e-04
4.277110607751848098e-05
6.716661338669753758e-06
2.677903708636134830e-04
2.279572563690412503e-05
4.905906535977564535e-06
1.150295986651393017e-05
1.358764364013510622e-04
1.748577851605435929e-04
6.348861601856298220e-05
1.579082839061797273e-05
1.118711465428668712e-04
3.313714622870618185e-06
2.623251950469795643e-05
2.231074774274721803e-05
3.899874492068243681e-06
4.015002154469654965e-08
9.477412661771861323e-05
3.577560897747148648e-05
4.770580998634902446e-06
4.021654256918415004e-06
9.139834858500640265e-07
9.185412316833102237e-08
7.988215070290048149e-05
1.397288313818221723e-05
2.029195593720870070e-04
7.792236740705870234e-06
1.385247076626910370e-04
3.142790873946969658e-05
4.020161833155368712e-05
1.503728585948626770e-04
2.959351596304707054e-05
3.335591236908817605e-07
1.188215233478093602e-05
9.921760765761978792e-05
2.213427111112039073e-04
2.018326107978693290e-05
3.952553924961353475e-05
5.886333361541601414e-06
4.064248564539499255e-04
6.547621532363742809e-07
2.558108336401630281e-06
4.276645083704043297e-04
2.606730035998603215e-04
9.160974820269527166e-05
4.725237317192409292e-06
1.072427940962497831e-05
3.527596270233401929e-05
3.519689508704090244e-04
1.829278116253140948e-04
1.162857098789416694e-04
1.410634874609678862e-04
2.541131001569076270e-05
3.148927405226234120e-04
9.214598001364849970e-05
7.672871143901607155e-06
1.201478449186749226e-08
1.406608801167015218e-04
3.059992113529151994e-05
1.459574556406411554e-04
1.065345582360141432e-04
8.469358692599898296e-05
1.248525353255836086e-05
