1.098724817738439387e-03
7.676670237323942854e-04
1.288535188803390614e-03
1.984730704683306153e-03
2.711395761272551198e-03
3.268951473445515839e-03
2.123190247194836709e-03
3.378483778612465568e-03
2.638559017038087044e-03
3.076271668368978432e-03
3.036817419456695321e-03
2.629814818557468185e-03
2.794337507148817335e-03
3.640126485308086725e-03
4.023669827123464889e-03
3.501132961734665112e-03
2.452086518694457200e-03
6.436105976364419994e-03
4.411248031325665578e-03
4.311009389406806475e-03
5.207663484998718666e-03
2.851158461692926416e-03
5.169047971580345222e-03
5.274015353194462345e-03
2.859682327738484898e-03
2.986596413860067092e-03
3.115725949769149357e-03
3.264597149505945976e-03
2.892390142094852703e-03
2.287709511707482993e-03
2.292084396472657010e-03
3.293010451021246687e-03
3.049640493714047239e-03
3.267020394732560694e-03
2.671529450794538595e-03
4.308137602206202517e-03
2.352629128571628783e-03
2.303412828320776460e-03
2.744230958786531786e-03
1.914742071437596600e-03
1.792985471744231981e-03
1.636356087948631069e-03
1.489570966403651938e-03
1.600865692948895457e-03
1.593469384413452377e-03
1.744674014008589956e-03
1.394555206942570949e-03
1.504790016329040107e-03
2.214376132432833034e-03
1.680955740938024513e-03
1.243452789773446003e-03
2.143682967412399807e-03
8.031991405642018717e-04
1.366679711749839606e-03
1.988424603274345330e-03
1.277904670836519209e-03
1.282055770633398284e-03
1.707931932405242414e-03
2.018959128162834370e-03
2.649975376684345334e-03
1.620858115189261969e-03
1.857897445516331573e-03
2.297265000121173194e-03
2.755107700241579693e-03
7.594773968719877944e-04
1.348069027586563592e-03
1.478797398862507703e-03
9.854140958758807970e-04
1.951166255301179124e-03
2.413973652162499164e-03
5.591088441841965059e-04
2.279680291743490551e-03
2.010993296444049845e-03
1.621799212594955903e-03
1.038025620451447743e-03
1.861653990544967236e-03
7.901302813833501046e-04
1.745505792941427639e-03
1.819803962606653938e-03
2.141808802390979434e-03
1.700415232562630221e-03
1.365793764843081359e-03
2.094805672957869916e-03
1.625832503920561327e-03
1.152272504598778535e-03
1.401052403892321784e-03
2.224872982527470542e-03
1.247728594850588523e-03
8.432439862527708885e-04
1.075990960203775625e-03
1.468559583433022954e-03
6.461123214956075982e-04
1.867474482089342231e-03
1.683717751617323875e-03
8.904924338066051107e-04
2.006538383926721562e-03
1.505281043865870161e-03
2.407911609669798579e-03
1.071240538050742194e-03
1.832999785916371565e-03
2.783388133838237289e-03
2.038096437219255683e-03
3.163495606337357168e-03
2.568135552171080596e-03
4.122999253284576060e-03
1.295700612734076908e-03
3.210450650644060440e-03
2.118114770941103425e-03
3.251201282324461556e-03
2.288606258891242532e-03
3.802209969454413852e-03
5.077810351762987971e-03
4.607091803778058658e-03
5.582892732330546788e-03
5.642195425085985531e-03
7.958002099715068278e-03
4.945650120472326779e-03
8.171187754638344763e-03
5.595921340966299694e-03
4.137239452777329539e-03
6.574729372117905576e-03
4.809335821122461344e-03
5.605857526034629598e-03
5.652981541747113814e-03
5.750474702773024881e-03
7.552810225198939437e-03
5.811638159497898443e-03
4.451840619122928583e-03
7.465047520885539391e-03
4.113503566848863112e-03
7.144536222117349629e-03
3.192951368156875074e-03
3.845077663282458168e-03
3.005188167008444617e-03
4.062536478662078995e-03
2.974698193901787868e-03
4.326239873918227667e-03
4.638769481338169028e-03
4.946186528431867693e-03
2.425383313174198519e-03
2.694566517860492571e-03
3.285396554022364333e-03
2.395609173276181964e-03
1.824416673660339897e-03
2.582697292119163612e-03
1.860264295469808054e-03
2.741506453242908807e-03
1.735758173475714919e-03
2.036883485529218142e-03
2.833877013407492401e-03
7.142825198115655390e-04
8.885047245117531391e-04
6.310915360215099126e-04
3.109583623329842568e-03
9.610593939081333269e-04
2.672877773195508205e-03
1.435284183639327481e-03
6.443598562213809612e-04
7.670019063886405856e-04
7.094748016919095578e-04
1.514043673586833302e-03
4.934053838244955529e-04
1.549530317098206985e-03
6.575664732744791220e-04
1.272544299860206563e-03
5.913929355386565723e-04
1.014510230695741524e-03
9.360718853699430669e-04
1.010668402769903740e-03
1.040445102399922177e-03
2.980270848612762884e-04
8.533633944677270324e-04
7.697292953950687867e-04
7.579228972226845608e-04
4.740622963302647719e-04
1.142256974880302917e-03
1.078816625945722141e-03
9.339543968217881801e-04
8.447942812187500582e-04
1.891642981859458124e-03
1.179376871806513691e-03
9.486037762060326199e-04
1.187950892702483233e-03
1.691910412808455199e-03
1.272391794673188034e-03
2.370899339847289296e-03
7.848539691914860339e-04
9.865333404973097593e-04
2.045687794591966903e-03
1.231661431184093635e-03
1.773308016696397435e-03
2.632921159787417979e-03
1.520808877998349818e-03
2.015292139247829104e-03
1.276099053478354497e-03
1.002479819567401271e-03
1.348480428539586620e-03
2.520692539265051609e-03
2.680910542186687798e-03
2.388263959250035585e-03
2.273700491776112047e-03
1.987552259089271807e-03
1.511555054558819198e-03
2.363157452400587756e-03
2.401204429714870556e-03
3.651926429415487327e-03
2.878674143227624108e-03
1.771262996607850726e-03
1.950378742505803377e-03
1.770075733805521849e-03
2.594971251456296493e-03
3.216238640050148468e-03
2.079055779801968016e-03
3.647818984590434944e-03
3.361733970147038220e-03
3.009096799278127357e-03
3.772355052274608059e-03
3.663650220565973972e-03
2.793014960871974348e-03
1.675055878450357107e-03
2.996668024828697766e-03
2.885077683472918233e-03
3.860455612067679142e-03
3.567564444019262395e-03
3.359764772421633926e-03
3.218164711783420319e-03
4.168479324905182727e-03
3.191139925852741650e-03
2.609501173850759057e-03
4.430947743451893114e-03
2.646823511488504300e-03
2.619545250088360644e-03
3.318605742233038999e-03
3.556517863517410713e-03
3.761839982268875941e-03
4.183380497243809927e-03
3.453299053867344131e-03
2.719805449876469463e-03
1.939551142411888350e-03
4.464421195189031272e-03
3.485612950674236727e-03
2.819946457600430029e-03
3.604832889488054047e-03
2.639309203381716255e-03
3.475993417084620885e-03
3.867727087308504667e-03
2.265394573793196985e-03
3.219885684109751074e-03
2.924226793622939323e-03
2.879485058266048874e-03
1.976125447149034830e-03
3.125645011753023714e-03
1.645823869000927241e-03
4.307697895813606542e-03
1.837614450503856009e-03
2.425113234826238758e-03
2.358453386746419550e-03
1.952378209963749351e-03
1.650598852955829964e-03
1.342097513133626080e-03
1.502036206461119898e-03
2.825583809318509346e-03
1.132673853116578522e-03
3.079660703435622808e-03
6.780620857370276127e-04
1.102514295209488333e-03
1.664387645132123965e-03
2.239581432153643636e-03
1.422215531271570467e-03
4.908985481760809455e-04
1.746496328517777594e-03
1.103686043502114661e-03
2.415991066140472585e-03
1.431813140488983824e-03
1.411981919630402081e-03
1.456154070900188800e-03
8.900454175968766819e-04
1.693062612081792809e-04
1.331141596183673271e-03
1.692897735232238871e-03
5.185809489820613748e-04
7.203841775274519603e-04
1.401824080863415221e-03
7.763946374631055429e-04
1.222474282942015824e-03
2.231514219799237819e-03
3.543726627760057234e-04
2.957154044891426438e-04
5.317326177361073134e-04
3.539208416772577563e-04
9.149445988460605224e-05
8.288666090042317441e-04
1.606231267799388199e-03
5.035076014187352773e-04
6.577260267006297418e-04
1.257133910504674599e-03
2.936070459249474755e-04
1.380274302283687792e-03
9.015099472697876660e-04
7.659522413948614307e-04
2.098060584306072934e-04
1.081279927273327661e-03
2.982961138986079709e-04
9.153768034231026494e-04
4.066443807119647256e-04
9.386844636318420788e-04
7.161298218583767104e-05
6.493319081624579492e-04
5.998837142371387819e-04
6.910563769679031873e-04
3.726878269572030914e-04
2.286815889194432697e-04
3.182545803321178840e-04
6.408090538628749859e-04
3.506371096406786948e-04
5.441434984483375882e-04
4.319278583476418511e-04
5.091863840078863753e-04
5.127476302263574582e-04
1.480612712693867754e-03
6.998655887446062710e-04
7.456557984236454649e-04
1.053196634278808679e-03
5.362258304125825390e-04
6.979850555760904211e-04
8.691246818409642050e-04
6.871863543540995605e-04
3.315872725209019446e-04
1.105793212452706349e-03
6.155503672653504831e-04
9.620990036144320013e-04
6.226913650792052345e-04
1.170041438027892957e-03
1.397471481321012950e-03
8.325329350859462596e-04
5.001673411480079927e-04
3.382924828643005927e-04
2.519579244945497351e-04
7.619763098575157685e-04
9.639515247686433622e-04
1.039333053525157564e-04
7.534117506440157503e-04
6.648691147286029269e-04
7.980952872271771231e-04
8.514076645921760935e-04
5.718722639743009303e-04
1.391632599823426240e-03
6.206079381016379451e-04
7.542095310497323344e-04
9.070351799542651855e-04
7.399675232631138400e-04
1.410849393096029079e-03
1.095242649622375601e-03
2.006371679143650454e-03
7.133319975519776448e-04
1.938551102546488391e-03
7.755969635064708214e-04
5.841967194421117220e-04
1.271409691709347823e-03
1.185594607732473604e-03
1.871462869867697573e-03
2.856739605966711771e-04
2.091579022802192954e-03
1.441199062165047628e-03
1.724945789208264142e-03
4.600166285786069114e-04
3.512067405438068978e-04
1.047068035608713201e-03
6.974809623088105417e-04
8.515811126466893031e-04
8.092779469579235987e-04
1.832655614420595006e-03
2.174169041803952328e-03
3.759699631836157423e-04
7.864829219230056248e-04
2.585441988589098992e-03
1.285980743016251109e-03
1.604392424455810401e-03
1.424921775339832051e-03
4.666735802340249667e-04
9.954873369186203677e-04
1.796939694237713108e-03
1.047538854072150877e-03
3.252933054589087544e-04
1.522310656803543653e-03
6.286449741398427186e-04
1.085681648326645640e-03
1.316643485483866586e-03
4.535784926278771303e-04
8.882864668190509298e-04
7.203092653395682743e-04
1.925413908216358841e-03
1.156565572725088299e-03
6.071623772747349566e-04
2.278760627307925123e-03
7.146763606601948780e-04
1.101034275220620466e-03
6.978597563057594485e-04
9.041914599504105934e-04
1.073293288180738941e-03
7.853574036599702320e-04
1.246767499300130725e-03
6.177062015417604784e-04
1.417989813967675088e-03
1.399348044060947293e-03
1.124372044041389677e-03
1.094287596352389556e-03
1.245544878217748862e-03
8.533555832927891549e-04
1.634060887511364210e-03
9.121909689353531817e-04
1.544957140181821894e-03
7.558371364142226715e-04
8.876383221344996861e-04
9.528607270773376079e-04
1.105391463984459633e-03
2.311492275046450953e-03
1.437058929997418006e-03
8.944903131223515703e-04
3.800011268784328185e-04
8.262543933027462813e-04
8.313987176192946197e-04
1.153075817620792401e-03
4.741800013438132342e-04
9.583455813215475266e-04
1.452605803785348435e-03
1.346071324161494205e-03
1.243681101164412087e-03
8.035478554687643452e-04
1.755405835349855073e-03
1.047231151540869076e-03
8.481932349244657469e-04
1.185501930229600643e-03
6.129122220668318990e-04
8.555229495039699686e-04
9.011858079606121369e-04
1.101657200740865363e-03
7.935916071020248600e-04
1.387706639896077367e-03
1.096166679992001706e-03
1.043005038609686689e-03
5.414267346290895649e-04
1.812433560648407053e-03
1.264536114696127945e-03
1.691077144261666013e-03
9.827356801831235722e-04
5.830866709907186292e-04
4.093040610775010584e-04
6.076131679501700590e-04
1.374165930037864322e-03
9.661694374452721836e-04
1.439215555907024605e-03
8.815048686728481396e-04
1.163313246733336257e-03
2.088741357721153342e-03
6.808136112697206607e-04
1.428637298442887336e-03
1.504099121863075031e-03
1.235139637062320980e-03
7.214709459087991937e-04
1.363019793744228367e-03
1.190989261548782568e-03
1.152019123821732167e-03
1.743789905266990205e-03
2.331869828153488363e-03
1.757902783426980179e-03
2.144019489661038325e-03
1.105867870841735923e-03
6.344589085962514755e-04
7.374365763534518944e-04
9.789357854631285712e-04
1.467501315431538923e-03
1.433874896776972038e-03
1.432295935884471145e-03
7.709310711419103783e-04
8.012355979665515679e-04
8.707258320756365100e-04
9.877198735564324521e-04
2.216625636859614803e-03
1.192552630013509612e-03
4.874644680678829082e-04
1.125918873892283031e-03
6.491505127358425300e-04
2.797227965678306203e-04
1.255317141062297411e-03
1.049808372276759064e-03
2.288143073743539348e-03
1.690511621583236064e-03
9.403791416520251552e-04
2.249579856698504920e-03
1.888101157879263151e-03
6.515709880407605063e-04
1.108523565598135098e-03
2.689405221593582965e-04
4.284158186019894950e-04
6.933255549242611174e-04
1.820694596571648940e-03
9.420997481313374321e-04
2.057525030117462062e-03
1.676455440326140005e-03
1.009831703968678369e-03
1.250058247869179680e-03
1.322696871511778050e-03
1.075439054728171079e-03
6.342678412472080611e-04
6.038510525758916409e-04
1.327361001387411229e-03
1.255850286902021650e-03
9.161496760584290737e-04
1.422716573988309658e-03
6.937295361228435191e-04
9.165255114588405144e-04
6.475284902478111761e-04
1.153033019549269461e-03
4.827281800939314978e-04
2.647538526876979607e-03
7.195565380275463366e-04
5.229266430211052755e-04
1.325599838610134031e-03
1.527584976782859257e-03
9.373483966795662136e-04
4.164577765442388653e-04
5.421187913561560223e-04
7.150354930579651573e-04
6.889923973989228300e-04
9.986726467653428158e-04
9.810479410752911272e-04
1.089220910965339522e-03
1.103958179515433487e-03
1.115445033457375824e-03
2.671570847901475225e-04
1.531421569470653834e-03
4.957582763949402527e-04
1.697989840885122392e-03
4.865665337008843387e-04
1.006639443823784509e-03
1.457769260935343897e-03
3.974768816441398155e-04
1.623927334846506478e-03
2.253765334922003347e-03
6.399759944769999737e-04
5.411536088226181346e-04
1.577239455553976297e-03
5.236498513206210405e-04
8.987982446700583253e-04
2.481260838157582291e-03
1.816342463830041736e-03
1.098827178134084660e-03
1.841959957049798570e-03
1.269337729500352643e-03
5.641503966961285534e-04
1.343743719452103252e-03
6.186302822627432396e-04
6.038319591058184058e-04
5.126617389319286424e-04
1.058325716052961650e-03
1.236045374261576010e-03
5.861854068498606853e-04
1.442629522970879236e-03
3.003681811224192220e-04
7.438109742700410761e-04
8.345623198757630944e-04
1.312676174138126695e-03
6.531465806877585767e-04
3.290208073224933256e-04
8.922939435071475765e-04
9.724613700655015567e-04
1.861353751360131880e-04
7.655974941289094698e-04
9.902783410304697408e-04
1.078656349110391089e-03
7.699787914010043470e-04
9.780658374638003145e-04
5.746215381838553227e-04
9.810465659159696428e-04
1.044497208890542801e-03
1.144234770100367640e-03
1.059460525668134805e-03
6.383835557970565615e-04
1.299828660168279469e-03
5.013328069320382822e-04
9.826912775270570544e-04
7.578185551639127259e-04
6.315867812150993991e-04
9.098805799111359940e-04
6.312233385309936945e-04
4.621367608481090523e-04
1.598876729758377151e-03
5.686130345944558117e-04
6.667643292148708878e-04
1.435199554208231674e-03
1.057229156866381454e-03
5.203963223974620352e-04
1.019111883964986991e-03
1.047964212311025935e-03
1.141595668675477425e-03
4.645106813215351695e-04
8.432155008387800859e-04
7.291557468661191829e-04
8.364662714398780723e-04
1.059124406321404520e-03
6.665083598975854841e-04
1.446658755328354305e-03
1.015277601156315893e-03
8.707699257129466975e-04
1.301318655014541397e-03
3.557351844566663396e-04
2.015339770723113474e-03
5.874289170906103492e-04
7.189717771821931653e-04
4.482204573720167669e-04
1.485326384476657680e-03
9.111919641486134836e-04
1.716722867564353860e-03
2.258929738857658447e-03
8.410062461011054685e-04
1.070654626347922623e-03
1.261350178104939926e-03
1.219919833292169723e-03
7.948889800093671652e-04
5.387965785631924952e-04
4.970977405518064562e-04
7.698454450373470479e-04
1.028703891583982811e-03
7.206805724746561314e-04
2.490587474872856151e-03
6.168660550054521101e-04
5.725077382042034800e-04
1.614567103767305424e-03
1.786772453926134801e-03
1.988659597399499053e-03
1.024684849046662068e-03
1.344930483923105621e-03
9.642196527429610199e-04
2.502246516314298136e-04
6.458112310712478977e-04
7.307220560692800253e-04
1.479211616855042764e-03
8.846925697596116347e-04
5.394042647233012779e-04
6.445659679826010223e-04
4.587133440853089351e-04
2.682652388605197714e-03
1.188610739283749119e-03
5.149777103423403002e-04
1.264476653572656119e-03
1.479520645256172722e-03
7.059211949477992021e-04
2.122049774634468967e-03
8.476172411455516059e-04
1.098725673624233483e-03
1.782187115669811150e-03
4.293305829993541533e-04
4.410931141442698687e-04
6.487093530461546199e-04
9.047786955619275704e-04
1.516920622788015763e-03
5.402825073470621502e-04
2.810146183058531894e-04
6.724429439423381229e-04
6.908139476567634737e-04
4.817249714222343712e-04
7.174563255452657629e-04
1.236550829326137600e-03
3.649053994248534390e-04
4.217098144876946122e-04
3.378267596348960566e-04
5.396596336598290938e-04
8.451836457372421084e-04
1.447946720439635335e-03
1.639432864609710345e-03
9.144493223727117627e-04
8.704179065386902095e-04
5.064254877122813855e-04
1.298298138553459101e-03
8.496400961454636915e-04
1.268518480327280717e-03
1.097230956391002238e-03
1.661721457716879707e-03
6.889401221228270153e-04
4.761397545584444163e-04
6.106979713415169831e-04
5.708015974955813442e-04
8.646842577046192583e-04
1.064483752822275404e-03
7.033634510394750098e-04
5.388761154893091784e-04
4.680961955968276195e-04
6.117633916329434998e-04
7.304118650403110128e-04
4.043467827262228471e-04
4.230523228229638236e-04
4.998027389664310522e-04
4.591760439307396844e-04
8.670359814595242701e-04
1.803250461370213033e-03
1.700934714028057250e-03
2.488800578093880705e-03
9.157352905106644477e-04
5.477620734075494937e-04
8.757518271719111781e-04
1.101871714707656049e-03
5.940554566424837172e-04
9.160012061233985693e-04
1.270196940484127988e-03
7.611787536969819370e-04
7.646237261052781994e-04
1.323512289288533445e-03
7.993530576583608759e-04
5.310440082895907408e-04
3.392980582522031672e-04
2.512616538738767207e-04
4.106331167971269663e-04
8.031540620739997371e-04
6.361984674028308860e-04
6.163899986970357249e-04
1.759612416405199626e-03
8.741211927083584413e-04
3.733281595482386894e-04
2.122647567227250217e-04
1.804363508949505821e-03
1.425053981980581178e-03
6.841100466343671927e-04
7.543761640244302843e-04
1.294941589594633289e-03
6.776112790951910238e-04
5.279070742072232512e-04
6.770586211984315830e-04
1.187530431633764764e-03
9.088957552295617815e-04
1.445142975364694347e-03
5.976388591462043201e-04
8.818958848106743260e-04
8.553077703115577338e-04
1.377961354724494382e-03
1.544355046498562456e-03
9.262092816637384433e-04
2.520680362993444300e-04
7.810970852488883717e-04
5.316462623603468657e-04
9.136293766116686125e-04
7.054067136019864228e-04
1.267191747382341539e-03
7.629152786151074082e-04
5.232995299062212979e-04
1.526512156350467130e-03
1.419322479185028667e-03
1.154339856544186593e-03
5.252988426784962073e-04
1.255410340983567543e-03
4.062266486054246688e-04
8.531634730362039473e-04
8.493843175766514840e-05
9.968838682112160857e-04
9.491373267812982725e-04
7.743202935867969086e-04
3.497311600024180967e-04
9.741467577355824572e-04
1.191037293182910066e-03
2.231228973493844161e-03
6.469137606965387911e-04
1.229328354341390232e-03
8.932170042873649202e-04
3.244724044729226228e-04
9.302882467245461020e-04
6.459031564316704320e-04
8.458181132319059735e-04
1.767929269897020430e-03
6.349960209888261048e-04
4.778707173616114959e-04
1.998987277156192774e-03
5.328234473274633511e-04
4.876498451022561798e-04
1.056296703851924632e-03
4.591396223291221101e-04
7.935393103078141729e-04
7.999610504318292519e-04
9.568837677920355228e-04
3.726657988677736875e-04
9.524182896421143438e-04
1.263795649391832908e-03
5.364709063954693595e-04
1.033085417669086159e-03
8.732804534704692243e-04
1.065293780280893859e-03
3.203951526458685044e-04
1.274982234467172699e-03
1.042191400771789707e-03
9.788718698037089574e-04
1.101190186258737321e-03
9.171861707758716988e-04
2.342195655605972980e-04
9.644805572320016250e-04
4.083614584544143400e-04
5.804691724672326764e-04
8.330494345266372053e-04
7.532043121461285459e-04
6.858804063808103361e-04
1.160303931427528971e-03
1.866406400183831310e-03
7.033479763491606992e-04
