6.590711000492568972e-02
6.272981609391171942e-02
5.885262393842592005e-02
5.489793062368890364e-02
5.006893622967022173e-02
4.588799638071220516e-02
4.035144125093415024e-02
3.600580118673091939e-02
3.058385279460103245e-02
2.563582469055265822e-02
2.104085388131748946e-02
1.686895787716601730e-02
1.209684251763998124e-02
8.244088959752248272e-03
5.627190237463500048e-03
3.835386614121475118e-03
3.526490734314329141e-03
3.841759729216449523e-03
5.236859677445894479e-03
4.280514492377027191e-03
3.181433184316269716e-03
2.337828146742894006e-03
3.389246023021117837e-03
4.429659684681395634e-03
3.365003092887910129e-03
2.381852463518588370e-03
2.175600281932467146e-03
2.691418902828576331e-03
2.968659340157983606e-03
2.581904639051774489e-03
1.898490887247198094e-03
1.910174434369372228e-03
2.146483643853100854e-03
1.927356021898792536e-03
2.114813448309571867e-03
2.333774998516164982e-03
2.242049635607023909e-03
2.216083121431705605e-03
2.141686229958824402e-03
2.130995456391515403e-03
2.272196487292058899e-03
2.211547613573754643e-03
2.246518208367276424e-03
2.097161497391263757e-03
2.105898935735281939e-03
2.098923013501907860e-03
2.218779666354120904e-03
2.121477003143530660e-03
1.997697750421211817e-03
1.940441057860622974e-03
1.482377985463387325e-03
1.503784864751498036e-03
1.559571658857936138e-03
1.157546255436003478e-03
9.847628624475308467e-04
8.693049096477411348e-04
8.699363877273358879e-04
1.219298690804778134e-03
1.135440255996402175e-03
1.178643646029067316e-03
1.609577576496663181e-03
1.520747883815015342e-03
1.731788753501503761e-03
1.513891820871180339e-03
1.521721406507540271e-03
1.759364100785570668e-03
1.765957735100835528e-03
1.745814426119952304e-03
1.901962324211555703e-03
1.883860702410828942e-03
1.931312014531684799e-03
2.113882165245268511e-03
2.083261775470482413e-03
2.207280500965151139e-03
1.962724510376605020e-03
1.857848864727900014e-03
1.754423146249292371e-03
1.835735626330119944e-03
1.576663565385334753e-03
1.489138573469175018e-03
1.471027497564007759e-03
1.539392433078813800e-03
1.484493608445940039e-03
1.331823454194217601e-03
1.410077041575618414e-03
1.292802465797968352e-03
1.199114734088714117e-03
1.354140495531225633e-03
1.272109236522770553e-03
1.145889231858749410e-03
1.208398019976960475e-03
1.520774027100872672e-03
1.312605037761952744e-03
1.469246494989646934e-03
1.495471149423058081e-03
1.693367034042451893e-03
1.622578729807121808e-03
1.704707481184372046e-03
1.692090853158890150e-03
1.497983550912267234e-03
1.569072516861517042e-03
1.856065440960486066e-03
2.080723698236057115e-03
1.988926795604773270e-03
2.045433758264031572e-03
1.982215863094209662e-03
2.090499143825933371e-03
2.081480639905592626e-03
2.231526412240858372e-03
2.132364882550346480e-03
1.955066093795638019e-03
2.087632966600394633e-03
2.039249025432790345e-03
1.886886655595680553e-03
1.995533266771136720e-03
1.766049043237870753e-03
2.039435781020786272e-03
2.093124758131557558e-03
1.830214352970061962e-03
1.817793077796542702e-03
1.967542567040412964e-03
1.945709837232373167e-03
2.152824274100703737e-03
1.766239987500610974e-03
1.893112783262884853e-03
1.871248494253087945e-03
2.073317396130799906e-03
2.074818696097309543e-03
1.878453830786962209e-03
1.742250635342463194e-03
1.982275751671632846e-03
1.862669399386162120e-03
1.864599630959487553e-03
1.618482376845546385e-03
1.476005755175494689e-03
1.603744599100363549e-03
1.575115687031260203e-03
1.547605080540055819e-03
1.422636834315955208e-03
1.593806827460786434e-03
1.303519786712531870e-03
1.372154238450298998e-03
1.320478367360428031e-03
1.302318129447555765e-03
1.366108190056401816e-03
1.485347122442165491e-03
1.598725135457868072e-03
1.765889133892752875e-03
1.658530356438989292e-03
2.003931197580488023e-03
1.680851344916010166e-03
1.518485871430692987e-03
1.699207946992277452e-03
1.607853612031170335e-03
1.651125681276661419e-03
1.706127840566250492e-03
1.505932276442749308e-03
1.487713988031176722e-03
1.938275806787977075e-03
1.691980019311994975e-03
1.855395821531950025e-03
1.655295642846326288e-03
1.521019212037686428e-03
1.649570478825417626e-03
1.685066042803780523e-03
1.484196435618545052e-03
1.637060016816655568e-03
1.425067471414934346e-03
1.494912534283466361e-03
1.587936533265074321e-03
1.550062085893164163e-03
1.699796277109177130e-03
1.494221985974530107e-03
1.705819847415968255e-03
1.509298395092828092e-03
1.441297169505494297e-03
1.707796354637621059e-03
1.518334471237550807e-03
1.611134679660700944e-03
1.496640679815164484e-03
1.445217426845784572e-03
1.370030826265508650e-03
1.232568846720678672e-03
1.613261471275394092e-03
1.558239122623179297e-03
1.925516213980982619e-03
1.441890273617487967e-03
1.238736883452139399e-03
1.199910083967954113e-03
1.167785667130406217e-03
1.250041214670866933e-03
1.194787080037642852e-03
1.209230407165829422e-03
1.278254533822568767e-03
1.231559340728316130e-03
1.182583728082162557e-03
1.163349708780074283e-03
1.183818848960752502e-03
1.193174334198600839e-03
1.381359751676004399e-03
1.272327703572811736e-03
1.074460868711400729e-03
1.147632128455160347e-03
1.149386632137900689e-03
1.133726680900814295e-03
1.332056927334528910e-03
1.213659969219364016e-03
1.327441001054955336e-03
1.163633773282476535e-03
1.162135601071150439e-03
1.087404376131436042e-03
1.134601228640351499e-03
1.144831740954043147e-03
1.157084050537684561e-03
1.122349353012971852e-03
1.170556094977459171e-03
9.915314489927454667e-04
1.112389547506816012e-03
1.063918317801727060e-03
1.101981623002308303e-03
1.172507459509100191e-03
1.064501240104196323e-03
1.195862607262825755e-03
1.166427178800943281e-03
1.054585599295694912e-03
1.226189235555145626e-03
1.098081617491301031e-03
1.063203132725481191e-03
9.876301143738092266e-04
1.019170994991253900e-03
1.223830550144683685e-03
1.196015404564432227e-03
1.126762383607744430e-03
9.856465994335884481e-04
1.140159688398316180e-03
9.128495709073901300e-04
1.021413500201092664e-03
1.002361787734809464e-03
1.032423482152816782e-03
1.041437713146173066e-03
1.114958076505022247e-03
1.213069044689360498e-03
1.007213690643836250e-03
1.114010300356267115e-03
9.534451627822242538e-04
9.837641662216658079e-04
1.130422287428373487e-03
1.129425014803431574e-03
1.149860985522095517e-03
1.081561454971723471e-03
1.339399354210891752e-03
1.165209290605924907e-03
1.089119586523378414e-03
1.072680872322159720e-03
1.124517290362209761e-03
1.095419050792085635e-03
1.168409050242044060e-03
1.032423771853306291e-03
1.374562106819437156e-03
1.363306303058161358e-03
1.217457679179803458e-03
1.328603442768013692e-03
1.350497238284520786e-03
1.346500213601717301e-03
1.652588596339038887e-03
1.475741904257423529e-03
1.391834417282420636e-03
1.281651352909266017e-03
1.444889776831011826e-03
1.382580010346293057e-03
1.518258142722398764e-03
1.331464937144922079e-03
1.662512939357160954e-03
1.448617633529604345e-03
1.143806386342758599e-03
1.292815063197791945e-03
1.449800263367749704e-03
1.516549429482172981e-03
1.414795132143642541e-03
1.501719401589002604e-03
1.361490087668613177e-03
1.336082010516993030e-03
1.430941146638704245e-03
1.325662742846140307e-03
1.371459767755669155e-03
1.475791153691021883e-03
1.545677453848356107e-03
1.338484191688830418e-03
1.405823692976072414e-03
1.402728786660909811e-03
1.613572122905656972e-03
1.663708103316583874e-03
1.461556724365741791e-03
1.374937467170706971e-03
1.483072429908587455e-03
1.477415178783528498e-03
1.260013037669407889e-03
1.562452218406001599e-03
1.427970847927086378e-03
1.675153357617655296e-03
1.535626314288451389e-03
1.721247598587555142e-03
1.249725463652779939e-03
1.665978219170287855e-03
1.515993973656227026e-03
1.455880973835556574e-03
1.453129472629127728e-03
1.269845220552961659e-03
1.593025123580423322e-03
1.480659284096358472e-03
1.604348634875748993e-03
1.286288626451915964e-03
1.328697192284232151e-03
1.304039083416185310e-03
1.264776419390117694e-03
1.235610729959208363e-03
1.333105764262960220e-03
1.299431566508653119e-03
1.431578245157990887e-03
1.237437035910167070e-03
1.311524560378103839e-03
1.347026363612192088e-03
1.431181596157275792e-03
1.426622069062037125e-03
1.388480732609786517e-03
1.219223143532682883e-03
1.509274217706908609e-03
1.441164887375922079e-03
1.478189660082944662e-03
1.198376980269392263e-03
1.189670326157333223e-03
1.272258699604225966e-03
1.157458471897837961e-03
1.331290086700549899e-03
1.062729222572041197e-03
1.196420636209880040e-03
1.294794873785934386e-03
1.269636488857324831e-03
1.384314159798782267e-03
1.169048961705627682e-03
1.221135428336135803e-03
1.402219364738488232e-03
1.259107803875255185e-03
1.317873304115035676e-03
1.120786614304978765e-03
1.190045228193554799e-03
1.348486627320552144e-03
1.271924404400274350e-03
1.020966889508432077e-03
1.092344277336288784e-03
1.296813775751548894e-03
1.333993900936231115e-03
1.250907478951888670e-03
1.237587044009728215e-03
1.230856064488111690e-03
1.307281296633986019e-03
1.296080953303926486e-03
1.202945278044728486e-03
1.274084758992547611e-03
1.527905752200537509e-03
1.369526664432928632e-03
1.322025607426750285e-03
1.552680475884994898e-03
1.342137987019060208e-03
1.594036974437882661e-03
1.247376695425180459e-03
1.202034655729524327e-03
1.449989706853363654e-03
1.269153448913728100e-03
1.197983187080933765e-03
1.166616222262639594e-03
1.304634512313413959e-03
1.576597757119317222e-03
1.347820147607088886e-03
1.157087080100283830e-03
1.093758365212978579e-03
1.350351571146875306e-03
1.399626130513205446e-03
1.288039640885480907e-03
1.360261869889860427e-03
1.325077036694891075e-03
1.235522442209158580e-03
1.301643628103036927e-03
1.430173819912090123e-03
1.274472687591624281e-03
1.163882656943346057e-03
1.404790411189367006e-03
1.238419989730458765e-03
1.255167398781132856e-03
1.130522085128577272e-03
1.230065498218796318e-03
1.498065465968067764e-03
1.315681844190024494e-03
1.485701463717245454e-03
1.416655701360467704e-03
1.345607336704360323e-03
1.280190619808788122e-03
1.405071644264275750e-03
1.287425826827729575e-03
1.397495409974707945e-03
1.295523731298984073e-03
1.244150820680682340e-03
1.301649902995037460e-03
1.450747541009781956e-03
1.089411349569539529e-03
1.418723859753078399e-03
1.340361795364576267e-03
1.167499127208780196e-03
1.304758227764039880e-03
1.435744845070845632e-03
1.315696977941169113e-03
1.216646599657133457e-03
1.471249297450473534e-03
1.342911149771927517e-03
1.454612786081237088e-03
1.440464640978825163e-03
1.368959449431644783e-03
1.404548839945430738e-03
1.406663995692726673e-03
1.172941371905824757e-03
1.443751955922525010e-03
1.237194441490919615e-03
1.308612339218759432e-03
1.214352467991575537e-03
1.458284976277442798e-03
1.310377078525839850e-03
1.424171982761943990e-03
1.229071113242828726e-03
1.202328016957808108e-03
1.420203177891496329e-03
1.262871722144545813e-03
1.272899435042723279e-03
1.292494581249940908e-03
1.282872660893936154e-03
1.465321746914170168e-03
1.413492539695278402e-03
1.476667227174748714e-03
1.460364108689973057e-03
1.419054493051564525e-03
1.327288613183257244e-03
1.175652591153586272e-03
1.494892383922033323e-03
1.288684240469109262e-03
1.276119893777872497e-03
1.265722456522170268e-03
1.083893769405990144e-03
1.211105024532760886e-03
1.268334026386013468e-03
1.237202685588417598e-03
1.526508955483105601e-03
1.330860374652913843e-03
1.058935205425572817e-03
1.349899469675120084e-03
1.335711484770480328e-03
1.382274814508811919e-03
1.172378967065574283e-03
1.616255137576955289e-03
1.419414808191208537e-03
1.410194454979147270e-03
1.249924012757904022e-03
1.150791846802645549e-03
1.184310380110285528e-03
1.488763343810121150e-03
1.278334892633337366e-03
1.297447761039803192e-03
1.297021308011855369e-03
1.323659911916146579e-03
1.342402087202702442e-03
1.275010928669728823e-03
1.362764117980381140e-03
1.286861173887167940e-03
1.215771574289410120e-03
1.473606365150451677e-03
1.308715031896843031e-03
1.285205545973441789e-03
1.203899763095862569e-03
1.370899298630475459e-03
1.430040245410366118e-03
1.465067264843168031e-03
1.359811588364048720e-03
1.258266374233544833e-03
1.447653612302427645e-03
1.221196181740996298e-03
1.286625066642626538e-03
1.367052618145780116e-03
1.373468653209529520e-03
1.350157207136781735e-03
1.232012956365031000e-03
1.368817114183435530e-03
1.222107241823698924e-03
1.321811377003851307e-03
1.229439174236989559e-03
1.244984068312459183e-03
1.353177361207666320e-03
1.266742549733203792e-03
1.279862202100670501e-03
1.451659223182967442e-03
1.266434101470640360e-03
1.319735885584976710e-03
1.392916131806907305e-03
1.133352071042290337e-03
1.340408672496575318e-03
1.377619435353294279e-03
1.281547087673400726e-03
1.421118533639216227e-03
1.222099321151758327e-03
1.437710054426908106e-03
1.304571146777010930e-03
1.424259910137068343e-03
1.280881576404216664e-03
1.530034872281471007e-03
1.328767003713340195e-03
1.643710112450064934e-03
1.144470052776054656e-03
1.238700065434853630e-03
1.281882599572045471e-03
1.420435262893128981e-03
1.151199950661567148e-03
1.444380500421028283e-03
1.176464561272010101e-03
1.160814145184754873e-03
1.631539567019892620e-03
1.373024833171147558e-03
1.279412530999659778e-03
1.480160991785533587e-03
1.168354715554648007e-03
1.189423623440981565e-03
1.253732594785300679e-03
1.331044814141299493e-03
1.100277184988516675e-03
1.532871677095004083e-03
1.300920205099235019e-03
1.279278722814049078e-03
1.211198882870319956e-03
1.472321864262868697e-03
1.540664195448115774e-03
1.355735832826995358e-03
1.499163745598499145e-03
1.435180154708266907e-03
1.559610571605495911e-03
1.150742563922347358e-03
1.459636973143159638e-03
1.495885984201315248e-03
1.302535331362374453e-03
1.362837952577393040e-03
1.140311772912847845e-03
1.258911560090388276e-03
1.523047421224366180e-03
1.297886778421225096e-03
1.381532799315476423e-03
1.499874601156991590e-03
1.151323093543691993e-03
1.601692776151748387e-03
1.569673858512954248e-03
1.444056033949868510e-03
1.382174304528950570e-03
1.306839377686096551e-03
1.365836995452462694e-03
1.511196106937297799e-03
1.276400403633063188e-03
1.363917362991004523e-03
1.261182866300888678e-03
1.368588393841187537e-03
1.296158060965541805e-03
1.182328390590946156e-03
1.226008233093147867e-03
1.311484886248947841e-03
1.268687124397078038e-03
1.302559575010717651e-03
1.269509917231346043e-03
1.446174405056282293e-03
1.212630150658222791e-03
1.476263305408969176e-03
1.351767381641375216e-03
1.436941265359119833e-03
1.466776820936131504e-03
1.355993850750433424e-03
1.388267557136295318e-03
1.237569981931260690e-03
1.332120333743726671e-03
1.258331058811822936e-03
1.288254135199568516e-03
1.366664077157592454e-03
1.207954255358294204e-03
1.391504885564467464e-03
1.272371782483833593e-03
1.321738617671259879e-03
1.306421342058704596e-03
1.469587838432505778e-03
1.542006426069536269e-03
1.216168115806392147e-03
1.396105045256876721e-03
1.329988058075143482e-03
1.474837133795600360e-03
1.240135604733169855e-03
1.270706394141306967e-03
1.205999456784492309e-03
1.630377819051996927e-03
1.215947284683054682e-03
1.289112458460226190e-03
1.310628030018233438e-03
1.357494641670291876e-03
1.265522867535016308e-03
1.493960745336998623e-03
1.463033066497987540e-03
1.102203862819730543e-03
1.348683203191182890e-03
1.522298192227675888e-03
1.403323626340666121e-03
1.538888859322132307e-03
1.308721629462764784e-03
1.447716033042239668e-03
1.153193450115150938e-03
1.323854284911996082e-03
1.376834892738444324e-03
1.462247534586107005e-03
1.218695483435912720e-03
1.373226863753354609e-03
1.453297038223560263e-03
1.443732046415560502e-03
1.400063017135880607e-03
1.451988411200073100e-03
1.479353506812235500e-03
1.371173580802713485e-03
1.489399939426530681e-03
1.269420205904486006e-03
1.642328298471214948e-03
1.601261514477921727e-03
1.140890768316081202e-03
1.186629926551988588e-03
1.255539881460746802e-03
1.221396179962944530e-03
1.326406696143743154e-03
1.452966240289582916e-03
1.237439266718208617e-03
1.229114223594821162e-03
1.619226840430821593e-03
1.288166254882350996e-03
1.262023738339617448e-03
1.353790002033939104e-03
1.541208070852787904e-03
1.302372446872685115e-03
1.308812264800867774e-03
1.328293685236902515e-03
1.155631037352466669e-03
1.660576149395480774e-03
1.403672474389197318e-03
1.373113655103406659e-03
1.310493598687881636e-03
1.182713687690045267e-03
1.560923003787405153e-03
1.449370709792764233e-03
1.350556986594509583e-03
1.395755410819584773e-03
1.292298777794051706e-03
1.386236806596852136e-03
1.319474779046163684e-03
1.404687061946283339e-03
1.252911630841803273e-03
1.426091106723399206e-03
1.338266533892595346e-03
1.511387624604867497e-03
1.464572686318322842e-03
1.550378519444764805e-03
1.386657031171147168e-03
1.227098899296421219e-03
1.390321511480518881e-03
1.322228941607210767e-03
1.242323460071633823e-03
1.353441920506342523e-03
1.443598088950084641e-03
1.452710098988393940e-03
1.496043605196455302e-03
1.449084868689800220e-03
1.453923989025545033e-03
1.282678183271154749e-03
1.301987468269187641e-03
1.411434540088001271e-03
1.569050155540152374e-03
1.169328273398068802e-03
1.119551539205661988e-03
1.178020716545369372e-03
1.305793978277915894e-03
1.435916363512912668e-03
1.435229914818810437e-03
1.438855385678940776e-03
1.379419351504611660e-03
1.250629064453321867e-03
1.386108359184972825e-03
1.165482748774928582e-03
1.247958446904641298e-03
1.335020314033422877e-03
1.171627352803248376e-03
1.272440918072177424e-03
1.132912505288209302e-03
1.264488462623235320e-03
1.701900131220831407e-03
1.349795547140620776e-03
1.572380960058870902e-03
1.475158179829393849e-03
1.272254740865496345e-03
1.387823817558377602e-03
1.425524764468878020e-03
1.207104863271499934e-03
1.408680817199142819e-03
1.418403230099427297e-03
1.340074831791379390e-03
1.170517991412173319e-03
1.335206070467662761e-03
1.447257525545879789e-03
1.350403927522282523e-03
1.452864742649952494e-03
1.254201215752866454e-03
1.488657748672392311e-03
1.327079487674465803e-03
1.590032639138027996e-03
1.318372636835125379e-03
1.241285491446903529e-03
1.323191927190026183e-03
1.273589314573676454e-03
1.281487651868311491e-03
1.320677143364137754e-03
1.429507025727537288e-03
1.473354081733237869e-03
1.281394326837939027e-03
1.595097779588675914e-03
1.403494321943147194e-03
1.444095797016045450e-03
1.471285539636554320e-03
1.417832358358604239e-03
1.480047621273177611e-03
1.214659711724411055e-03
1.204041800155655154e-03
1.381894955908281181e-03
1.348614760163261263e-03
1.460440012468750340e-03
1.227401673377888965e-03
1.290598484233172879e-03
1.156221531247030336e-03
1.290297048282484926e-03
1.301985629399943266e-03
1.341064655852319170e-03
1.358228198480675858e-03
1.374557927080454498e-03
1.307435038031140541e-03
1.249748707011765284e-03
1.346226586005626899e-03
1.229111960696171665e-03
1.438227289235501690e-03
1.391509103242497859e-03
1.411305747683554894e-03
1.414240895778739364e-03
1.359457214760511571e-03
1.506794890143919180e-03
1.286294506105503535e-03
1.383061755294927829e-03
1.350347038281719380e-03
1.368738788261536759e-03
1.260973346768459735e-03
1.451375454094108643e-03
1.314812519642216682e-03
1.169773067355394736e-03
1.370074946218031650e-03
1.250664001310277263e-03
1.411674706320770883e-03
1.386961846482727368e-03
1.436543592440266961e-03
1.501603541445255176e-03
1.096352080837792713e-03
1.175257557839888946e-03
1.281199725844793785e-03
1.439383100025026481e-03
1.117875016281147816e-03
1.177331400321892383e-03
1.512446041789637478e-03
1.160415329476526501e-03
1.328659366900578976e-03
1.224448858792996728e-03
1.330597789940953998e-03
1.379365399175666498e-03
1.496029120623275106e-03
1.176616716351681436e-03
1.350213349458987419e-03
1.483840169888278084e-03
1.364833222024921860e-03
1.329856577812750257e-03
1.109117824801753548e-03
1.346547224154392335e-03
1.476663570837264197e-03
1.258733547012685092e-03
1.340230294424389146e-03
1.435700420635992007e-03
1.443514049467263744e-03
1.260500281979993727e-03
1.545783114792683181e-03
1.270335733195265392e-03
1.422399966877258134e-03
1.344200005223792141e-03
1.442960062815307936e-03
1.468854210805524852e-03
1.560847582950415993e-03
