4.993845339723676502e-02
5.927844940075466945e-02
6.499241525231527761e-02
5.889837861448245920e-02
7.127691468103954098e-02
6.762406708047355441e-02
6.505189767389905897e-02
7.064365106905295955e-02
7.214377185243411872e-02
6.955748685175411339e-02
5.596784834097161959e-02
5.615180094397698857e-02
4.644196403242175503e-02
3.699144552049642848e-02
3.211993235968999688e-02
2.304335301980407757e-02
2.945969595367544172e-02
2.603140633760285191e-02
2.065239395169565437e-02
2.804070855410034993e-02
2.509171322287965036e-02
1.835228950244417734e-02
1.991422639684084159e-02
2.439068349608841668e-02
2.933580711626366036e-02
3.164462731633642389e-02
3.401719206278519536e-02
3.553161399469431658e-02
2.948333560418224183e-02
3.199246903867726532e-02
3.941792392139679968e-02
4.665308707220872791e-02
5.026695779549147924e-02
5.538046782973646276e-02
4.554273823188394882e-02
5.058251284288825533e-02
4.966549746858058001e-02
5.978863371644289187e-02
5.909999369015744158e-02
5.483086117182479902e-02
6.025243399273700479e-02
5.722516263128051700e-02
4.822529857458381780e-02
5.899043802993299973e-02
5.352476465949721623e-02
5.046561272486506378e-02
4.663909993303534673e-02
4.684283440175818908e-02
4.470409406680848907e-02
3.437662543315227193e-02
3.474527164845139099e-02
3.200741237412842166e-02
2.795356093589724047e-02
2.508952111656248540e-02
2.205688005435194748e-02
1.853621263939145281e-02
1.808141147292940606e-02
1.654931430587833555e-02
1.911329327585770468e-02
1.460850316482052019e-02
2.024618255126832411e-02
1.957778882664938311e-02
2.159837870672744187e-02
1.787553706150146748e-02
1.944226446453398149e-02
1.837719330677526144e-02
2.352223449324921181e-02
2.032804313034244220e-02
2.559091494835231614e-02
2.454493151082242502e-02
2.254190523491257300e-02
3.043552587283806718e-02
2.632479634143851041e-02
2.597860130926853139e-02
2.422079130999314420e-02
2.484028452324134675e-02
2.129652192280218417e-02
2.621282417859261554e-02
2.361726179195980727e-02
2.179222843533453607e-02
1.966684774958472881e-02
1.800260702568846211e-02
1.806139180508208042e-02
1.246294975669706186e-02
1.479391175797713405e-02
1.456303153508332546e-02
1.176972724274556736e-02
1.675381415581387451e-02
1.416181116385627908e-02
7.850725978999691448e-03
8.995189282108684292e-03
7.756800235736629329e-03
1.220239364259132625e-02
8.094618843842634262e-03
9.915899163228342889e-03
8.669330871681929160e-03
6.091626439525244484e-03
9.185521409904619239e-03
5.361852624436953818e-03
7.200076659348289207e-03
8.197954394184341770e-03
6.519235789354516607e-03
5.015293027809339561e-03
6.353565369305052071e-03
8.093368331134966759e-03
7.773966335954048644e-03
6.396854381648919494e-03
4.954051381164265196e-03
4.102836061693954095e-03
1.609580673021089592e-03
6.241636641783358287e-03
3.807317035572181652e-03
2.279252808239166407e-03
1.782846462381039530e-03
3.409481062814584060e-03
2.199807797663227375e-03
2.416497546863628689e-03
4.353237634366955051e-03
5.313905308123627151e-03
4.273802125494403220e-03
4.177999537730395750e-03
3.390033673849184113e-03
5.186048054348670056e-03
6.633682659433366539e-03
6.716413774391077375e-03
7.101339002143657562e-03
5.867083066682171437e-03
7.516495348090756513e-03
7.441963345962077786e-03
7.027053144940842433e-03
7.547209132829582438e-03
1.039302056727638666e-02
9.143251032662233838e-03
1.376141216486828286e-02
1.331507852099375784e-02
1.399751255877878554e-02
1.839531995340676698e-02
2.160974445120855333e-02
1.644061455544032838e-02
1.905461511707771949e-02
2.095921316696810685e-02
2.214618902552547772e-02
2.255639007867726864e-02
2.907959301396770280e-02
2.980457722086589031e-02
2.933853081830190349e-02
3.043608921230747319e-02
3.226663496889279475e-02
3.357219630453611020e-02
2.703785342934628133e-02
3.766418112287603370e-02
3.284439850801027655e-02
2.840690356180508233e-02
2.604764201388834119e-02
2.971692241616794017e-02
3.273779000450151300e-02
2.684427004447773393e-02
2.594077873606770793e-02
3.238462393511884474e-02
3.193445734194508973e-02
2.615177320930609645e-02
2.954124030280819505e-02
2.610252483108022742e-02
2.775784687630913211e-02
2.473687567451616359e-02
2.293910267481141449e-02
2.634687665096113740e-02
2.896609869609210325e-02
3.046737470635122250e-02
3.254950828697136117e-02
3.365444451114535385e-02
2.567441501546045834e-02
3.061097583079741904e-02
3.034620841867912908e-02
2.761842936576975119e-02
2.968230823584933759e-02
2.801636395521131181e-02
2.821158206059600979e-02
2.815858567968762896e-02
2.531492935401340183e-02
2.546228850922532122e-02
2.731405704548417121e-02
2.565655371303304094e-02
2.729418511829593066e-02
3.052628227396554303e-02
3.186842720598701689e-02
2.764050066263498001e-02
3.095710704806508076e-02
2.534506162678037272e-02
2.292521291336938744e-02
2.192321118170094396e-02
2.928578444364634409e-02
2.655673627439496601e-02
2.387827197445257718e-02
2.617988745138894943e-02
2.397534166997069421e-02
2.292602043893156999e-02
2.632448350393710307e-02
2.476074955935520655e-02
2.309833574132751435e-02
2.342780400958350412e-02
2.596079573213430983e-02
2.113452014554960748e-02
2.252533103261416397e-02
2.643304981115965346e-02
2.446528153235618883e-02
2.314590519552105902e-02
2.391808191413733256e-02
2.479556709282167148e-02
1.955865311102752274e-02
2.128693550814847110e-02
2.229260354354075865e-02
2.849265374520537630e-02
1.980514521094754038e-02
2.260083997732177316e-02
2.162935806451891929e-02
2.300422369303234751e-02
2.043774026970175337e-02
2.314974222054606498e-02
2.015197472581540389e-02
1.949145027993463494e-02
2.149320971321034071e-02
2.006098078167617080e-02
2.149806982296750130e-02
2.040759790356272765e-02
2.109318191733603257e-02
1.530960137015651562e-02
1.631280367910039816e-02
1.759744396249290910e-02
1.565786350758651205e-02
1.826047193543532329e-02
1.722716732547223753e-02
1.857510405541918166e-02
1.682981515632039210e-02
1.667335820710392699e-02
1.821086578305495043e-02
1.581292313420890744e-02
1.806513190916768721e-02
1.784782481945795113e-02
1.358222401838305761e-02
2.040795058468719905e-02
1.955514382819504085e-02
1.573794285247471711e-02
1.583400712393703835e-02
1.055487976158974057e-02
1.674885513007474958e-02
1.196210546364489917e-02
1.532544371046289100e-02
1.443700381673229324e-02
1.093351853350111452e-02
1.531560163897617392e-02
1.288473454739381269e-02
1.755223424787809294e-02
1.205624314656194435e-02
1.738633590762755574e-02
1.465513141087338225e-02
1.249875451788012501e-02
1.320428143314952840e-02
1.392100230416038267e-02
1.333437164680449823e-02
1.048487516296785042e-02
1.174930456453297974e-02
1.442195308741848342e-02
1.198346912194828834e-02
1.090977523300682740e-02
1.284088853258994606e-02
9.141039375230468333e-03
5.890993407975241881e-03
8.299929262668124391e-03
7.097387399895399053e-03
6.567872857945306585e-03
9.908592751179414598e-03
8.022812400816529965e-03
8.045348234367930354e-03
7.531678189514522115e-03
1.008600345520190532e-02
7.979963841297016067e-03
7.482737288219416805e-03
6.481551745329716674e-03
6.691448178901816118e-03
5.974108408600103948e-03
6.973877605827101013e-03
6.304893348634054567e-03
5.695615383118208391e-03
5.619136624179227671e-03
6.435489775842889899e-03
4.111550011297919471e-03
2.950042760743600001e-03
2.652444540722569914e-03
4.790537781474683669e-03
5.730624286588307040e-03
5.264788160302869349e-03
5.237075428833256122e-03
4.375307632607413656e-03
4.741291352547281207e-03
4.490688077399114519e-03
2.384847474102794618e-03
4.972756343460120639e-03
3.698225208313183406e-03
2.051052555211683743e-03
4.292124692758807376e-03
3.128853262838848792e-03
4.188964534670385972e-03
4.869167120032890511e-03
3.903515400503686835e-03
3.142129129509142142e-03
5.771410924521861233e-03
5.329774090293662968e-03
5.180907031525977362e-03
5.617699967247917481e-03
7.427333912984808786e-03
3.427157448004921475e-03
5.398489631177490720e-03
3.119193697223907654e-03
2.538092802649205820e-03
5.772976635184553368e-03
4.357713868547949745e-03
2.604564510747772819e-03
4.085511523381304445e-03
3.847150070078908524e-03
3.881793722227917364e-03
3.410963484780750194e-03
4.648747803421884525e-03
4.774898192416329908e-03
4.885468659844170204e-03
7.365622279494831413e-03
6.245903784130707112e-03
6.474982175975944540e-03
4.074505654825151535e-03
5.178267007042841423e-03
4.751976003726943870e-03
5.801226411246073258e-03
3.819841859699585427e-03
3.561764485529075961e-03
2.936902533669559848e-03
5.784175381069008720e-03
5.483853824802591148e-03
6.414942805208336506e-03
5.638666264756345831e-03
5.557516778985993090e-03
5.631226240445499041e-03
3.433461314385110024e-03
5.280244196676140561e-03
5.445966394143408017e-03
4.537025138343019418e-03
5.664043898358444608e-03
5.883002441223673940e-03
6.054807269612212488e-03
6.170876052941179704e-03
4.953451517571047860e-03
5.411141643867922908e-03
4.563348629821465004e-03
4.491418935163423755e-03
7.130634485593894366e-03
6.300271251648203660e-03
6.168990195485616473e-03
6.822065607965006884e-03
1.054161691503290380e-02
8.113582400086125079e-03
6.968570845537877881e-03
9.236387425995444198e-03
7.880096929922940363e-03
5.926977041875042436e-03
6.629736394250174830e-03
6.009665221603656404e-03
7.922673915393002586e-03
1.070609349915296014e-02
8.433059179955040147e-03
9.575516078810145104e-03
9.353694633242081238e-03
7.296597671177705580e-03
9.554019346394196713e-03
8.559988170631603610e-03
9.267636517655884407e-03
1.057033988819253492e-02
5.909825414364130308e-03
9.652936075446380895e-03
9.225451151481987508e-03
6.772712373091035673e-03
6.981657547005143058e-03
1.046104231271795595e-02
1.069932940399124545e-02
8.991921550722313181e-03
9.080881586801710370e-03
9.795655988439193676e-03
9.221228273792994937e-03
8.438101824174338086e-03
6.907294697164300702e-03
1.022372131847729300e-02
1.076103144368352992e-02
7.744127346165742727e-03
8.974940542181978828e-03
8.246726473214031558e-03
9.021563971936241363e-03
1.057178156984625583e-02
1.085376513720040861e-02
1.150098567793782223e-02
1.219581139460695386e-02
1.067053129023374028e-02
8.422856803907854614e-03
1.105346054594061843e-02
1.223594520544063133e-02
9.819364649681083801e-03
9.180324628942825027e-03
1.265977544157904401e-02
1.033501679242133930e-02
9.839044829859405067e-03
7.684541938434388819e-03
1.117887755052996215e-02
9.347997479722570946e-03
1.069197953891689451e-02
8.345512623164810795e-03
8.567701363719254851e-03
1.051000946848418792e-02
7.709343058341810127e-03
1.193239124434362051e-02
1.395304046314945791e-02
1.174165365778686784e-02
1.161152655092641088e-02
1.030268280304777462e-02
1.162029033669388818e-02
1.079671022076974726e-02
1.015050795418019451e-02
9.522356784068508953e-03
7.804064494076279335e-03
1.435324131926065012e-02
1.096520874655224943e-02
9.160624758985144722e-03
1.367976867029463764e-02
1.037961874129008852e-02
1.306702030592769327e-02
1.350083288737432240e-02
1.492552588354674990e-02
1.143149968338921275e-02
1.280348836180697676e-02
1.311704620131714377e-02
1.499579507708641984e-02
1.277914762570421525e-02
1.017647112904666515e-02
1.047367592042336946e-02
1.093250504647766581e-02
1.056436707898570325e-02
1.000974464940793118e-02
9.807267691621601724e-03
1.355539382953587640e-02
9.721841193014189864e-03
1.068318309160954348e-02
1.312156664834455456e-02
1.079156472480988921e-02
1.176058880370497300e-02
1.347412871749504096e-02
9.511465283434683907e-03
1.047856650393684010e-02
1.057111564145447359e-02
1.217063548627942381e-02
1.276010115836083945e-02
1.175843353909784839e-02
1.184871747883275116e-02
1.131803643301424606e-02
1.428840426036737977e-02
1.194191761897550781e-02
1.372504219105469096e-02
8.443634341059704992e-03
1.221007119900531339e-02
9.481284531261503085e-03
1.534487491820232981e-02
8.532178975488838649e-03
1.314539562217465277e-02
1.260314087783382525e-02
1.307744940789747241e-02
1.354351188204270390e-02
1.428742068559739516e-02
1.103678667219641293e-02
1.092375661454022401e-02
1.514615334863020010e-02
1.206885906840261813e-02
1.504644318602170114e-02
1.575811915281651043e-02
1.049349714110669324e-02
8.948105547589362344e-03
9.776677468428911222e-03
1.126968264455566540e-02
1.242620722657917717e-02
8.196700368593616906e-03
1.232493113512101411e-02
1.259236273592047664e-02
8.851312801542516456e-03
1.155575026132084696e-02
1.022540455000883926e-02
9.683464743553546125e-03
1.285444015050088949e-02
1.216699863079760864e-02
9.770354554312984594e-03
9.168668582142047718e-03
9.866608646725389190e-03
1.042500194397756250e-02
9.551928542471345082e-03
1.288422961669478083e-02
8.097206443373252197e-03
1.247082162035074646e-02
9.926223147035305450e-03
1.084940241315610239e-02
1.285843233176613837e-02
1.047845227982304762e-02
1.229417263654850913e-02
1.098104067752643173e-02
8.894361202873372549e-03
1.038791398630705375e-02
1.162114491623617886e-02
9.701095396324977901e-03
1.390987471099531560e-02
1.135977887341548323e-02
1.340968634506233513e-02
1.101498996761838926e-02
8.407635273916896218e-03
7.562455546466465874e-03
9.852162448990672144e-03
7.814803823167003685e-03
1.007722769892172195e-02
1.131963177340114361e-02
1.087335708411853348e-02
1.062789261026929853e-02
1.192760370528214188e-02
1.159049484550164072e-02
9.001108082377626274e-03
1.240414657819698466e-02
1.092524422764415762e-02
1.236926030070249587e-02
1.117527290096958885e-02
9.938417426801801971e-03
1.309623171509633442e-02
1.101688363120825916e-02
1.121660163698102487e-02
1.150888141878104662e-02
1.166625156291142655e-02
1.336679341360832128e-02
1.137150672173235268e-02
9.825110604474216955e-03
1.458784197918242855e-02
1.087511022041695412e-02
9.428987396802262708e-03
9.173032126064718794e-03
9.464647581679561800e-03
1.005705084895890632e-02
1.028219375030373257e-02
1.090917130579311355e-02
1.037084215102601625e-02
1.062208256019972485e-02
1.046585009197786853e-02
1.132318534365769382e-02
1.195927068171605441e-02
9.871867653960595193e-03
1.337193198545601897e-02
1.155501705367314134e-02
9.689116077969805313e-03
1.160720802501215634e-02
1.198652100057242403e-02
1.126140757014568519e-02
1.066800974132066197e-02
1.205564549374252281e-02
1.193591073978453494e-02
1.296143738816198446e-02
1.379779536996110847e-02
9.395174185935035657e-03
1.154778172180747665e-02
1.384835770568315465e-02
1.324497538608379078e-02
1.325133131006771443e-02
1.174472395027913695e-02
9.857662615070570539e-03
1.368862866552021489e-02
1.109654102635644277e-02
9.240544705581034413e-03
1.288679779468708021e-02
1.103901152714771398e-02
1.080719655602261145e-02
1.010146180753378892e-02
8.491327313344836092e-03
8.974584964644132662e-03
1.057382748703546496e-02
9.637493263654326250e-03
1.004550209540458310e-02
1.127311590819269314e-02
1.285581864392684216e-02
1.080620483499183937e-02
1.003358341686900676e-02
1.057386259376268470e-02
8.200232007449291191e-03
1.354324151048411258e-02
1.093402027729255439e-02
1.052691184729875884e-02
9.237477209461523661e-03
1.265151470130925805e-02
1.003032873655004820e-02
1.181422392686333998e-02
1.088519836214581898e-02
8.847056573253599815e-03
8.869744874858202094e-03
1.224478172313439236e-02
1.239716766289819007e-02
8.560196977298699383e-03
1.413780220397065600e-02
1.111516978926520988e-02
1.238217645301135407e-02
1.338950976460194335e-02
9.627857088311618516e-03
1.556319755712778224e-02
1.209163454581708638e-02
9.965827725518001598e-03
1.354504188022582871e-02
1.225146979706659943e-02
9.376292070870713424e-03
8.871177566355196303e-03
1.123115315409995221e-02
9.590195225368722959e-03
1.204092970189565327e-02
1.044922598216930024e-02
1.152044841336212662e-02
1.075920895523559129e-02
1.289311691707841628e-02
1.347145825264451507e-02
1.494323552427946275e-02
1.252686111117216720e-02
1.127507533073885196e-02
1.033126457918906276e-02
1.096837183926523650e-02
1.167564425654294032e-02
1.216671543040042693e-02
9.423540689702390033e-03
1.043611933654503034e-02
9.935326080280134503e-03
1.195697348604225427e-02
1.359171665220070858e-02
8.881779816777122735e-03
1.201813118681252339e-02
1.021049360349708494e-02
1.101788082899579288e-02
9.433705206452652411e-03
1.082181540290336370e-02
1.527801404475439585e-02
9.160603526529363314e-03
9.925606171632395808e-03
1.141799172469687602e-02
9.759239901684006388e-03
1.381929725820624406e-02
1.129978674491886187e-02
1.133614639572848651e-02
1.029022558244200788e-02
8.618258301875432806e-03
8.548500371528062330e-03
1.401720761319492567e-02
1.287649882434641242e-02
1.218167706436716624e-02
1.017687641884072389e-02
1.041301961077594276e-02
1.315185882400213453e-02
8.134054813294020608e-03
1.229116806431150739e-02
8.240401663745688249e-03
9.754121372422893885e-03
8.887520696792690703e-03
1.129318043751336570e-02
1.060359551133250103e-02
9.498127362167915755e-03
9.051127972647727074e-03
1.138618178142395375e-02
1.067254066488819604e-02
1.267777670484709386e-02
1.015128401856114568e-02
1.714235126221458697e-02
1.239386286692293303e-02
1.028636101373038743e-02
9.348150796298342752e-03
1.229368359454226407e-02
9.773791362142911568e-03
1.406966092266994338e-02
9.145784503608350019e-03
1.300332167308189228e-02
9.583212301756436485e-03
1.121932933485784815e-02
1.034125744946292648e-02
1.142812807257581088e-02
1.292561238974825402e-02
8.947656951180519777e-03
1.019478442551523777e-02
9.003708041705372686e-03
1.402381965420689339e-02
1.186152669467253201e-02
9.788196581255757811e-03
1.006430852384481052e-02
1.214471264536053953e-02
1.129309631822683103e-02
1.115895735635736782e-02
1.118206265166468358e-02
1.170130340718615429e-02
1.172406056019379209e-02
7.884436922685606614e-03
1.042225663643510901e-02
1.296161581295242858e-02
1.187266791976311978e-02
1.154648757355508475e-02
7.648274428878985322e-03
1.040685585574776043e-02
1.054571492187801780e-02
7.683164254474451199e-03
1.194431405776128288e-02
1.151516257288488256e-02
1.106678900854792327e-02
1.093899901211034358e-02
1.352356345084628104e-02
1.246600275107693535e-02
1.136795007519307565e-02
1.648813223327993960e-02
1.159250047196558678e-02
8.394998436670051550e-03
1.279367210031642429e-02
1.003494926525554977e-02
1.356042538766529144e-02
1.214690528967042778e-02
1.003981719734798640e-02
1.286341994610278559e-02
1.175619403799137326e-02
1.310298231099797650e-02
1.019187913669953975e-02
1.027565514556346392e-02
9.656677601646861467e-03
1.376308051913046650e-02
1.039092840986163661e-02
1.341730209679584639e-02
1.102117208436874905e-02
1.051203882326441456e-02
1.042120523295324806e-02
1.195505447580303901e-02
1.134369625910228163e-02
1.191981954663028434e-02
9.957859541932154862e-03
8.634357925171837200e-03
1.270731816617824868e-02
1.174004554089832543e-02
1.245120164599650310e-02
1.093901854882645477e-02
1.060140584675682215e-02
9.245755703414439142e-03
1.112287184579573499e-02
9.501940310006893806e-03
8.365778789251298794e-03
8.780884227282301571e-03
1.150147487722295511e-02
8.139140452601320574e-03
1.023265121116738452e-02
1.113739065823317158e-02
9.234919861140509015e-03
1.071535541570412496e-02
9.218604668408883832e-03
9.176827734609352763e-03
1.335744527369461289e-02
1.021346130012760513e-02
1.098356167193160517e-02
9.984436146292702957e-03
1.184705107768405270e-02
1.053885432507706103e-02
8.051147092512690034e-03
9.721871112784066793e-03
1.222489232511202173e-02
1.006035754278526186e-02
1.187722300524008887e-02
9.316121925783946156e-03
1.049701862102278560e-02
9.952783566866088560e-03
1.199837144143825994e-02
8.640410843789282647e-03
9.837492869906013307e-03
6.708995540901272273e-03
9.806222855204296124e-03
1.192578282094932697e-02
1.104196310061943652e-02
1.108703423467187650e-02
8.946041222071422078e-03
1.008977689322147937e-02
1.516376955224276769e-02
1.161647453568327715e-02
8.683846498911263270e-03
1.076442027933656280e-02
1.067173655195686674e-02
8.615822583214962846e-03
1.100919331556713884e-02
9.133012423941969452e-03
9.348346549180123685e-03
1.018608762834755620e-02
9.281869379790851429e-03
8.323960536677532315e-03
1.297792312977126897e-02
1.506999270290242977e-02
9.233065340795541462e-03
1.088777511899160361e-02
1.336833680312369578e-02
1.023497534952961738e-02
9.526400260234449413e-03
9.589008329141890385e-03
1.195221995452825162e-02
1.028498500345608260e-02
