5.273442607062852477e-02
5.103363081970958143e-02
4.951940010518100094e-02
4.586990700841021146e-02
4.502631358100025322e-02
4.228020368454218914e-02
3.919127886527226656e-02
3.724927823687575190e-02
3.341477759512204160e-02
3.056706781369991979e-02
2.844271582902866205e-02
2.493991448070083036e-02
2.215382070931584679e-02
1.944875790319716344e-02
1.686726171859488643e-02
1.391471384713413931e-02
1.252185368727424045e-02
1.065092042791078789e-02
9.714438180169388676e-03
8.198549222660904759e-03
6.869508717542443729e-03
5.544128925811990169e-03
4.413983656840060436e-03
3.130379046145131093e-03
2.146314458623055626e-03
2.058912549624711177e-03
1.777000215152413397e-03
1.841929837599349650e-03
2.159112407285766668e-03
2.497776589034782918e-03
2.166417878136850036e-03
2.124864315642014875e-03
2.117660807106968007e-03
2.089663354391335139e-03
2.399125305830227244e-03
2.530184124103701700e-03
2.625310500541445154e-03
2.772677014894431909e-03
2.707929253768367843e-03
2.698569502100974567e-03
2.724831684621805469e-03
2.494788551115454441e-03
2.530887324216225809e-03
2.577731555366173828e-03
2.518391027648655967e-03
2.473624899543395289e-03
2.220705600712211212e-03
2.370908783470105329e-03
2.149387167580778246e-03
2.282925794646704226e-03
2.323817161446218096e-03
2.407938797584071363e-03
2.014163703716663305e-03
1.976103304885287477e-03
2.001760516899690583e-03
1.980421042354053862e-03
2.026385042069543934e-03
2.051067746945514723e-03
1.979190685811187383e-03
1.962501677808791908e-03
1.978419106141674367e-03
1.990054616200808476e-03
1.997350012998683894e-03
2.193082795114583393e-03
2.085361111969533891e-03
1.894053148817582966e-03
1.932224402229797177e-03
1.920254575168638123e-03
1.993139760395167947e-03
1.766090247082846912e-03
1.861354246260393114e-03
2.073546133017493617e-03
2.075995047979439616e-03
2.219288651626963142e-03
1.792611119038874188e-03
2.127500315330520426e-03
2.183751193277170578e-03
2.202854588616232328e-03
2.011229684670699271e-03
1.906504538782081504e-03
1.968395360494155314e-03
2.166236030326674535e-03
2.017147995166800913e-03
2.202943011486923133e-03
2.332242729052029680e-03
2.161612610980574983e-03
2.502057917272308696e-03
2.161847704043251377e-03
2.314358253084120368e-03
2.368370256875088758e-03
2.551950071341469936e-03
2.586865708840527765e-03
2.621019957074928897e-03
2.444306994579099022e-03
2.646355878229178157e-03
2.770616865173837137e-03
2.668020856855217102e-03
2.592877804883047740e-03
2.679805080718996105e-03
2.697427212825122614e-03
2.738925001184772459e-03
2.615164473524137986e-03
2.748010429858551047e-03
2.750523215776829074e-03
2.878140735037367729e-03
2.969409094904034395e-03
3.044043411645165186e-03
3.241040776946972624e-03
3.200495187287194249e-03
3.386532759042224297e-03
3.434804585727663489e-03
3.651199475347879919e-03
3.565781913687351111e-03
3.384276497333840207e-03
3.659115870349907707e-03
3.515339765672653022e-03
3.253749359183874708e-03
3.084612403168222796e-03
2.986190360294648828e-03
3.163981671811934380e-03
3.017867909793347896e-03
3.018547023298391759e-03
2.863017599710119925e-03
2.779447427489113547e-03
2.767471268911033712e-03
2.757286360541465458e-03
2.726715410600872094e-03
2.625938775113792131e-03
2.707760015141291460e-03
2.597832984511781133e-03
2.581158693023457695e-03
2.335216760515390448e-03
2.361372077410986078e-03
2.487417024745819990e-03
2.591465238455469174e-03
2.485900002289444764e-03
2.185709985683244750e-03
2.430682130024017576e-03
2.100592829367782435e-03
2.418933985655834142e-03
2.395660329569033065e-03
2.188083272903806279e-03
2.199730916437437657e-03
2.199908425158467878e-03
2.184691124822813434e-03
1.919070632028166933e-03
2.014463414370231027e-03
1.973927932177630545e-03
2.103608382317439726e-03
2.166363551883222424e-03
2.222244562934136327e-03
1.982782523326405422e-03
1.870295201608082342e-03
2.047943889079503581e-03
2.014862237820195037e-03
2.032494678246685085e-03
1.998567625418406872e-03
1.975050659847358073e-03
1.973269859336160975e-03
2.003160936010002502e-03
1.735400520417052991e-03
1.870980082456271364e-03
1.963636215138268252e-03
1.846556117052196126e-03
1.771717961664301486e-03
2.058479608925589417e-03
1.759679336623127047e-03
1.745071038733444569e-03
1.683674270286444289e-03
1.634523002066137981e-03
1.673174847310979121e-03
1.544402075288262878e-03
1.593625908500824907e-03
1.627388559227305100e-03
1.829063787464447512e-03
1.787377721370496473e-03
1.548705738647872514e-03
1.642951300272596201e-03
1.423649470428545866e-03
1.758210484029887203e-03
1.682402074577521185e-03
1.633059459736794714e-03
1.520466435711346175e-03
1.986368777527476072e-03
1.684182276749832032e-03
1.602840114438467724e-03
1.916801170988020496e-03
1.645180916728393060e-03
1.599852775849197519e-03
1.535057156862098442e-03
1.769316528263851877e-03
1.675582451408252904e-03
1.518527722295574898e-03
1.576351202867679394e-03
1.511355856727830856e-03
1.625526787793233393e-03
1.732038142730545245e-03
1.708351422342705610e-03
1.627041314188678624e-03
1.472543687844801719e-03
1.575806805557406279e-03
1.513499209763858808e-03
1.573534479856960504e-03
1.614571644423544016e-03
1.584499787684040019e-03
1.901189048146503888e-03
1.769356018465647554e-03
1.663171139938795107e-03
1.783821746212368043e-03
1.590554752746322839e-03
1.407169145716142926e-03
1.671812987867993521e-03
1.553506030295917755e-03
1.667761526528471674e-03
1.736504463328289406e-03
1.483370543018940925e-03
1.811191759326608508e-03
1.623089960324644544e-03
1.841832336404332620e-03
1.508441454499174963e-03
1.691081774334119488e-03
1.801627209497096409e-03
1.739710680118520094e-03
1.597401160737254482e-03
1.693462814322040533e-03
1.503083453284399709e-03
1.849571067204752771e-03
1.686956499727317992e-03
1.809855481351827725e-03
1.532176239551433488e-03
1.714978047455529772e-03
1.718380010511790694e-03
1.864768979328061292e-03
1.626490873619758533e-03
1.507096610844802561e-03
1.650897483288892107e-03
1.678756011621213972e-03
1.743204706497527732e-03
1.477507421200963296e-03
1.679007188052185958e-03
1.597484637675031845e-03
1.517821968879698837e-03
1.714640300406688805e-03
1.585481055318685092e-03
1.860276015062327587e-03
1.586783781164705868e-03
1.436964982077463399e-03
1.627702692647525458e-03
1.519833209546683989e-03
1.478411056308418653e-03
1.580574226132832032e-03
1.426217997593522569e-03
1.644172629496091272e-03
1.528823259392688002e-03
1.716276971841447247e-03
1.506609697808811935e-03
1.544538176032574399e-03
1.730552318858288082e-03
1.420640243107142847e-03
1.347900551127533550e-03
1.258801532004408773e-03
1.520549882135272327e-03
1.493634789876559970e-03
1.830615974662927470e-03
1.503753464483101755e-03
1.600113202693616244e-03
1.617524097782441607e-03
1.577928778323964016e-03
1.394295877797122572e-03
1.501900035245039549e-03
1.268802369815980654e-03
1.283275825914347284e-03
1.463250260143596259e-03
1.437400642184430118e-03
1.349597963155877225e-03
1.398959051132459344e-03
1.277471248687995185e-03
1.660389122115724612e-03
1.520568941901672680e-03
1.324894233274303374e-03
1.485644747960279156e-03
1.543340856038749468e-03
1.280465331481969856e-03
1.540929400716234627e-03
1.293297357865666897e-03
1.258417534295401064e-03
1.414729693754095390e-03
1.352630462537563003e-03
1.275199494011950785e-03
1.392541071740246734e-03
1.480375890465671822e-03
1.402403889561401520e-03
1.424019587077956887e-03
1.313754858993263115e-03
1.384889556015177084e-03
1.519548308876287734e-03
1.559478151115642561e-03
1.707862792341615374e-03
1.464664867340951084e-03
1.225240919003525676e-03
1.249806210578291790e-03
1.354411725908164985e-03
1.044594408309843653e-03
1.052179914098687026e-03
1.359065214308211814e-03
1.479498707321427872e-03
1.312166192492879519e-03
1.538884420385601241e-03
1.440833283911583133e-03
1.430342547554147451e-03
1.409676970186746160e-03
1.306063281895949828e-03
1.417675449238378453e-03
1.286503067447729298e-03
1.303662087662767373e-03
1.284118111705415208e-03
1.342701193654001869e-03
1.264501404531734839e-03
1.011027023916306064e-03
1.327791812129279665e-03
1.123080609974843463e-03
1.295265159806532028e-03
1.415997697617231996e-03
1.161703461326254582e-03
1.551455051455265157e-03
1.368336765774438813e-03
1.686302487109088725e-03
1.275893805424371027e-03
1.494594823983310967e-03
1.386234807762900265e-03
1.652427227995355383e-03
1.201659018165522142e-03
1.251014675386112433e-03
1.310498288411648081e-03
1.331287653189692230e-03
1.246306157265621726e-03
1.099662636681039869e-03
1.458647745592720141e-03
1.303635272786973602e-03
1.384329446717698538e-03
1.093674095630839394e-03
1.297936241704132588e-03
1.287691975699177798e-03
1.341049715906920091e-03
1.079692188378027088e-03
1.074598349069265423e-03
1.372037697887018787e-03
1.236523479085255197e-03
1.026600638362383262e-03
1.231502892605907361e-03
1.200461692920760156e-03
1.124508718190883041e-03
1.281422613764987778e-03
1.251379276357781224e-03
1.478851710429386537e-03
1.401066848110796292e-03
1.338053032398206152e-03
1.444620540590232927e-03
1.451506745558257686e-03
1.371409301846685750e-03
1.290552985132117740e-03
1.555461854629718726e-03
1.392163980799291257e-03
1.087919105828379822e-03
1.503213492537971985e-03
1.295007728648928666e-03
1.252503796091577505e-03
1.380101402307867473e-03
1.323829549793896065e-03
1.453672738104463003e-03
1.416472781250605441e-03
1.440989250049606613e-03
1.373918256343739219e-03
1.483509403676843297e-03
1.190224488195003229e-03
1.160057905855890444e-03
1.183579515499966206e-03
1.205050584242151664e-03
1.316556453220867279e-03
1.372353489926498226e-03
1.330163855133197418e-03
1.138819451840797749e-03
1.051431937182984886e-03
1.431796979959781228e-03
1.147275262566817798e-03
1.359724756019174002e-03
1.196215420197505519e-03
1.334046279951719115e-03
1.062041270958609179e-03
1.192191998968291332e-03
1.602587776533257553e-03
1.232232302063638197e-03
1.208937856929883595e-03
1.358090802743871757e-03
1.380478250085124354e-03
1.350364103052603074e-03
1.330103459329513675e-03
1.341679386932729265e-03
1.170072182970426653e-03
1.259077355769552429e-03
1.116301224404039720e-03
1.427510210776133416e-03
1.210058184901104160e-03
1.320120860443185599e-03
1.166080051218771306e-03
1.520270827233728347e-03
1.341675294326220153e-03
1.174460539767352560e-03
1.460646061943708099e-03
1.207832864063551875e-03
1.369920803140847396e-03
1.468436685157049632e-03
1.281580119320575601e-03
1.374157415316313441e-03
1.662623766293735723e-03
1.425972642519598467e-03
1.590000818344009578e-03
1.282318722990317093e-03
1.346048207754931177e-03
1.470944826983668248e-03
1.360206115476282271e-03
1.332382064469414193e-03
1.377954188498668742e-03
1.336965852594247878e-03
1.306516089588953197e-03
1.470607911745127824e-03
1.316816466097598184e-03
1.570644526148045651e-03
1.296241131054913292e-03
1.410889326637985563e-03
1.259474985523012600e-03
1.215866419696571893e-03
1.253703268125012536e-03
1.396805946532403767e-03
1.352780662690108559e-03
1.256662270649175350e-03
1.592044333397079183e-03
1.214617964657048769e-03
1.349432097368203362e-03
1.308767114950461219e-03
1.289513274210467644e-03
1.494171327069615182e-03
1.416303403665847109e-03
1.101409541798644386e-03
1.380845822592421165e-03
1.081828687292826340e-03
1.528360827223516558e-03
1.333323781476266267e-03
1.435446076057605904e-03
1.335719037767683698e-03
1.303662472883788037e-03
1.549800942265154189e-03
1.573411629212114089e-03
1.308063977279590954e-03
1.271610515645005702e-03
1.133926624593702441e-03
1.163888548672806483e-03
1.584667775435272307e-03
1.370707169499374260e-03
1.191933403829474689e-03
1.474874449727220458e-03
1.366972052559684188e-03
1.376032914148903183e-03
1.361299390205357018e-03
1.514527094267583210e-03
1.289338086252492677e-03
1.388909772842571427e-03
1.378542970919717850e-03
1.241612272719705336e-03
1.360518823381733685e-03
1.515259177063710836e-03
1.373832879104017407e-03
1.113040686699069822e-03
1.295436105367567172e-03
1.526195512814946913e-03
1.432623058969117839e-03
1.400495277939759180e-03
1.154178424481259882e-03
1.088020211166944914e-03
1.335674458788541682e-03
1.294176854373692851e-03
1.490283741122098386e-03
1.401830270182563565e-03
1.327423954646300697e-03
1.153103114411470689e-03
1.268384114503355370e-03
1.436471673745094366e-03
1.336515077400609501e-03
1.218712018459781714e-03
1.261744375412151209e-03
1.439512642048214070e-03
1.278224181426504576e-03
1.258046997957393883e-03
1.136930944744861307e-03
1.072698047583412872e-03
1.313838320815338169e-03
1.203743178203459325e-03
1.187650200880608969e-03
1.494754888796005158e-03
1.532453512685673022e-03
1.328227944642890353e-03
1.403739255026584037e-03
1.271494418099503986e-03
1.443318448653575954e-03
1.332030920169501465e-03
1.244352702578392818e-03
1.281892141090142361e-03
1.333484859047369495e-03
1.545203650119910148e-03
1.191577084893023688e-03
1.257854591146853997e-03
1.226125982256002882e-03
1.311389650058350943e-03
1.553739047937696509e-03
1.489839122212715172e-03
1.306742983211708073e-03
1.262312047835375661e-03
1.304909957176404690e-03
1.302527022274554535e-03
1.197316840506734443e-03
1.930432926493674253e-03
1.362650073939157720e-03
1.281574902288906736e-03
1.293915759280271985e-03
1.416496299504038268e-03
1.344792752532512903e-03
1.332387048628052954e-03
1.057620358377837824e-03
1.171079359167480263e-03
1.200478557721906901e-03
1.269214555739375805e-03
1.500846155028017458e-03
1.207512216339562145e-03
1.385500788511217270e-03
1.453118996110152467e-03
1.529008224504427521e-03
1.294082748654013567e-03
1.459857436841381596e-03
1.483174825062747587e-03
1.413215014799574327e-03
1.323707885034240478e-03
1.406112928832053315e-03
1.241455987151107200e-03
1.397323702898960619e-03
1.306273023698986072e-03
1.316807992893973770e-03
1.636657984791556157e-03
1.110685531385824810e-03
1.305504755698036565e-03
1.312875288012133480e-03
1.207543949785950567e-03
1.370973023677216594e-03
1.402792714334270266e-03
1.313287247143530255e-03
1.517082520766049533e-03
1.317026641571937507e-03
1.625500562004292054e-03
1.410537269349859159e-03
1.321951717870271069e-03
1.477879618596652503e-03
1.331839084318677284e-03
1.381814021144863293e-03
1.554429640348770720e-03
1.280602706879402711e-03
1.416772043549798486e-03
1.606765679866278308e-03
1.495187752919793604e-03
1.471330775830684496e-03
1.345910438605766798e-03
1.210027677679936927e-03
1.220873169329740474e-03
1.317884993237961998e-03
1.491337603765214171e-03
1.340037834870053818e-03
1.267381414444759911e-03
1.371486027406027854e-03
1.303335469737484670e-03
1.321399803495347308e-03
1.320763440213518171e-03
1.357208612066256124e-03
1.294004179562353342e-03
1.165396393717295278e-03
1.379154242693546957e-03
1.566525568077588478e-03
1.275646233453875660e-03
1.161245662067703814e-03
1.384335672512164005e-03
1.479246072991521497e-03
1.150237673080437440e-03
1.156244471389045701e-03
1.297885626856307238e-03
1.247049470545471585e-03
1.366621048972610844e-03
1.485320548347469904e-03
1.481997340036309528e-03
1.479075722634390529e-03
1.228437546116809952e-03
1.444557387925741836e-03
1.297848657914152512e-03
1.421912838517158488e-03
1.235660061210607299e-03
1.577937727876439853e-03
1.501754275410705636e-03
1.500373485889470743e-03
1.345401046365043941e-03
1.339256363013666042e-03
1.597650091834114470e-03
1.512972864519610428e-03
1.552647004735222512e-03
1.428427659438372957e-03
1.226289018212475997e-03
1.394326123469968176e-03
1.468638362468597646e-03
1.429247464582490993e-03
1.385778702490180446e-03
1.452641695292046335e-03
1.080668128421873302e-03
1.207745253777483272e-03
1.252670739469618133e-03
1.476463483151654876e-03
1.451047270792824809e-03
1.280722662663260833e-03
1.211605373439053482e-03
1.300324593285924132e-03
1.441521086888900450e-03
1.466164621497398736e-03
1.503534811659770374e-03
1.408406253670148323e-03
1.326878768922419962e-03
1.396171566338148557e-03
1.388298518649241659e-03
1.437913779644300590e-03
1.396492767251829390e-03
1.402985062623701836e-03
1.342286000587862268e-03
1.443254930416102170e-03
1.475532351909356141e-03
1.385234519470762357e-03
1.386960091262632016e-03
1.375167329503821203e-03
1.241575491321568903e-03
1.290064605522609755e-03
1.386688151321440908e-03
1.427350814461678628e-03
1.405717162043591123e-03
1.265719966858096842e-03
1.392821681816686259e-03
1.326612611149877250e-03
1.089489959581910802e-03
1.164539805154216762e-03
1.540734578969090536e-03
1.473125029147099273e-03
1.326902963444301364e-03
1.462024580047076479e-03
1.374922855952394676e-03
1.342601294815305105e-03
1.326988949158602708e-03
1.463580262863277068e-03
1.455015501275705881e-03
1.393455704601935866e-03
1.425867098049955674e-03
1.488014546483042589e-03
1.440342772382285138e-03
1.212981082223433919e-03
1.447662083333513868e-03
1.529833457559517810e-03
1.381263769761089267e-03
1.437496735037112686e-03
1.753734947853274450e-03
1.382613504000989799e-03
1.628096474549847218e-03
1.449761296884323914e-03
1.351034588980537608e-03
1.385341161081218896e-03
1.613817443558146405e-03
1.375800293903787098e-03
1.297825064509631424e-03
1.319346502167177519e-03
1.268410658165176853e-03
1.318137641361222419e-03
1.328062661405482328e-03
1.349824333876333817e-03
1.346092870380316553e-03
1.208777849549243309e-03
1.659534351491423259e-03
1.422619535739648791e-03
1.299853736685055959e-03
1.430483328353254931e-03
1.446083559433280867e-03
1.436777340057539612e-03
1.525159560945483529e-03
1.677413866397171232e-03
1.552057552604080033e-03
1.563138497528144058e-03
1.351338990755267429e-03
1.424440718724789660e-03
1.371410435171175994e-03
1.315765439519755216e-03
1.546390909393864817e-03
1.524243493092135911e-03
1.322870800619847624e-03
1.480262850170192693e-03
1.527526256089532146e-03
1.400066860467976760e-03
1.470877304535201519e-03
1.301226612206624533e-03
1.160963919552053525e-03
1.252132159050011644e-03
1.656440245713592394e-03
1.508389883412148292e-03
1.390544890423306770e-03
1.398097418643288060e-03
1.310995334775717260e-03
1.106814861617790805e-03
1.532018917928947921e-03
1.368956361797496208e-03
1.327589431837145582e-03
1.165479667724945078e-03
1.548864361940211149e-03
1.505355893863395949e-03
1.635849202776909830e-03
1.502489630290490888e-03
1.354867973363803888e-03
1.329341487049482719e-03
1.604765788702588666e-03
1.545704426278125820e-03
1.443217505724758189e-03
1.409082506452743327e-03
1.406528837887757212e-03
1.379943542260701414e-03
1.566208111543957154e-03
1.350827203667705721e-03
1.212149813282876196e-03
1.259227507582111674e-03
1.556237717068809307e-03
1.240622031429894096e-03
1.337677855648478293e-03
1.341755448770787923e-03
1.573407130646301477e-03
1.400592645451630711e-03
1.394207334420995842e-03
1.272342189155660410e-03
1.348309304291880981e-03
1.244644764663378885e-03
1.413203364277223649e-03
1.366833639830204034e-03
1.337916656927456635e-03
1.260645754956281209e-03
1.463011050939346447e-03
1.137907247786156244e-03
1.272617677137595103e-03
1.454914185809407434e-03
1.309885319829265935e-03
1.261501231820321561e-03
1.447924939195232609e-03
1.438895665975807201e-03
1.325034142586708824e-03
1.278496261615836259e-03
1.678805431545085484e-03
1.167747776849673361e-03
1.619548134945136180e-03
1.410426193138921303e-03
1.362910776913371907e-03
1.538713196545263067e-03
1.337033559502177286e-03
1.492325184451873555e-03
1.400870002624927859e-03
1.503102795016946023e-03
1.245087963402583160e-03
1.556884515683334708e-03
1.542463816112224669e-03
1.786722948273409585e-03
1.307126541032349164e-03
1.291718729560481765e-03
1.378559816930525084e-03
1.454079050675786532e-03
1.183830905509694002e-03
1.290203108153476592e-03
9.627902005230489467e-04
1.515014348689315343e-03
1.466656548129015476e-03
1.638733081873122721e-03
1.398474030314634077e-03
1.614903782047506179e-03
1.418807030612503645e-03
1.270649201937971550e-03
1.357396979246896975e-03
1.524275249466652913e-03
1.527359350830537199e-03
1.285726928459886937e-03
1.334644308767753400e-03
1.396467322314179013e-03
1.484803154192781407e-03
1.431601775721699776e-03
1.508466202733190018e-03
1.301413406027823304e-03
1.326363095207654368e-03
1.520659209159372490e-03
1.501718470295966210e-03
1.373864619477724140e-03
1.387690342844741980e-03
