3.921192454315961147e-03
7.821309798403886654e-03
3.372843689954202646e-03
5.220930405379144677e-03
6.101693131429749943e-03
4.860642477208296404e-03
4.281844099207841522e-03
3.928216020046083716e-03
8.214874469440559823e-03
7.366984101048925336e-03
6.326194341283460087e-03
6.346840090137992850e-03
3.842927923479903547e-03
3.423253257760264321e-03
3.784921878489806192e-03
3.917161544131012550e-03
2.442270639113292528e-03
3.256895400060087591e-03
2.660617920575359969e-03
2.705672291035835300e-03
2.597844163320888692e-03
2.569536013004981509e-03
2.613386939321996148e-03
3.507777844500680007e-03
3.011410893200282789e-03
3.531502702349891085e-03
3.293368942307913199e-03
1.939829563528752644e-03
2.483257173722512503e-03
2.530747229289053313e-03
2.890171747889232721e-03
1.989287996168866320e-03
2.662659624411105666e-03
2.524315835733482918e-03
3.135369072435441589e-03
2.566023325875381976e-03
2.027436963678044997e-03
1.923822392979156323e-03
2.820176743437433770e-03
2.283378212711065745e-03
1.467553549456885936e-03
2.634405272218840171e-03
2.042859052094988213e-03
3.150832927382159459e-03
2.490596271951208383e-03
2.097818617213875487e-03
2.190526847871734992e-03
1.403184042177779527e-03
1.639466792881284513e-03
2.764511828626628129e-03
3.724276305026762417e-03
2.109053141202796040e-03
2.533705888610798037e-03
2.643100675248716541e-03
2.387160652896829199e-03
1.684076744084912888e-03
2.102104284025199665e-03
3.537856424495660224e-03
9.427788884720673121e-04
1.869836865738950735e-03
1.951609131590072372e-03
3.586263422311361786e-03
1.937037988717392857e-03
1.840270925920304591e-03
1.452950320775035385e-03
2.419051931780527923e-03
3.247980326246099284e-03
2.645636952690913393e-03
2.747388625367346363e-03
1.444201710814164898e-03
2.592648370357138968e-03
2.805362437118250930e-03
3.278732241704100658e-03
2.895546268579804374e-03
1.612705663972599209e-03
2.099961593040142616e-03
1.705065830908453119e-03
2.734831457153708185e-03
1.926565588878388635e-03
2.694362033914277695e-03
1.832249258377228454e-03
1.925985073601406070e-03
2.617891603320236446e-03
4.797938521032350800e-03
3.814921979900889361e-03
2.934595331460247616e-03
2.976982102407154350e-03
2.256173497611997820e-03
2.219528883167980280e-03
2.133650499697291748e-03
2.017218420377883854e-03
2.352142014621612289e-03
3.612816508215036925e-03
2.577934604351730160e-03
2.205458065251948794e-03
2.730634272209094687e-03
2.305857396084614024e-03
2.177143965441441942e-03
2.887348418302964400e-03
2.669914611923372445e-03
3.342826284913957141e-03
1.945897637438318310e-03
2.882769226790066631e-03
2.425875312339976012e-03
1.997998902987361061e-03
3.484367327162567803e-03
1.538233881193554068e-03
1.606851794336236830e-03
1.424807539109337840e-03
2.922997611900891596e-03
2.366500028780459033e-03
2.205268368798853681e-03
2.517173464651006193e-03
2.931275706125154121e-03
1.606463431316243170e-03
2.000861568530405959e-03
4.317847400901448848e-03
2.751296617912571667e-03
3.813742858090223616e-03
2.813977662220992944e-03
1.286049257909290542e-03
1.228488236929408187e-03
2.347136245691893146e-03
2.638628469336408346e-03
1.744858801793237879e-03
2.873809392102838218e-03
1.819171692082490344e-03
1.639072466656910044e-03
1.322333709627398482e-03
3.282110546194370523e-03
2.006563112188752915e-03
1.148236057964355716e-03
2.578231240613996882e-03
1.560428919426868830e-03
2.584234499362637535e-03
3.007450586112021818e-03
1.547952217029377117e-03
1.712823256370430780e-03
1.474167155667936192e-03
7.263140624568821535e-04
2.864128598804039413e-03
2.706971135941067287e-03
2.044085599267770996e-03
1.706179386629267389e-03
2.209611785473554902e-03
1.278995209944623320e-03
2.535241648755716393e-03
1.502483137923848978e-03
1.150496114787373384e-03
2.007728500535314875e-03
3.026746014530148649e-03
2.118738759599431750e-03
2.287256056816744116e-03
3.414257645429326273e-03
2.025504425392303434e-03
3.483369392354049039e-03
2.647111738547312885e-03
1.542723900622865532e-03
3.400931389012995260e-03
1.429345145578117321e-03
2.448923596294144689e-03
1.053841743758329253e-03
2.947701455088118285e-03
1.435083964190782529e-03
1.681826187424210247e-03
2.196784196215025367e-03
2.155320471488400037e-03
1.549393029297616671e-03
1.336136748235494318e-03
3.064529854832902245e-03
2.099760502278241129e-03
2.459492055997859750e-03
3.893548902807211515e-03
2.508224487786563615e-03
3.131921509464623450e-03
1.891547372816954108e-03
2.451024945721068295e-03
1.875535453352026932e-03
1.629808784040564194e-03
2.332952291091829576e-03
3.583309173358951126e-03
1.628131059356228592e-03
2.324753961226141800e-03
2.163813715233437688e-03
2.187719217411638467e-03
2.370385370172590090e-03
2.091785686775675043e-03
2.321077885025402739e-03
1.658672443447913513e-03
1.373606877643838119e-03
3.163517748856473164e-03
3.449087072466093442e-03
2.906500016351093452e-03
1.546695094646053856e-03
2.411436384092694590e-03
2.493914763793421592e-03
2.621532302723555627e-03
2.413124596298334926e-03
2.069724655601120917e-03
1.848285009758987097e-03
3.009180930247523731e-03
1.865013031460747202e-03
2.130199311558084174e-03
2.387310457038193008e-03
1.494209492413161059e-03
2.150455285808380336e-03
1.245282496174748973e-03
2.393017892288465225e-03
3.232857935502444612e-03
2.117877484649356885e-03
3.389938956424270403e-03
2.026301042434684556e-03
4.374652858043506613e-03
2.492324611828875078e-03
3.399212584488155338e-03
2.262988848396298158e-03
1.727714888161428503e-03
1.878731836088458253e-03
2.946870771165378388e-03
2.168308425538423376e-03
2.912446996182239956e-03
2.936369183023256578e-03
3.025921727306235195e-03
3.557094318403896793e-03
3.839184529616047892e-03
1.611036397039314122e-03
1.412232715743085270e-03
1.882046961578923974e-03
3.629544431318945576e-03
3.912997426663265138e-03
2.887116628592256273e-03
2.509908711077829362e-03
2.940301046879000881e-03
2.549941203049212440e-03
2.347329393322507372e-03
2.452728076753119425e-03
3.360926111373823983e-03
2.631170165028488220e-03
2.803846197033431267e-03
3.363563207253859010e-03
1.997541606908640344e-03
3.260865482105899417e-03
1.514562647194254465e-03
3.040679464151855096e-03
3.334164746081777660e-03
2.650340489368578373e-03
2.645801655790764283e-03
2.696772593848117006e-03
1.961778686697276692e-03
2.217152260031032742e-03
2.477819812676298247e-03
2.676180146981375647e-03
1.545229192802612160e-03
4.559969382424543076e-03
3.555608576790545046e-03
2.446975779570987296e-03
3.141482283366525685e-03
2.554825387021779359e-03
2.517616540560044941e-03
3.599655906550846760e-03
2.626444551276853941e-03
2.359490179323242131e-03
3.480210525485082605e-03
1.842599824719947169e-03
2.359296538238500086e-03
3.601546262937840946e-03
3.235225222393096987e-03
3.130364300655748191e-03
2.508340367664119164e-03
1.624149939889385367e-03
1.877958970706502259e-03
2.297218566265467419e-03
3.621178046135193392e-03
2.467712149600328163e-03
4.394410405915104116e-03
3.062706527626169427e-03
3.076003779959720838e-03
3.186235151983684687e-03
2.315091655523471900e-03
2.447555350237893071e-03
4.557031653546548058e-03
1.879601842709779837e-03
3.004724187736311156e-03
3.979391900431989912e-03
2.301364550698465749e-03
3.512135794953644141e-03
3.526276640925675443e-03
3.112566648236853289e-03
3.206867256967880098e-03
2.286525574989615572e-03
3.797315622175489840e-03
3.143483420306820032e-03
3.479968813905926113e-03
2.398606970147382743e-03
4.021722023388771966e-03
2.897365565547428603e-03
2.874273807339100626e-03
2.192585295326679277e-03
3.359271109329168160e-03
4.374150261213904066e-03
3.792125660830370382e-03
3.770705185599027964e-03
1.589623472203308650e-03
2.283985077497917033e-03
4.326950166608299619e-03
1.467148123036807238e-03
3.286796144226917116e-03
3.131816103900394305e-03
2.537762457194022922e-03
3.135766671835101774e-03
3.238889855895668579e-03
3.938633679338056706e-03
3.162263797759496710e-03
3.208650214700867719e-03
3.829519358288863400e-03
3.189661714380216326e-03
2.723912528237169926e-03
3.262418054228081662e-03
4.183345206324169327e-03
2.951204825773725681e-03
3.278658762759332525e-03
3.501303879085593262e-03
3.851736003781102303e-03
3.737031949390211879e-03
4.867483343067126496e-03
3.220432384605183707e-03
2.774211471149257580e-03
1.987371822851603624e-03
4.075501505270728506e-03
4.644841481786729682e-03
1.819138701393203592e-03
2.994794872406943403e-03
2.775389455294778943e-03
3.202144944646724643e-03
4.640444279326935359e-03
3.311237917351045248e-03
2.672601573892203434e-03
2.364462911386630995e-03
2.129207151676721244e-03
2.040805185163709588e-03
3.396933367506526497e-03
3.555858090869595117e-03
4.057186871262762409e-03
3.687988797826736651e-03
2.259968205491392785e-03
3.267242217442446924e-03
2.398586445163456739e-03
2.151277738240827894e-03
2.248138446352207151e-03
3.039748159768822840e-03
3.413972065611572092e-03
1.946576401034688956e-03
2.891881457913345489e-03
2.949022971653995906e-03
2.510309173890709188e-03
4.111337351842529568e-03
3.174603760817035474e-03
2.355083113869972915e-03
1.779808554841454810e-03
5.289052565686549502e-03
3.257000072822704810e-03
2.900433278757206124e-03
1.857926933568334812e-03
2.390779147102626082e-03
2.439493148725308588e-03
3.337576229092285157e-03
2.626400655651190113e-03
2.849748883247950511e-03
2.178657887429609041e-03
4.115230082244712012e-03
3.450025066294110185e-03
4.239674111488067609e-03
2.539319845445898137e-03
1.950790448321609426e-03
4.488793424162570121e-03
2.669509006304684670e-03
3.354538629307107517e-03
2.037816788417903466e-03
2.654143359980720446e-03
2.604251076216163724e-03
3.300980125439282892e-03
3.660727809051226959e-03
2.738093027974195046e-03
2.761892361199437280e-03
2.598932621024828762e-03
3.093619660060996021e-03
3.674513276399271871e-03
2.939935506348436128e-03
3.248386378371058685e-03
2.343628753450312501e-03
3.460995218191650642e-03
4.024633668980699512e-03
2.785081736788870815e-03
2.538455814275445040e-03
2.676331398332687690e-03
3.233279099617960943e-03
2.885015664697999221e-03
3.808472498160969753e-03
4.651395978634609123e-03
3.486251903038025540e-03
1.493822758431778220e-03
3.191218198239008548e-03
1.978710779032710580e-03
3.643373121095944567e-03
2.949129971307733016e-03
3.850365498893659148e-03
2.692167353909872413e-03
3.127856760137364116e-03
4.160618462343021115e-03
4.276243326180315281e-03
2.643462013485243373e-03
3.445233639271844464e-03
2.030336740842277055e-03
2.202000567084491309e-03
2.196994110526649755e-03
2.553385962589935741e-03
1.950985842590447633e-03
2.095731697413537927e-03
2.459941631741916369e-03
2.201432178007493422e-03
3.781661270497576124e-03
2.602269936717865970e-03
3.636966044115721216e-03
2.379032758122354065e-03
2.242958347927325163e-03
3.764764956079315415e-03
4.054062515047769828e-03
2.731815717148765137e-03
2.816498584676033028e-03
2.573258217851061118e-03
2.795668410164317292e-03
1.692701681189415002e-03
2.944842308788908972e-03
3.058277969432255695e-03
3.168535535593169743e-03
3.062454448175079991e-03
2.217542901898945148e-03
2.812539682795130083e-03
1.703876574189516031e-03
5.153729352325140539e-03
2.763441066950009933e-03
1.945778691218785555e-03
1.828314231589499034e-03
3.690658719628367185e-03
3.102950511075651570e-03
1.776297048566282321e-03
2.921428654752025386e-03
2.582299496037075270e-03
3.166404678590876466e-03
2.242632280736683512e-03
2.672669808285994906e-03
1.701957222854520464e-03
2.491952346171318142e-03
3.444010140154349885e-03
2.718437361206056148e-03
4.230518883585584859e-03
3.425233488525698811e-03
2.181786795793830367e-03
4.268600457085279347e-03
2.718590649791232435e-03
2.480250478217135846e-03
2.989087783829418119e-03
3.966191356310369218e-03
2.827585824128279156e-03
1.883787931727047560e-03
2.937254132619174576e-03
3.920946430413309834e-03
3.292030984638305829e-03
3.090105518751789029e-03
2.642962510627117415e-03
2.531051573568950021e-03
3.652991304458663539e-03
2.726221817204222287e-03
2.605613656803626790e-03
2.800495307799162961e-03
3.711838805483124500e-03
2.082772956167885849e-03
2.184733050390607386e-03
3.805629366642183670e-03
3.008865758256271897e-03
2.063436690654407019e-03
1.705439655660987092e-03
3.305878880077067587e-03
1.989303756689542180e-03
2.241073462995088125e-03
1.482703080378502177e-03
3.195175769051766465e-03
1.729339789463094600e-03
4.427939792070531219e-03
2.618405172822609386e-03
2.674557456344210833e-03
2.677331010048501769e-03
3.222083259423926069e-03
2.242511332981480480e-03
3.154062135399423455e-03
3.563017157809941250e-03
3.244542234737668972e-03
3.249014143531401763e-03
2.813212849578923969e-03
3.564520797389530114e-03
2.657414001200046009e-03
2.687369815153921575e-03
3.250502575002281631e-03
3.086645630184517691e-03
2.235760227797091784e-03
3.406835949919955180e-03
3.680797368686595985e-03
4.630182394343374842e-03
2.539835588657481970e-03
3.425066333115118870e-03
2.108591250501311905e-03
4.254581871336701911e-03
2.556782491257580253e-03
2.952603645394349767e-03
3.785216078943977325e-03
4.640467955052738833e-03
3.121138552007064922e-03
4.972658552466016971e-03
2.200817083389406802e-03
1.679140759928726473e-03
1.889853957545052296e-03
2.883497930934236873e-03
2.308347923583476281e-03
3.332762856461563526e-03
2.183962061591758833e-03
3.485621645728559544e-03
4.016502180551984741e-03
2.674755517799247938e-03
3.288063416103842711e-03
2.435163712847085785e-03
2.572905268412313106e-03
2.917897698725697986e-03
2.756298262534712194e-03
3.044620821222274697e-03
2.121440099928082780e-03
3.288328705539434686e-03
3.623686311750006547e-03
3.215795910968630416e-03
4.664606785343957361e-03
3.072726815806928104e-03
2.717763907715763008e-03
5.135814550879457333e-03
2.852956095800756025e-03
2.133216112604858442e-03
3.411617691622471134e-03
4.364627959746354702e-03
2.079138646461182668e-03
3.007492110396648485e-03
4.661571629135046781e-03
2.597034514118962915e-03
3.384721560459511523e-03
1.797348096046782551e-03
3.203496501858975939e-03
1.297716746186553492e-03
3.524468174165290048e-03
1.853037839750994956e-03
2.502933924944183465e-03
2.495784936280243463e-03
3.803505188031085053e-03
1.904463681599823793e-03
2.358423874161068301e-03
2.678322607821177412e-03
3.522479375045500100e-03
3.905601595890927178e-03
2.871276726238007962e-03
3.031703156148567776e-03
2.553243468078118979e-03
3.587329532116910209e-03
3.621918915033581904e-03
2.948938015054144903e-03
2.747860634694683068e-03
3.823607924463648562e-03
1.788333571148580927e-03
3.777652330903239972e-03
2.935071288191480263e-03
2.374874324841330826e-03
3.016562688114335453e-03
2.489595732568274968e-03
2.797577740789804809e-03
2.432263449428704802e-03
3.147926943974989431e-03
3.116063781269628932e-03
3.027459793281827086e-03
2.450120851045131144e-03
2.403536093608841118e-03
2.511401027611494599e-03
3.685782270452003535e-03
2.891666117946489582e-03
4.663261965896581610e-03
3.146332046653152210e-03
3.643430736598364354e-03
2.546946477231584564e-03
2.120030798099794330e-03
3.213312924575489372e-03
3.761557633139383811e-03
4.123965823559541145e-03
2.609769626817727995e-03
3.202277033960848358e-03
2.167989712454176758e-03
2.455833463523272864e-03
2.955884494237373452e-03
3.727861059198942471e-03
3.400461110139748472e-03
2.438590773498192608e-03
2.147683536587214389e-03
3.457067260230513219e-03
3.713723344937414940e-03
2.823371822036878104e-03
2.544690138921007136e-03
5.141783761258423083e-03
3.919462748315930348e-03
4.755660836310120210e-03
2.396899852392354261e-03
2.264621074895112329e-03
3.666159641712182955e-03
2.506862625284855470e-03
3.023333515010735457e-03
2.662104260857826431e-03
2.832994363179631905e-03
3.505288263021449306e-03
2.116856092053728215e-03
3.451560943499002668e-03
3.667576799648764822e-03
2.457210375455797565e-03
3.317539167672937592e-03
1.766939286254389256e-03
2.886943605300965054e-03
2.419395985895471564e-03
2.500666410566137858e-03
3.087830833927374379e-03
3.773885087964921198e-03
3.191973556354908183e-03
2.684393586871005981e-03
3.574692733438601493e-03
3.740115838328174694e-03
3.612677699690059266e-03
1.900776474137892431e-03
4.238660161819739897e-03
4.279704065636446425e-03
2.483552673768301116e-03
2.606264405979639293e-03
3.391741926072265514e-03
3.385104674502754322e-03
4.008014825521717672e-03
2.445741965441307168e-03
1.753380090983623759e-03
3.029818655547677868e-03
3.138978495710167960e-03
2.557386932303633200e-03
2.982893471174300447e-03
1.943044669314027920e-03
2.014067499402424390e-03
2.038454726726679142e-03
2.010942974035879235e-03
3.967461847715770228e-03
3.207066488216632656e-03
2.530741534783131387e-03
3.053106334921150584e-03
3.043800439846460187e-03
2.765634848812249542e-03
2.101497497449437892e-03
2.939568017842204319e-03
3.354629412605116771e-03
2.473990192713948228e-03
2.771675076349902882e-03
4.170535134480603257e-03
4.835455695810489743e-03
1.905764418672961213e-03
2.911360317024697282e-03
4.164242515299003411e-03
3.246028451489485749e-03
2.978672060385383243e-03
3.307007500925971104e-03
3.214150320629399586e-03
3.352614346244185087e-03
3.119239718096121841e-03
3.473963414669323669e-03
4.227785163132249426e-03
2.926219715016704134e-03
3.509149576895622454e-03
3.646874892819279481e-03
2.729615365986696584e-03
3.091989248431648799e-03
2.049702629986635809e-03
3.834545233702622326e-03
3.546058729435668053e-03
2.973351158129034551e-03
3.953787558901437557e-03
2.627660565410778505e-03
2.707503037310191821e-03
2.927783368608031893e-03
3.506056701269017698e-03
2.900120302487983834e-03
4.105116747794195289e-03
2.238868075627018731e-03
2.701828403654992546e-03
2.559977199823877669e-03
2.964432181011537274e-03
2.605398291941419045e-03
2.201833086039375973e-03
3.292481505171334331e-03
3.173728519650807853e-03
3.240174790013618938e-03
2.396813054270345838e-03
2.873866802186133586e-03
2.990314142301634011e-03
3.618616690946158208e-03
2.788609425871176918e-03
3.068741304823287101e-03
2.535198884341860817e-03
1.860889429217045272e-03
2.407684949679771234e-03
3.964295459516843471e-03
2.746367448070225013e-03
3.049670801603932956e-03
3.239681337465071843e-03
3.103695044907759000e-03
3.296427652010452351e-03
2.282592536742283820e-03
2.076905049545863056e-03
3.300392840842829474e-03
2.418033902095897969e-03
2.927335475098700492e-03
2.803450471799359862e-03
3.359767116762007663e-03
3.348798077045161969e-03
2.476777230028706905e-03
3.035010859893928076e-03
3.668266594308356322e-03
2.676060354312533376e-03
2.246044632014678865e-03
3.299409410110960492e-03
2.098094834083403908e-03
4.059509408814827684e-03
2.628962383351981548e-03
2.287413688635418513e-03
3.570789001497551643e-03
2.819540578031903746e-03
2.810046875352658485e-03
3.040416751015754138e-03
4.106547218873206340e-03
3.826538021958878714e-03
2.544030313432845726e-03
2.744935825734982991e-03
2.679899054233749345e-03
2.354843869245563676e-03
3.814203537802269249e-03
2.334275345792150361e-03
2.904784280614906844e-03
2.744908619386626086e-03
3.013482853208449691e-03
3.802339578156449865e-03
1.975986096185077152e-03
2.327993174561609081e-03
2.571379061432993180e-03
2.759782794363978796e-03
3.635774488320643941e-03
3.102528504167629750e-03
2.464882549704530430e-03
3.608010516016416699e-03
2.940521766654131865e-03
2.990710140306771566e-03
2.321722344058719037e-03
3.115481777634870799e-03
4.228537917776119086e-03
2.345235349071090811e-03
1.284360186626835746e-03
2.488618053086318494e-03
9.137128489520650147e-04
3.458954499300584580e-03
3.574555057401461282e-03
2.290305572505041062e-03
3.138746093947734558e-03
2.560529845911789157e-03
3.008009711197257626e-03
2.545747354526458651e-03
1.839929833966130876e-03
2.586738740742171045e-03
2.563930312548863815e-03
2.387627146599103755e-03
2.779407646660055162e-03
1.816190339006154390e-03
2.945214491025832226e-03
2.261957321461110972e-03
2.718668320508953618e-03
3.537138723359289135e-03
2.818264555878539392e-03
2.304869929997991999e-03
2.340351935844626682e-03
2.624826384842189175e-03
1.621202285415423256e-03
3.259861636382012807e-03
2.381108118349928651e-03
3.416794985953323666e-03
2.671449899289097402e-03
3.391209863739460227e-03
3.228569756337946843e-03
1.994994770190999887e-03
3.700174119063171733e-03
3.023362505778209603e-03
2.325809531861758490e-03
