1.380767456522263154e-02
1.728822221262914932e-02
2.044499845037168681e-02
2.507511060314084050e-02
3.102312964751543362e-02
2.972766618875437306e-02
3.394551224564996972e-02
4.209522935002540239e-02
4.292704437013749458e-02
4.358139484772312333e-02
5.097998171953201790e-02
4.570928856571469107e-02
4.360904980230749517e-02
5.045873430879986576e-02
4.716554335780576840e-02
3.439399555257888902e-02
2.758630260384074134e-02
1.861468901240681539e-02
1.205839690878469234e-02
7.030684899824406545e-03
2.134424348447256942e-03
5.458181278471379303e-04
3.610640433734629406e-04
2.092467837609861064e-04
1.169941426828218682e-03
9.353902737873737681e-04
1.218836845127879839e-03
1.626623539191048799e-03
3.336789590527979108e-03
3.362194406296143637e-03
3.370976370854451669e-03
5.507893413620534341e-03
4.648698748475578978e-03
5.600305929804097298e-03
4.532017528717757239e-03
2.989285861763378051e-03
1.867984275882038402e-03
2.920126216178664698e-03
2.362440108313741162e-03
1.748790340891908084e-03
1.651401568842852854e-03
8.925478968721586165e-04
5.586443238945524003e-05
1.226925495897392886e-04
1.865111750240047399e-05
6.992122682436381687e-07
3.053806814833933238e-04
1.486931204501215100e-04
2.382702840513513089e-05
1.953450801949023756e-05
1.236869074721092248e-04
3.612531326598314489e-05
2.180849131749951482e-09
2.042072178551652634e-06
1.276766051932576315e-05
1.212087489327179482e-04
5.590131575788078811e-04
4.136656995296216920e-05
4.321169061598406459e-06
1.417866497871754532e-07
3.343565384814659687e-04
3.221752175598395127e-04
4.613217734140002122e-04
6.054287111947032583e-04
6.286522714556842632e-04
1.084737104451188264e-03
3.886071884656484843e-04
8.283447754255733163e-04
1.506741264498808949e-04
1.077020813591766045e-06
6.791654385135529909e-05
1.991351798108016141e-05
1.058098547704344489e-05
4.738575334447482218e-08
1.276074896247753835e-03
6.207211155019135706e-06
1.315267080174768079e-05
7.786732059315178947e-05
3.865483794802648245e-04
1.212825489210707592e-03
1.446753200074621425e-03
1.086080717834197367e-03
5.552028146845881026e-04
1.337455247442374839e-04
1.291450290067777988e-04
6.642009521831351718e-04
5.126295184580646888e-04
8.746356638142630154e-04
2.550101519317523376e-03
1.150373885897124863e-03
2.323148408401244387e-03
6.986239899441574596e-04
1.198376369449750869e-03
1.248523823417796051e-03
7.628284174991933457e-07
1.396698688448610006e-04
7.591273939200487725e-04
1.422902433909293673e-04
3.450403368046582901e-04
1.835169203798903220e-07
7.150374500809519645e-05
8.135629164563345280e-04
5.664780830298602561e-04
1.171819920325887056e-03
3.412170014391281529e-03
3.309793599659638461e-03
2.720540630094814890e-03
1.662858123491000543e-03
1.521585811031014694e-03
1.962223333746709875e-03
2.694222656215382295e-04
9.090466006585811386e-05
1.924943220467920321e-08
1.169680496693017557e-06
8.370703245511043958e-04
2.937496988330061073e-04
2.774333897414522646e-05
7.513102757631689701e-07
3.355387594154201139e-04
9.492009957265096600e-05
1.195032653129859745e-04
1.424958052496395889e-04
9.767011981915114732e-05
6.890005612044982882e-04
3.532096948478918429e-04
2.373025322675145949e-04
2.247866527206580329e-05
6.216132116767531923e-04
6.239232637473585575e-04
1.509718256199505792e-03
7.873527656461243611e-04
1.937765053848897710e-03
2.651704146410025116e-03
1.093316843384942172e-03
8.720206291738914967e-05
5.947505272253704673e-04
2.193410005783719987e-04
1.079242699351194284e-04
3.058685904133082157e-05
3.179633059126139708e-04
1.214819304591279836e-04
2.243975193701301142e-04
3.654872474712316503e-05
4.199643189820448586e-05
2.546034988689554242e-04
1.538029772963412137e-04
4.995858348944794602e-05
2.782767026791713743e-07
4.367189976228771361e-07
1.250846367047122423e-05
1.117128859824562137e-05
5.070039034894577252e-05
1.096924774937679100e-05
1.243240172815719094e-04
3.423623306378595116e-04
5.192463220885268653e-04
8.061088812726337942e-04
1.781391305595322059e-03
6.267492619433495107e-04
1.624193528442444655e-03
4.931106028006484272e-04
2.445824948779619303e-04
1.652808285151071126e-03
7.667774822768301871e-04
9.911783230734032106e-04
1.548204738949813739e-03
2.307428504643068475e-03
9.675357828565485201e-04
2.528160097082162404e-03
1.051036711305956611e-03
1.602896795311027026e-03
4.056002765077613634e-03
2.322597483060575077e-03
1.397240973324304298e-03
1.617628567180663408e-03
3.590254903965302107e-03
2.203580725254878411e-03
2.376790549395175773e-03
1.514226094072553160e-03
1.750562909658808994e-03
1.424722704177230426e-03
1.976879255403880733e-03
1.748358770819844355e-03
1.215286012538252221e-03
1.419634873309393898e-03
2.283405984880387384e-03
8.897776637158202754e-04
1.681059638678162162e-03
1.380660002585315342e-03
2.127315716819227522e-03
1.455254966461763709e-03
2.037053608692184371e-03
1.574599295465723379e-03
1.122869305994471812e-03
8.880286987163276509e-04
8.412822936241690867e-04
1.251423171274962517e-03
2.304884654079917931e-03
1.581407029125034584e-03
1.349027462015414030e-03
2.264991725404747608e-03
1.213220261471753417e-03
2.313233437237309769e-03
2.359806899789432082e-03
2.664758314038658503e-03
2.697613462691206276e-03
2.407422525097648296e-03
1.113447278750837131e-03
2.238468307982958115e-03
1.607470409351936195e-03
1.053042430562860666e-03
3.073019783499912703e-03
1.429695704584844169e-03
2.262057303711004306e-03
2.815674090677744174e-03
1.918342472562446386e-03
2.055917207211412946e-03
3.815385081838231201e-03
3.059560885671530270e-03
2.920688664581937502e-03
3.234601058735968922e-03
3.958077604371754848e-03
2.468069476717557609e-03
2.797334185159221134e-03
2.304137085552668621e-03
2.068699732819304603e-03
1.913511413254532709e-03
1.266458582621859215e-03
1.708850139169857101e-03
1.529786974401544253e-03
1.455196346642247205e-03
1.578700705587895124e-03
1.511263012466900228e-03
2.028690160268558935e-03
3.296706696186528941e-03
2.220446786831708780e-03
2.898531436703891562e-03
2.443600179719800005e-03
2.521122376693786613e-03
2.598102401041132731e-03
3.219136148462495382e-03
2.232881276384630388e-03
2.272518120517344649e-03
2.141497321177141758e-03
1.604470370146628610e-03
1.666749059132367110e-03
1.780580032550264924e-03
3.161283815843893286e-03
2.631950125250093805e-03
2.407556439983131891e-03
3.863557416050452439e-03
1.696106376222428604e-03
1.500017408760950842e-03
1.954096629478645642e-03
1.287073851299768866e-03
1.155162976599946253e-03
1.007160323934015245e-03
9.182620030308157088e-04
1.646900634622136712e-03
1.154788496857899133e-03
1.046515607184732863e-03
6.884950868005606768e-04
7.489388192341524036e-04
1.168227310573908585e-03
7.083764260355230854e-04
6.926465347181936551e-04
4.492994864298782655e-04
8.469850294884075613e-04
9.933434156412107325e-04
4.776660197638463927e-04
5.508014973331354629e-04
7.102499475616934257e-04
5.996440044044845695e-04
7.185357189718253983e-04
2.719621687183533033e-04
7.235882301266530290e-04
8.101351442201309766e-04
2.290284649429111740e-04
2.048214207493413968e-04
8.343588289702705708e-04
1.528752304916889673e-03
4.964138931062184483e-04
5.111279323041680440e-05
7.821260512381657953e-04
2.464169306896594070e-04
2.468742222976808140e-04
6.981791766226435377e-04
3.018858424177430942e-04
1.541812161068277791e-04
4.205584870272956839e-04
2.930497016407392690e-06
2.765640901094416947e-04
2.015147060990089833e-04
1.467741620940387541e-04
3.233628879033527827e-04
2.507342330769187291e-04
7.041881406055724741e-05
7.612652364124671955e-05
2.204867081354516334e-04
2.846901537818533014e-06
1.259483226141266238e-04
2.319869827366425287e-05
1.164754639891072457e-05
4.516681269424859549e-05
3.486882049106236587e-06
3.492309693064353575e-05
2.201012233025859819e-05
2.720945394131428290e-05
8.210811062775842279e-06
8.624489605524834803e-06
7.096879389903113921e-05
1.451863870573724255e-05
1.075334541242904337e-05
8.819364967480703982e-07
1.157563520362280977e-04
4.179127598631240176e-06
2.824233719932682570e-05
4.901932164503850583e-06
1.801658587086773718e-06
1.927052350540235464e-05
1.201313892638427193e-06
1.045366819982541115e-04
1.841142499612391048e-04
6.993197047018152129e-06
1.313527107608590815e-06
3.169884928614776396e-06
1.106706783249556391e-05
1.441492156515035363e-04
7.125079732566884781e-06
2.876926895347337487e-06
1.928551288006848555e-05
2.293735295803023887e-05
7.937476868293622459e-06
1.283581023559061062e-04
5.358307494205647196e-05
1.270042597706167425e-05
7.158968363331719376e-06
6.435082502901662705e-05
1.003888432817120802e-04
1.252019829222659841e-06
2.492337501778457232e-05
1.314925076447452581e-04
2.396558967069516814e-06
2.303256336261206487e-04
9.174000030903999708e-05
2.197130381476615791e-05
1.523863772525830011e-04
1.859550270767755455e-04
3.518864291035502575e-04
1.729423350285806010e-04
1.897729554213849906e-04
4.104761915726311359e-04
2.540833327745437199e-05
1.133666625480916516e-04
1.361294940643561829e-04
5.889684384856495126e-05
8.854178340945559461e-06
1.243052125536019809e-04
3.147501925946939705e-04
2.827769607045267372e-06
2.579119374562407726e-04
2.967526518306612521e-05
1.534155553807736586e-04
5.394551674225856602e-04
1.698880428974156108e-04
4.771293069667993832e-04
6.036413536416474900e-05
2.512181706282047003e-04
7.551492603574058783e-06
5.907566144168653063e-05
4.606101459808441083e-05
9.637044529955565264e-05
1.356939458097027637e-04
5.828788942681560527e-04
1.004114390026692572e-04
2.734464910538655902e-04
1.165295096857368482e-04
5.905559643570359036e-05
2.004844224168240066e-05
1.464456214776016789e-04
1.573526169427072420e-04
1.868263672941692440e-04
1.267234605564396103e-04
1.037130355733754912e-04
9.946627825691874017e-05
1.216039881393139114e-04
1.059121791299321585e-04
7.905440904225043489e-05
7.911572097032373269e-06
1.393432098154918550e-04
2.831319340989187625e-04
3.225043163294834822e-05
2.772310081508634638e-04
8.246497019202753468e-05
1.483449166954698458e-04
5.480657552029367718e-05
1.552371086709669916e-04
1.779628325260757351e-04
9.101310370896912401e-05
1.105559190628681830e-04
5.523742221480575521e-04
6.891041348041314612e-04
5.950207746515652572e-04
4.191061832841600610e-05
8.667845667145610217e-05
8.421091469359761850e-08
2.986379587273931902e-04
3.116720251575274083e-04
3.326199461582885798e-04
2.211033442851036005e-04
5.159887241332264385e-05
3.308160080193810562e-04
2.975507829845955039e-04
7.495718086663512043e-04
2.290605993143904112e-04
5.650894662493059382e-04
2.669574110805181353e-05
6.560863619398970593e-04
2.193002763034843962e-04
1.433686726828511536e-04
1.691100245604839757e-04
4.209720316258355570e-04
5.592934970059387778e-04
6.220836810658161029e-04
3.995498551369296164e-05
9.067214699744554924e-07
8.465267214716785482e-05
7.376826010668722209e-05
1.168216124330881552e-04
2.871254188626180313e-05
5.303269589361819671e-06
1.367738892994559336e-04
3.740061515225314706e-04
2.747110747857984506e-04
9.797161462211768728e-05
1.384303471587907698e-04
2.110628103543715261e-06
6.939263757049901594e-05
1.221368937457642837e-04
8.846681264093097970e-07
1.768147213112588418e-05
1.045910280920153831e-04
1.801882085414188781e-04
1.008317141049141824e-04
3.163726420014616896e-04
6.356732495330962365e-04
1.239631522688124327e-04
1.068299286012891415e-04
9.044203435615546487e-07
1.590248951933071917e-04
3.073305167088827578e-06
2.930088148399407851e-04
1.135785266460764690e-04
5.644381533100548424e-05
2.340216412918311628e-04
2.515727965518469746e-08
1.986666221725578432e-04
2.045070238873344107e-05
4.741665104467808146e-06
7.754136092804693903e-05
1.016321360919730099e-04
3.845701719423574866e-05
3.199758833625432514e-06
2.395513911926295701e-04
2.449893107012670641e-05
4.936349359924880080e-04
9.898983754084764012e-05
3.514711640675196848e-05
8.228149763601606077e-05
1.298883545371057278e-06
4.629489185234629126e-07
1.178483648358333790e-04
4.354133366561208952e-04
4.926199272938059444e-05
4.365247169110708018e-04
2.912369070398824946e-04
3.045886772606199323e-04
4.932061984189306395e-04
3.142367014114084652e-04
1.520868146904672219e-04
3.107409822854843937e-04
6.784704143349043048e-05
7.320406848273601486e-05
3.150956514530092040e-04
7.988347049259591332e-05
5.078206478143784191e-07
1.129007469222148400e-04
8.742853665038761123e-05
4.297591026045022766e-06
3.289370495020420716e-05
1.002989626225519359e-04
2.510068934204598618e-04
2.143371016532416946e-06
2.168359507194572141e-05
2.164213883855784947e-06
6.290283302642161442e-06
2.271021468895656847e-05
3.876055683119524294e-05
2.085893375076052424e-04
4.262639310821100336e-06
2.256919624283365689e-07
6.064074720829400644e-05
1.604796585068355601e-04
3.050392476390053351e-04
3.756727693937743492e-04
1.218989469227941306e-05
1.012184237742491503e-05
6.351031711165978683e-05
8.109633603872966323e-05
7.897538400759939904e-06
6.505339316266185779e-09
4.298144557973092804e-04
2.316439822829017190e-06
9.771732555759333452e-05
3.062586275174156419e-04
7.619807057218855990e-05
7.019973155235436203e-05
4.130865818284055725e-05
2.001187591153672971e-04
2.763639016930904838e-04
1.643517984451858146e-05
2.388577704296230187e-06
6.003696977983644273e-06
1.689546860093679595e-04
2.967701263262718711e-05
3.985181226246682949e-06
1.626896888722495949e-04
2.800034471382986862e-04
1.516873040753261432e-05
4.649446552972613585e-05
1.045320976222730698e-05
2.842963775268929024e-05
7.085339585187397902e-05
1.763423173662066246e-04
1.740184868341981756e-06
1.635217562968487644e-05
4.848850271290373556e-05
6.167972399862932181e-05
4.190851145771908001e-06
3.386286893491056633e-06
1.950734840684555490e-06
4.252576494894921882e-06
1.131908862936403688e-05
7.055654640491113776e-05
6.926283533206328792e-05
2.218728427626863171e-05
1.197526443134386634e-04
1.657511544346277710e-04
5.244960797111231603e-05
9.705303813992750296e-05
4.493041040633907914e-05
2.899454054068215720e-06
5.951769366501773222e-05
2.426586894532295539e-05
4.819331128313084565e-06
4.410436069782584354e-06
1.114443662776480490e-04
1.000380453901402209e-05
1.344495848583503821e-05
1.071594652967852680e-04
4.271329222981481213e-05
3.367872720498521954e-05
4.380055170399316011e-07
2.585079822587094795e-04
5.182490238953516308e-05
6.434257528392599399e-05
6.235136461707273192e-06
8.288762698140750778e-06
8.521334304533611419e-05
2.171029575965016287e-05
6.801433479367931430e-05
1.843339262943274472e-05
5.577648058503616548e-05
2.428794970258268981e-04
7.940630766923978108e-06
4.752269806905399620e-06
1.677668637028112360e-05
7.638296225451042206e-05
8.183139271922415169e-07
1.144518642881441246e-04
8.167371902266249000e-07
2.297447042156612142e-07
5.363564261403270737e-07
2.377965311423466540e-07
5.353753615465428800e-06
5.758824622491740642e-05
1.552847599719941117e-06
2.532898653017842932e-04
5.167359552781441095e-05
5.174357416981498735e-05
1.506766672949327759e-04
7.869599756292769367e-05
4.406697791892355727e-04
1.090761988820267943e-05
2.516957412320637057e-04
3.384395226691556399e-05
3.544141037735014550e-05
8.255170212766308792e-05
1.877883592093111524e-04
3.916695590657687974e-05
2.134432872486536310e-05
1.957777644168329933e-05
1.016519749727825140e-04
1.003032750710149211e-04
4.715722877552996271e-05
9.573252762799165606e-05
1.282356318613623466e-05
8.623944403017250627e-06
9.720824754387077932e-06
4.334473704434326554e-05
1.411285705886419414e-06
5.058369446364158152e-06
3.956987150755710675e-05
2.320162388173886714e-04
8.413688680089710138e-05
3.949409709137301883e-05
9.797029732355935349e-05
2.525062920243382144e-06
3.320657150905934285e-05
1.457618245932053282e-06
1.392337718705398385e-05
2.118870805365907827e-04
3.449354333938788936e-05
1.257042289220675828e-04
1.910438493025836852e-05
4.086467225323735757e-06
5.739211351488866153e-06
1.611333299821608531e-06
1.878617064558501002e-05
6.047893032267660156e-05
7.670656307679761152e-05
8.441848032975123777e-06
6.130776358013785446e-05
1.765442329494526581e-05
1.154651155430389561e-04
1.807174313343983519e-05
1.467954142693138467e-05
2.046019678921829341e-04
1.577041185794697365e-08
6.824804345897251938e-05
4.117152336092258876e-06
2.066005317340584302e-04
6.954856954190725331e-05
1.608075419898448032e-04
4.598439359160816867e-06
4.494218471793843894e-05
4.845606874418190819e-05
6.198862273188899424e-05
2.536274234883582890e-04
9.386657970453433399e-05
1.022872252008808977e-04
1.566787805384978693e-06
1.411547956450633675e-04
2.413204611960458379e-05
1.463396627120507325e-04
5.753044254768611201e-05
5.411877218384432876e-08
5.759625024632589425e-07
1.094901553768259552e-05
3.149348518469889338e-05
7.330038106843476331e-06
9.101156504488194481e-09
3.280135884024707273e-04
1.322429489866531744e-04
1.539988395170396786e-05
2.815296214810306017e-06
3.766110411694915995e-06
7.683366810288047447e-05
5.615860511213861310e-07
4.834398045531781936e-06
1.593636940497840740e-04
3.481392857059386389e-05
1.278761897287934062e-04
1.845330784447883068e-04
1.658045531360646753e-04
2.821581988613886373e-04
8.994259819393056118e-05
3.944784140733824850e-06
6.216491199342053560e-06
7.744204129492702668e-05
1.425891986251317362e-04
1.685952245862927946e-04
2.185619701345127184e-04
2.856408555579398586e-06
7.972080581941693334e-05
1.820278028948343346e-05
3.758754516758107704e-06
1.053055175472261368e-06
6.029786969777351690e-05
1.047625672808862713e-04
4.544859848606749023e-05
1.945165861524326815e-04
8.606860412635731781e-06
1.453269635377489480e-04
5.501772989704213103e-05
4.543155743578269971e-07
2.260704825551021025e-07
4.099234493388911264e-05
5.209612149750055449e-05
3.296254691983464380e-05
1.966111580030364275e-04
6.636581141664347637e-06
4.963934170877676327e-05
4.449958414350703873e-05
7.169554514268076713e-07
3.919945909124284734e-05
2.618529178153884465e-06
3.264748409315657952e-07
7.072792347331203675e-05
6.633980947102301837e-07
1.581201269802760023e-05
3.210172786090952058e-04
4.139579397402437728e-05
9.564157156665191938e-05
9.146378554845272101e-06
1.261776174107007392e-04
3.619411323788634553e-05
5.777670291279551879e-06
3.302680189369595475e-05
1.137719321884467466e-04
7.669535990024089946e-05
3.288073047463475668e-05
1.505049761156373522e-05
7.307114983183294250e-06
6.766896374547874609e-07
1.879107143931263289e-05
4.040345888240457094e-06
9.991537598401498046e-05
3.447403400350732824e-05
4.397059802546524255e-05
3.846520385560465690e-05
2.526822157474749501e-05
9.075776159446084833e-05
6.788298781499730553e-05
1.273598191188494555e-06
6.304996734630523021e-05
7.055460419866236171e-06
1.142942752887396126e-04
7.282640482450567792e-06
1.584661908822112522e-04
3.791608634484536412e-05
1.204795385071580190e-06
1.063975680173127792e-06
7.302287333726520544e-06
9.569177300926677796e-06
9.824868631539740210e-05
2.178288495929243214e-04
4.560321350980083965e-06
1.317410772841379664e-05
5.062371508311819338e-05
7.928423085913396929e-05
1.535575096970341028e-07
1.134616166447595263e-05
5.317843955417499098e-05
1.123931628423791815e-04
1.143525173980787187e-04
2.050906808318133559e-06
4.473871937457306958e-06
1.488347116052659857e-06
7.481058101309716866e-05
3.650419557644138781e-04
8.313814549949747625e-05
5.703991490600935343e-06
3.406439087683647707e-05
7.859912719353744245e-07
5.539455065385369008e-05
2.341886375906606420e-05
5.438707339854372233e-06
7.363135660775782271e-06
5.325632858294018714e-05
2.331858190559344688e-07
2.570899724185811414e-05
4.256083533849442527e-07
8.768885312883348103e-07
3.785053374855727991e-07
5.111496786674838864e-05
2.915817589142760477e-06
6.824744345256362284e-05
3.364822005665449039e-06
6.660022958932345673e-05
2.731325558571318714e-07
1.334318396864338320e-09
5.452544242828602771e-05
8.048539900412939996e-07
2.569098173034605083e-05
2.948439554608753987e-05
1.330539110746636464e-06
3.651494127459087367e-05
6.844475551296213905e-05
1.203319098617299839e-06
1.166629081684573087e-04
6.360789104975472211e-05
1.925552292024663465e-06
2.276550327163282374e-04
1.439557624039200184e-05
1.320147354758158156e-04
1.398425760733877162e-07
1.063297201387738267e-05
1.368160593045604648e-06
5.624688264102900765e-05
7.386098600716884959e-06
