1.105830049605938808e-01
1.053851426492684873e-01
9.172968020102294229e-02
7.923764089590687454e-02
6.822088329089975867e-02
5.389129397528042570e-02
4.337206187463522877e-02
5.754287084464995705e-02
5.862828457714452934e-02
5.630908107396388057e-02
4.993537817946877566e-02
4.199334826048574387e-02
4.280931852469380128e-02
6.220542410675775069e-02
7.716957355960728238e-02
8.063332298454092828e-02
5.865284998424572654e-02
4.839773031915755447e-02
5.013472971388193561e-02
5.827029121256036698e-02
7.438115085058819020e-02
7.788699987851184503e-02
7.014511841662372793e-02
6.296751364684098629e-02
6.702127765055476694e-02
6.355858710421849467e-02
5.705980825326738975e-02
5.178345576019516977e-02
4.290658009673713885e-02
4.482309565824255104e-02
3.919227513564968457e-02
3.810490859503866401e-02
3.635626449834643975e-02
3.959475893581578670e-02
3.844586053946894705e-02
3.625342089103760629e-02
3.800127262330088573e-02
3.317777442905674168e-02
3.271550060585495107e-02
2.805311716654616122e-02
2.520309518667791446e-02
2.431185136780350878e-02
2.627429694693464088e-02
2.321832147351703471e-02
2.064904718969618955e-02
1.961493112571755654e-02
2.421408100259082874e-02
2.203212651465877650e-02
2.257171150228916637e-02
1.976644720906804015e-02
2.046227885666702592e-02
1.980265609446093394e-02
2.228905780207708284e-02
1.916640022732389939e-02
1.586285585277215707e-02
1.797205133822467327e-02
1.549871054249384213e-02
1.585586046395988727e-02
1.800851410479916218e-02
1.242750998206246932e-02
1.677204663622489100e-02
1.160015369087973904e-02
1.110117907232800565e-02
9.787994539244839268e-03
1.353447526418228609e-02
9.569290234414086493e-03
8.715847448705960065e-03
8.917051488164273385e-03
4.667488766612513940e-03
2.877995227914076446e-03
2.478104492379507896e-03
5.425932196278957995e-03
8.721071031788203091e-04
2.099293109331811739e-03
1.105450478223298644e-03
1.815314604310795145e-03
2.021446688456490261e-03
1.958850216848742783e-03
1.283738977161698325e-03
3.519809214564657645e-04
4.597227065956235111e-04
6.275385124192086488e-05
3.652417331121765782e-04
3.665242456944817575e-05
2.814406099126470144e-04
5.060877871676058322e-05
8.643318944056843645e-04
4.176180694174185621e-04
8.485407685590024137e-04
4.635101144206074143e-04
7.271860142643080506e-04
1.471890043872429782e-03
1.838612851264634840e-03
3.694936063139696823e-03
2.810962911609897561e-03
2.466409214296133058e-03
8.748761066240228878e-04
2.751753799021524304e-03
4.386928352163979410e-03
2.834883239057978989e-03
2.792084327383778739e-03
4.733073060712898218e-03
5.795207309949206194e-03
2.727221870843231453e-03
5.006057040977412824e-03
4.770247986926641134e-03
4.088371814584462749e-03
2.796822399552211218e-03
2.821394200825309145e-03
2.210327511669331682e-03
4.037230310668228281e-03
6.373549139225960676e-03
3.247419915363449188e-03
5.784226189800807834e-03
1.894959353682864776e-03
3.339743135017621267e-03
1.455135781283752733e-03
3.030913323103627717e-03
4.261407446525560493e-03
1.777650635532434598e-03
3.307287972942483858e-03
2.021889855589505732e-03
4.675154656199188678e-03
3.631964416929923424e-03
3.100941474779793892e-03
2.519746510341380925e-03
2.568149118003021023e-03
2.035111998716059110e-03
2.575278939211912525e-03
3.122880486147133153e-03
2.034741237202458697e-03
2.297604015825826292e-03
3.527711750415706352e-03
4.228610117299312458e-03
2.480293552939037607e-03
3.857747085505433809e-03
3.768729504727633996e-03
2.781719232356747330e-03
3.896803291130359736e-03
4.174834406738543550e-03
4.578712967591660847e-03
3.733867660278996498e-03
4.636494667098798629e-03
2.541711350132406459e-03
3.918392855392108416e-03
2.535996468788072594e-03
3.788927118487034947e-03
2.666048659256848620e-03
2.906533497161121939e-03
3.306963223566935367e-03
3.759087534455733941e-03
2.754360128106424308e-03
2.418188936537083930e-03
4.119829319184064795e-03
4.288349515048588308e-03
2.970627078399244118e-03
2.083132117878500056e-03
1.089655323342788012e-03
2.318940664185583072e-03
1.006069057713636881e-03
1.805370174314111691e-03
9.384057959921821186e-04
3.918986948377941454e-03
2.744464273783267603e-03
1.244463486471102239e-03
1.405403508788238918e-03
2.546446920110552372e-03
8.950930555982135502e-04
3.319384705798997248e-03
1.716893830372798017e-03
1.516044652030169686e-03
4.423169614037716739e-03
6.499493405066944897e-04
9.082346887812083438e-04
1.611023402449946471e-03
1.674835571099084425e-03
1.979651796896835653e-03
1.784703846929779243e-03
2.620663006525811214e-03
1.383783377619471257e-03
2.012006638751268235e-03
2.405951556621529173e-03
1.099378336496369428e-03
1.411579091482415655e-03
1.642718276484755923e-03
3.809278064174747257e-03
2.580464114856840380e-03
3.058520016700382298e-03
2.446412856564625458e-03
1.611114100394676375e-03
1.698786155513945561e-03
2.669321047688743686e-03
2.519174862014468379e-03
1.727982838035018853e-03
3.227711363654893386e-03
2.754802293060975432e-03
3.005241246456370578e-03
2.321223951758069354e-03
5.017840144632035489e-04
2.254876730703488878e-03
1.150385382672567324e-03
1.916254882830527697e-03
3.522899914063041746e-03
1.969347718039368613e-03
3.928077423674881941e-03
1.430748361835228796e-03
2.709382691481161155e-03
1.012838401322831584e-03
1.249287549566268762e-03
9.487168856045027649e-04
4.832085476932998155e-03
1.614835628150210461e-03
1.603380119764991280e-03
1.814095052404202232e-03
1.564809591292991037e-03
3.389221890295042103e-03
2.229635317652173005e-03
4.060766514428961610e-03
1.735139020418422287e-03
2.661897840550060852e-03
1.476273211263595111e-03
1.480703825769540518e-03
2.162956682546407147e-03
3.047144953423019248e-03
2.187735219468741471e-03
3.366312666532711179e-03
2.266847050228606216e-03
2.569043474806442882e-03
6.033443091139872871e-03
2.385047399365570944e-03
2.185675484260847339e-03
2.678156298222380931e-03
1.880298891113975444e-03
3.901162076456088975e-03
3.932832405562553847e-03
2.845955837554920223e-03
3.744871949208696763e-03
2.305438867538919107e-03
1.871474928904361557e-03
2.307329636434733797e-03
3.439213688814219197e-03
1.745429366676044293e-03
2.166594321824291160e-03
2.218419669155574387e-03
2.563003180489816998e-03
2.310633083354444312e-03
3.161704379352640436e-03
2.930318314735650635e-03
4.573007982375436667e-03
2.172423756993648904e-03
4.030658113619014701e-03
4.478625121501828531e-03
2.055860794766120603e-03
2.718509466349487702e-03
3.907262149535162786e-03
3.658415789302074585e-03
2.949380762502494448e-03
4.283049698893834877e-03
3.608470717849683249e-03
3.720404285260455520e-03
3.714143547550254748e-03
6.110190225272166958e-03
4.529012841679825457e-03
4.417509827424482248e-03
4.493995961381170613e-03
5.960674749270655076e-03
5.399251042013586063e-03
4.383147298065652453e-03
6.289354927064171562e-03
5.004880741672651859e-03
5.899758438898445971e-03
5.352720103604514772e-03
5.927030749553976845e-03
2.895099295926171091e-03
6.354583841967546484e-03
6.879345824379272563e-03
4.041848960623839818e-03
3.929760671811452846e-03
5.921875177743697420e-03
5.808712208207411978e-03
5.380587197076617222e-03
2.541142345325465412e-03
5.261801272389342830e-03
5.478161679650982684e-03
7.254239244863082935e-03
3.944687010498065631e-03
4.692901246621186337e-03
4.809426285639568747e-03
3.742120841368647751e-03
4.666939381656293531e-03
6.888102497420955234e-03
6.067480961730987478e-03
7.725796166368489350e-03
4.325908170471170003e-03
6.562150748366457446e-03
5.666948236709360223e-03
5.014376262232686163e-03
6.267188785473378973e-03
7.531146523175553942e-03
7.930083284310230837e-03
6.986598789555214725e-03
7.652749507841604196e-03
4.964712758251429124e-03
8.197371005938836400e-03
5.873799640006876349e-03
5.082561362064101987e-03
7.761426054081161513e-03
5.043776273122095068e-03
5.445465514492104329e-03
6.091798584896626623e-03
5.480425780734140238e-03
7.360631784034107894e-03
3.725000320123386145e-03
4.828190957200765264e-03
6.205097016960774495e-03
4.900513650643399839e-03
5.494646346402939051e-03
7.099841311919046979e-03
8.876929932685748495e-03
5.167687349019065186e-03
6.700463960208414768e-03
6.584874730026199323e-03
6.666030615708808463e-03
5.932628775256978959e-03
4.763126429253103887e-03
4.710192579542455890e-03
5.736925443834916226e-03
5.946498960414894897e-03
7.469662982206372835e-03
5.926298017216514655e-03
6.079149945745186863e-03
6.167950344754644272e-03
6.799248594181632639e-03
4.428962863243294384e-03
5.889417655964129458e-03
3.812913035591591112e-03
5.432698523419194833e-03
4.239969870595220597e-03
4.582752896947132719e-03
3.071337894789249578e-03
5.009950303480079602e-03
4.271119040634076269e-03
7.893362766586711765e-03
4.439493978125414950e-03
7.478140053046931739e-03
5.188966024721397390e-03
4.496989258743764976e-03
4.509231285658638934e-03
3.840479918826669205e-03
5.709472850509576987e-03
4.651058607138771131e-03
5.139222087426468556e-03
4.980625297513942111e-03
3.485133482926140985e-03
4.304739877541485793e-03
5.153500518277977054e-03
5.200890528764176221e-03
3.059614303255921673e-03
4.479028180289235279e-03
2.743766717516480606e-03
1.902646702887217855e-03
3.077319238802624611e-03
3.626796793874024517e-03
4.872304412450238070e-03
4.841338564382841395e-03
2.494855064412449582e-03
4.837862908037234011e-03
4.412952658505253298e-03
2.506733069831453258e-03
3.857124027848270534e-03
3.918463977148519718e-03
3.238024202128743367e-03
5.326840716369716372e-03
4.430526958941659321e-03
5.123195951927382065e-03
5.183506980512624270e-03
3.080811977367027294e-03
4.238593598542856472e-03
4.475476216446624446e-03
3.467018082539890383e-03
3.851864356807208761e-03
3.558424661173407392e-03
4.831037703484742513e-03
2.180608795133985676e-03
4.119588206643196027e-03
3.877871837962177260e-03
5.042388218709344117e-03
3.016151837853423261e-03
4.196419895830795672e-03
3.875417341371936285e-03
5.537380413952520432e-03
5.202197904768613747e-03
3.049123866269760723e-03
4.171912592921032427e-03
4.753192843556019141e-03
5.388655739900175858e-03
3.467208570261745646e-03
2.711705667396052070e-03
2.731083185711444088e-03
3.516893843805071057e-03
1.494812309164761377e-03
5.026202928898950394e-03
4.842506819966968350e-03
2.575717428263626322e-03
4.363660025304723702e-03
5.632526909855041682e-03
2.899398390874153870e-03
3.047142388064156410e-03
5.109807360861389446e-03
6.122910179522886645e-03
3.948874388881419908e-03
2.948218200136390812e-03
3.549463875139172164e-03
4.925767100261328919e-03
4.157070946328339164e-03
3.485587783478845229e-03
3.352929505239353545e-03
5.441029989186892124e-03
2.554385797837890101e-03
2.587171911452188552e-03
2.937751640399569042e-03
3.493877354121366179e-03
3.134726734398535480e-03
2.911202558098615820e-03
3.543461010690686103e-03
1.489158499727831139e-03
2.992817744399499987e-03
2.458735131707257601e-03
2.935262355998447415e-03
3.073220519441741561e-03
4.709140771712436689e-03
3.565394270083146327e-03
2.991625210189432626e-03
1.972562001914572420e-03
2.883636357204303648e-03
1.771266222190207061e-03
1.982893537202188878e-03
4.990087209903292485e-03
4.180879531724695716e-03
3.991419729599062979e-03
3.960379330274426714e-03
4.199035089124034809e-03
4.634359215311259494e-03
2.703201263175525337e-03
3.239629062135038380e-03
3.218466792197935845e-03
2.237574894874831341e-03
3.889773144173561559e-03
1.746875693580819677e-03
2.963279591064172953e-03
2.509285026314804490e-03
2.819844853736264579e-03
2.258943165924380807e-03
3.401303025817577295e-03
1.295866485391581648e-03
3.433550757157300889e-03
2.037458613379952536e-03
3.169189183971583400e-03
1.602660974681431160e-03
2.881584063947286237e-03
2.797894690513595510e-03
2.140118039195308772e-03
3.226574652315966716e-03
3.917812713192049372e-03
3.059837181696063724e-03
2.453526682271999024e-03
2.981905423771962372e-03
3.174960414954491016e-03
2.123944904127732323e-03
3.118972665851010850e-03
2.468882800694883160e-03
2.625773266310230461e-03
3.518770904062664198e-03
6.066402784604889992e-03
4.653583374590569699e-03
3.047463899663523188e-03
1.247281065228327988e-03
2.114577183390597710e-03
3.120939114348759286e-03
3.070910727149020730e-03
1.960143004328424032e-03
4.354703777965124312e-03
2.605138695174434409e-03
2.858807457858504684e-03
2.158780524768412652e-03
3.572283459397860780e-03
1.907570210394841665e-03
2.417096958447956939e-03
3.305474182810890209e-03
1.959756626817445169e-03
2.425544084560981445e-03
3.222736251377113052e-03
3.325414805685228230e-03
2.545374317358612467e-03
2.367310959196155737e-03
1.368881091528451228e-03
3.141074337376453373e-03
2.017621364867786850e-03
1.877484510451804967e-03
2.917190144441013464e-03
4.360733235992278987e-03
1.651917623909203740e-03
7.699953086937199893e-04
1.379444771237787028e-03
2.101707892566022362e-03
2.178809011225176905e-03
2.546441517300598173e-03
2.803816028439904719e-03
1.171014569562565250e-03
1.636553270002651323e-03
4.293779533597955056e-03
3.362627958734491947e-03
1.375282327325404869e-03
2.132871488977509684e-03
2.801386526475678485e-03
3.164684507071514625e-03
3.404396966628779695e-03
1.465533060279643239e-03
3.523157801227456195e-03
1.989420280450127955e-03
2.896597139516531895e-03
2.871527005174651526e-03
3.445476016659462272e-03
3.585223118390723235e-03
1.991248086842546759e-03
2.019533059600168122e-03
2.266979008294660661e-03
2.653226079800567044e-03
2.452278750684147232e-03
2.763163376974095073e-03
3.927271875710254719e-03
3.613059178012788166e-03
2.631773554438597042e-03
1.999163543466687433e-03
3.030132948360629661e-03
3.256129035245747694e-03
1.931154124755071538e-03
2.289487452385656919e-03
2.801011234643131266e-03
3.610491679985994989e-03
1.794252442732114511e-03
1.713724109689481476e-03
3.093594467892592150e-03
4.007700883873357642e-03
2.602960955560040032e-03
2.263863956042554658e-03
2.948647436579364227e-03
1.711773750027194632e-03
1.704221294774694358e-03
3.382901171418469487e-03
2.889809553101267171e-03
1.802126058096178724e-03
3.202285730489253315e-03
3.905154142906763770e-03
1.867485044791656170e-03
3.792187919531203599e-03
3.631896446871242610e-03
3.987791045413878466e-03
3.283169486670118112e-03
1.889025166574792493e-03
2.173633294385200580e-03
2.659981312907500322e-03
2.446820570050911581e-03
2.251068452601361937e-03
1.166909027370962963e-03
1.707319993918807611e-03
1.471054152044773107e-03
2.375395089203289050e-03
1.744826898624216374e-03
4.005816396856695660e-03
1.807222670130501909e-03
3.745002999682953918e-03
2.520649849901831444e-03
2.679918393144708512e-03
4.207507251196240111e-03
1.704774120290619525e-03
3.404788294621885654e-03
3.780145646683245528e-03
2.702267013776008496e-03
2.298239257479715164e-03
3.193052609748985287e-03
1.920677349839890104e-03
3.850380367682609221e-03
5.347725533405094621e-04
2.727081467335773935e-03
1.323957971397505358e-03
1.592657255540951174e-03
2.379624928579379510e-03
2.705142151721011846e-03
2.979191362117850420e-03
1.535020373404059196e-03
1.703710848276437798e-03
2.351160970667779803e-03
1.757230882252764368e-03
2.625383495721391684e-03
1.897764779535779161e-03
1.720654959449335582e-03
2.484033836354863477e-03
1.364044034543271692e-03
2.753451256345578087e-03
2.357076603125376080e-03
1.897941450714331953e-03
2.803691168722534290e-03
2.729562070862773596e-03
2.228825693851641757e-03
2.631703153348370454e-03
2.463316408235336711e-03
2.787848300339716961e-03
3.606363576500675773e-03
3.164859183458647914e-03
2.593106994187361312e-03
3.461108648574942517e-03
1.962109116909606203e-03
3.366282340935872804e-03
9.744594348716333889e-04
4.022536746166319004e-03
1.377252293770019195e-03
2.536408713126855289e-03
2.630268112974507196e-03
2.572425774620070923e-03
2.492284732564532031e-03
3.439917502987968785e-03
1.761721420051791690e-03
1.753222699644431176e-03
1.693321306857018980e-03
2.299462263235616411e-03
2.395063094063507210e-03
3.425096511329593120e-03
2.908497021677109232e-03
4.266252410839905390e-03
3.716257659735225372e-03
3.252226726027136403e-03
2.443472826557068368e-03
1.879035279846728726e-03
2.934195017887387871e-03
4.039215810565297687e-03
1.604794456094381545e-03
2.430272637002415040e-03
7.633152356186519551e-04
1.878185109106966615e-03
3.321428941769751560e-03
3.439249477509864674e-03
2.268898696649603117e-03
1.093680338627380563e-03
2.458568753274008225e-03
2.302929200579792359e-03
2.266648253524808365e-03
2.691341355101885702e-03
1.759391594834147990e-03
1.862522235812662285e-03
1.844896217103533234e-03
2.653671095673182725e-03
1.297427149028453075e-03
2.120117652556134918e-03
1.559487305661436075e-03
2.704093915615926689e-03
2.314995016050680997e-03
2.679539849918524761e-03
3.362147382566972684e-03
2.575369581872934046e-03
1.080302664521984746e-03
3.071785316512481642e-03
1.805971807560977690e-03
1.413981323646534187e-03
8.419385839462810613e-04
2.617404031203849658e-03
1.559699027696809150e-03
2.712733528189840548e-03
2.042315803029067997e-03
9.481276937107453121e-04
2.244216707524694047e-03
3.593494755967660027e-03
3.240704643868617778e-03
1.494330776857844857e-03
3.616855111281504827e-03
2.554849962371505499e-03
2.479575314489149487e-03
2.293982452452975659e-03
2.264234434042498943e-03
2.002222133603578837e-03
6.172930753106138516e-04
3.714396649167187037e-03
4.533292056423774904e-03
3.161935723402958028e-03
2.629852818385728340e-03
1.176801679351889085e-03
2.881374967037115663e-03
4.185662460530013146e-03
2.303812760014442140e-03
2.583288461736848833e-03
2.563383162614842406e-03
2.255729678541396836e-03
3.999766705555031152e-03
1.641656406635185828e-03
2.460818891510975753e-03
9.410209707629566597e-04
2.038527060872130300e-03
2.147041861143634840e-03
2.220968792612040051e-03
1.244549043334730294e-03
1.205578037901331714e-03
3.167885902561408049e-03
1.170089532131393661e-03
1.453095544960405746e-03
2.362987759402847884e-03
1.782741212435572618e-03
3.252863730295717497e-03
1.754145865410055606e-03
1.783707921145891379e-03
3.773353406630066981e-03
1.381924734974210051e-03
2.683663296150950745e-03
2.831968121598200504e-03
2.268518690191624956e-03
2.157998232351576728e-03
3.969534955978786840e-03
2.801613275011750025e-03
3.754937332054270223e-03
3.964429645850022985e-03
3.501890763422729237e-03
1.963302223461020190e-03
2.342442005130510301e-03
2.434210577227392206e-03
1.891117223147470439e-03
3.412953991940141825e-03
2.878218666617706010e-03
1.316554451998405012e-03
2.892587825643999633e-03
3.196874546816620786e-03
2.911425224399317741e-03
2.548739311311102283e-03
2.720537390644704387e-03
2.215093979159831351e-03
2.219971383620603003e-03
2.696322922207195286e-03
1.114192737176321682e-03
3.900855408553932386e-03
4.527390832190098142e-03
1.999534032126615464e-03
1.400711384078009211e-03
3.590471202128992824e-03
3.460209608205310882e-03
2.625391097497544683e-03
2.564033440010754245e-03
1.253726905359502574e-03
3.150185511821123902e-03
7.251021757344342043e-04
3.864399789437870242e-03
3.803874578794410460e-03
4.793885106430863588e-03
1.650685436140381449e-03
2.783176549594262948e-03
1.904311356569811983e-03
2.637894788561682535e-03
2.240580010942682786e-03
1.776833820324198558e-03
1.780089266661912493e-03
2.351245043357884628e-03
3.203379806573532912e-03
1.356251625055312354e-03
1.054365970482063885e-03
3.824407364787240065e-03
2.447235525016480239e-03
2.477700093343758285e-03
1.515548473639632097e-03
9.114664761897475634e-04
1.492251365387922387e-03
1.325013309313854580e-03
1.556604190298612215e-03
8.205262927990989016e-04
1.839333023876024058e-03
1.348307399508347606e-03
3.739267991046374418e-03
1.310790920007387375e-03
2.976051841396161902e-03
3.122247342417820530e-03
3.837100680254192358e-03
2.516485631325363678e-03
3.182440183006371263e-03
2.598706118988275936e-03
1.053485455820697215e-03
3.722378674036434885e-03
3.817672196451164617e-03
3.671137601018065275e-03
2.930230795228925492e-03
2.341780757993201963e-03
4.046080680480781608e-03
2.378690750055714731e-03
2.011240658034076957e-03
2.910588358873366765e-03
1.191616918858083313e-03
1.226952635304628687e-03
3.219751178484503082e-03
1.480366765297679715e-03
1.964587336103179420e-03
3.112150942108855931e-03
2.490294171514587790e-03
1.183883160546208430e-03
1.822036876559053392e-03
3.035316191166203235e-03
3.845949469915521841e-03
