2.258834351612658663e-05
6.405284118773152575e-03
1.018381379175025900e-02
1.045369626862629846e-02
1.332717988594844848e-03
9.227309234063104781e-04
7.384169947763077543e-03
2.307390755879279096e-02
6.855266015882935382e-02
4.884390751112922813e-02
8.553081321973013060e-03
4.518396390636809402e-03
4.905593785566297535e-03
4.551565673524885641e-03
2.159594339595403284e-02
2.523040610944439141e-02
1.608646151408923627e-03
1.497147234861987798e-06
1.326145959838456094e-04
3.947870995692085230e-03
5.511298304788508212e-03
2.154176507277256059e-03
1.191032099402723320e-03
3.018061863054479673e-05
1.878491937739783322e-04
6.301685059903186156e-04
4.795963332979791076e-04
4.651150839920527145e-05
1.302061231267089762e-04
1.621292739221525232e-06
5.988912257554941692e-05
2.072901026568640503e-04
2.122460914164271629e-04
3.450506916598118472e-04
5.497640029498577011e-04
2.937235165316222905e-04
4.378766065114190163e-04
4.414024524609040434e-05
8.000241613187231192e-04
2.958734354454566203e-05
5.120360135591177380e-05
2.636290637744702760e-04
1.378667194928675447e-04
2.569575323631795674e-04
1.027758057512706851e-06
3.466980818554029692e-05
1.076013919316116789e-04
3.595146246763712456e-05
8.468190177209971529e-04
3.395078137093337058e-04
6.689755574096643795e-06
1.171923023188682956e-05
4.785791558448029506e-05
1.103787536334395686e-04
2.242505467841934393e-05
5.228876781129079963e-07
2.443720176591922212e-05
2.449276153333369927e-05
1.928385584535458031e-04
1.926519211115315338e-05
7.522926432038420485e-05
3.071835293567505890e-04
1.049494624019369236e-07
5.634608702301565572e-06
7.957182953391086247e-06
9.611380115716886474e-05
4.107905308489053224e-05
1.955957847586284825e-04
3.013489538421891545e-04
5.474453017284884680e-04
8.278177670776112884e-04
2.010976486504216130e-04
1.646426951039032562e-03
1.079783608399446232e-03
1.929524649353859481e-03
1.128708046751856695e-03
1.831763799323879146e-03
4.877047334515975706e-04
5.511159824265204768e-04
2.014672755398643281e-03
1.472851688970385582e-03
2.541272014932417517e-03
3.396744027672845504e-03
4.901414568372362834e-03
2.867973474426896430e-03
3.356706354799380513e-03
3.970390439020452661e-03
2.339640496025134197e-03
1.856506547674271123e-03
2.424206966258032718e-03
4.209769646785347860e-03
5.101162920251052892e-04
3.132403041651785069e-03
1.590111232625874031e-03
2.732870807319484358e-03
1.874067426259133336e-03
4.829237963433999359e-03
3.155755407422553265e-03
1.718224086418448536e-03
1.158839788404416454e-03
1.505795711588373605e-03
8.202652601415125330e-04
4.684928674128159857e-04
2.155374368812895854e-03
1.541996295875074996e-03
9.303643532561095162e-04
2.858478274662016021e-03
1.850695636949457228e-03
1.647671762950065830e-03
1.285740542137254853e-03
1.386362138463986078e-03
4.801440885819056479e-04
1.089326764389111739e-03
7.134584561104843816e-04
2.852327886644687779e-03
1.948366670698991124e-03
1.743785306893032988e-03
1.313700747798025002e-03
2.847994465018540127e-04
4.056013267179972830e-04
6.998776487007936104e-04
3.925696730684697755e-04
1.134707789227235584e-04
1.095231822429120578e-03
4.284071627900367741e-04
8.914407818202830635e-04
1.266095820733423565e-03
1.372779261105414603e-03
2.397805213494287168e-03
7.622629387656080970e-04
8.512668096728708955e-04
5.375376137251226295e-04
5.708804813293160676e-05
6.374434374694738564e-04
1.125607083194464378e-03
5.813714913653355871e-04
7.212234677150729462e-04
1.254701350212774789e-03
7.971625390946615120e-04
9.794512675245913990e-05
2.306492158648446492e-05
3.098069000380002596e-05
3.084385583797463612e-05
6.978190939151394673e-04
7.653234347306012804e-04
8.669478771310430015e-04
5.879567538847231008e-05
2.182992167082740384e-05
2.184133338291070756e-05
1.515522080114489419e-04
4.165116374311281689e-04
1.076367232400904025e-03
1.746631851820609337e-04
5.801804726264837581e-04
4.368182823442057455e-04
2.996653242294929293e-04
4.604001487017964512e-04
5.216457274373414261e-04
1.027730374855403744e-04
5.924116135343892448e-04
2.175238440968890491e-04
1.848372679137020094e-03
5.157992382866179214e-04
3.338007145980062930e-04
1.266701262411780741e-03
5.589823516194864254e-04
1.885307227609401941e-04
1.149471584476055011e-03
1.731943419233226045e-04
6.415889476576879013e-04
6.632629535284755452e-04
9.548586913260734797e-04
1.095005378018440141e-03
3.674620960312243757e-03
1.613785721473438243e-03
1.306249988054023359e-03
6.085026734647688926e-04
2.468549374942554764e-04
3.741017556294694112e-05
5.657174454784159607e-04
2.443750449586192018e-04
3.647977807696316370e-07
1.088578438863898549e-03
1.810079960499202554e-03
5.802765996375638989e-04
3.301396083338264194e-04
3.369669199338881931e-04
3.362939330741493448e-04
1.168829612913494697e-05
4.049273958407468123e-04
7.878733898076782389e-04
2.127326112904388768e-04
1.044301078198881698e-03
1.222558411112454951e-03
1.799984259038794995e-04
2.326078727973895823e-04
1.010303855563187914e-07
3.873756915025558290e-05
1.226220945555520254e-03
2.459338880774475638e-04
6.680149666898447950e-04
4.917425433849493231e-04
3.425879826388473983e-04
4.446859046959175752e-04
2.879193366169651293e-04
1.142675799301453264e-03
1.522965410733677794e-03
1.755834853951745913e-04
7.691599036397376351e-04
1.954782007093599269e-04
3.183144022850191413e-06
5.722178406664879199e-05
6.054348574621656875e-04
3.198524890466219648e-04
1.006688387159254927e-04
4.864483551265573404e-04
7.132679261265560461e-05
4.701262814962287566e-05
1.296585751372173302e-03
1.048166775068192901e-03
7.230553805013375049e-05
6.409568769992353117e-04
5.296054707327160673e-05
1.851297617260515879e-04
1.050604056224929510e-04
5.019575324184214626e-05
1.532460119154065712e-04
1.486517371246002606e-03
9.389646984935191322e-06
4.154531511613981584e-04
9.193575817076472887e-05
3.242836794265162672e-04
1.534061779798173816e-04
4.046587808519234455e-04
6.471184851499737090e-05
4.681077849480461193e-05
6.695479443081367769e-05
6.468471506605731917e-04
3.815375413283391315e-04
5.109814000208956826e-06
1.210386545348689508e-05
5.887199612322305568e-04
2.663799470257063005e-04
4.678796862787776593e-04
1.565367063747181032e-06
1.453671169974920092e-05
7.840044346615374050e-05
1.708822840877379018e-07
3.209505036209640052e-05
1.138863599745973041e-04
1.535723733374820105e-06
4.249517403350823192e-05
1.342362573597330325e-04
2.597435333721115293e-05
5.724892000624361003e-05
3.345091306255061040e-04
1.306443711849118761e-05
1.630636911371333116e-07
7.007945501719909450e-05
4.386453407214082837e-06
6.399884340713495013e-05
3.531758377117033424e-04
2.980987029531572153e-05
8.961377127609029001e-04
6.208975414121152287e-05
1.700987819424392756e-04
1.266216059165724966e-04
7.186593978010677940e-05
4.068019020740664695e-04
4.467172752586110151e-05
4.508983713241949081e-05
1.010989284302226993e-07
2.097770893051687229e-04
1.432444474098910970e-05
3.285304361181937507e-05
9.164506196111372419e-05
9.575536951162156779e-06
2.547884527426493033e-06
1.282332590118662459e-05
3.812197434564575403e-05
1.388387864925145413e-06
3.283837821879341231e-04
2.218888059099065200e-06
1.478459235948184007e-04
2.722142831612365979e-05
1.020624391363117184e-04
8.855550262080352005e-05
1.649119988084028480e-05
2.738578875342320522e-04
7.009213744385872256e-05
1.376132631350964744e-04
9.537189517712083571e-07
1.947468705455888665e-06
9.330691952562487717e-05
9.772677875645073126e-07
1.496710505033443017e-04
1.260389087305347146e-05
3.900343347935039209e-06
7.440526965502095849e-05
7.942180903877320123e-05
7.053262123783401094e-05
1.001888470486652960e-04
5.077804685816483029e-04
1.671439504972501572e-04
8.741693916405439142e-06
1.988957545226439753e-05
7.028287086052369574e-06
1.174283550270447378e-05
1.347375577934364832e-06
4.270247110066668146e-05
3.905588537020435430e-05
2.091037711482889765e-04
8.420393774752971334e-05
1.777640126076969918e-04
3.236833338732338669e-04
3.048471615867753834e-05
2.583965267246426186e-04
8.368115674053201248e-05
5.084547666267361403e-04
1.108433259250099447e-04
5.160947628805788139e-07
3.549264446496493908e-06
7.486562775385114830e-05
4.251447377289336676e-05
9.869773246414987353e-06
8.859773125937301345e-06
2.097373817655081099e-04
3.511045244516847625e-05
1.058646532037234663e-04
6.013955862001136757e-05
3.979107678714220226e-05
1.674302578134199873e-05
4.080547822647311073e-05
9.053580297930716430e-06
1.505565600900277286e-05
1.226580488311146581e-07
2.755447378197547993e-04
1.235449088867942633e-06
2.034719554353902658e-05
1.259786854635281208e-04
5.818018456177562734e-05
5.425824606477296948e-05
3.031949389211171291e-05
9.672795853668654466e-05
3.523501202889225666e-05
5.948623973682657447e-05
6.920646068421099994e-06
4.615015057477132552e-06
3.108509839207029442e-06
1.589412874172752504e-05
4.509407226032420427e-04
1.462193311453708938e-04
3.859719605311186545e-05
1.880491874849433704e-04
1.596392666627399453e-05
1.432814986355918682e-05
2.606782503277455931e-04
2.003217552065705604e-04
5.241044665459501835e-05
2.857756723944680061e-05
1.915425871088163195e-04
8.551056109505568480e-05
2.595576808154506144e-04
1.625295219283610058e-05
1.837495298773072429e-09
6.672126195528910538e-06
5.141042937223940473e-07
2.600990781590903223e-05
1.666595621668627220e-08
8.459352245138946421e-05
2.078231155038389886e-05
5.778602399290154982e-05
1.698246909355439192e-04
8.123572920566280288e-05
3.694412184392591012e-05
7.500920846386884695e-07
1.225715871808746685e-06
2.331310808002651615e-04
3.208358743374783545e-05
3.053928228697090370e-04
3.639780891359989195e-05
4.021937869908311894e-04
5.969858843278841998e-05
3.167743373311476883e-04
4.045163442034333890e-04
1.437027384765318520e-05
2.355072492679642952e-04
3.066487044687281477e-06
8.418751346056454834e-06
1.503113001128136741e-04
3.702080927671799412e-05
2.564970465036358564e-04
2.800715530968149935e-04
2.118386832903188057e-07
1.734156464096710894e-05
1.701061881697019888e-04
1.423883342435181367e-04
8.892873366159260496e-05
4.048284245839120629e-04
1.466787856041677318e-04
4.573716815936882101e-04
2.412826377195415332e-04
3.394848951032540269e-04
4.849913358426683374e-04
2.232108069521907500e-04
1.023996723740253494e-07
3.272734014711028310e-04
5.478469378202480535e-04
1.183442528162524780e-05
3.818190746488899184e-04
1.379416484289376730e-04
5.849289204325819124e-05
2.654255155367799874e-05
3.942754631443022356e-04
8.737717386904019173e-06
2.521968884472769522e-05
1.006984674896177837e-03
5.415678891808584875e-05
6.466199122272137676e-04
3.879366520091243921e-04
1.254964321838892031e-03
3.721015085267094101e-04
1.687661622014106856e-04
9.509269618746500749e-04
7.825622205886704645e-06
8.495483905695439290e-04
1.033323600438400876e-03
4.857756671573295747e-04
1.016175106405801942e-03
2.559130012853605180e-04
4.754386521502400710e-04
5.371347210230039814e-04
3.284129464967536802e-04
1.631723459544661293e-03
1.459224881238755376e-04
4.587021008299593046e-04
3.772475187104215545e-04
2.536243549658799687e-04
8.952872825636146864e-04
6.426709244230429134e-04
2.470786956087131763e-04
1.954065849215431321e-04
3.718562624270403292e-04
1.881289818492239932e-04
4.366507239831841285e-04
7.144727855757043809e-05
1.284387153632959334e-03
3.136131067570528176e-04
4.197453833507364227e-04
1.464504483398981370e-03
3.238685986209701188e-04
2.509476800062947709e-04
5.550930598276618061e-04
7.487891010203411024e-04
6.330200325605551438e-04
4.770872728146160124e-04
5.080134554366166726e-04
7.167594983092782533e-04
3.885107439642799978e-04
2.329888266427582657e-05
6.341365499283701905e-04
7.904426309037989630e-04
5.192031659682667813e-04
2.246744195252422908e-03
3.570054725739224598e-04
6.263698691044885646e-04
6.316959509555686194e-05
4.432910737332330692e-04
4.869885563781035757e-04
8.138012895666163005e-04
7.886344761743490544e-04
5.935261080576585604e-04
4.462432939411292254e-04
4.239113528693400592e-07
2.171109572928136362e-04
2.162770020418293144e-04
9.670858143794317440e-04
1.244081620554222283e-05
5.901514915496240514e-04
1.359629078942708547e-04
1.679679210180958036e-03
2.270311571453367437e-04
2.863317500177976174e-04
2.954116535023569730e-04
3.606149891061206708e-04
1.991031821167574191e-04
5.131055978804311725e-04
7.917127983832871873e-04
5.481628299207476178e-04
9.799754721865258904e-04
1.081404718494768675e-03
4.381969360007114712e-04
2.233604695801124002e-04
4.238195021624764527e-04
3.672853885439794522e-04
2.823343971753427693e-04
4.287563902058150601e-04
4.457238818156979100e-04
9.303300079330148594e-04
6.675632334955427030e-04
3.513615405759944622e-04
7.675511245887059941e-04
1.650634669293901549e-03
7.885490384747887186e-04
1.357061829075483514e-04
9.669332148471115711e-04
3.913853824787148859e-04
6.089618287065005431e-04
7.367029220933018823e-04
3.137906968107133940e-04
8.584565356102219274e-04
2.216247519497642189e-04
1.350849849517169441e-04
9.329006289065044184e-04
3.116687599935676561e-05
1.206125018729175088e-04
4.940360674484496518e-07
1.026409370506770925e-03
2.095233784969980186e-04
4.268390362503546981e-04
3.297437526220742721e-04
3.045373859466910167e-04
2.684812328989626411e-04
1.479919976598763830e-04
1.079248893324977025e-03
1.009699409323817432e-03
1.439326979496740764e-03
4.072053872017094450e-04
4.874204699343294249e-04
5.001974959864591199e-04
6.482415211083698912e-05
1.931255894639478325e-04
6.544281763646712154e-04
7.418000563629784452e-04
1.044974668255525081e-03
4.455189256983852408e-04
1.001946026953769598e-03
1.425575753876949254e-04
4.787677639686477348e-04
4.579590806532421389e-04
6.723477490323339929e-04
4.869269835514820595e-04
3.305846518828571340e-04
4.627620352689642072e-04
6.993472964552307635e-05
8.556601063134353265e-04
3.485322605659183187e-04
1.008185201642585209e-03
7.686728543546576331e-04
5.480462273407556541e-04
3.913288359588897080e-04
4.428472394706401598e-04
3.023820959473933471e-05
2.617477322352143023e-04
9.797001821976057863e-05
5.270785681907983909e-04
6.479347815252326252e-04
1.819969492285941344e-04
4.653948411389991066e-04
1.823172718690709124e-04
1.576718268392436812e-04
1.498161860290594428e-04
8.749541904960486758e-04
4.186279659287062442e-04
1.185263620756313524e-03
6.356873884492947714e-04
5.057907330521268065e-05
6.394957638689978017e-04
4.155655513823219177e-04
2.969015656361936677e-04
7.878293052046153871e-05
2.137988428455578479e-04
9.504470006211587123e-04
5.212887210055788768e-04
3.509387706297889520e-04
6.232691282185954347e-04
1.705589679084843077e-04
1.400113656928744993e-04
3.135595446569088051e-04
7.315210179333488756e-04
6.937953953214842954e-04
1.548075922759169741e-03
3.389172597505166629e-04
1.616568086562611764e-03
3.004215325595617532e-05
5.759093852643373508e-04
2.954789167408525610e-04
2.067483282306696200e-04
2.591727464569901370e-04
5.610438202869791856e-04
6.846337325210192408e-04
9.736092352847615719e-04
9.289871287627330483e-04
1.276934573308836788e-03
4.619559042708683131e-04
1.951673637691462692e-03
1.579372554299576402e-03
6.038107870812623422e-04
1.147175426521983592e-03
4.612477415693489206e-04
7.209594303660449592e-04
9.872812451669080516e-04
2.190097913028749943e-04
4.734643319129895980e-04
1.059410750318976217e-03
6.728235171375428767e-04
5.305392577747486058e-04
1.150495834835485107e-03
1.872358580475500368e-04
8.195841499387562269e-04
2.532854831254898755e-04
9.315875174514572489e-05
4.220708863877928926e-04
1.700543902991640769e-04
3.270268530733473774e-04
1.068017640069833171e-03
8.408330371161010230e-04
8.916533075526348717e-05
4.630658671052415303e-04
4.726095532196701891e-04
6.118948844729856082e-04
2.744919937287757785e-04
7.096462260665807945e-04
6.110067154074534223e-04
2.012054150305141154e-04
5.885608238036846383e-08
9.638641957783881161e-04
2.635053320155334258e-04
3.606680992864378732e-04
2.322075381224665371e-05
1.108320249619504605e-04
1.062503928448090180e-04
8.884773439766714036e-04
4.636092891866249360e-05
2.306245250281513458e-04
2.681447049011403331e-04
2.710147268776261545e-04
7.928359004465506364e-04
1.130641717391795212e-03
5.954067208323161843e-04
2.492977872540726365e-04
1.909512812063287527e-04
7.234079563719311061e-04
7.627387632284963548e-04
4.945664454932879785e-04
1.347280758461454813e-09
5.327184170867239410e-04
1.786770848417043513e-04
4.964097181477821917e-04
6.827190101528273977e-05
1.279877356648273642e-03
3.501768133320148587e-04
1.610478355877601733e-03
5.822268971240315621e-04
4.955422540030595454e-04
4.548602913377311398e-04
5.943903058552598264e-04
6.640244673285394025e-04
2.181706295963647144e-04
5.972808234996556099e-06
8.324218027268539188e-04
2.250666052817120973e-04
7.502804021314605967e-04
6.385536293844460733e-04
7.624548133934995562e-04
9.527240408848079711e-04
2.841880633978605803e-04
3.997422322906425815e-04
1.011502539682166069e-04
4.681833188310289607e-04
2.865963374587810440e-04
9.891269586029130881e-05
1.989128164366956570e-04
3.914142551734273406e-04
5.356598340409195148e-04
2.629208855073560634e-04
3.138728571108454391e-04
5.229349477854977266e-04
8.367188163296316802e-04
7.324513589575586212e-04
2.209450493146863145e-03
2.164595474230158621e-04
6.876770175398062325e-05
1.350352580910410625e-04
1.212066538672423378e-04
5.518960027454669019e-04
2.094932339902945829e-04
1.080589104803044055e-05
3.094535888213869056e-05
4.487256339768652788e-04
4.058234369913566548e-04
2.922957754444886766e-05
1.770179478341120220e-04
3.961960719331758594e-04
2.143478521190031114e-04
8.610985559040164241e-04
2.278698707110466217e-04
7.312460779798875873e-04
7.926952739887994752e-04
3.876663015566176739e-04
7.898986388819203815e-04
4.713035537658820102e-04
2.353703699088103337e-04
7.965902474940809086e-04
4.378560465183216148e-04
4.649371713932495928e-04
3.612703154995524973e-04
1.133306707710292843e-04
3.317540602059853476e-04
4.348788944043072689e-04
9.346025798833740468e-04
5.503399675437028755e-04
1.428463234806024600e-04
8.199265066966613096e-04
9.782649636650480522e-05
2.988969848561343545e-04
3.473378612183684010e-04
1.443725321311016400e-04
4.995013958483451649e-04
2.822521953482895539e-04
5.134635111568305399e-04
5.818184289147365238e-04
4.889549175531426178e-04
6.858070953077525502e-04
2.402451105846295759e-04
1.834844071451958471e-04
3.104331142659434283e-04
3.813800248533076825e-04
1.978491072721927520e-04
2.114890946458655136e-05
1.148921454499763332e-04
5.137004125190449154e-05
5.743951703623267901e-04
5.212083673060155855e-07
2.688407638598347676e-04
1.122779401480915968e-03
2.152470858015604986e-06
6.557162443022740027e-05
4.560686610995224135e-04
1.170729331370064904e-05
3.953095088083698866e-04
7.839981643756503498e-05
3.857723727610694537e-05
5.490889677637763276e-04
9.545833818631107442e-04
3.943196557271191048e-04
2.584334835155629529e-04
1.568925429706144079e-04
1.010507882156401231e-05
1.080322271751919729e-04
8.337729466517220574e-04
1.887123996611509259e-07
2.851377327595087550e-04
4.308481419902756492e-05
8.740165193360979723e-05
1.047556281829986266e-03
2.377705998368357147e-04
1.571163282860845464e-04
1.003435371945039794e-04
6.470842527522552149e-05
4.607392226477178025e-04
3.509317087376560384e-04
3.513573850262343692e-04
6.173896889230424815e-05
4.347276753228683597e-04
3.995846327167383518e-04
6.389166861915524789e-04
5.351555037271015294e-04
2.869603118440155662e-04
2.644522339657700248e-04
6.331784724563056061e-04
5.096637030057871989e-04
1.459091888037659108e-05
3.706940752713972138e-04
6.274135747086833545e-06
8.579276976857228617e-04
2.404435432763950368e-05
5.883012959886191979e-04
2.587689077735002359e-04
4.127912905920854683e-05
4.877219795210909078e-04
6.676514477942602579e-05
2.389249501043767972e-04
2.448004610435256640e-04
5.920285293526623212e-05
3.299582050361943362e-04
4.853867020289788178e-04
3.874974736889763289e-04
1.780545277419702413e-04
4.923687300979648048e-04
7.244561769896647359e-04
4.438510146104399632e-04
2.348073187910338982e-04
4.292699404672030558e-04
2.701550125068963816e-05
6.633604366530862929e-06
4.153316780571845220e-04
3.052210505121848725e-04
1.311756801330099195e-04
6.181925006153663342e-07
5.013833455791113277e-04
