1.821765778168172624e-03
3.750592266538643662e-03
2.462543607445088351e-03
2.997702703480521758e-03
3.299210725705515115e-03
2.465273999970002232e-03
2.015949870595660186e-03
2.116580822495752780e-03
2.245022740394730931e-03
1.046566084113772664e-03
2.734441642831633625e-03
2.225132732595812898e-03
9.744497326717136169e-04
1.798709063521545127e-03
2.959730086177645141e-03
7.745505065540098273e-04
2.599080102985944999e-03
1.789780773975270306e-03
1.864955332014933079e-03
1.664373189642223824e-03
2.101299412529116818e-03
2.225340298434682913e-03
2.610031306359924912e-03
1.821412783504724325e-03
1.663925169260934605e-03
1.078051944274730032e-03
9.361451177755174095e-04
1.120108185751304180e-03
6.431014582404231267e-04
1.195883971979186606e-03
1.010526971293338599e-03
5.665434763756831225e-04
3.530030345269673394e-04
9.685989246260890036e-04
7.073443850071342966e-04
6.816924600682247462e-04
6.102744606596507840e-04
2.935388354383972075e-04
9.523896455760972647e-05
1.879667417824882128e-04
7.439330211728573117e-04
4.201208728040150523e-04
5.320418765612513427e-04
5.930563299667433903e-04
1.089188396631349503e-04
9.088040175654409992e-04
3.533488112154302982e-04
5.725234197669547232e-04
4.181506469530989212e-05
1.328986108187401336e-07
5.369520619666113583e-04
4.100555866097689116e-06
8.178931947329762557e-04
7.503157786772301054e-04
1.107881939738328562e-04
7.260319204172784097e-06
1.346699978208232253e-05
2.728489039116598102e-05
3.354358012780737073e-04
1.338989003024443282e-04
3.337224615966463779e-04
2.479654440468351652e-04
1.513522244212323000e-06
8.785967159802861465e-07
1.754427821156448366e-05
2.648595708985907845e-06
1.606467857320810358e-04
2.464103074037450649e-05
2.681859608075503706e-05
5.987395655563826921e-04
2.409148138548537464e-05
1.755659194224769696e-06
2.663273035475792485e-06
2.053697945432274947e-04
6.178846562842118118e-05
1.184458273260243069e-05
1.706396006212270876e-04
5.564071967362460507e-07
4.212666283503869313e-09
3.116279793980023991e-04
1.125591181396589037e-06
5.114481028709949931e-05
2.910659096984251695e-04
1.350533421259289286e-04
9.626801998379376122e-05
3.624842771273433249e-05
4.027031712938773130e-05
2.564318403928304651e-04
4.062570001353510505e-05
1.139909009415136353e-03
7.677100249185631780e-05
5.236771695477566470e-04
1.730348348247774193e-03
2.423003549757293037e-03
5.934699354869674105e-04
8.825549201798143107e-04
8.034344038989645184e-04
1.107154798614051793e-03
5.393296366217673055e-04
2.022654859105336815e-03
1.892992074251608359e-03
7.052114133082798206e-04
1.771688748837681746e-03
8.908164690137776887e-04
3.101804276672513131e-03
1.512032498276281523e-03
1.731995707367607910e-03
1.930671614874113770e-03
1.479483908949180216e-03
8.730549820885915007e-04
3.231407585363801644e-03
2.135392004825042989e-03
2.037935473119413272e-03
4.259506365144265227e-03
1.562491931340529924e-03
9.576624052985655087e-04
1.160167634895709716e-03
2.134643323916253933e-03
1.810693925692530380e-03
2.272769149530689918e-03
2.684765533892632776e-03
1.116679683693095823e-03
1.242033407704294179e-03
2.116130506776397243e-03
1.931281701023914235e-03
2.594739418822029995e-03
2.618714887427578322e-03
2.763052185550801069e-03
3.773019071894910884e-03
2.226069184151272147e-03
2.206769245479317347e-03
2.294647015740383742e-03
2.000901951109401548e-03
2.510833052461223808e-03
3.779270031724421422e-04
2.001887820532428398e-03
3.158995153364349377e-03
2.747846942647479574e-03
2.599490987407459923e-03
1.663474539813338416e-03
1.268181913346963117e-03
2.326863526902898677e-03
3.118946656305177784e-03
3.987309523467190246e-03
2.960524230645500497e-03
3.828135968174976259e-03
1.057777638992861424e-03
2.175279622118824353e-03
2.521370784568715759e-03
2.174788335229253626e-03
2.885513267607029558e-03
2.260351409193155775e-03
3.069989103238547883e-03
3.601753450076980965e-03
9.776462339761279527e-04
1.852484088462732093e-03
2.700035710296021154e-03
2.236529599259562667e-03
1.868446668495965350e-03
2.858431270800642146e-03
1.564690902737637121e-03
2.221869447539271715e-03
2.114043594192534063e-03
2.280933826198893767e-03
2.861072162390155237e-03
1.065099076424427891e-03
1.483907112092785379e-03
1.735222946766769173e-03
1.827778063458932291e-03
1.516087713084120128e-03
2.156981629400850104e-03
1.887667648747697264e-03
1.682050513029100360e-03
1.586189172150929364e-03
7.540785121651278396e-04
1.910370704147383190e-03
8.910748503198892079e-04
1.037247923615469952e-03
1.606744459970571191e-03
2.058926531553652208e-03
2.089952941740563959e-03
1.284644882469377454e-03
1.644448922612315282e-03
1.721488056631541004e-03
1.211899373905509425e-03
1.307505988306150281e-03
1.951685269121212606e-03
1.972430573350831065e-03
1.918700730743227393e-03
8.347317880103958827e-04
2.073962040529392717e-03
1.740296675890619848e-03
9.774084775990390158e-04
1.663854248779363630e-03
1.566665299561514988e-03
1.623724435606852673e-03
2.715618660716729096e-03
9.004173745529844754e-04
1.497010291329795798e-03
2.052005486784111259e-03
1.806251400723537289e-03
3.353963936467838775e-03
1.273060132185683310e-03
1.080104183078404133e-03
2.149951559602747159e-03
8.051891584154377687e-04
1.395385304025264670e-03
2.317770299141079342e-03
2.584475766835467227e-03
6.830473049898434876e-04
7.285907410627316758e-04
1.626625018955274232e-03
1.639111330785013700e-03
2.173270318234975197e-04
9.414435016721388674e-04
6.649402028733880513e-04
2.435683193749932883e-03
1.319895333083040932e-03
1.443760654724028560e-03
1.195600263207245283e-03
1.374010986172375260e-03
9.510594420256599738e-04
2.124721343270642802e-03
8.860193069636524560e-04
1.469404288802668088e-03
1.764111610204763736e-03
1.432127542726615004e-03
7.358630440854939479e-04
1.765542936252713965e-03
1.681776353816488538e-03
1.037563406236088415e-03
2.234056563680768184e-03
7.467266988288585698e-04
2.415795325648323940e-03
1.565474815794228904e-03
6.797553426697010856e-04
1.817205090666291871e-03
1.010203285519790202e-03
1.642907579419296705e-03
9.117640477778624162e-04
1.335955741398515712e-03
1.324041430626703760e-03
9.440009700923446311e-04
1.241444615270943536e-03
1.214251186140479725e-03
1.210320180832181666e-03
1.264657105273086883e-03
1.585188720173861046e-03
1.199392311597137712e-03
4.198769666364898356e-04
1.537942137623319683e-03
1.328997765298473412e-03
1.301832517889938996e-03
7.202775465026822624e-04
9.886586662524044899e-04
1.860459378400677617e-03
2.662725708965398876e-03
1.075158227324018003e-03
1.214723220893814759e-03
8.679972373301699656e-04
1.954778220346638402e-03
2.054852171983228681e-03
1.634376165249018346e-03
1.025787300405771882e-03
1.538301887655182595e-03
1.298392628715082592e-03
9.217386818961859638e-04
1.745674590419005797e-03
5.753901997012345580e-04
1.054832214661930931e-03
1.137354199305627483e-03
9.745528373261051020e-04
3.147385836504678399e-03
1.489057927973367430e-03
2.151498091478935490e-03
8.407737302042499932e-04
1.349347369586626801e-03
1.224145723604878324e-03
9.836515963534001386e-04
1.388464372084823734e-03
2.056040551084026800e-03
1.402916426249609756e-03
1.619390968317840906e-03
5.544753315813828135e-04
1.552119027543390119e-03
1.273382017514014097e-03
1.242313982203445627e-03
1.271150954481772019e-03
1.475337333726368981e-03
6.613203020812217624e-04
1.782244445088778002e-03
1.976984480200499796e-03
7.362578383167570854e-04
1.559621615470088924e-03
1.012855438316054681e-03
1.507456226175895621e-03
2.432476029586534000e-03
1.288873875352867940e-03
7.844840056466113312e-04
1.828375551645224214e-03
8.910781710861515482e-04
1.219976746280955005e-03
7.251702769731292438e-04
1.469683505654870029e-03
8.279681679029673525e-04
1.339740091539081942e-03
5.555852253467781715e-04
8.521859334194845960e-04
2.343604758322656838e-03
1.414509836010500185e-03
1.502333995516887252e-03
2.121591631512568729e-03
1.686743261745014431e-03
1.829853136619633133e-03
1.440106299493902359e-03
1.610458445247912700e-03
1.081082549455760324e-03
1.639447126687544175e-03
1.578639787080278294e-03
1.398867762675822706e-03
1.142690325673516609e-03
2.310024967911601494e-03
1.804690269594827652e-03
2.288241381928529921e-03
2.228472348677186087e-03
2.700110188372104730e-03
2.128855982418148378e-03
1.333931538455322436e-03
6.301800596464758424e-04
1.716080976018611887e-03
3.322875203048818735e-04
1.748619655315674639e-03
7.907193678717049437e-04
8.460961430434897710e-04
1.338839194249935019e-03
1.777815160851503856e-03
1.463884243339658034e-03
7.115382548896331122e-04
8.866387313841068464e-04
1.783624173869683988e-03
1.723362454670962322e-03
5.748100086184339090e-04
2.235664816167829989e-03
1.613395021513262632e-03
1.097717126918796660e-03
1.647125496850332296e-03
9.345290735668969557e-04
8.610042129722066681e-04
1.729840969940750180e-03
2.369948749996794897e-03
1.126901658976550659e-03
1.658259178662368355e-03
2.130928849310236538e-03
1.345255788269977782e-03
4.206567279339912886e-04
1.019983542817071804e-03
2.008158970193745126e-03
1.402593133302395536e-03
1.654963892025879558e-03
6.433848625330717587e-04
1.101667070657048756e-03
7.183392283528091228e-04
2.201883015035954651e-03
1.042969134132175129e-03
7.210316208325001164e-04
4.406949638579174089e-04
1.048273997710598773e-03
1.379593134877185080e-03
1.096330358423740518e-03
1.419500878652333589e-03
1.338477213971647501e-03
7.011435245378647412e-04
1.437481849689243446e-03
1.794046901406906895e-03
1.587524085462910933e-03
1.415273135966080070e-03
1.132044720475349322e-03
1.463621408865376904e-03
1.026739929467568270e-03
1.325906113148968670e-03
1.057902488041360467e-03
1.027837149899450686e-03
5.885096045093695088e-04
1.167991426436460530e-03
1.743283569959251439e-03
6.677836660740870799e-04
1.570213323360155266e-03
1.201423095726360940e-03
1.267114142707823597e-03
4.907621758386326643e-04
1.542046222874175320e-03
7.543402119103344858e-04
1.116382184886434035e-03
9.567211423420940615e-04
1.276465598874437953e-03
1.288567062056677733e-03
3.456967850378107367e-04
6.589970623912701350e-04
4.711295255126658082e-04
1.130653209966358012e-03
1.920051835759150564e-03
2.443750169979704966e-03
4.235179617307304172e-04
6.551279814592546108e-04
1.118147219813396325e-03
7.418239285564223609e-04
1.780272109003111503e-03
1.489919814956033785e-03
7.678713601938724981e-04
1.503969308141074037e-03
3.092571602441029910e-04
1.162535454478919690e-03
1.182788275780321044e-03
8.857902161470785490e-04
7.971273555653696956e-04
8.135126862304113216e-04
1.353035328916853000e-03
1.417202339700252304e-03
1.658265443582405746e-03
1.518429641795955099e-03
1.787761593429818864e-03
9.643275237598347227e-04
5.664262383923852331e-04
6.675112778958249221e-04
1.108222520548656767e-03
1.003420684474674949e-03
5.401991417657334800e-04
8.329330935039989253e-04
4.766817298046888076e-04
6.637388175219716482e-04
2.503010040669417010e-03
7.265120052629887339e-04
7.310959572932861647e-04
1.950303108833331038e-03
9.834814554953873102e-04
1.121031481328851540e-03
5.084633748803279660e-04
8.375575919054107027e-04
2.497769638507256885e-04
8.191889371730133379e-04
1.021482726863123499e-03
7.585309368584239450e-04
1.284176931722187621e-03
1.061763589511950179e-03
7.368470145046557241e-04
6.113796721777850062e-04
8.600862119774774868e-04
9.680597188655555791e-04
6.664156791490169268e-04
1.482230371843004917e-03
1.828798934215173505e-03
9.767686920143575299e-04
7.242829705462326033e-04
7.581926450823364867e-04
1.878475468424861076e-04
1.520169664045658339e-03
1.034211263813399019e-03
7.947928817086967251e-04
6.292222385649663121e-04
6.476863469019410570e-04
9.128775788808008058e-04
1.352524518003135959e-03
8.661668355881039453e-04
1.311951060950111714e-03
4.244538814203703764e-04
1.491842154316577697e-03
1.393437782634832783e-03
4.547893542267022636e-04
1.720506280463130920e-03
1.352660966626359571e-03
2.639876850621364996e-04
4.998275608528512460e-04
2.342261802793785003e-03
2.374746306915164785e-03
1.916978801053352511e-03
6.414054991673882530e-04
2.935702541920652336e-04
1.032219900572080686e-03
9.096917709303858424e-04
1.685986463793256399e-03
5.632535934833015614e-04
9.974857316503967300e-04
6.843665120872579602e-04
1.140243731587397419e-03
9.866240469891816075e-04
8.766148965753398558e-04
1.210669265431551676e-03
1.126410915757937795e-03
1.079209998327244685e-03
8.107601954398714226e-04
1.610050987187827817e-03
1.470129667605288900e-03
8.134327774478337589e-04
1.091494173044635189e-03
2.378774397860701148e-03
4.781026609479180301e-04
1.173258802925640411e-03
8.494799522185499845e-04
1.126962243503193753e-03
2.087404657691890701e-03
8.160821914936856923e-04
7.059849953818743591e-04
3.315327966851707386e-04
7.105443093207323502e-04
1.233396100164965616e-03
5.197754889164807497e-04
1.422669322855568122e-03
1.349018153877922345e-03
3.274294367324047015e-04
1.295972373539525753e-03
4.819369634898261999e-04
1.879354337973433058e-03
6.253207119495329206e-04
1.089025444631947339e-03
4.534909338285316154e-04
8.054395722417767751e-04
1.092608585984233913e-03
1.768578812418872877e-04
2.355912400047114295e-03
8.861467433941861436e-04
1.129921203068752445e-03
5.914685810003182187e-04
1.928298067988568933e-03
3.924377869650935518e-04
5.933030989879272245e-04
1.051032227227548981e-03
1.306283973462819565e-03
1.396934628542797954e-03
3.761810589617576857e-04
1.084752431965561219e-03
2.204885460700713000e-03
5.087154531725676925e-04
3.678787940981368874e-04
8.998933639039796749e-04
7.860940716411723636e-04
8.390717836920368738e-04
9.647972136565629133e-04
1.096021697153175874e-03
5.256387197013326395e-04
8.381457747375672777e-04
1.218224776996478615e-03
9.870533767808548856e-04
1.362139057081656951e-03
1.622228756959895237e-03
4.016009605573421667e-04
2.038329242863103075e-03
3.323299204931501501e-04
8.528040472371414740e-04
1.517396404432600323e-03
7.902005017089959796e-04
5.471830187036419565e-04
1.577991476146405232e-03
6.481444678906816232e-04
1.372439938513238733e-03
6.423739032141700250e-04
1.654197124494230725e-03
6.876558602292599104e-04
1.754518662165523201e-03
5.632698454167304677e-04
1.458798928601938048e-03
1.040094560773206821e-03
4.228921640772844901e-04
1.460729645741859744e-03
6.013582795652901592e-04
7.219147828457725142e-04
8.366559019735887595e-04
1.378029076265738532e-03
4.805049696921007921e-04
8.221877638308730573e-04
1.094189892805892553e-03
5.591716066416507758e-04
1.022749208297952335e-03
1.015150204815510075e-03
5.861716019875920676e-04
1.198158885398812375e-03
7.741957631342811195e-04
4.462650287294000410e-04
8.640500809638457583e-04
9.053478348632931121e-04
9.841206742240160305e-04
1.069906927217788902e-03
1.097191343909109705e-03
1.256234302201656231e-03
1.158535446930354955e-03
9.548087924236261983e-04
7.136699833314055601e-04
9.301035918054382547e-04
1.669349545674614745e-03
6.528921406653225663e-04
4.617094112305330047e-04
1.132390605495420992e-03
1.529696156515104573e-03
8.907144932071381317e-04
5.313082442420798785e-04
1.373210724272108359e-03
4.475916846481049240e-04
7.834435084221167854e-04
6.575673639392077240e-04
1.645653293497629155e-03
6.099904472166066622e-04
7.743183033940936703e-04
9.230632510994063586e-04
5.661034227798862790e-04
2.767603367751817704e-04
1.456046353936202298e-03
5.560313678182802989e-04
2.031715913811182449e-03
1.470406372472703995e-03
5.403943643081887899e-04
9.950426263768314978e-04
1.464748698136375191e-03
1.327475410563517264e-03
6.874883194825702698e-04
8.739674312858505822e-04
7.089152899912510219e-04
6.107760599558901280e-04
6.445011966196771518e-04
1.900815102313977529e-03
1.392684849338261116e-03
8.713111323386969059e-04
7.501036546699257034e-04
1.094269979755230866e-03
1.009463715607403569e-03
6.419470583656727803e-04
5.314580264001918805e-04
3.589693148729770282e-04
5.745783747476562600e-04
1.381857779449832159e-03
3.983485778581516575e-04
1.500187858937747582e-03
4.590273880463082833e-04
1.740404992575037436e-03
6.319759822663557165e-04
1.864840337356885470e-03
2.762010189662481756e-04
2.813595023448240101e-04
2.033778126535904450e-04
8.814368340628071915e-04
7.731872965765611023e-04
1.520245838352825458e-03
1.267508807265528819e-03
8.754492742688881318e-04
4.335115950412204836e-04
3.921968224243647591e-04
2.211288335531914374e-03
7.102804060086382590e-04
9.633698735037027989e-04
1.644249467070716710e-03
1.247007725803606082e-03
1.262291059142023331e-03
1.908926186947452553e-03
5.213057562932708585e-04
1.535376434868664271e-03
1.360168317559015249e-03
1.612963970879363910e-03
8.194901530603366244e-04
7.004442154469872270e-04
1.562537093094343342e-03
7.777543956467482950e-04
7.657726177392955476e-04
2.169151936604212828e-03
9.979541334819343071e-05
4.299353969111165455e-04
8.809673172402355699e-04
1.322804675946360423e-03
1.724980990308016887e-03
7.236608091407657761e-04
3.710300030879660300e-04
7.911368746141795921e-04
9.095240649824344603e-04
9.431787097773646237e-04
2.487483608777226948e-04
1.133308937157774966e-03
5.689006456464240245e-04
2.391932743211022498e-03
1.161473935990111695e-03
1.246341628880388722e-03
5.959100642326495322e-04
1.433010337754972181e-03
1.162318861806885479e-03
1.018395244422168984e-03
6.089639962298784483e-04
6.106059331820329079e-04
1.277821005710126114e-03
1.763691845910551415e-03
1.196114084343119369e-03
2.411452492681014493e-04
8.946038074281056039e-04
7.453786456995732277e-04
1.092782218059299175e-03
1.025963274025600783e-03
1.317128087870531256e-03
1.537720074941111492e-03
2.157111726343206252e-03
7.162887252369017120e-04
1.035186820586235902e-03
8.410169000243135264e-04
5.416749506875129976e-04
1.374888496925735911e-03
7.855363009732498850e-04
2.405997359436349496e-04
1.588555371605590441e-03
7.076226195916145417e-04
9.703941253818418105e-04
7.789828156474623349e-04
5.756029014310446454e-04
1.381746769218544649e-03
6.676524346354601337e-04
1.100817103485676870e-03
1.366622205158316830e-03
1.374832737920463543e-03
1.127603643909797036e-03
1.020853279748456990e-03
8.425810165480691373e-04
8.482505705952182555e-04
1.443462648127650681e-03
6.276846541662106649e-04
1.400885879223096172e-03
8.317508997980629058e-04
8.201521966850563615e-04
6.567577244197177894e-04
1.008119677294812278e-03
6.855413471708532783e-04
6.751815464869399689e-04
8.025312449481871585e-04
1.362689954715307072e-03
7.564731784294573182e-04
6.867069374219574767e-04
7.049156314152997885e-04
8.851230014974518232e-04
7.863351347384624516e-04
5.651225698181422570e-04
2.012105254066831952e-03
7.101288315172146499e-04
1.703093142262992327e-03
1.017260933900830666e-03
1.269349102518979111e-03
1.692746508497555875e-03
1.014340629529127255e-03
9.181908430758808524e-04
7.380748695505303433e-04
5.581702634634329047e-04
6.620085861536433719e-04
9.751443563492222114e-04
8.493430351477443234e-04
1.085106406366817110e-03
5.080147376545012753e-04
2.147396022782125779e-03
1.184855646040457958e-03
7.748234382281570009e-04
1.295616306532022723e-03
3.191707421169058621e-03
8.241417942589436855e-04
7.079716613642859837e-04
4.271998602348495134e-04
1.043331818054207263e-03
8.258134783446987063e-04
1.353268540714369465e-03
5.152160464454073972e-04
1.055806091455437036e-03
1.185960987967814122e-03
8.038924880359056948e-04
1.918291812556529793e-04
7.878857688827792726e-04
1.272761508621147878e-03
6.841689749114303115e-04
5.250485478322495809e-04
9.819721874936310907e-04
8.672771470878695103e-04
5.752850298797313171e-04
5.591657030886044034e-04
1.174318715792726673e-03
1.400644937090305244e-03
7.974797524292922928e-04
1.161402687096684417e-03
1.052733272813687797e-03
1.209133299004450362e-03
1.508764303554848741e-04
5.508608998591574789e-04
1.249830868525222830e-03
4.731085849917998718e-04
5.043078932322087472e-04
2.427041427211930336e-03
1.408244864707178538e-04
6.487105196010108056e-04
1.073977051854663840e-03
3.237563347852970546e-04
4.225093035610032145e-04
1.811556224952856880e-03
1.334684272025130547e-03
5.426772711347417014e-04
6.269460811718653151e-04
6.548036321322966199e-04
7.168181315021683467e-04
2.823414571525696345e-03
1.454859799525739638e-03
1.006135500564876890e-03
1.340445443459119040e-03
2.208640966586631477e-03
6.722652412013186991e-04
1.322112963307896412e-03
