1.344510121829067817e-02
8.045213422571717912e-03
3.832401610594715017e-03
1.350285030076466821e-03
2.959721470407448030e-03
5.257253307276504514e-03
5.658250322592775494e-03
2.797512182332661385e-03
5.329272266951955682e-03
3.458782632049525654e-03
3.075245427331100082e-03
5.429989011578935376e-03
5.639650724100538602e-03
2.820362602439856117e-03
3.490987041216509455e-03
4.815007647794036783e-03
2.124242275728749872e-03
3.736545473239191294e-03
4.526165605306489356e-03
3.032089171251233211e-03
1.904631509711574326e-03
2.030925444191796891e-03
2.027689322053728357e-03
2.440316206608924079e-03
2.452020077124993092e-03
2.557720302634227446e-03
2.479782281715559554e-03
2.760143766433689142e-03
2.548413602470590584e-03
2.606503042419563987e-03
2.750269257094907493e-03
2.868548991468532552e-03
2.643359380625947500e-03
2.735073214637945629e-03
2.873020996568954530e-03
2.747423494426161610e-03
2.644295659679732780e-03
2.657310595435966559e-03
2.843948062230101503e-03
2.708603833939209754e-03
2.662280330097858277e-03
2.646300508174207443e-03
2.558636577018626006e-03
2.625341728887642303e-03
2.637554905303457053e-03
2.795289460006043954e-03
2.613449635460636262e-03
2.686912541293724321e-03
2.694195096183157282e-03
2.572231701440432991e-03
2.386115892324894381e-03
2.505161548271477370e-03
2.614363262075262290e-03
2.571931223433015536e-03
2.571262561738518488e-03
2.426232308108925047e-03
2.445869765383106541e-03
2.554045271584389973e-03
2.331197308111516465e-03
2.524459233160436869e-03
2.396279749075929614e-03
2.263715781285144564e-03
2.190570140956245131e-03
2.279937529444362159e-03
2.375501358866941720e-03
2.331622572806741484e-03
2.258979170690384505e-03
2.190389658912857054e-03
2.232116295677028135e-03
2.111117691331475168e-03
2.171517325354823356e-03
2.281460176169499473e-03
2.045662725862211224e-03
2.001191683157493937e-03
1.907062890384273422e-03
1.956889705808620601e-03
1.765657581436480029e-03
1.944843138211625223e-03
1.979352993627493847e-03
1.702744568069471196e-03
1.779022462788285019e-03
1.482653513543923758e-03
1.739217211568792150e-03
1.518815099215135855e-03
1.602629267913966348e-03
1.519237617862631388e-03
1.361860048113484878e-03
1.421451920855018331e-03
1.421537846701189474e-03
1.489072048422394054e-03
1.594067332351100427e-03
1.464371851369575218e-03
1.510981570324190218e-03
1.399496451837649834e-03
1.525546641914703487e-03
1.441332754684004989e-03
1.470961476194966935e-03
1.264105429996074731e-03
1.349619406203715448e-03
1.258358197715082807e-03
1.319259398275913261e-03
1.809556112262333469e-03
1.608759187495271015e-03
1.510300285710323466e-03
1.686998632619940690e-03
1.284709803823488438e-03
1.327784381788961595e-03
1.197983482109734850e-03
1.356286625062502575e-03
1.375650229257492727e-03
1.525035856112337378e-03
1.505394563724890729e-03
1.230161766749590484e-03
1.324238630001489713e-03
1.306537504495770439e-03
1.407831434644722353e-03
1.368843031103117273e-03
1.433883993463203575e-03
1.220855847966639037e-03
1.326945393814642086e-03
1.402401325550801763e-03
1.485215256364089045e-03
1.451796382603690472e-03
1.288398311657070004e-03
1.250370326572485848e-03
1.456658139172515741e-03
1.351408570581842748e-03
1.089606492758410806e-03
1.190149043137675444e-03
1.252600294078766744e-03
1.239440470121464400e-03
1.462389437279934187e-03
1.329205145057362142e-03
1.391774246290474696e-03
1.231843194702996174e-03
1.286422254182896692e-03
1.160144227667893541e-03
1.226780501673181960e-03
1.194062035208502855e-03
1.398575019027117330e-03
1.309738340958538274e-03
1.521010011454907492e-03
1.312987955728340053e-03
1.379742501969299234e-03
1.348317531257442036e-03
1.467077918860151819e-03
1.299195508560286932e-03
1.254303323971406358e-03
1.243330136598866289e-03
1.308535866667954843e-03
1.448034843535104133e-03
1.347272789826243523e-03
1.298625657643495733e-03
1.286325254463325466e-03
1.388862314632807911e-03
1.343585687239299111e-03
1.362128383188448196e-03
1.382640853168963947e-03
1.373157435424464997e-03
1.368061648775925187e-03
1.529653791336527298e-03
1.581557730886871786e-03
1.219529748499508480e-03
1.309509311296654403e-03
1.201892067465360099e-03
1.266875494675684735e-03
1.276294201167151813e-03
1.353422575924065341e-03
1.335309688338913881e-03
1.347192853645428744e-03
1.264123350571696915e-03
1.285039367866839394e-03
1.177529401136766241e-03
1.436456905128412559e-03
1.319155816690657183e-03
1.371275325829015602e-03
1.317830147410898028e-03
1.189625038852330785e-03
1.319174812206407813e-03
1.426942101977223378e-03
1.108806569276069368e-03
1.351152451648493340e-03
1.203417255734769761e-03
1.530861978024097153e-03
1.365451379320572296e-03
1.661705143863324982e-03
1.301212454159770280e-03
1.378295552651280509e-03
1.287583246800120184e-03
1.499090067083819200e-03
1.352324051269357267e-03
1.392662779189505259e-03
1.538331753226820312e-03
1.414431749558619882e-03
1.338868851001034834e-03
1.298605687955047732e-03
1.516437689308115832e-03
1.351421581112948562e-03
1.369525052250963014e-03
1.509191661773174242e-03
1.277646779206874708e-03
1.304870291229228308e-03
1.343009714928207173e-03
1.367445947823239284e-03
1.388963314441951646e-03
1.530544520653855751e-03
1.367615947705042240e-03
1.485174059293830392e-03
1.295343221786712058e-03
1.354899087695214709e-03
1.385226860122908263e-03
1.417605086675279534e-03
1.148136407074372162e-03
1.202347108221711851e-03
1.472627193245299327e-03
1.332331131542983504e-03
1.448500547491971598e-03
1.453974380077095903e-03
1.056716341846024657e-03
1.400648890996133425e-03
1.659725074816363090e-03
1.309554732810855500e-03
1.267973158215100673e-03
1.204147424046696658e-03
1.300326091420411041e-03
1.357682486295278381e-03
1.294860296468018646e-03
1.239879561564402556e-03
1.258243808929595652e-03
1.260957645035780481e-03
1.390100682625772981e-03
1.215195146074409156e-03
1.279653116170655731e-03
1.153093924809760456e-03
1.514544545085352986e-03
1.304304583731197330e-03
1.355682556261581483e-03
1.513032407705985167e-03
1.288780824777422144e-03
1.139897783611278038e-03
1.508384858252937669e-03
1.405298681899934008e-03
1.454265960757610346e-03
1.421646413852413427e-03
1.224113752236540616e-03
1.282601512879849234e-03
1.213033741223981145e-03
1.379070464685322808e-03
1.388534819283632118e-03
1.263159173244973298e-03
1.323041517999113716e-03
1.451803641095174985e-03
1.328576156415176100e-03
1.368468579933194420e-03
1.461197490653098896e-03
1.283499959145530589e-03
1.309168143039546230e-03
1.203414252398571100e-03
1.271873932748484324e-03
1.307875142269627512e-03
1.308892495258486867e-03
1.440872095291075537e-03
1.376067357307575369e-03
1.418672568484075948e-03
1.399428003770179134e-03
1.273756962936998388e-03
1.255624634809929556e-03
1.405698784893085352e-03
1.439354791799321532e-03
1.233355350258797875e-03
1.346493885043325775e-03
1.317305130065706204e-03
1.396457950590659610e-03
1.324108771604291367e-03
1.451846320530488562e-03
1.387319871524158102e-03
1.366882128471184898e-03
1.158721281252481517e-03
1.434232258458071263e-03
1.271585236710981968e-03
1.350999174403147169e-03
1.269234916047224781e-03
1.288358004141136517e-03
1.336020508874088313e-03
1.505968102732440500e-03
1.496816668785276279e-03
1.430853895834246136e-03
1.408235130618659420e-03
1.399218921255506592e-03
1.440332216079171597e-03
1.475721671487137746e-03
1.417681223259708526e-03
1.433724277506465009e-03
1.522731380844765271e-03
1.387435406935133824e-03
1.181256035640145235e-03
1.343918483351770219e-03
1.338644172909289262e-03
1.277594243053341728e-03
1.360467507074782307e-03
1.290284271828890826e-03
1.348517328135010081e-03
1.441717786145706170e-03
1.345373502337077719e-03
1.284974879798548610e-03
1.612362896734903777e-03
1.381720144595640493e-03
1.320195049772144441e-03
1.341617366260454500e-03
1.333171897528231389e-03
1.295447183646374935e-03
1.327424295773811051e-03
1.301696846972992365e-03
1.245935496799384715e-03
1.273288117631572909e-03
1.397447499503507145e-03
1.276718035809623099e-03
1.377034734191384191e-03
1.496708222749396425e-03
1.388111187670078945e-03
1.324006961915146895e-03
1.217160500359306622e-03
1.394695427715420422e-03
1.229716755117074610e-03
1.458650492101681807e-03
1.209141052073449234e-03
1.472506577334465770e-03
1.387991911482328294e-03
1.367948601976311587e-03
1.214547968347983896e-03
1.245960546858873239e-03
1.186072718123435104e-03
1.212018883003602564e-03
1.276382453991730878e-03
1.349791658858899004e-03
1.276194759672631034e-03
1.334999077470764087e-03
1.280776332630227578e-03
1.257710922615605650e-03
1.203701093528871877e-03
1.363669934395153778e-03
1.402332007057331990e-03
1.413329085578486632e-03
1.217989401266343120e-03
1.271694349331551396e-03
1.428355770320478488e-03
1.298448442002649115e-03
1.304566707895530881e-03
1.153892373149340749e-03
1.177863198181782964e-03
1.277697670423046019e-03
1.309269021564913541e-03
1.236205054942215043e-03
1.288883094582146151e-03
1.368070800373362298e-03
1.162919995797332719e-03
1.237721918054921150e-03
1.171256068152236318e-03
1.322294756141537521e-03
1.196218403898068614e-03
1.336566331685877951e-03
1.226835241351486010e-03
1.182700745763360858e-03
1.320458948374933755e-03
1.217132874727102926e-03
1.753410080167689929e-03
1.283630926727292575e-03
1.338925144297139483e-03
1.443612960690256880e-03
1.177533704675482384e-03
1.349371105510482763e-03
1.157980976226471699e-03
1.265340113298071443e-03
1.219066872013436272e-03
1.347490725796766887e-03
1.153070037667899578e-03
1.321237804409759352e-03
1.186823978240229100e-03
1.302638233140698430e-03
1.283037676360021702e-03
1.109256783564838101e-03
1.241472844037583506e-03
1.214276678641419997e-03
1.311696927479806280e-03
1.183615698869414871e-03
1.251661983732729874e-03
1.173844683676597816e-03
1.275312056015210933e-03
1.349699536281603537e-03
1.254813262846866690e-03
1.126618223632934457e-03
1.180979268751760399e-03
1.368687706258429719e-03
1.267856966613402098e-03
1.080478206719381364e-03
1.284950464267315112e-03
1.197947097750809604e-03
1.172551009743437803e-03
1.155713244958459602e-03
1.156095909941016195e-03
1.153158552342045846e-03
1.177301259236086112e-03
1.122405910759544101e-03
1.182587922981401512e-03
1.173228090867435439e-03
1.279495341725033104e-03
1.089386470537804597e-03
1.085384198368011905e-03
1.353846886979419078e-03
1.209372258463008816e-03
1.328999556579954847e-03
1.217418854231711901e-03
1.216390412839582968e-03
1.290858175387673765e-03
1.196481440983015836e-03
1.276543777141627301e-03
1.310808747859879171e-03
1.242651475961503715e-03
1.360798663299695203e-03
1.320053564463070320e-03
1.058512377879646145e-03
1.357244741230206409e-03
1.348913463429211434e-03
1.307827372124249288e-03
1.396441987738007489e-03
1.215211172781272692e-03
1.043294955868816123e-03
1.146574243960815989e-03
1.048318077212367049e-03
1.194177052269543337e-03
1.180316088625843257e-03
1.285860063952344286e-03
1.208773076467329222e-03
1.335337344486170084e-03
1.342133132800590965e-03
1.184931536929525759e-03
1.211123552206315760e-03
1.276561745582496191e-03
1.296889141598470650e-03
1.345286922012285105e-03
1.398216486874990496e-03
1.201272674792413977e-03
1.125399576283931833e-03
1.158281467365262747e-03
1.124869011113771057e-03
1.149030137617789230e-03
1.265360523718183717e-03
1.112924385828586906e-03
1.204384366501658633e-03
1.278287520002795077e-03
1.313958830260295464e-03
1.186347433110080058e-03
1.385386413912697255e-03
1.318948400464363185e-03
1.266531277687519240e-03
1.349474623267450267e-03
1.192300440046686026e-03
1.239151090621706287e-03
1.315530279210185222e-03
1.424154355989375089e-03
1.299946270483910401e-03
1.139500829147958947e-03
1.251528299012860494e-03
1.148136618306886715e-03
1.213368724668475226e-03
1.281091777006990694e-03
1.193419554045879738e-03
1.231203911604504282e-03
1.195165650682668756e-03
1.319909428398007359e-03
1.372671864887577576e-03
1.243948933928132891e-03
1.250484511572196771e-03
1.396473010540197476e-03
1.284271997858349793e-03
1.387073658006382189e-03
1.290479845560907508e-03
1.388397524582979468e-03
1.207793657991222680e-03
1.328002449385906310e-03
1.401777963066518345e-03
1.247308566755924450e-03
1.278577385801363004e-03
1.236453701298871177e-03
1.251728414941791125e-03
1.234896175052739315e-03
1.188827370696322536e-03
1.245393119859417768e-03
1.119039899101664272e-03
1.095749383923524944e-03
1.203510828500839198e-03
1.280048923557863426e-03
1.259879553578598099e-03
1.266939711858269943e-03
1.161348575707756839e-03
1.256691594026016628e-03
1.180031346682261029e-03
1.274941772825766845e-03
1.176532866527160671e-03
1.247236993513917494e-03
1.205867439717282774e-03
1.247337624271130070e-03
1.066740193131435806e-03
1.302693113289597922e-03
1.309129763651403419e-03
1.241758691995410550e-03
1.217807249727400872e-03
1.053169879499682568e-03
1.178641632957995716e-03
1.137176389759434521e-03
1.396917308423337774e-03
1.234973271889497782e-03
1.257898715422573963e-03
1.148612810819412289e-03
1.337748992651977041e-03
1.165004355132183943e-03
1.165894038051631292e-03
1.397399740648627622e-03
1.301279844368753973e-03
1.220694788551167755e-03
1.253896549933960353e-03
1.295038954465765196e-03
1.379979408006390754e-03
1.271679030411125176e-03
1.260886436281205948e-03
1.183180624532656749e-03
1.096365662100174786e-03
1.155185225684856633e-03
1.132339650575727840e-03
1.184172724070826563e-03
1.252378612018151824e-03
1.225527052885647594e-03
1.012147532151521333e-03
1.242399143822386660e-03
1.087857852844505320e-03
1.158676097794453285e-03
1.161353734885273679e-03
1.120356664093695703e-03
1.154241578372614419e-03
1.266329725561853286e-03
1.274969421996690992e-03
1.199641269085799204e-03
1.218548869055093367e-03
1.135546402438906283e-03
1.067791690948387707e-03
1.322083604444453846e-03
1.132302964361347900e-03
1.200366386912276543e-03
1.145584761729307940e-03
1.192723726074749286e-03
1.137374724071019312e-03
1.144497125014665682e-03
1.307452519011413454e-03
1.334721514534461346e-03
1.289962609632747028e-03
1.238200396860820746e-03
1.234444848019547718e-03
1.168797353403824499e-03
1.044697843685819154e-03
1.312957065653122275e-03
1.301929401985749872e-03
1.164231413165859978e-03
1.168694381271564303e-03
1.195528010673471177e-03
1.123802154939514478e-03
1.114652744682411703e-03
1.150944725943079403e-03
1.192355172537304083e-03
1.093670550202235480e-03
1.165025693327892799e-03
1.170237339585989073e-03
1.348728205549782700e-03
1.194738876856132285e-03
1.224336144946547951e-03
1.261224357836770657e-03
1.132357295492943334e-03
1.227188866832797098e-03
1.168861017567946218e-03
1.245156667948817868e-03
1.171654884531762994e-03
1.160450894584614222e-03
1.193645713411053445e-03
1.203582377907285242e-03
1.000489322727304321e-03
1.238487613398657526e-03
1.197450043839817270e-03
1.078293659386531404e-03
1.181428449847392401e-03
1.166688388809769680e-03
1.216310769313662431e-03
1.182396864348159290e-03
1.242568393877304571e-03
1.218951120800399433e-03
1.138392331391524254e-03
1.160204626652882980e-03
1.046610599724615356e-03
1.105066366647921910e-03
1.158478240353675226e-03
1.312105078210054577e-03
1.235244045171806108e-03
1.230516758550201026e-03
1.228079245222246782e-03
1.193652833250821981e-03
1.274224453479794530e-03
1.175876287762054164e-03
1.167396716479181772e-03
1.172074231165070538e-03
1.137672230596179033e-03
1.205555001748717572e-03
1.250650784226815500e-03
9.476300668968286583e-04
1.078364044777335110e-03
1.086640717553074079e-03
1.287427134581459751e-03
1.117554519210996666e-03
1.298945148378396509e-03
1.118666404369765034e-03
1.182069020996369142e-03
1.244695413195733144e-03
1.359977254880550320e-03
1.268264937480844106e-03
1.155496211399311031e-03
1.144358961485550949e-03
1.165681245023074755e-03
1.313379083542705241e-03
1.207583949181850660e-03
1.189430671795945913e-03
1.151722449421892919e-03
1.047261645818460844e-03
1.151532081986951549e-03
1.146580869443732630e-03
1.243566920840284869e-03
1.126769732567137064e-03
1.294821440892458212e-03
1.100828530220232613e-03
1.080987323158819850e-03
1.150682923740327162e-03
1.386577471563648321e-03
1.105053422677645426e-03
1.262478202641603405e-03
1.084274034446318716e-03
1.256509183714919417e-03
1.173075162866815723e-03
1.124821791614382359e-03
1.214140662181135283e-03
1.103852805788622677e-03
1.149814439849676517e-03
1.170959735730474653e-03
1.214605572593644269e-03
1.341292690372866735e-03
1.180256239629166089e-03
1.027854696179044455e-03
1.241564394477158743e-03
1.342403991009829579e-03
1.259711667959404532e-03
1.125001972282918712e-03
1.127559746892455418e-03
1.110404602638900753e-03
1.200268092366452372e-03
1.447923033405273821e-03
1.182389438318626022e-03
1.149763514881199352e-03
1.174166643430893994e-03
1.277136151730894021e-03
1.286824468906963602e-03
1.191495857799195705e-03
1.260166608787079839e-03
1.098502748923236476e-03
1.334018747492216744e-03
9.987898279010709764e-04
1.157984638674823454e-03
1.212877659146347972e-03
1.335064262730971917e-03
1.086743969875960834e-03
1.144589628506570683e-03
1.144351096006370437e-03
1.209535702814964076e-03
1.218355616963388973e-03
1.231432438985602829e-03
1.022085042214957926e-03
1.124560658753467716e-03
1.175511689623472654e-03
1.094923005915673800e-03
1.318004294410033035e-03
1.123229196737060998e-03
1.118124886620619875e-03
1.126398416588433697e-03
1.165445206153021282e-03
1.444941442431359711e-03
1.202028393728060956e-03
1.128452315664558135e-03
1.373192254734792797e-03
1.184513471148066627e-03
1.231154623699982215e-03
1.032116557287912021e-03
1.214299984276896380e-03
1.227100754590458326e-03
1.083710128926179943e-03
1.061540589046781544e-03
1.364253341697745786e-03
1.095535942298852790e-03
1.225399565279782031e-03
1.189593781920445566e-03
1.116595664167780409e-03
1.152319300703227682e-03
1.179008880551999207e-03
1.221518809066889869e-03
1.202538160330093994e-03
1.166239025791622214e-03
1.262517390296815810e-03
1.288477960335118614e-03
1.265222008968596356e-03
1.192326248343767488e-03
1.212691870596209823e-03
1.286746247634527537e-03
1.190529244543734721e-03
1.114253918312256477e-03
1.099904098558997841e-03
1.142161850354400003e-03
1.141782898303037898e-03
1.242805704885828347e-03
1.119825119378697756e-03
1.053520428212833312e-03
1.027939861854681221e-03
1.247567728635038797e-03
1.312577788805944492e-03
1.133740033285261101e-03
1.183381389960382404e-03
1.061457154999427598e-03
1.311167454433845390e-03
1.165153341717410597e-03
1.196529284142359810e-03
1.311133389022099173e-03
1.143542832391582524e-03
1.179973585234295663e-03
1.027174289818478300e-03
1.158162094937868888e-03
1.304549876827072654e-03
1.246208236669888066e-03
1.200278616535723234e-03
1.066413211153401401e-03
1.140642312283121325e-03
1.061759497488965831e-03
1.176004579663644583e-03
1.332365243645814530e-03
9.764957229920880402e-04
1.266311002744862496e-03
1.113840288797901881e-03
1.251190069340085871e-03
1.250053476067902215e-03
1.097869431806476441e-03
1.171210901643027604e-03
1.139526789212291519e-03
1.347370798426878510e-03
1.214657287276065629e-03
9.723912732726670491e-04
1.239714762107148056e-03
1.222613436020179595e-03
1.033068703205921712e-03
1.546645968585729338e-03
1.187226484191811421e-03
1.202585887869613056e-03
1.245173767879983150e-03
1.234233018847966101e-03
1.104306791423482516e-03
1.076713688922150206e-03
1.204572562695028050e-03
1.261702129838994336e-03
1.213244236438690282e-03
1.218582288174018457e-03
1.210319141444315743e-03
1.181565381033657840e-03
1.122646186357431587e-03
1.139453075180818292e-03
1.129241816501256376e-03
1.174199537746573301e-03
1.216736580926663491e-03
1.260151368928148601e-03
1.409664244008818068e-03
1.326671129586588392e-03
1.260679688826143920e-03
1.292966739285117059e-03
1.180918823719672751e-03
1.174433474736321118e-03
1.307431475350246970e-03
1.214172821253486564e-03
1.209924802609876806e-03
1.330716068323975834e-03
1.185658277181707299e-03
1.230370441241337032e-03
1.254458143573593948e-03
1.268735308950987625e-03
1.287361184807004223e-03
1.335634487719967751e-03
1.333865999181291142e-03
1.274773503055666012e-03
1.137562320552711059e-03
1.356462831440970011e-03
1.240812294392423841e-03
1.317447817323758822e-03
1.061763427834247920e-03
