8.402682612870160730e-03
6.811908812556482368e-03
6.191823862386696721e-03
8.990228869958961921e-03
7.371123354938783484e-03
8.429636405636523402e-03
7.899226267936057533e-03
1.007754238880780896e-02
8.791313238228229063e-03
9.516240136168863106e-03
9.704937075601121135e-03
8.007577346067058788e-03
8.969320259521429764e-03
9.879433724091763944e-03
1.130786583899326576e-02
1.208993857051599528e-02
8.865062026166069253e-03
1.003224870580875054e-02
8.642662718679658060e-03
9.813221631339578283e-03
8.529862859283827287e-03
1.106939217953893488e-02
8.993949774464302799e-03
9.174820023138874694e-03
8.105463758664594939e-03
1.290673952092091271e-02
1.115992033928200726e-02
1.201701506815550449e-02
1.329341856453101350e-02
1.222069657575461377e-02
7.667305032687197694e-03
8.703933518287227875e-03
1.146335999375354235e-02
1.036291681900724550e-02
6.536846015847484585e-03
9.534876085726593647e-03
7.650284867099634532e-03
1.246680824515563474e-02
9.424820109774660268e-03
1.193614303949071601e-02
6.803641971063657465e-03
7.913536590712162005e-03
7.371582704161972442e-03
6.398929655271743365e-03
1.042634866393930479e-02
1.043206034289124486e-02
7.682859778228971065e-03
7.123753557899029087e-03
8.665163979385069604e-03
5.187227944923494469e-03
8.285878185254960671e-03
7.683119913174952728e-03
1.050036429987480369e-02
1.102339429553019119e-02
1.039337324732759679e-02
4.541328591363178770e-03
5.274350470027904317e-03
8.633040172060766487e-03
7.927133849982434532e-03
9.681323116861066322e-03
9.188516483085400546e-03
1.137322048436425863e-02
8.299938174439863356e-03
9.228667827225917400e-03
7.355553340462522675e-03
8.547138630849687724e-03
5.395750925097307291e-03
6.612411299553179467e-03
7.584050431647438445e-03
8.846937854155167633e-03
7.003322239508984019e-03
6.711781953948494847e-03
8.313729937701002520e-03
6.834601258285064387e-03
4.414533666847754098e-03
9.250675955080977717e-03
7.917488505275542196e-03
5.639955178392924880e-03
8.132772045745861877e-03
6.528780327480798208e-03
7.446381601279568850e-03
9.966173971251766558e-03
8.607696753677264445e-03
5.958936020423940064e-03
9.658841723309750243e-03
9.076672514616241152e-03
6.384660819900412655e-03
6.312725985731608251e-03
8.474491394770123504e-03
1.051876799963130486e-02
7.545149913922801280e-03
8.269168246789524931e-03
9.912403024413832253e-03
8.637996608707112708e-03
9.058497391487231945e-03
6.308367949624560031e-03
1.055446803632152479e-02
5.701256744039366609e-03
8.877632949913456806e-03
5.876602152551918014e-03
8.505206432383395979e-03
8.446241467924315779e-03
7.147602998276383728e-03
8.446504416881540217e-03
7.235118637782460109e-03
8.812923052981256819e-03
4.384404526919069740e-03
6.878072893159669320e-03
7.627714763648952082e-03
6.758125632852408742e-03
6.460145838169182968e-03
1.048214694381847598e-02
8.486364703387174607e-03
8.109331496616991458e-03
7.471531431939096475e-03
5.905050686081238925e-03
8.435096844313198783e-03
7.977775579048726820e-03
7.652398141711314050e-03
1.046079115989703365e-02
7.103278019733500620e-03
6.755590865063097229e-03
9.135450722853974415e-03
6.077125504256218440e-03
8.469498989369200065e-03
7.378228026981208630e-03
9.933806683782596403e-03
5.621349244960251179e-03
7.166319496685675215e-03
8.723871718124880104e-03
9.048448975495631055e-03
6.761885934953903825e-03
1.014712041784855516e-02
5.013177363149135500e-03
6.722220704333358235e-03
8.271990192230335714e-03
8.609432098027992170e-03
7.703613969936366247e-03
6.746203544887439084e-03
7.962864936653707773e-03
5.844030948798989086e-03
4.946458159637576527e-03
6.760135646698172893e-03
6.844960151334585248e-03
5.452650884741846483e-03
8.175169273631410424e-03
7.336423919150051980e-03
1.207347862163613006e-02
5.219065580798184015e-03
7.126581350780657013e-03
5.454771720826040102e-03
7.781594669202754160e-03
8.131282133112219257e-03
9.685113542602661121e-03
5.866249710354619340e-03
7.175121432907212264e-03
7.678215025432353659e-03
5.251566020303953010e-03
6.191496876446011578e-03
7.954281538633499460e-03
5.275836741816560330e-03
6.181393956062819495e-03
6.038797189593946707e-03
7.540945484329869899e-03
8.684933169669768402e-03
1.156978777133528362e-02
7.737033284839054184e-03
6.965543212110424098e-03
6.692491463877103461e-03
6.882086303880223868e-03
5.346288510193981935e-03
5.713455607778057145e-03
7.751074626176722611e-03
9.462984081779783271e-03
7.334461287553392141e-03
6.912113099889909823e-03
4.625524293786301491e-03
9.691377341455826439e-03
1.093633018124666283e-02
8.318878285635933345e-03
4.996956864299292173e-03
5.276619497255936701e-03
5.710762343606017206e-03
1.160827951170060289e-02
3.690418971118500282e-03
7.765736443109204357e-03
5.384659248126562672e-03
5.508023555970161314e-03
6.337814859970172972e-03
9.685806054610992741e-03
5.741059801254665661e-03
7.445907290807891529e-03
6.793852851411885836e-03
6.535677524502322804e-03
7.201254183037464340e-03
7.532934024098968291e-03
8.071805171724628913e-03
1.051833472545766340e-02
5.186508796658017596e-03
6.174456864215742413e-03
4.223422454106719355e-03
4.309787470165722147e-03
8.589149190740705264e-03
4.322126979326017769e-03
6.949418459395232534e-03
7.610718057167091197e-03
6.396929552971293738e-03
6.580562127440129500e-03
5.046680291348620145e-03
5.093868394007708064e-03
6.972311559136631226e-03
1.101137000681051692e-02
8.101925922791032228e-03
7.907461534627477015e-03
7.256238300028533192e-03
6.857028919658613407e-03
7.235612833793671900e-03
4.764693013017578735e-03
7.595825381352074544e-03
4.477850271222788385e-03
7.168943865837751860e-03
8.959878391653441562e-03
6.384463425931937233e-03
7.993696125486697210e-03
5.453461366763172509e-03
6.369712649524962057e-03
7.541818824760367253e-03
8.938233562562703308e-03
7.972916005766291989e-03
7.895729319915447200e-03
5.635025916898280494e-03
8.980096588658075321e-03
7.102796961096348102e-03
5.082037674861053511e-03
7.641837049847070330e-03
5.819670590186031001e-03
8.201008637904514884e-03
8.554745450254089972e-03
8.786278585462372823e-03
5.476708014460499041e-03
6.540160870452713104e-03
8.926870387207214153e-03
1.003607114437540977e-02
5.276376543515519206e-03
8.333672236430238536e-03
7.317981186168155856e-03
6.914441531633670583e-03
4.728759950349022481e-03
7.471997846075053087e-03
7.813846647702949594e-03
6.497695489878939877e-03
5.424618109137179303e-03
5.072943279586857035e-03
5.554465222892328476e-03
1.518759810246987987e-02
6.388025984250102728e-03
6.587017179945138350e-03
6.437204091321759372e-03
1.205764766405149728e-02
7.635253320763146778e-03
5.517699910437686220e-03
4.293266944021584437e-03
8.823043606775547373e-03
9.206964633054049926e-03
5.914635257076256668e-03
8.706682971840599625e-03
4.976613631050193394e-03
5.978355546360959380e-03
8.153870956481099747e-03
7.984077401322429296e-03
8.392956613152468062e-03
1.073791165380730273e-02
6.273700129322460836e-03
6.489294749135755651e-03
8.785021977009081773e-03
9.957973917084545629e-03
8.343604943290658382e-03
7.526608858868018975e-03
8.089530811052379061e-03
8.384150404849599961e-03
7.612283949086532525e-03
1.030946990873839696e-02
5.412500122144425427e-03
9.379845511498874008e-03
6.012040911430367555e-03
8.869189771796301761e-03
6.622935309385562241e-03
8.374660909306256076e-03
6.714441015302330396e-03
7.896528783844909000e-03
6.723211778646352027e-03
7.802368087814805404e-03
7.461816348757861588e-03
9.989263017709911624e-03
6.517983697330617492e-03
5.532827066988118755e-03
1.154755308129617151e-02
9.269901743184308027e-03
9.142198907361077584e-03
7.614786373445155132e-03
4.657735441725699942e-03
8.138315554407261551e-03
5.389819656342736791e-03
6.484210875020900156e-03
6.149776096107235045e-03
6.408023934629048304e-03
5.099437311046901844e-03
5.467925255611230315e-03
6.871258793256493358e-03
7.017497831158923949e-03
3.813872532763293386e-03
7.183896236391549943e-03
7.588690935513908026e-03
5.180329216845105250e-03
5.417436540829206372e-03
1.128508054004112582e-02
8.692798066562193102e-03
1.119205769297219703e-02
4.883398101707297698e-03
6.991769619878204431e-03
7.032409716397612122e-03
8.177339533336483099e-03
6.077158343350931927e-03
5.626914094917428305e-03
8.227064989862234792e-03
5.623086504135413333e-03
7.610290273928541765e-03
5.918808651710986621e-03
5.700465329287010899e-03
5.558466400683904213e-03
9.826066839584788465e-03
5.920015799307024908e-03
6.649065676422732940e-03
7.298348587847057131e-03
5.760740303267037656e-03
4.447153664749180745e-03
4.354511159227517601e-03
9.126584541563145109e-03
4.668865781304910867e-03
6.456374440922191954e-03
5.074619363396312872e-03
5.637126401049893931e-03
4.323870695057025447e-03
2.164111118060432336e-03
6.280267009338528182e-03
6.847175336891673028e-03
5.706708308729145987e-03
7.043646453670742227e-03
6.460597735256580661e-03
1.070620407134761226e-02
7.714392974898512216e-03
7.513260232470580884e-03
7.410569860750215558e-03
6.723728299270107824e-03
7.224287379586922034e-03
5.989280630881215796e-03
7.465385306554719706e-03
7.087878833664120089e-03
5.225595595906342913e-03
6.110493218345067548e-03
6.932347428867177176e-03
7.344795744918982718e-03
7.598271614791591091e-03
6.299697557268491704e-03
6.079874090834863805e-03
6.575822441781026956e-03
3.395197194128984561e-03
6.054790610535111181e-03
5.776807702604771361e-03
4.719209956970896874e-03
6.365477660512815043e-03
7.936827229877804757e-03
4.243641409726744106e-03
7.140552226592784997e-03
6.049115756925918519e-03
9.914745451322679731e-03
7.293045720839555317e-03
6.143163718067732107e-03
6.964965266708305659e-03
6.079038968886553602e-03
6.649336976141262921e-03
6.221698894715801779e-03
7.338333031617905178e-03
9.306521906783642856e-03
8.500092734949659182e-03
8.812728420053527259e-03
6.563866812650748575e-03
5.746625638527681247e-03
9.822918020868860386e-03
7.266470709827529788e-03
9.028523865787341229e-03
4.944990693905864862e-03
5.953178755371052108e-03
7.796601178969353452e-03
9.074385393448371889e-03
7.571297057502001694e-03
6.867955096589277615e-03
4.388462388683723320e-03
8.405342939150260706e-03
7.000159110722794370e-03
7.328234314760851374e-03
8.246590751043400905e-03
6.978489048905433569e-03
5.867027180406260596e-03
1.072043814470483025e-02
5.438202573462379633e-03
5.892010371349715343e-03
3.809774706745179453e-03
8.647694989752111039e-03
6.883935435626076758e-03
5.597311874402048811e-03
8.844788871194074475e-03
7.583161496873399784e-03
5.611598309172176335e-03
5.899696080529029905e-03
6.908111439627135676e-03
8.405403185244944911e-03
7.385320290361854258e-03
8.233010946011556225e-03
3.947366744270579958e-03
6.863974021557086094e-03
8.072967536100110822e-03
7.238934547968720566e-03
6.947742881424846112e-03
5.374723031652923859e-03
6.411843219778514368e-03
8.628702041863334227e-03
9.826824248373552256e-03
4.907897990651075536e-03
6.754540865580020703e-03
8.430704923935735881e-03
5.004566086037829861e-03
6.889367193786044910e-03
8.167240724522743106e-03
3.856002925814594560e-03
6.376492338290960446e-03
1.045586932874166541e-02
5.021942147394591917e-03
9.613842727332367125e-03
1.073185474573129169e-02
8.815966809721655778e-03
8.520077353666690584e-03
7.714261179563012931e-03
6.086128351898831799e-03
5.132382785920022207e-03
5.728950150878165011e-03
5.386838650429748819e-03
5.997757369441793392e-03
8.122733994832948695e-03
7.756908678141232263e-03
5.884268658350353190e-03
5.859297964640574306e-03
1.302943550283842955e-02
5.708396978402188390e-03
6.541089477166492881e-03
5.272451281676621311e-03
7.151926027829352828e-03
8.268800088350273039e-03
6.852913241758048883e-03
7.531171347273693875e-03
4.636916697804668690e-03
9.059469956966624549e-03
7.474829866929144466e-03
1.010822451333778793e-02
4.346630755360065060e-03
7.875174770919703485e-03
4.672334597845362834e-03
7.377665048083600734e-03
7.224822104616598038e-03
6.353641982448124739e-03
8.424614905152469010e-03
6.104250147866304571e-03
7.727837743690974676e-03
7.101980544517640104e-03
7.324497222004385487e-03
6.442592157574327308e-03
1.269972486017537268e-02
7.798729512663101111e-03
5.289147997736705006e-03
7.439251401633930130e-03
4.430436529518988822e-03
4.540679212712792415e-03
5.432383520557792014e-03
3.572297767362251318e-03
7.636607039173316618e-03
9.751528169329752235e-03
7.845490073536269190e-03
5.813445913315073293e-03
7.384013184745174055e-03
6.296640458196119984e-03
8.548898063301594089e-03
9.124283003963560776e-03
7.809734591987325947e-03
8.809746068663408536e-03
8.810806204858346452e-03
7.228281619035226320e-03
7.987017107126494209e-03
7.583470503014614478e-03
6.543937970777562174e-03
8.143849649392687073e-03
6.204053322527059051e-03
8.910020812509480970e-03
6.932395063177947299e-03
6.375452321166877150e-03
5.652293937073806646e-03
1.420392439236845689e-02
6.969564243754219207e-03
6.929632162918863969e-03
8.761402865824023320e-03
8.494135118378319180e-03
5.447673758974823192e-03
8.599576132502407752e-03
7.241326114575848127e-03
7.584117346024415313e-03
6.336264349311647621e-03
8.477666663412573161e-03
6.104205163881003086e-03
6.945185334524159662e-03
1.051686022322512355e-02
6.393249163553301265e-03
5.141904870737724204e-03
4.469393822178684833e-03
5.920881379460089453e-03
8.689863468408456915e-03
9.739076497471318636e-03
5.132655480604635806e-03
7.207769497201668013e-03
5.946589776358472690e-03
7.889391173685776637e-03
6.466094080294968946e-03
7.205919302940097353e-03
5.202940460162710536e-03
5.796287149280653604e-03
4.843287786030408236e-03
7.023073975925552513e-03
8.845223215567741756e-03
5.744107145354762980e-03
6.093904607603302555e-03
9.456410031166631938e-03
5.822501515263135002e-03
8.257802593888953491e-03
5.780801318603704525e-03
6.522903375260812910e-03
9.450052518084272116e-03
7.027345522573189528e-03
6.714542895273782619e-03
7.517561357722113945e-03
5.176547715323828042e-03
5.131820593093495801e-03
1.150339052003150966e-02
7.197438117399176764e-03
5.749744911227246645e-03
1.027146306297493407e-02
8.631871289679897419e-03
7.254514563305311352e-03
9.521843193875704006e-03
8.401350814545849310e-03
1.080294379349115708e-02
7.848145687246677049e-03
9.224478815224493311e-03
8.374263314850749484e-03
8.835406065141758816e-03
8.328793652303443165e-03
7.541403771792816631e-03
7.505814741073464288e-03
3.471221686129901621e-03
8.990365006958017657e-03
6.092990616162666413e-03
1.015830707221391897e-02
6.399302051983756651e-03
5.690290456697476469e-03
2.304563236593186373e-03
1.057952957830075522e-02
4.951078611739523870e-03
4.582083226368410811e-03
7.620697341434523077e-03
7.156416707577545680e-03
5.171743832645337574e-03
8.546942598360427260e-03
6.191646587197329257e-03
6.375952059435176233e-03
8.325556194219929651e-03
8.621891621564408900e-03
7.241474722194034090e-03
8.234654655893632047e-03
1.036255282755110287e-02
7.864219432964130244e-03
1.161030387707758481e-02
7.838450394358818449e-03
5.198530483074545461e-03
8.058715411339682083e-03
9.326590048176179246e-03
5.339212128479611796e-03
6.014717203364375840e-03
7.211161605216875534e-03
8.787695419261682545e-03
6.830158242791577877e-03
8.364779082473476970e-03
9.133905935321404851e-03
6.082312931414144037e-03
1.286987488314559128e-02
4.887765595310743054e-03
6.968067579205575526e-03
7.483902141613057828e-03
5.828177698847084726e-03
9.883880750559284264e-03
6.255673058196858580e-03
9.656962998309844351e-03
7.741738894190486157e-03
7.948376208667357751e-03
5.219235387523442175e-03
8.977304794148816339e-03
8.483846146032206909e-03
6.551053696037103212e-03
8.175721278989659876e-03
1.141825099915243918e-02
7.389862161703369091e-03
8.513223388159492713e-03
6.016682268314305429e-03
7.908459439933497245e-03
1.121157141052137561e-02
6.841945788184794659e-03
6.102979468653635560e-03
9.624124796331578330e-03
8.858898491031549222e-03
6.102961514830369805e-03
5.721883888494153775e-03
4.924894407912264703e-03
6.854040178322806653e-03
6.067582302109887638e-03
5.413261402595165479e-03
1.019325963231296379e-02
6.017726602377819652e-03
6.275513441273859391e-03
6.017341855206972782e-03
1.207849918804843048e-02
7.878476998877186402e-03
6.666339426427547211e-03
6.346963308654304109e-03
7.792846543759159202e-03
9.026469830896912544e-03
8.239115798531331317e-03
5.116544144265390212e-03
9.653281184086310099e-03
5.297458565998387596e-03
9.586904040052926512e-03
7.171383100318803536e-03
7.975949476076793845e-03
8.938488088655022201e-03
7.417976491855360864e-03
9.422457587672903798e-03
6.290821748217864662e-03
4.646040548731952824e-03
6.539682945711772569e-03
5.238341934747167347e-03
7.278484618476522595e-03
7.002084595700617739e-03
5.853856614014637041e-03
2.939967570152080857e-03
6.264674400459998085e-03
8.808284323668865573e-03
7.245910190726382108e-03
1.010497532446666749e-02
8.462345114520049283e-03
4.731571749629126522e-03
7.945744562460927904e-03
6.837639550064715521e-03
8.427624115799888654e-03
5.074135271103784837e-03
1.038416630982590474e-02
5.414357559443419392e-03
7.497050832467711846e-03
6.104471656813892540e-03
5.769284839177028605e-03
8.354799613143198966e-03
1.127141678114603786e-02
7.283394508526776570e-03
4.775455327485289385e-03
8.860902219702676552e-03
6.929163498710898435e-03
6.046278324455999810e-03
6.947840512260767924e-03
3.318888191312048541e-03
8.653248567698267404e-03
1.251244712998190664e-02
6.094055396236392787e-03
5.821178603397909532e-03
5.040518378392308714e-03
8.747866213631929830e-03
7.835368481236677785e-03
5.573445912973643522e-03
7.777095358361687041e-03
5.983417004715367409e-03
7.273981039640959462e-03
7.759163644839959552e-03
5.931311353426005351e-03
7.773851898660403062e-03
6.585731473861881208e-03
1.099774577987951835e-02
5.425101514194465534e-03
4.838403342774686040e-03
6.727014919930131114e-03
4.201132954472960521e-03
5.030591384249112619e-03
5.703491917274480967e-03
6.903587888417649435e-03
7.930115692577637335e-03
1.128482817989787286e-02
6.013573131477403105e-03
1.029906940918863187e-02
7.033988736395250033e-03
6.286953521768836976e-03
9.522301076772899178e-03
7.837069352963339439e-03
5.424998972113533220e-03
1.068838852962711999e-02
8.895438028420887475e-03
5.895955553147553402e-03
7.617538189047224143e-03
6.134439114332794311e-03
4.250577773553834010e-03
5.345126394932691108e-03
7.200448075021811598e-03
7.548030856532148003e-03
7.304682895622156141e-03
5.522400248792076576e-03
8.223416584125207290e-03
6.065181902872334406e-03
6.736787064568107095e-03
9.784402760653135300e-03
7.423290197178357766e-03
8.211129704667696760e-03
8.196778615070893573e-03
5.840595626944024114e-03
7.390435626271005427e-03
9.058428745414450964e-03
7.374562259340634342e-03
4.990965428033304965e-03
5.833819335275653231e-03
7.164109917677979715e-03
8.574308458797239019e-03
6.309694030292548224e-03
6.097400525477446494e-03
6.926768272210600229e-03
7.256309233552294541e-03
7.210671173891762195e-03
6.317676104859483444e-03
6.423204086291497451e-03
8.771542024882483454e-03
8.247899643400231906e-03
9.792098529679200622e-03
5.540752258482401632e-03
5.071517961093094211e-03
8.475033089716319315e-03
6.996827723819609018e-03
5.704032604310695607e-03
6.913095176462242565e-03
8.898070917875732996e-03
7.681993777364221412e-03
5.868016312111329173e-03
8.485383530227682061e-03
8.046715489771306268e-03
9.574704374886014446e-03
7.211587673852302288e-03
8.742030601000348039e-03
4.306760839869543459e-03
6.268105919525601873e-03
6.877131827239102609e-03
4.565179729796634521e-03
1.028692792519594369e-02
8.007846132765325531e-03
9.416913865669829936e-03
4.047380498609519719e-03
6.462733300661705621e-03
7.507180891885852948e-03
6.435942435754775197e-03
8.466241093213588975e-03
5.518812992460916077e-03
7.226712058017715351e-03
5.003946254093998881e-03
5.314106717227661675e-03
9.014614331031404332e-03
9.679441051730549098e-03
9.177270354495274673e-03
7.313361671877218785e-03
8.933002855857989297e-03
8.584123432748313673e-03
6.144413321522917276e-03
7.122047629034224288e-03
7.468727672707497003e-03
1.081966153069009381e-02
4.234863813195009763e-03
7.286491294771776407e-03
1.031781531221220502e-02
9.831015380147266336e-03
8.848497867011374460e-03
1.140604066847136257e-02
1.006673957611158542e-02
8.003014744480205916e-03
7.795536015221688105e-03
7.666334663402670814e-03
