5.195104804790883109e-03
8.800826888323671007e-03
5.580684024423417967e-03
6.947264457478182810e-03
5.294157567821413009e-03
5.859683301683381480e-03
2.626700807160598818e-03
4.102832563745313285e-03
5.366140507850242040e-03
2.369772021063410589e-03
1.488768097564767802e-03
3.065155059008370635e-03
3.395551425455316501e-03
3.568146626357634500e-03
2.825631252877848325e-03
2.308537592154685791e-03
1.887638333897798159e-03
2.760920678450029704e-03
3.537655341524976928e-03
1.455669466862474174e-03
1.028957306732034786e-03
3.109367417182374183e-03
2.307480406004154549e-03
8.828946119179035623e-04
2.982388890262757056e-03
1.845840080240242903e-03
1.449349539467471512e-03
1.375734575806727370e-03
9.345240191758092145e-04
4.067181394611899155e-03
3.093769491826210086e-03
1.773449333982434449e-03
3.091788662606899732e-03
2.369165990822815187e-03
2.029495069971835701e-03
2.866519524194087540e-03
9.620616676302493194e-04
1.229793686117049752e-03
3.110091775903529084e-03
9.070350099907880824e-04
1.615057821217820780e-03
1.262876077977808254e-03
3.080048577022153743e-03
1.424759532864218513e-03
1.550237331827371235e-03
1.437831706107732706e-03
1.464778464578482152e-03
2.413489240512956338e-03
2.125704713009594904e-03
1.200621849280665782e-03
2.823747405872916155e-03
1.891145753769127736e-03
2.640227120548432112e-03
2.981952228406214468e-03
1.817914186817799196e-03
1.400657964239812158e-03
2.208821507284402554e-03
1.969890872995731009e-03
1.197468046532935634e-03
1.669143211118396305e-03
2.080272304608427655e-03
1.507764820708102586e-03
3.296473834523915968e-03
3.201763588912412591e-03
5.638759226752510130e-03
1.928963405952590021e-03
5.429835572512232977e-03
2.744688500284469135e-03
2.513465144600963031e-03
4.226027046239228847e-03
2.176480404273422199e-03
4.687121138488197294e-03
5.187733708546054222e-03
2.496974585380904235e-03
2.532704028933655156e-03
3.552794112258446640e-03
4.959371201115778290e-03
4.991457197493667612e-03
4.703773395671510815e-03
2.616533989018590429e-03
4.968915132681146415e-03
8.392271840364713339e-03
3.993573262578982257e-03
4.844824766480836445e-03
5.460732180711336779e-03
3.633748086526389365e-03
3.941461881353634442e-03
4.224926272300642480e-03
4.439782209733860244e-03
4.311911213738400112e-03
5.740845519853197444e-03
2.958325257888985704e-03
7.433066286091042675e-03
5.286616524484367453e-03
5.310479809291619724e-03
8.755898344188968799e-03
8.175123813464784533e-03
5.076709079293488872e-03
5.118258194473475180e-03
8.525299525296880718e-03
7.859028647308139923e-03
6.070676977368080242e-03
5.054270919146911824e-03
6.118651920787472435e-03
8.594009627203035712e-03
5.662244590534784572e-03
6.606919647965758466e-03
3.470396781187529318e-03
6.872281236884036741e-03
6.186297544477492930e-03
8.016382586036865585e-03
2.648394237673004203e-03
7.247402044850307506e-03
2.777520892361634575e-03
4.692284864456522549e-03
3.177409616951558380e-03
4.920880654969071039e-03
2.648203669428249394e-03
2.426363698773058037e-03
1.573952798949702176e-03
3.707353210603178163e-03
2.548774725556380780e-03
2.807843854118218831e-03
2.131973105621531167e-03
1.410913371844836357e-03
1.005291305299860433e-03
4.762834078703131872e-04
2.006575279644008929e-03
3.293227855518159920e-03
1.785061749483442218e-03
7.934965786551281342e-04
6.834214007434668680e-04
1.334481896935924830e-03
2.026828820902951567e-03
1.742681259113066988e-03
2.401549776412984470e-03
1.676576670678633224e-03
8.086644414608170749e-04
1.455682893814845948e-03
1.798275048338468431e-03
2.413005029333528846e-03
8.130140558373794577e-04
1.897147214824258495e-03
9.929131030175220290e-04
5.309347228369245891e-04
1.279308680758062386e-03
1.111782979148018269e-03
1.525873278420224665e-03
1.441523994382886472e-03
2.923844590778962196e-04
3.090871639584105864e-04
5.574430784859026955e-04
1.064552259517712084e-03
9.822571859693359029e-04
7.937527826591774839e-04
4.485336596579686400e-04
2.082907827387861673e-04
8.539362716201429537e-04
1.512619340714386378e-03
1.136615776184784333e-04
1.621012855132660663e-03
9.933658831641455078e-04
1.183692071380705244e-03
1.149703255049355517e-03
7.093131843081801986e-04
5.017411541672115415e-04
4.500106959369388105e-04
4.360793343832438827e-04
6.576596763356381018e-04
3.679187102754477882e-04
1.002724593135177018e-03
2.034479311602126759e-04
1.149271959410267020e-04
1.032907435620469393e-03
5.497213439652035596e-06
1.000757293024450529e-03
3.791568095566237909e-04
7.974562543093287662e-05
7.847179657264567992e-04
1.877624495678998978e-04
3.556120511585962899e-04
1.534145003604630425e-04
2.027882680745118319e-04
1.248239590540156814e-04
2.257629789755734968e-04
1.775404902883835254e-04
4.844224722845795253e-07
1.821510275406042353e-04
5.398031796301965089e-04
2.480336000481946600e-04
1.875249001412687352e-04
1.449594110734900049e-04
1.844540800485520895e-04
6.228678594811799503e-04
9.980336449597155754e-04
4.631449974683272508e-04
7.156795137997300736e-04
2.155666196002901244e-05
1.162797623892532492e-05
3.159000433931262583e-04
5.697748585446379401e-04
4.117307462078350689e-04
6.753157902173704966e-04
1.808467341866677020e-04
7.405990665104023171e-05
1.375165226764954864e-06
6.703499983504027700e-05
1.508968121318633799e-05
1.004652529772463901e-07
1.265428435317521750e-04
2.260721553004363426e-04
1.441744586486241480e-05
6.263409317838375574e-04
5.015320504368099258e-06
2.286004394855214344e-04
1.063828030243545983e-05
1.528492729134835329e-05
3.353779579007637934e-04
5.080526452516638883e-04
9.289507078206655930e-07
2.317342099352210364e-05
2.814277025781375486e-07
5.580050011048989225e-04
2.198484434627693000e-04
1.214856416738976279e-03
1.151868344477398332e-04
7.074805664468952987e-05
1.226961448960434250e-04
1.382453314890238680e-04
2.527681093704713923e-06
1.466615699922016806e-07
1.363461897818892313e-04
7.251108096934700967e-04
8.415921518248457942e-07
2.883692370839451916e-05
4.431532163354211793e-05
1.150340111826028141e-04
2.569657409872759836e-05
5.166196470591546920e-04
5.181655141981481548e-04
4.331969610367929560e-04
1.177109169277308501e-03
1.701549951255937961e-05
1.755791488038164984e-04
3.310047558319831329e-04
6.210191052318940518e-04
2.001300214416496404e-04
3.811197690980256845e-04
6.331614917904874887e-04
2.938043968118142502e-04
9.423326902267930010e-05
5.629506663688300114e-04
9.035337888009231091e-04
1.396306844372297007e-04
3.614502392556529943e-06
9.748971257736382902e-05
6.045027091899604399e-05
5.214382437452851765e-04
5.678801546387715323e-05
1.885366034767524282e-04
1.404974867771599928e-05
1.155108174775736811e-03
6.121146437765825812e-04
1.251580706410670594e-03
1.924449783484101820e-04
6.271939992208269135e-04
4.232181227958821314e-05
2.692172201115028440e-04
7.965056684867865200e-04
8.490882138311533177e-04
1.071815795290379176e-03
3.663027941897448831e-04
7.889063357122971798e-04
3.685200101394422393e-04
4.803907165251824080e-05
1.096777165133714163e-03
5.157036815162715365e-04
1.165364571752599941e-04
1.840538359447717591e-04
3.056664871441512003e-04
1.296816724023389534e-03
1.900339787765821509e-04
9.109024431844013961e-04
2.611784011538355039e-04
6.247024472004052706e-05
8.491529018301026107e-04
5.848598865454995204e-04
4.710566230339513320e-04
1.003366876051407525e-03
7.620221760795824499e-04
8.414750615116042441e-04
1.469240584981163425e-05
8.777370095978723175e-05
3.139472851368468268e-03
1.840438113479670552e-04
7.727798101156887469e-04
8.695290032962577054e-05
4.373609576709068503e-04
1.157407905984468266e-05
4.206793644191219152e-04
2.192746485437046492e-04
5.994479852336180055e-05
8.861531651354506538e-04
1.104573173308432462e-04
1.361019582524882268e-03
8.865647455828545203e-04
5.989910004555673313e-04
4.759371080475476956e-04
4.779657781907553876e-04
2.010256777612719583e-04
5.701050867764698030e-04
6.057180041428565122e-04
1.040045798869730208e-03
1.291357164028499689e-03
5.001552745066817742e-04
5.613844430933221828e-04
6.085908524262294284e-04
6.109523358487069190e-04
1.711009431644545291e-03
1.258395958585630837e-03
3.904049407256962459e-04
1.327551388829457783e-04
2.327528526250000594e-04
4.460876952231298788e-05
5.007377734591390893e-04
8.774832496950338290e-04
1.755797475539376507e-04
1.003537728175766901e-05
9.241170537659602327e-04
9.247593538427467024e-04
3.442414063250575436e-04
1.991956537700488594e-04
2.701607562505112307e-05
7.165001927583463000e-04
8.405677514208119297e-04
3.882832442613102977e-04
6.557724892775968406e-04
1.442777206740052139e-06
1.139571169427113428e-03
7.739905209824717979e-04
5.726676383783126795e-04
7.609268980217227243e-04
3.233470617263732865e-04
1.038252643287780797e-04
1.233922014246880295e-03
2.668301359559860277e-03
5.282169479028187096e-04
1.169288433774591865e-03
1.288250056985375735e-03
1.214385749616038251e-04
2.605966250367769302e-04
6.653022251066845888e-04
2.136627719062734532e-04
1.832835194263906066e-03
4.911994330379055532e-04
7.454027244079930534e-05
5.826454387450520243e-04
4.811932888152051354e-04
9.616086957842675219e-04
6.279974856957561136e-04
6.364658057451500839e-04
1.392003739718813060e-03
4.918084317043848507e-04
1.636344371238344561e-04
1.190707391358214766e-03
3.203682713847746987e-04
6.776347109139010819e-04
2.385222238111892989e-04
9.433580984467735634e-04
4.605396624536858397e-06
1.552946560426580937e-03
1.503081161390459018e-03
7.090143615639706021e-04
1.182196378853856865e-03
1.475650658291636271e-04
4.629238666038295084e-04
9.421907891222033220e-04
2.608123671925830574e-04
1.044353940425146943e-04
1.055031802726305189e-04
1.961999944227739694e-03
9.693306770316230565e-04
2.594725983166496115e-03
1.224474559499569206e-03
8.080033045820604826e-04
1.807674661226222213e-03
1.901174047791450101e-03
1.087799394200767086e-05
7.103101180417542354e-04
7.911687132295772574e-04
1.738727654469728056e-04
1.073640089516867931e-03
3.745010903919544581e-04
4.577001142761063309e-04
5.507651342521994618e-04
7.734119885108639830e-06
9.315312834422544586e-05
6.406370641582640141e-05
2.475834471711110167e-04
1.461818495435808843e-03
1.287800803319525886e-03
2.081197629516671772e-03
5.754984219329012949e-04
1.640447374529719476e-03
6.676372356379592365e-04
3.307998341267494850e-05
5.262913451310695769e-04
1.711912349097376987e-03
1.555050786924968642e-03
1.642319700315121535e-04
9.588973476724289369e-04
1.294234959128130443e-03
6.327537673393168749e-04
8.096024196166727669e-04
1.038325080658262936e-03
6.479756355937097323e-05
3.222278221044194962e-04
6.394906120026692909e-04
9.790417864217028712e-04
2.540604874160593538e-04
1.269103763655009829e-03
4.097771542605971925e-04
2.287718095715936641e-04
2.388946201104518590e-04
1.326466988282101441e-03
2.316353750327427088e-04
3.836620246783553341e-04
8.873474917982203392e-04
2.353934460070410822e-03
1.340215564484388555e-03
1.957698347776210606e-05
1.112488814579416308e-03
8.541332384521145831e-04
8.331672372570685927e-04
6.628290478313434656e-04
1.651571522124792247e-04
1.359407659147186245e-03
1.802897980453189259e-03
1.361318549068632174e-03
4.924101819385429905e-04
1.551668707235528684e-04
9.103485730789076307e-04
4.789071335997309832e-04
1.212376915756433176e-03
5.437822373315720709e-04
2.874455299876314688e-04
5.473208999775867152e-04
3.099469648515243772e-04
2.624271412390512975e-04
4.499258301379358764e-04
1.643499938504689633e-03
2.184461516873551022e-04
5.425765627032603068e-04
1.424466517253834049e-03
1.372603737588701722e-03
9.389647326068338443e-04
6.151127971369317821e-04
8.358289288871923373e-05
1.896959784899762734e-03
1.590965883321383606e-04
1.732749800319571256e-04
1.013803528727412516e-03
5.770521541113474802e-04
1.118241715379193020e-03
2.928150530861950884e-04
7.887950477131143966e-04
8.031106830294579713e-04
1.758518021337331354e-03
9.943994275620076945e-04
3.448770778335497706e-04
1.965570387179208325e-05
8.303209822253143808e-04
7.459755213487864745e-04
4.004377634422745828e-04
2.973420433957711076e-04
7.756042259959978992e-04
5.034918166337069541e-04
6.267898018669098865e-04
7.273705260637201159e-04
1.178939860912037998e-04
1.050268014355713701e-03
5.407900305260617717e-05
9.627880125326601429e-04
2.876968588438733637e-05
3.173080920889005565e-04
2.429109480987978655e-03
2.696629794530805381e-04
8.306197855644252472e-04
8.764213430412444482e-04
1.580936880687234365e-04
2.175347828474707350e-05
3.866901879822093606e-04
1.212070641770517793e-03
5.013988210167190330e-04
6.645552223193697510e-05
7.185460498612297297e-05
1.341771989372597586e-03
1.279142647205452573e-04
9.066083507009856579e-04
1.113122578095912963e-03
1.737605478164558481e-09
3.874798143253179871e-04
1.622601899269483631e-04
7.872300084116224826e-05
3.081786846631805773e-04
1.165457097286735395e-04
1.243601215727327923e-03
4.174816143225568914e-04
2.328876130656967953e-04
2.611957348235866721e-04
1.158831630238002036e-04
6.361311153354643356e-04
3.345850085335401355e-05
1.223754945438014518e-04
2.364572711765785097e-04
8.724884512043011749e-04
7.089678740450906075e-05
1.242472498653816588e-04
9.759526760940307865e-04
1.169066278436624523e-03
3.247726358728105964e-04
1.812256611652918951e-04
2.168704138974418213e-04
1.310603891626325210e-04
1.079394721069708296e-03
5.157077416255085233e-04
6.025816801130428517e-04
1.836047402971712145e-03
3.190552433320576289e-04
5.376474296353463264e-04
5.066969421519896188e-04
5.162359803606147166e-04
1.445683522110429125e-04
1.116868707350356430e-04
6.497642487354312810e-04
1.845747844520518037e-04
3.052552268994006258e-04
6.234795496343199621e-04
3.272905268898640332e-04
5.324819907805334760e-04
6.882795133454494563e-04
1.464524315247212700e-04
1.819663708945141155e-05
1.740149979868091843e-05
3.369605609266980201e-04
3.613290270107905456e-04
4.072791980385868059e-05
8.139255193612257491e-04
5.010306101631051870e-05
1.802349979719065117e-04
5.240117727711548817e-05
3.658244847785092186e-05
7.711335490932923371e-04
9.617274629250170074e-04
3.016952052236966425e-04
6.713780399579534583e-05
3.350558557846057875e-04
3.751345511397539555e-04
4.315547056569538213e-06
3.677935622689259111e-04
7.653318997946436959e-04
4.142176249723760649e-05
2.636819330040573054e-05
1.264254003618368329e-04
5.689120221980431850e-04
1.242083815931047715e-04
7.494329072093866779e-04
3.628136646571648340e-04
1.626469390605509270e-03
3.147014695426647942e-05
5.228658050371133223e-04
2.496239755648514821e-04
4.795995995727437623e-05
5.640966179529835305e-04
3.437203321283215855e-04
1.945430183920317236e-04
2.874409059741529632e-05
9.114782147705655525e-04
6.522806878964643824e-04
2.235537088923671492e-04
7.532967630285514540e-05
4.308530707033763978e-04
4.464272127997959594e-04
2.947387631911127471e-04
1.446346361687849530e-04
2.922202305117633001e-05
7.159237450699892423e-06
1.312887177789277056e-04
2.913055334817716202e-04
4.976469388139860090e-05
4.887914491536917990e-08
6.873636956291720749e-04
2.616562593551457886e-04
1.938473228501461153e-05
2.057910009056123724e-04
1.340324581812867575e-03
3.383965611378132211e-04
2.134412430030768943e-04
2.810695967248258583e-04
7.913074212704480958e-04
1.295676317150272407e-04
3.958534936786548736e-07
1.682775986628156251e-04
9.630165447919575826e-05
5.245792203747010789e-04
4.444663004538789222e-04
1.654177729792625530e-04
4.291828548263514802e-04
4.262310074342725501e-04
2.627375255109375835e-04
2.940846380782402678e-04
2.254001908093869033e-04
2.264347929408812508e-05
3.439384350377210835e-04
1.399059259272019730e-04
7.806929687327269693e-05
2.987311747951368302e-05
5.876847995567291948e-05
1.056183719255721206e-03
1.384126900073739345e-03
3.284414418740047342e-04
2.806758508602354369e-04
6.929398288114746928e-04
5.281496407522517209e-06
1.288547413469980698e-07
1.002694710663732037e-05
7.112378642707302672e-04
1.209374862052401561e-04
7.436408830604617241e-05
2.488676681118905806e-05
2.697625266912274120e-04
2.988720726322668941e-04
5.592643869757615111e-04
2.402804911040969948e-05
9.139311043302597516e-05
1.989205304478318447e-04
2.298980083834610567e-06
5.419247026938236447e-04
8.613089523667579123e-04
2.131046051813124096e-04
5.596908241525197242e-04
6.316348337031697639e-05
1.992994001176784141e-04
1.060724729640900898e-04
2.178593080291862938e-04
2.310761290572386725e-04
7.224345399911716661e-04
5.963189584932633612e-04
1.149095379111865883e-09
1.061951645415212998e-04
3.343460663400883845e-04
5.570701861002351615e-05
5.569606184462776017e-06
5.226449144031801198e-05
1.968041455256846575e-05
5.566881950493828479e-04
1.956916687296676431e-05
2.736211189105009541e-04
1.159018359608408560e-06
4.446755908429013047e-04
3.832395231359763863e-04
3.330048849952090863e-04
7.911826102667745620e-05
3.487632365294573511e-04
2.327317916757112523e-04
1.319258401100128282e-04
4.281221251151722966e-06
6.086042468722951032e-07
4.947128715283396252e-05
4.572849708182340927e-05
9.313577359195591857e-04
3.509848972012070316e-04
5.543481037830776982e-04
1.085231129803940062e-04
3.650802384675022768e-05
2.766345370338028456e-05
2.628387955964640822e-04
2.651329690562932939e-05
1.851440149830013726e-04
1.190459488303575547e-04
4.501496714532447871e-04
3.769703937117968519e-05
2.883902256633809618e-04
1.477895876314083267e-04
5.463192824370151530e-04
2.370910657807771848e-04
2.731798508326631347e-04
2.825453218573454827e-05
1.563239877741872538e-05
6.098452047734977729e-04
7.290788016617533391e-05
1.133549000795644446e-07
7.778567628409465806e-05
2.180544961446428899e-04
5.428643013821079621e-04
1.062113664188248834e-03
4.459938293960621892e-04
4.430516359126992180e-05
1.775942176492637317e-05
1.150798021818260654e-05
7.475678102325875578e-08
6.387706496098400526e-05
1.937453208980638003e-05
2.704686956940617455e-05
6.889320197331341228e-06
7.290299570699391041e-04
1.689516881380444062e-04
1.055357193777583700e-04
1.255943695875473109e-04
3.462645562811835962e-04
5.016521187057607165e-04
3.210599544771704813e-04
1.725903787425287937e-04
1.677637747132930553e-04
2.786336264789750607e-04
4.077740719601106702e-05
2.079388744771646086e-08
1.062945277432694773e-04
7.938507015081331286e-05
2.696571422930937271e-04
4.984137429414393396e-04
3.402726994139604203e-04
4.732705224236230523e-04
1.094366176281241548e-05
7.405408525445950681e-04
2.487438138466712277e-05
4.586175478667197953e-05
1.386144919395291969e-05
2.918925205775117109e-05
1.238804070252516078e-03
3.186169229094897083e-06
5.618393452112304363e-05
3.054216887151698029e-04
1.648696077424602758e-05
1.528298599422999216e-05
2.944277527720223341e-04
1.544762738598625654e-04
9.301505602736332096e-05
1.373160765756508610e-04
5.664806818666207403e-04
9.721166025783264844e-05
3.446255933586042631e-04
2.854047017237564256e-06
2.848061360008264490e-05
2.406104373012224028e-04
7.014703728331622289e-05
1.884445930066406400e-06
4.600066783885705789e-04
1.364671167623110249e-05
2.996329253107775130e-07
1.461845756378428580e-05
1.249003751803306541e-05
1.231964699873053714e-04
3.697028776385140923e-06
1.041222741518733875e-06
4.128438930990787183e-04
4.570112666553195215e-04
7.522712660320227671e-05
2.462147126348384398e-05
5.074903881142024193e-05
3.865356570566569416e-06
1.174366182339193180e-04
3.363867345157231883e-06
4.100047674445391789e-04
3.846518655674445561e-04
6.363735511145117744e-05
2.695861947811942428e-05
3.769795126928307321e-05
3.476615226999646278e-05
4.254570935228367723e-06
5.044592379953563626e-05
7.905907434097169556e-05
4.791714908234624401e-06
4.485802033774146318e-05
3.452481970703811966e-06
1.933246344166881093e-04
9.188950001678321418e-05
1.933954510262418137e-04
4.699020685332205090e-04
1.779461018833000349e-04
2.346227968718192676e-04
6.777294416760740669e-05
7.476876149705700720e-05
2.767633785498988243e-05
8.863606904856133925e-05
2.472224851332300959e-05
3.320643326984237939e-04
4.540543711155989586e-05
1.211994528303296974e-05
2.183183750687720534e-04
6.859276818291159205e-05
3.070290732300393868e-05
5.678573587632328341e-04
1.111586424774900176e-05
9.531139737829384066e-05
1.440611964406281296e-04
2.322016733955811535e-04
3.068770839904665960e-04
9.777337532383845598e-05
1.364948923229396033e-04
5.077725630182803802e-06
