4.436065100492901647e-03
5.194717996629228535e-03
2.596073616702960357e-03
7.818241280827298995e-03
3.908686206995157751e-03
6.118549556637441905e-03
5.924772979689633262e-03
5.440317884443498543e-03
8.737935487889585129e-03
4.123685333903010473e-03
3.569285794258266094e-03
7.778522643464227601e-03
7.315707824682177000e-03
4.740507367135759868e-03
2.632691882311956940e-03
7.780911147063145246e-03
4.068007727209311218e-03
3.366688872559577168e-03
3.476456691147442827e-03
5.975035194816012349e-03
7.635128745252192130e-03
4.354773022724906309e-03
4.947446858051911082e-03
4.932979843882417600e-03
4.477071124431750496e-03
3.522786724881649904e-03
4.658290722236390312e-03
2.134189387984071831e-03
3.890872690618892016e-03
4.184668129706190995e-03
4.237982046575016794e-03
2.545387833808950354e-03
3.390699488286762642e-03
4.349791083769023389e-03
4.192655632207925760e-03
4.550618779536019266e-03
4.941836036376109388e-03
1.766839075146906793e-03
3.603309456194222007e-03
2.671041469412884298e-03
4.556055386285129578e-03
2.295164402830613629e-03
2.912037630316741208e-03
4.389540344009346118e-03
2.162376446254680486e-03
1.955162272611467560e-03
2.918920510700432659e-03
3.965409087375117159e-03
4.794789014866857567e-03
5.942213925173613076e-03
3.952643777197618370e-03
3.190491198877530056e-03
4.918380738216736846e-03
2.265044144100020022e-03
5.081593878946475198e-03
4.887125044159545788e-03
3.041168288072611681e-03
1.961843263548050144e-03
3.990629938945231339e-03
5.948786142859042482e-03
3.294753324422144622e-03
4.486467313019985859e-03
3.322825613363952681e-03
3.427031547065326287e-03
3.825224672385856527e-03
2.464884557481296454e-03
5.778213000868065961e-03
4.311540874006096653e-03
3.191501566421441668e-03
5.000447820513377606e-03
4.462411463921374735e-03
3.400519469887945678e-03
2.782067425805722326e-03
7.484017726203783666e-03
7.306908028980421341e-03
4.898672573957412596e-03
3.480298550606481574e-03
6.159135443263486290e-03
6.265729036412643130e-03
4.491692571692644867e-03
5.600758878906015627e-03
2.459254397982100094e-03
5.431224659152489656e-03
3.928511390687373060e-03
6.102412304785833491e-03
4.300372289156838453e-03
2.873667875356927456e-03
6.977294277991837219e-03
5.008405867496968852e-03
2.193407181641139712e-03
3.099951023765215585e-03
4.012045984313457672e-03
4.681043694727730388e-03
7.809901975747273947e-03
5.549304217081941527e-03
6.479946540864570462e-03
5.508294279804523685e-03
6.070712856389583190e-03
7.408150078071103900e-03
7.210449054647090524e-03
4.076827923980647951e-03
8.054017111863315606e-03
4.856794589958740062e-03
7.460813727440423170e-03
5.268953005504783092e-03
5.553416970034058542e-03
6.237709753291166559e-03
5.214158469141717649e-03
2.909480935620030548e-03
7.091115124094778989e-03
6.580703530502720992e-03
3.871863795384496675e-03
5.102421083465390195e-03
6.652579721870736408e-03
5.043640834043412735e-03
5.209989836236004861e-03
5.735100165890314426e-03
4.619092669941256973e-03
6.547201085890544565e-03
8.391568281224667109e-03
5.671951492359095064e-03
1.048190996144077528e-02
3.168033636653127139e-03
3.737645570309577718e-03
4.295751006544690567e-03
2.362620912990581745e-03
1.442404546149384393e-03
3.425145623870372129e-03
7.565066347894040463e-03
4.872151344462610258e-03
9.440212842853101458e-03
5.370128951588978676e-03
2.242086387841876575e-03
6.209961164329634922e-03
3.862593529089820669e-03
6.505990616844537812e-03
5.388090458966489707e-03
6.311921752182554808e-03
3.381625277451037487e-03
9.240397203172961982e-03
4.274464478944311682e-03
3.794825855227887141e-03
5.204992295291028907e-03
2.142513737406006886e-03
9.955059705213870416e-03
5.034009466639380662e-03
3.987341112223289838e-03
6.521657265090803623e-03
3.194662665394885914e-03
6.016831545610899605e-03
2.441259661172600053e-03
5.505998516285501125e-03
8.430664992922005940e-03
4.111433936579067180e-03
3.866257625803039277e-03
5.730422530822189796e-03
5.867319812393058387e-03
4.085698212409157558e-03
2.723025089608080516e-03
7.420491747524077773e-03
5.652731086868689574e-03
3.301520278306453032e-03
4.201865506360265290e-03
7.180101751859991298e-03
7.383472621799425616e-03
7.761552457293333963e-03
8.378502618169745772e-03
6.142508286007945274e-03
9.742883258864605892e-03
5.882468953858199963e-03
4.515878746082837084e-03
3.256444520125544896e-03
9.772695601670069315e-03
4.935650906439337411e-03
5.280129367737119127e-03
4.343083343900085679e-03
6.484362836530099990e-03
5.887041093310899781e-03
5.903306405116858120e-03
7.523637726159077867e-03
6.514398817099048382e-03
4.996665384602867743e-03
7.017193706141375102e-03
4.574349488122902464e-03
6.510740249261186448e-03
4.146905475361075365e-03
5.021274863599092461e-03
5.220013818034231409e-03
3.277581874513121104e-03
5.545132763803565026e-03
6.782507309376236554e-03
2.738795316338987589e-03
4.919568623479166763e-03
8.939392983699941814e-03
7.921502770879836064e-03
4.139679071266688139e-03
3.745267429009719717e-03
4.951080663364137123e-03
7.444956464503880642e-03
5.794700735144047050e-03
4.820638965233664183e-03
6.038143480629985620e-03
6.842057049902225928e-03
4.699226113038456124e-03
6.437498945471428410e-03
5.279612643829607183e-03
9.790417389079148283e-03
2.532866002563220406e-03
3.580528390054911036e-03
3.522766031661930114e-03
4.509203093310986364e-03
3.508712521116093188e-03
3.350450927105459286e-03
4.866832436605992435e-03
4.068576894997515299e-03
2.696087004058795190e-03
5.950674200586439366e-03
5.256971979431769235e-03
6.545563362820768123e-03
6.698149085294296395e-03
6.827500866300480371e-03
8.342846175705997611e-03
3.010090839685780530e-03
8.425865269154913031e-03
4.529823589159607915e-03
5.024704922145373578e-03
4.451907208192912302e-03
4.335690008025394268e-03
8.043521873387389845e-03
3.659760094807828004e-03
3.645686738181608700e-03
5.563601950688053938e-03
2.965720471931973783e-03
4.373118145235304309e-03
7.886835378859237411e-03
7.218833017741389975e-03
8.332432169490717327e-03
4.545244660149747734e-03
5.026233404810567622e-03
5.765021282610122318e-03
4.913947868137754499e-03
1.243127161078169153e-03
5.474327575261395129e-03
7.283486783480710471e-03
3.804251591497026953e-03
1.150664350939183556e-03
5.671408876054562405e-03
2.473264456530792094e-03
4.079636014528287627e-03
4.728059578755355874e-03
3.871089119160329474e-03
1.308082766587970094e-03
2.753440587612648004e-03
2.829036573049288194e-03
4.824852551481001624e-03
2.027375287406086874e-03
4.473104390678666817e-03
3.148499975475658498e-03
4.512430929897289812e-03
8.574066585446014563e-03
5.623174686353781850e-03
2.751565754346833349e-03
5.079046483867588613e-03
1.827706742179424160e-03
2.165736985801480080e-03
4.586706248179127712e-03
6.748989407932075649e-03
5.793694620889715784e-03
3.247787645279792083e-03
4.803292584413951065e-03
2.891123523969909778e-03
4.117163429259766694e-03
4.395479597946157745e-03
4.595318581537257731e-03
3.322368393353260577e-03
4.112386570067887853e-03
5.163497536654957851e-03
1.833082227267553502e-03
3.275431861998856064e-03
2.813366336946950246e-03
4.212557812181889905e-03
3.329691032165091411e-03
3.571276156335294934e-03
3.687414614679292244e-03
4.010770736237436775e-03
2.141228084515456927e-03
4.560525343556144640e-03
4.095921873502200022e-03
2.300579138624771897e-03
5.475659736765810595e-03
2.663828150225982724e-03
3.931339500954479996e-03
5.164695622539105732e-03
4.581843006013371598e-03
6.380427815808662091e-03
5.584217124750510963e-03
2.260144726350152289e-03
2.837399439947052744e-03
4.867119938997968402e-03
3.202046483661094740e-03
4.642228707032204464e-03
2.413271588798797298e-03
6.578610881687567934e-03
5.968578091167480240e-03
3.890830368493824500e-03
3.791063697603266718e-03
4.467833176343038309e-03
4.705019784902335356e-03
5.515093599882937153e-03
6.935601609142688986e-03
4.246114966257364537e-03
5.405890027037771328e-03
3.159087204500691647e-03
4.742286121792684515e-03
2.850531887642148050e-03
8.205093876844694184e-03
3.016616761382056970e-03
5.792364314793434742e-03
5.614811237908180937e-03
5.666242431978447090e-03
5.085623438534132672e-03
3.598195283716644141e-03
5.282375038706422360e-03
4.688671583023215801e-03
5.206048453014632330e-03
3.346217920643868287e-03
3.386186618257120209e-03
2.160204827752745891e-03
3.968370885598551667e-03
3.882690239514862210e-03
4.845767648891792685e-03
4.857998467453458410e-03
1.557227456994789887e-03
4.671106541175412165e-03
5.178804442563227778e-03
2.844971009414105304e-03
4.564927867685127615e-03
6.521559358940567930e-03
3.420538865997340121e-03
3.471704823436939230e-03
3.074942813203378547e-03
1.586743190483226682e-03
4.112396186569336302e-03
3.069041033958679835e-03
3.813206508023797917e-03
4.861559282075924790e-03
2.680137980054887042e-03
3.401632930580274650e-03
2.621131513394089462e-03
3.048149029888973672e-03
3.237001055006424096e-03
3.903691240922301138e-03
5.303850560235434143e-03
5.027199374998267238e-03
3.932235622593256534e-03
3.287818163851651508e-03
2.931296153963528460e-03
5.840683295591614713e-03
4.942889947269563794e-03
3.898947433120567886e-03
4.177593855921746084e-03
4.440621281375937805e-03
1.395327208676357903e-03
2.859958284315862204e-03
5.078292910916656216e-03
3.119508114000700810e-03
4.043338282780208591e-03
8.574556362815236726e-03
1.735858251057464810e-03
5.139366606094030246e-03
3.014608309963037660e-03
3.456817513872792024e-03
7.993562653880181834e-03
5.101783428087819892e-03
5.887054509989287851e-03
2.684702824087739203e-03
3.222527018602829550e-03
6.967837992881195826e-03
2.780294190996557540e-03
3.516887891009279603e-03
5.120900912731684781e-03
1.918862767065200332e-03
4.110286299376144856e-03
5.206097395847058065e-03
7.047383879380145037e-03
2.701520649595565062e-03
5.203735551217871826e-03
2.824713989572432641e-03
1.782332818854775623e-03
2.919949471349049010e-03
2.938975669797500370e-03
4.399589729986777380e-03
4.267197605274557388e-03
8.471177642493990176e-03
3.957721198204673142e-03
4.501701353795577350e-03
8.478547271036634015e-04
3.485482007005622895e-03
3.688814898224208015e-03
1.341187859627895320e-03
3.309745202941539229e-03
4.542823753059665494e-03
7.436884372313153774e-03
4.985308208130334075e-03
3.230834748791090467e-03
3.817306694510739628e-03
2.651907137546314405e-03
2.824705062219373588e-03
2.315081612741455314e-03
2.192782181635829098e-03
2.004080471856490610e-03
2.525557080455526245e-03
3.430499978692352903e-03
4.004565898050671015e-03
3.821352431777955486e-03
2.795977427364641343e-03
3.043984839245234518e-03
4.469773324932776667e-03
1.149060710294494154e-03
3.125690289117360673e-03
4.188406853973351655e-03
3.304574646857520032e-03
4.209306602711556343e-03
2.784181277327881735e-03
4.290834134529767849e-03
3.825876050081250535e-03
3.223338203405903303e-03
4.145094202240648049e-03
3.879093161682328674e-03
3.265334356926719028e-03
2.799541821109996845e-03
2.688351585178195679e-03
6.524226242940843815e-03
4.211551640961523450e-03
2.176973409425904220e-03
2.252071582715696029e-03
4.577475175443316245e-03
2.939957224719942728e-03
6.770361639362703753e-04
4.208451854741577201e-03
2.691551016116512131e-03
2.295785452846340995e-03
6.925102002380891311e-03
3.131484943058500132e-03
9.392127977599236920e-04
3.518630578326946683e-03
2.571900936870760886e-03
2.334159618901649261e-03
1.877112840390153308e-03
5.163978980144711545e-03
7.139383030640580148e-04
1.788401894567941868e-03
3.021220652660039536e-03
4.290360185970005028e-03
3.831204060356887403e-03
2.458331119835169363e-03
3.543055682517416531e-03
2.014674929661920081e-03
4.564889655152519835e-03
3.965696754713318208e-03
8.956776500952037942e-04
2.496818184859504915e-03
2.891824667193895488e-03
5.184099613673657202e-03
2.943441024473627318e-03
3.983901707148602457e-03
3.178752145980292491e-03
3.563337522397333479e-03
3.762535209643253723e-03
5.139433092368516157e-03
3.133647893774288776e-03
1.166447432285862198e-03
2.825876628349790771e-03
3.754411919349671944e-03
3.602695184542784208e-03
2.324721443372527140e-03
1.337714368097324370e-03
2.969001211319610440e-03
2.544481932034696730e-03
8.027914261277735485e-04
4.300348515707691673e-03
2.645773017163022441e-03
2.633177593522657237e-03
5.577651614078560013e-03
3.174985050596395523e-03
1.952256372291212702e-03
2.986894867623391889e-03
3.794215325099275712e-03
3.139061980998703125e-03
5.251433477489022075e-03
2.719245485043493560e-03
2.896440558972803933e-03
4.303853518080770837e-03
2.200774121342109497e-03
1.596831291495253227e-03
2.572814003567702214e-03
3.355011314031416947e-03
1.416331238322717304e-03
3.470832354922532854e-03
3.272171168311634962e-03
6.627076005965198795e-03
2.110600764265669650e-03
2.531321211008429484e-03
3.187804565931119053e-03
3.051162785318983512e-03
3.004471168714043482e-03
4.116328927198236419e-03
4.897639668683097247e-03
4.465601545438526408e-03
9.746023697815252556e-04
1.568384911499295887e-03
2.459940282586207342e-03
6.732726373286978877e-04
3.403210540661368369e-03
2.746041624210039406e-03
3.519858032678885047e-03
2.292600734623116785e-03
2.691957205510037837e-03
5.565103071780401131e-03
3.732448581966210654e-03
3.447783364107872596e-03
2.527137230146042895e-03
3.146725853154842736e-03
1.358065624452519304e-03
3.742202841813699939e-03
3.626302575027160087e-03
1.403963763734109634e-03
1.669351646994790767e-03
1.881945323445924877e-03
3.500443158635283079e-03
3.292288335293948407e-03
3.183708136334718192e-03
3.113627826453092048e-03
1.979719464341170992e-03
1.179240579926377555e-03
2.510135752270515122e-03
4.655641310177717138e-03
1.736009584048066800e-03
9.593757062600646954e-04
2.983347947017744514e-03
3.448700125593473845e-03
3.549599482268767092e-03
6.517527634837619495e-03
1.834774869284369917e-03
2.417692031847645546e-03
3.220760265808582205e-03
2.886971041553857472e-03
3.855842961948241499e-03
2.413953193022705390e-03
2.126387686617466858e-03
5.804251211208827192e-03
1.923572087201023224e-03
8.002367134827276110e-04
3.865878675534884217e-03
1.584918937178484170e-03
3.277328744923515592e-03
3.410863622455787524e-03
3.784141111894714828e-03
2.867810947040741552e-03
2.975646877373686484e-03
3.271622250384772449e-03
1.355037783839555454e-03
4.122574388302263117e-03
2.621404001513854068e-03
8.319097761865516978e-04
4.054335346810683527e-03
3.669428311587104828e-03
1.960064828540501909e-03
4.086232279852253756e-03
1.411101401237594474e-03
1.513350275997996921e-03
4.617106770307679783e-03
2.585296937116307245e-03
2.114177866293379549e-03
5.501416823905104156e-03
5.220847873377458710e-03
4.134772877963316731e-03
2.575764937372985140e-03
6.957960276385392884e-03
2.390039387568334249e-03
6.439271669478943954e-04
2.524339803854128237e-03
2.000811568466330775e-03
3.261972025086034947e-03
2.564723780170062757e-03
1.736687402605874850e-03
3.710660553801278447e-03
2.848970475723208370e-03
2.429857900317976098e-03
2.170144772182583653e-03
1.928238126475403588e-03
3.000283860638084960e-03
1.675117886066532485e-03
2.317401744143484862e-03
3.784687563779879239e-03
2.524727932626326908e-03
1.747812131891250155e-03
1.906427285849491247e-03
4.271470516185300534e-03
3.881787184304469947e-03
3.939248352821419878e-03
1.168198112974803407e-03
2.043797820918578315e-03
2.942508766244325297e-03
2.783568285450069985e-03
3.771785092352491695e-03
3.995694932347803284e-03
1.335819775439205711e-03
3.591288408732339846e-03
2.770312912966160605e-03
1.771476740935030905e-03
1.628400368466693037e-03
2.083608438533179636e-03
6.292682810870497880e-04
1.834404022610215549e-03
1.916796897385972731e-03
2.471184458994644343e-03
3.007752198245665365e-03
6.305306117586425728e-04
1.827042139735844499e-03
2.131644558033236620e-03
1.447963075259728165e-03
1.550892103239794430e-03
2.923936220724443306e-03
4.815702890924234390e-03
2.531536560728268968e-03
1.862644809374449295e-03
4.499802224222229988e-03
3.752760978325376390e-03
1.144527892605016377e-03
2.368034259682867421e-03
1.387705831182543727e-03
4.375727028332236992e-03
2.924457930931496918e-03
4.205608255865495894e-03
1.535757366906372479e-03
1.275183617799679732e-03
5.452457099144683746e-03
4.267977439514188988e-03
2.416062975334332466e-03
4.148597316912913842e-03
2.977470508917819635e-03
1.955772993218194203e-04
1.933766505885298670e-03
2.419390356283547365e-03
1.101681204080388627e-03
1.568554613843127369e-03
2.707762302139467801e-03
1.369724643979260440e-03
2.024751513406243715e-03
2.725934326408282950e-03
3.205351133076506358e-03
3.335243167128507536e-03
1.150538609160271916e-03
3.326262471475994065e-03
2.801261441975129007e-03
4.311007792611070474e-04
2.689765431833620723e-03
7.494447959911782441e-03
2.867364529870239549e-03
2.423957951492650316e-03
1.435261812274436473e-03
3.284175362398970063e-03
3.329482049505946145e-03
2.815782423455054188e-04
1.187660692634112929e-03
9.290039508701187230e-04
2.698964217474229908e-03
1.323350641428125288e-03
1.768839298611324818e-03
3.555906787245513741e-03
2.269114401719378275e-03
9.973359159211635846e-04
3.884241737364535832e-03
5.592411288062019807e-03
4.537200166717551136e-03
1.670799291938195128e-03
4.602463720773722171e-03
2.711320414614030744e-03
4.331107126169072424e-03
1.323741910160538106e-03
2.328622403484485650e-03
2.247910581425347637e-03
2.126153277912360209e-03
2.413004502299424554e-03
2.851962484502209173e-03
7.459333399582307846e-04
3.272556944327819749e-03
1.077972052366380287e-03
2.614479690970407475e-03
3.584736346912669423e-03
2.941072293076781030e-03
4.796562651926198880e-04
2.148193878308430824e-03
3.939232407574403023e-03
1.627495308513985262e-03
2.221533351802443441e-03
2.966629022845702467e-03
6.669925306054981864e-03
1.328929815974483472e-03
9.672682609082881074e-04
2.240542003482229143e-03
8.821776709963464243e-04
2.014756031362142843e-03
3.615425391820018507e-03
2.943659492664377989e-03
3.681082569801144653e-03
2.676533917706869301e-04
2.137708572556303466e-03
1.096008997346224582e-03
3.473099723245413103e-03
1.971087729501851994e-03
1.576026971188831298e-03
9.259773412654336922e-04
3.408520618114659236e-03
2.020283681673353936e-03
2.977879633422430943e-03
2.700656549254251519e-03
2.562276002748033188e-03
2.693352143436197367e-03
1.289778402095545333e-03
1.292874743482027525e-03
1.688242500565880584e-03
1.197686031171180327e-03
1.894187500940443941e-03
2.806566310599702997e-03
2.518037198180807582e-03
2.106655754286961262e-03
1.013086380169662959e-03
2.329645869214313353e-03
2.649453693053041570e-03
2.670235666600782789e-03
2.211598500898622009e-03
1.874337944220589745e-03
2.466877204966070724e-03
1.788185668202950081e-03
1.184254465910968912e-03
3.304103840484405672e-03
1.985916478470383436e-03
1.427272430081344716e-03
9.047147476422881789e-04
2.139609198154230219e-03
2.341052869750363027e-03
4.771179484800344359e-03
4.437558065876750536e-03
1.752764093866458848e-03
9.332332760382998577e-04
2.403080673916815294e-03
2.892105651305630371e-03
1.778411173921673428e-03
2.049697543124129936e-03
2.158998493344528938e-03
1.882206663434165877e-03
3.462970428142202357e-03
3.280447890103833225e-03
2.712932103711674595e-03
2.109837890119098478e-03
8.182556331778062389e-04
2.574388249497626922e-03
2.315453572342736875e-03
2.963265299397971776e-03
2.556617055584873687e-03
1.474746265820261939e-03
2.835250646311560357e-03
2.009094294487745284e-03
2.619638318030898254e-04
1.718502906549063255e-03
4.837288613579821743e-04
4.684517669144992909e-03
2.028941107665899017e-03
2.355664826564646090e-03
1.589264763751965055e-03
1.873861509863454077e-03
3.130907658409255116e-03
1.663345021875340833e-03
2.857861866874796073e-03
3.648581122906100795e-03
1.339263650970490011e-03
9.269724572938346091e-04
1.749908326238136221e-03
3.228806767418256410e-03
3.850120484197230332e-03
2.295538350365272130e-03
1.386563703276484519e-03
1.864680343582189245e-03
6.952852637989200132e-04
7.453982162352481124e-04
1.469032926180755894e-03
3.598332075413113347e-03
2.221911412771760807e-03
7.748288031662241499e-04
2.074708601222121328e-03
2.790626658386128646e-03
4.014231208959636102e-03
5.242288989792308340e-03
2.495022983464157719e-03
9.627693748864866920e-04
1.302557209619883494e-03
3.476179616549493132e-03
3.142178656015888125e-03
3.106383809991469184e-03
