6.968825931134466078e-04
1.962201524421083604e-03
1.293879622795482453e-03
8.909097905699825837e-04
6.941694246650197435e-04
1.169360059692694728e-03
8.782102249931927332e-04
9.099230908149636039e-04
1.086109467864046366e-03
1.650410733584670815e-03
4.534415018607782606e-04
1.147047229371302764e-03
7.333282334244694200e-04
4.763147700957672459e-04
8.585890494464788010e-04
9.265666719139706211e-04
3.743752059091797141e-04
7.601906548792098858e-04
1.379663023154208742e-03
1.760542923826901402e-03
3.012309583523510776e-04
6.996205156191672358e-04
9.613179883074030908e-04
1.080515995579243820e-03
5.151018591596323408e-04
1.274113611048663603e-03
1.110935014039879896e-03
1.002772513622380603e-03
1.334968573831025410e-03
2.073837390619503139e-03
5.407523097302887553e-04
9.951626184838420052e-04
1.655959265028547752e-03
2.038406866872921955e-03
7.943616591075254411e-04
1.618717755133061102e-03
1.506363788121831832e-03
2.616710762599122261e-03
5.795803947312856393e-04
8.724561793139753128e-04
7.531410085667529161e-04
1.474953926516563976e-03
1.177914451842224401e-03
9.349083835450918735e-04
2.104069119474875817e-03
1.561182702026411547e-03
1.200896747361605019e-03
1.986686389116159527e-03
1.569783177875038642e-03
1.006314327499949375e-03
1.775620863424877708e-03
2.701597348052779332e-03
5.179914529675791164e-04
5.925162357968177980e-04
6.233382905442380563e-04
2.597511949881848355e-03
2.009873671765409486e-03
1.935933876222390576e-03
1.772063080840621460e-03
2.291417538661619669e-03
6.095778200194036526e-04
1.250763338948955063e-03
2.656355554577319398e-03
1.181550754954256406e-03
1.563974340579511301e-03
1.190078157076154830e-03
1.570034588888324922e-03
1.333991290109283901e-03
1.616879719430050575e-03
9.412971172721826436e-04
1.537716429992397977e-03
8.753218608422596485e-04
2.981644997286773437e-04
1.032462598968322256e-03
2.092756403528845625e-03
1.128232720406856411e-03
1.895870068311351605e-03
1.593032550439822930e-03
8.073007614326249042e-04
1.714836810477455512e-03
5.492868076645709237e-04
6.312411321322138578e-04
9.695971354395075846e-04
8.673629700115703016e-04
1.748196526746342546e-03
1.112635145315850988e-03
2.184952840164003460e-03
1.214265188742711743e-03
1.336309151114490430e-03
8.186049051681434669e-04
1.434837594819461269e-03
7.393924823388943685e-04
4.343983512675745002e-04
1.763183710559007664e-03
2.377394739402068774e-03
1.359772819720467046e-03
4.812227265769480292e-04
1.634462171265962721e-03
8.032940950893430535e-04
1.104167098567792465e-03
1.722984791825839810e-03
6.076559403105084075e-04
8.343700899096416577e-04
2.635918496973825272e-04
1.747440200184462817e-03
1.675747772996763604e-03
7.607285654502787342e-04
1.692004576792568125e-03
8.404084897084446474e-04
2.468865125561186657e-03
9.320446349178733046e-04
1.768218690781610519e-03
2.621971473136541515e-03
1.730282917756992668e-03
1.278380250883692044e-03
1.443157349949064335e-03
8.879778149246295941e-04
6.382020026865495906e-04
1.343494309966897400e-03
8.515918574600345745e-04
6.775512872142027028e-04
2.100327536673490727e-03
7.534273265285329263e-04
2.145731565163857234e-03
1.770940024792321335e-03
1.457490955835153302e-03
6.156825683599403748e-04
1.088233679639459377e-03
1.240870151980123619e-03
9.077980281338935689e-04
1.499687647285869417e-03
9.490013053273317666e-04
4.379163878417460776e-04
1.090265016303202912e-03
6.092039560097593136e-04
1.863413908050048527e-03
3.924423710768624421e-04
5.031894219036799846e-04
2.079127606805178212e-03
8.052125810749571682e-04
2.009492482212390119e-03
1.434036278529358726e-03
3.966571441120417653e-04
8.339823512663771359e-04
8.377344689161417279e-04
8.365294686902463627e-04
1.530953142411399124e-03
3.644907352162248437e-04
8.674283640020044855e-04
8.778420676412803693e-04
3.909273874932756455e-04
2.026829946472120687e-03
1.712808140341630803e-03
1.671555925890573112e-03
1.406995585655897336e-03
1.031213065942235838e-03
2.086813855548731115e-03
9.552372689707359314e-04
1.617504072688063762e-03
3.160217838425848167e-03
1.421487063878022154e-03
2.537902612939213574e-03
1.497649195869930070e-03
1.022161958993326970e-03
1.006844996742784458e-03
9.758709860752987726e-04
1.294583784466440566e-03
5.972070828451202934e-04
1.950320464529733001e-03
7.909257193401625710e-04
1.310548487143733476e-03
1.492916046425182873e-03
3.225766079517520201e-04
1.592014081197512358e-03
1.089231004394479538e-03
9.934163243734679769e-04
5.427404710171779495e-04
1.423169536400122623e-03
2.225139925005718833e-03
1.452869746308974768e-03
1.803712551518140902e-03
1.213737819142747445e-03
1.058498406420637543e-03
1.074976870573960634e-03
2.348220871076163278e-03
6.825524239200585685e-04
2.366648393473315404e-03
4.053120053854516449e-04
1.957630643037020900e-03
1.169564225534994433e-03
1.421765342720712018e-03
7.591510956851166324e-04
7.910159146821985282e-04
1.257079983495599119e-03
1.964571206395714347e-03
9.496398942385572868e-04
4.116627831099285511e-04
2.163350699291033147e-03
1.125290843111547735e-03
1.767468598919972385e-04
6.090177213313484935e-04
1.321879508443304582e-03
6.663180429842451230e-04
1.667750167277027911e-03
3.223980416190308658e-04
4.825733269639454772e-04
1.024588949112551026e-03
2.283436898162021552e-03
1.458715120169703583e-03
1.070976568454549667e-03
1.246428838120493742e-03
7.544625813532491922e-04
1.244712517904718275e-03
1.843817732155234642e-03
1.284209628905233144e-03
9.070847290071953808e-04
1.234303679742254417e-03
1.350137145720211890e-03
1.493246384248359199e-03
1.336624110394569152e-03
6.306618239283148146e-04
1.156787718276821968e-03
2.397969728572407928e-03
7.667089554660972512e-04
8.794972827869156550e-04
1.629080888593237601e-03
1.472597149740426190e-03
1.983190073010820172e-03
3.973040871174063501e-04
1.388898918213167131e-03
1.059934672326354318e-03
2.560920038774234207e-03
4.143225156235215900e-04
1.370690193558952216e-03
7.733872127057433727e-04
6.377675419937520922e-04
9.602887392026597004e-04
1.056440663148301533e-03
6.329962276839632990e-04
1.441872649934321064e-03
1.054919965450467267e-03
1.305824026626707050e-03
5.067539838667596335e-04
1.412889190205640806e-03
3.517997924000155281e-04
5.359735481379932463e-04
1.000813244726893401e-03
2.380645576601771781e-03
7.791335513732686527e-04
8.527399788210025854e-04
1.140404295166672164e-03
8.000733940331702368e-04
1.427877805133846234e-03
1.048062244315489926e-03
6.302314131080164134e-04
8.503864948035920468e-04
1.769565720343158456e-03
7.778926723965214627e-04
1.958271841476645018e-03
1.442248217161630399e-03
1.642373955011093784e-03
1.392040105325067448e-03
2.146267210318992570e-03
1.375097431495893741e-03
6.464322965909937964e-04
1.759949892412334370e-03
1.796541335023093926e-03
4.339022273721854857e-04
1.102608569757483094e-03
7.277067744500702101e-04
1.750451999984212062e-03
4.735502490741521362e-04
1.496194207357196687e-03
1.241680458222241181e-03
1.319380350261888709e-03
1.546121626972909047e-03
8.300159465092668250e-04
1.268602912976492985e-03
1.596749292667385724e-03
1.391479009094721006e-03
5.791494407797443495e-04
2.802234558139591637e-03
1.224050220608534226e-03
1.703401595304235381e-03
9.540704168980228359e-04
1.176261821823120900e-03
2.833425044577050477e-03
1.174463482736604102e-03
1.398962507328622160e-03
1.848626172871443638e-03
1.456034598545921091e-03
1.232672910216590879e-03
1.421766689441106507e-03
1.188042691049788838e-03
1.669158274631513724e-03
5.807215484842278425e-04
1.513020434938354116e-03
8.791709265574161603e-04
1.519352604723860686e-03
1.851857103367880600e-03
1.177420187972378750e-03
1.412972184757537147e-03
1.799015974097058820e-03
2.105897404384168316e-03
1.416999844657131080e-03
1.365655412503109919e-03
3.250030593946919965e-04
1.037878533815972870e-03
5.121249189259342383e-04
1.200608328743503917e-03
1.035169112069335429e-03
1.342030456356310946e-03
9.692358904869182931e-04
1.192128356969080361e-03
9.440195571674736595e-04
5.385610164141080378e-04
4.698373465522849373e-04
1.727199866866432378e-03
9.288826567017792338e-04
8.526719771316425755e-04
1.174722429491785675e-03
2.483468219487258623e-03
1.812597137009292142e-03
1.011888562742376636e-03
1.303048247831369803e-03
3.825886560165515774e-04
1.493272954611132462e-03
1.724487592575249095e-03
2.001945163523188680e-03
8.396982219001044613e-04
1.305617576508285140e-03
7.068463710468536306e-04
8.791079669553301078e-04
2.525023149646949717e-03
1.423654688709692466e-03
7.816253831062536283e-04
2.301992143896255689e-03
6.413731375525073483e-04
1.669349138837005571e-03
1.325858536647176638e-03
1.364802992359030265e-03
1.302660790707021966e-03
1.926168599799165651e-03
1.441405952573019148e-03
1.249646555898006103e-03
5.976583155608475697e-04
9.767273065371627743e-04
7.399645178317786152e-04
7.236400565746508922e-04
1.235011820967909591e-03
8.521020614234755533e-04
1.172715582935161902e-03
2.300878643231424412e-03
3.349372678670296593e-04
9.173430409811707568e-04
1.360040459856405419e-03
3.070770779232393898e-03
1.036407489696448362e-03
6.757970274017312826e-04
1.152221395091429339e-03
4.239100178477560408e-04
1.719365687533549883e-03
1.945595626866357484e-03
1.058218669144280009e-03
1.065408625126324079e-03
9.435601174512935627e-04
1.607245933312556564e-03
1.308707403444236668e-03
2.240238120029458459e-03
1.042018895471578206e-03
7.986903988983950131e-04
1.733563139035337961e-03
1.546003383127739824e-03
1.127060362894785010e-03
1.122074412906839827e-03
1.957630386169275944e-03
2.077974160110136748e-03
5.773315105664822595e-04
6.420962975123005890e-04
1.419973335233649806e-03
1.828777933816070006e-03
1.851857425370043815e-03
1.097245009004121398e-03
1.183831252382781330e-03
2.242314171685388588e-03
7.539998898380196636e-04
1.170072738615385516e-03
1.265591710917063871e-03
6.908514043782239700e-04
1.512369820042131158e-03
2.150869691020314018e-03
2.204254319808702199e-03
7.356683763212132094e-04
8.011510636435889348e-04
1.632649021137747708e-03
1.022549557359816053e-03
1.551996778186825023e-03
1.064246263290349404e-03
3.169438365328969883e-03
1.331251541511176487e-03
7.257814240567615977e-04
1.598073503629494213e-03
3.549397236087773063e-04
1.373696851837214036e-03
2.488950928258431249e-03
2.277320053027193092e-03
6.210221386264134537e-04
7.674219476884266587e-04
1.774348434039982802e-03
1.317250721778062727e-03
1.626252067749970253e-03
1.178105074781233760e-03
2.133078669707235472e-03
1.971022543992315829e-03
1.029851858542532236e-03
1.884681060222437744e-03
1.146898967323242919e-03
2.062667242613573128e-03
1.145411833147236789e-03
2.507226915486941883e-03
1.650847520050129471e-03
3.282326532190172588e-04
1.140279842345637588e-03
1.064955288279623722e-03
1.322662866195942937e-03
8.461756643005230189e-04
4.767864526970570717e-04
8.737093892700641736e-04
2.823002012857787121e-04
1.856528445537582606e-03
1.077376422908115760e-03
1.332286749638750181e-03
9.878495222756262378e-04
6.200702252493493554e-04
4.520444805837597695e-04
1.337972082824422657e-03
1.546756957236283987e-03
1.153115121681180452e-03
1.284572460775928581e-03
1.143594560487303652e-03
7.411261055613987524e-04
4.077256692362883519e-04
1.508091313238852640e-03
2.264785465049805584e-03
9.989964329793288647e-04
1.174562853636039548e-03
6.779260523691836701e-04
1.433218169854797320e-03
5.082803708691233406e-04
1.264651854154964089e-03
2.626778234735765516e-04
5.884508305884034131e-04
1.741817321265254521e-03
1.167021934052571907e-03
1.389784093190650537e-03
1.138242416306066689e-03
1.231915311532607747e-03
4.411783449629906508e-04
1.308988749479672630e-03
3.080637975805277512e-03
1.089068452362735922e-03
2.263974673020381374e-03
1.124435843188270091e-03
1.402435332667501889e-03
1.867083897255713588e-03
6.834233003805460175e-04
8.686461830692709420e-04
1.625003144043093289e-03
5.303554756994928584e-04
1.841029176154780319e-03
1.828864938440190714e-03
1.265614429922266924e-04
7.830529007181994718e-04
1.643251085300003692e-03
1.340992825099670280e-03
1.235728947690058546e-03
8.551553219755731773e-04
1.692242025430139383e-03
7.601052195587042941e-04
1.873025529042600477e-03
1.531474776645346241e-03
8.033614659076168977e-04
7.518223145899136615e-04
1.387144752029368126e-03
1.009429790770078814e-03
1.797856333813292349e-03
3.686960375514305608e-04
1.375706476321328278e-03
6.174255296345162623e-04
1.567919941785313881e-03
1.133769865569077533e-03
4.204944543945727934e-04
1.368108807528238763e-03
1.676084349024463621e-03
7.543738132441302636e-04
2.151558198403911819e-03
1.608669069495767719e-03
1.118260346668491483e-03
1.068389561835168984e-03
2.212668913525242097e-03
1.014528279256779377e-03
1.138747415925616497e-03
1.092653051138417790e-03
1.260254487408688645e-03
2.688490661731050141e-03
3.540437853760674690e-04
1.276185431510642966e-03
1.564365785768736172e-03
9.234602433149109420e-04
1.236137856928477829e-03
6.544718780260434755e-04
1.241693973475329086e-03
1.859706744421480871e-03
1.433439431767733873e-03
1.571155063224652154e-03
1.363926649137530518e-03
1.259547149354376056e-03
1.806663320473460288e-03
1.690041622532640871e-03
1.063518040389339068e-03
9.795573395653016987e-04
6.081035835665309563e-04
1.126948964290623275e-03
8.976433748287529404e-04
1.207694568798900383e-03
1.070263467606564481e-03
1.323055819384718560e-03
1.770719963659950474e-03
6.015143413154894767e-04
2.633473482432022606e-03
1.551214681765585154e-03
1.809535614702058055e-04
6.866572664057531659e-04
4.852290542722685900e-04
6.716887670725034268e-04
1.272255668165096949e-03
1.913551282821706473e-03
1.359480937534502656e-03
2.520663300968007704e-03
7.946856736079315310e-04
6.229969592604230576e-04
4.748843069704170917e-04
8.262890412482125444e-04
8.760044018905693234e-04
1.887125388368008456e-03
4.528954115993129347e-04
5.018803643297001021e-04
1.503364013080859402e-03
1.299924244137997840e-03
8.307109224478483782e-04
5.848464926609434848e-04
6.760456591069390671e-04
9.829455856741626391e-04
1.464571618778338262e-03
1.903795814100387156e-03
4.653153491710285161e-04
7.255093694813004226e-04
4.823283144518005568e-04
9.563095161671658889e-04
1.289690536806499229e-03
6.545794640457087282e-04
1.141392590812063089e-03
1.240516357204159799e-03
1.153777140167554574e-03
1.697980071190497700e-03
1.210666947789579891e-03
6.477690492398378722e-04
1.194341756769916286e-03
1.641303555220761500e-03
1.476623913102286098e-03
2.329554130137317328e-03
1.588731366712676629e-03
1.509321415855960553e-04
1.913591167670914339e-03
1.028954170310565673e-03
1.281353942600284767e-03
6.696091379423408643e-04
6.023580977317262442e-04
1.176310606692674903e-03
1.283851271536682378e-03
1.414181197640415133e-03
3.703957192114017854e-04
3.922780345411892725e-04
8.092695394115789276e-04
1.310165608777241796e-03
2.101893144307498320e-03
1.519430399372341187e-03
1.061125065738814568e-03
1.130851655046942027e-03
1.021066337766236365e-03
8.089194205571110120e-04
8.758864761301698868e-04
2.280841731282744027e-03
1.592519851346713101e-03
7.557801141919880637e-04
1.134345759574095606e-03
7.159737090443414262e-04
1.469329775267475338e-03
5.164877184119689556e-04
1.052373368328902645e-03
1.620217001554396987e-03
8.712191978663280396e-04
2.401738686720709427e-03
6.878058676582824533e-04
1.530610958972485579e-03
1.326923871562808287e-03
1.367646590957094597e-03
1.514426619415941422e-03
1.405984107208164318e-03
1.418152365989992650e-03
1.216638693831147621e-03
2.103280536821233206e-03
1.181035938316150457e-03
2.456869884272346299e-03
7.132800922608030026e-04
5.838475932241987904e-04
1.693725242676205178e-03
1.331971492182488928e-03
1.301479701855756373e-03
2.168589635648348474e-03
3.897726741921372657e-04
1.155264943052011946e-03
2.057036229442932469e-03
1.600472990800604241e-03
1.607746052199635197e-03
1.513727615413109663e-03
1.454869612404658579e-03
1.346773956936062836e-03
2.061510085229781471e-03
1.422228332127011864e-03
1.149445403766102391e-03
1.870530273026644284e-03
1.255420251661855564e-03
1.847742927741875167e-03
1.392010480450671167e-03
1.445353264453846324e-03
1.434601104508962223e-03
1.049558981426292363e-03
6.780532302474590869e-04
1.850460212958114636e-03
1.264934554786220546e-03
1.175015508605357440e-03
9.583092628448727822e-04
1.613700317952446736e-03
1.352906562103221031e-03
2.482492329341682603e-03
1.346563593007712653e-03
1.176114242202364957e-03
7.445482768985218396e-04
1.532027190840648664e-03
2.021860650770044947e-03
5.891392046691374578e-04
5.909454371383151845e-04
9.032472152584925971e-04
4.734241878944387360e-04
1.252533571015396760e-03
1.445431094599282026e-03
1.414464855548522478e-03
2.027502038068993307e-03
1.491128934575683971e-03
9.902500120258651405e-04
8.719515500564645021e-04
1.520766232266585740e-03
1.435939470067791775e-03
2.174291397831632291e-03
6.393808748376339154e-04
1.768875105994469760e-03
1.559204339297240709e-03
6.401591114253118563e-04
1.291574822522659118e-03
9.087518277159306948e-04
1.162880763219060250e-03
1.175265592221182891e-03
3.228332415412969638e-04
1.455922695751616595e-03
1.575431717519852094e-03
1.788487543741800780e-03
2.283609085540741837e-03
2.270347390005097044e-03
2.799084621730912274e-03
1.352613550123313128e-03
1.606312028545966086e-03
1.600968775366366737e-03
8.797041730546924622e-04
1.829772903526384045e-03
1.510905070970426254e-03
1.609440357150584240e-03
1.591707766899269714e-03
1.304416687815314118e-03
8.514387922693586680e-04
1.854170270379662056e-03
9.597471672185256455e-04
1.111944999122039136e-03
6.658817578540636873e-04
1.916619259247644234e-03
1.328148750734738179e-03
1.233123229440681980e-03
8.182919328453257951e-04
1.134213115685257832e-03
1.623022391688895517e-03
2.403740355865726015e-04
6.368045473668479568e-04
7.196440542607680487e-04
8.406033984363690641e-04
9.181691062338703715e-04
1.184071832564708229e-03
1.164817539089782646e-03
1.895458658868457011e-03
1.036271544555138679e-03
5.753688310741011773e-04
1.238153699440507982e-03
7.217524228778817840e-04
1.379542220859861744e-03
1.434987372752500505e-03
1.220209424403885393e-03
6.804035149580113431e-04
9.086096988015160024e-04
2.298258769537246931e-03
2.149286902077250823e-03
1.097277769084256151e-03
1.250777944769618016e-03
2.146909080445369346e-03
1.579487646606013602e-03
1.506754258882031386e-03
9.113164374991096538e-04
5.100199181995283566e-04
1.501070865662055241e-03
2.201104472124331118e-03
1.592664580452782990e-03
1.300856216947390799e-03
7.596619433073755878e-04
3.029631728053537674e-03
2.895461102829698314e-04
1.092608248552458900e-03
1.455500176707956840e-03
5.106669677729578066e-04
6.210495580999877020e-04
1.423304911912432955e-03
1.470305443584830852e-03
1.200030917809729843e-03
1.577724089289305083e-03
8.898418434449299405e-04
1.727683105741254551e-03
1.954227047605979709e-03
2.607565858348051546e-03
7.487646186349091034e-04
1.233722935736816838e-03
1.325764364052451705e-03
1.731523628248698727e-03
1.333513435347283326e-03
2.155279983380732709e-03
7.353324067408250481e-04
6.895757593976911031e-04
1.480584850556407924e-03
1.879973926948856925e-03
8.161815264811053726e-04
1.654739293471983166e-03
1.429300122876843784e-03
1.733820277819441997e-03
1.644996360074813847e-03
1.576083729657374276e-03
5.962391119205512043e-04
2.183912206453024040e-03
4.215096240331914733e-04
2.289175744965980894e-03
1.710929395557101969e-03
2.578260806151534603e-03
6.404333664369710839e-04
9.931041948525449851e-04
1.559691220617461351e-03
2.330154409736130087e-03
8.026352234056810010e-04
1.638285545692128595e-03
1.720003895181762381e-03
4.232492331241729058e-04
1.655362435631113280e-03
1.111944923964839444e-03
1.103480172050878968e-03
4.287191378386047739e-04
7.213513132948976871e-04
1.694101391438147244e-03
8.754931661102879339e-04
4.339693829994686522e-04
5.638281127435223593e-04
1.500059536284345258e-03
5.645510218257333282e-04
2.202630978880525375e-03
1.013316158756895650e-03
6.963218826947371442e-04
1.694313575654505209e-03
1.217958262249901804e-03
1.305161689906590185e-03
6.923793580633915649e-04
2.670898402880632610e-03
9.815610897274925153e-04
2.118919471249730568e-03
9.187629415474454211e-04
1.217288219759298830e-03
3.938201189658892981e-04
1.529191957317106287e-03
6.631022414194429710e-04
