1.350105946055797645e-02
1.324097638376640559e-02
1.296773481538678399e-02
1.268684792180905033e-02
1.238828043859085785e-02
1.222027781687461644e-02
1.190275649654349427e-02
1.147948935596324396e-02
1.104878111399307250e-02
1.099031403978821021e-02
1.055985803953868665e-02
1.036741954685140889e-02
9.763751436164055594e-03
9.647268941976115675e-03
9.135745975456271983e-03
8.826933937009303829e-03
8.403368941609767190e-03
7.998067034538657721e-03
7.864857091492941099e-03
7.595084214631429159e-03
7.198548970348892309e-03
6.514223583964212465e-03
6.417808781591545497e-03
5.812399942979479435e-03
5.590524919826148770e-03
5.014739425230002948e-03
4.475238763747418913e-03
4.420401397558290993e-03
4.181047072769296900e-03
3.785152238617878022e-03
3.376549842816539606e-03
2.886405998157442424e-03
2.677562288038407012e-03
2.726042133412655191e-03
2.278079238196206811e-03
2.394721102844611996e-03
2.468514856917203640e-03
2.441213595349058484e-03
2.587304832927513325e-03
2.603632093467549494e-03
3.085595903443227352e-03
3.457858898101350085e-03
3.577224797162156973e-03
3.937935563770359436e-03
3.941923813874655992e-03
3.891255226260989693e-03
3.422939784224009359e-03
3.348073090325174878e-03
3.221194291446540219e-03
2.997295516753183293e-03
2.808848351459309646e-03
2.777621997506184940e-03
2.908929888312203945e-03
2.940677695355079987e-03
2.758393085668786777e-03
2.667801147198359431e-03
2.861154916256842401e-03
2.805064607531843751e-03
2.760020271182498514e-03
2.940104668133549162e-03
2.838073607202441090e-03
3.121896117453595333e-03
2.970783351071470783e-03
2.968682901532466566e-03
3.026013394481654947e-03
3.007435861905802081e-03
3.205385870788689251e-03
3.199570076906241897e-03
3.117374690727647835e-03
3.222141127654675440e-03
3.334307175894770867e-03
3.316468948530060853e-03
3.403951505996665253e-03
3.335460358604031179e-03
3.352442400432399661e-03
3.351714573238893415e-03
3.377689822740735908e-03
3.410794083057167893e-03
3.449791121056254226e-03
3.340198716466649849e-03
3.377780910929870529e-03
3.451476288399444713e-03
3.143077201356379250e-03
3.357760324986811765e-03
3.221351228606086220e-03
3.308643971613504497e-03
3.447794042705259587e-03
3.378902295556484268e-03
3.067935842963314102e-03
3.275504739196392293e-03
3.333542969687970647e-03
3.314756562216597362e-03
3.250432745488407264e-03
3.197643805044187142e-03
3.285281764528386918e-03
3.093464977023219036e-03
3.077661313808089522e-03
3.260636923851694714e-03
3.159855235488592644e-03
3.092216133470422276e-03
3.308756243455969297e-03
3.030680119870269099e-03
3.135220224496140622e-03
3.133080728682947208e-03
3.298287988396686118e-03
3.023328801925827432e-03
3.032720719865704840e-03
3.140384386041574979e-03
3.301491811709401664e-03
3.205228036270138005e-03
3.232505157450210956e-03
2.911795574712992482e-03
3.125919991659191401e-03
2.914040891476087948e-03
3.107634122302794372e-03
3.096195768221714044e-03
2.990659389666992796e-03
3.074691612503551406e-03
3.076618180578966424e-03
2.927153059716821378e-03
2.973934667699858203e-03
3.032216934460899623e-03
3.048077486619067689e-03
3.032334558988045332e-03
3.086527129599956135e-03
3.174260653494556141e-03
3.043541029507470554e-03
3.120227907755058778e-03
2.910576331226444498e-03
3.009872152442152025e-03
2.952560868205330018e-03
2.848183212487682622e-03
2.990506274859783351e-03
2.902600948302036694e-03
2.920688348904251254e-03
3.064540977621836495e-03
2.698787818043381533e-03
2.920500472464156692e-03
3.118289663598050425e-03
2.728176559348489093e-03
2.978262246200841581e-03
2.937749752555261946e-03
2.904520248162848622e-03
2.882774404986282631e-03
2.981675971734288125e-03
2.892263516108900361e-03
2.923308479259609759e-03
2.908866758219263819e-03
2.873858448480543035e-03
2.925774493728436516e-03
2.922576982482004253e-03
2.768805516479095220e-03
2.935151555892660889e-03
2.915919641699322041e-03
2.960489072481215650e-03
3.097210722307805995e-03
2.721017483168261097e-03
2.851647739797329856e-03
2.837157369396654631e-03
3.001792963627439217e-03
3.016529366838136255e-03
3.130011859164559193e-03
2.756372795959569078e-03
3.168349407928994829e-03
2.956854499621660963e-03
2.725488404313850498e-03
2.946652652671787834e-03
2.997598200135419277e-03
3.079972384700040318e-03
2.929774107870113022e-03
3.029604541487145031e-03
2.950631321109233821e-03
2.995945379221207246e-03
2.661662438768816821e-03
2.979443574962484763e-03
2.931167791176339868e-03
3.045316422972075502e-03
2.901004304904712585e-03
2.806663172475062917e-03
2.916078925710368069e-03
2.861745424611296818e-03
2.748594519212011096e-03
2.927984857615528735e-03
2.944651526079945618e-03
2.842967870780264798e-03
2.856127145671531233e-03
2.912069693305164783e-03
2.936067040601147982e-03
2.895626170919191229e-03
2.859814766836257273e-03
3.015683407692675098e-03
2.738080784748016944e-03
2.939501821233262563e-03
2.807202053072993010e-03
2.855743615937546189e-03
3.065513038759788526e-03
2.987496441338090714e-03
3.023810474872200629e-03
2.994833138271171119e-03
3.052720451221900208e-03
2.867784442012461747e-03
2.863512032230181546e-03
2.838315947880387571e-03
2.908276511613973846e-03
3.028851402450870312e-03
2.812716350705397710e-03
2.861433107703934345e-03
2.872125043227711019e-03
2.836426456428245858e-03
3.067463871546286837e-03
2.868511456235320160e-03
2.815888101768790775e-03
2.902842392459478206e-03
2.962709750725394612e-03
2.956495671145224421e-03
2.877901372699732604e-03
2.878972432923010416e-03
2.935393616049599037e-03
2.765604497051683298e-03
2.898162154750580973e-03
3.010287751321947744e-03
3.003024832714184904e-03
2.761488615098753058e-03
2.866588764254593413e-03
2.790846723042380781e-03
2.921338527464458715e-03
2.812118123397642968e-03
2.761463491737442457e-03
3.054210118222765689e-03
2.868478738996914270e-03
2.876244082297863425e-03
2.864145619835839138e-03
2.711324024727609049e-03
2.851330487671048085e-03
3.035532868177830482e-03
2.778263424583797808e-03
2.916036453452008903e-03
2.862091484469164206e-03
2.679489826204791390e-03
2.766935132475277156e-03
2.918426211315949988e-03
2.853299631494193855e-03
2.818639408217871786e-03
2.889207510640038473e-03
3.087414714388634317e-03
2.920436601544803331e-03
2.782550568980352371e-03
2.813441457914118808e-03
2.643765844841292154e-03
2.882864932723399991e-03
2.774308500685772859e-03
2.759003244949339347e-03
2.793953066161720261e-03
2.725036821699405691e-03
2.797990768063314537e-03
2.883339878004413919e-03
2.881748840994069472e-03
2.815762827258705414e-03
2.892555697928017241e-03
2.858535047051437121e-03
2.949595237283749241e-03
2.772682255275529285e-03
2.863214940876829349e-03
2.989449266582094866e-03
2.876581491399734722e-03
2.784779841633250319e-03
2.860097536830401993e-03
2.939970325958181536e-03
2.868619298956611840e-03
3.060474308093004327e-03
2.960740813494856013e-03
2.779958050111731513e-03
2.844006440229907267e-03
2.836700726026852946e-03
2.887516187899970884e-03
2.889762421818279671e-03
3.003387076264990140e-03
3.125761671551169178e-03
2.916815544030338693e-03
2.800145716291821841e-03
2.926698712536740694e-03
2.942309450331486668e-03
2.900936540900209398e-03
2.899003634923889329e-03
2.934158527985611040e-03
2.811931997533217206e-03
2.732903035364122723e-03
3.013218269185817966e-03
2.816335481240467287e-03
3.108040328839446840e-03
2.906010854758281619e-03
2.909700947413180333e-03
2.968081013771240242e-03
2.854791518678474922e-03
2.914126531228706379e-03
2.848635596495165297e-03
3.040681535461333632e-03
2.993587492977306357e-03
2.829549730938735533e-03
2.985007810428084041e-03
2.818862299383986456e-03
2.995364845183587105e-03
2.792095336857536303e-03
2.939309385287800121e-03
2.726073590017330864e-03
2.946728952798059221e-03
2.844927757465262955e-03
2.991754191519787991e-03
2.835099431604659777e-03
2.978484731540991404e-03
2.925286657367170712e-03
3.021708308699559090e-03
2.890768575317512103e-03
2.946807407070442530e-03
2.734883798914203475e-03
2.942545268167455659e-03
2.998581608905685151e-03
2.958835530833485612e-03
2.894470032325107550e-03
2.905570078071803043e-03
3.006137413023492883e-03
3.191546115560009878e-03
2.717806767478894367e-03
2.947560883508995241e-03
2.931468320851691144e-03
2.877891049359039902e-03
2.829101969959499537e-03
2.942892581951195470e-03
2.915711822644416213e-03
2.886345433551014764e-03
2.893356058112906554e-03
3.041625447671204852e-03
3.010684688882500539e-03
2.837368633525114148e-03
2.929262331398047210e-03
2.954980477530747430e-03
2.938821660845214370e-03
2.758566194408939957e-03
2.864588228201512318e-03
2.834294117035902026e-03
2.751281254690755851e-03
2.975878449656249678e-03
2.704193464124986842e-03
2.998038211622443272e-03
3.069043263432398756e-03
2.976576450804774461e-03
2.902433632430955097e-03
2.929502045052094061e-03
2.850878784386370792e-03
2.892481383785894256e-03
2.884781087404761704e-03
2.759003218010191820e-03
2.927143292677623562e-03
2.968260440200816246e-03
2.869855348753230003e-03
2.865057161950756472e-03
2.877460901847954042e-03
2.676152691214320808e-03
3.048479900161879703e-03
2.849451070815289637e-03
2.715803924569600274e-03
2.854059236274281326e-03
2.846121539629112730e-03
2.967608824697813563e-03
2.774387151080469436e-03
2.935291240992747921e-03
2.865110421755688239e-03
2.936463908543557062e-03
2.979391145373690153e-03
2.840463002196469671e-03
3.030214405512684020e-03
2.827613715775174896e-03
3.052730252596317154e-03
2.808593846835566801e-03
2.892889242330665567e-03
2.822907583679166565e-03
2.948153393058384683e-03
2.889607090807578237e-03
2.994212933191805516e-03
2.895488291280446692e-03
2.926256764409794053e-03
2.957880797049217830e-03
3.046024207943746030e-03
3.038484064209698472e-03
2.855244928600928194e-03
2.712907820592293413e-03
3.047322619012554634e-03
2.829705375411357450e-03
3.029239185762563728e-03
2.905865014393901533e-03
2.918459803515719223e-03
2.800993589816675421e-03
3.052391399585715429e-03
2.795374393039371658e-03
2.975057369012781838e-03
2.710318512593048925e-03
3.023737122142778396e-03
2.925452931411212307e-03
3.095437017504610103e-03
2.980049516104716929e-03
2.981156478061899526e-03
2.870791131358124606e-03
2.798905256779622708e-03
2.907151564367355980e-03
2.949737891444106919e-03
3.000684147510593140e-03
2.878278533578694856e-03
2.944641854252770530e-03
2.921248942997394134e-03
2.930116588217667253e-03
2.873550425822116606e-03
3.023018781008331071e-03
2.988786131898128924e-03
2.800520482621053284e-03
2.882917733344118535e-03
3.099721998613372276e-03
2.959156405318645079e-03
3.055019973207207494e-03
3.028088425677386529e-03
2.909868219574687342e-03
2.996029811769974037e-03
2.833343957846192872e-03
2.942286785140191697e-03
3.051708742657345107e-03
3.003296150543551500e-03
3.022611836204955674e-03
2.937967447749969575e-03
3.145313578891737773e-03
2.794024380480587127e-03
2.800139485580283982e-03
3.024184098609967487e-03
3.116637585452834876e-03
3.106528833772681433e-03
3.035471823633753303e-03
2.996229544441458923e-03
3.052174450534711047e-03
2.918570255784434971e-03
2.940935422185785887e-03
2.966496277051342695e-03
2.855370898285202602e-03
2.859483995210401405e-03
2.933209563096511249e-03
3.005343626541926577e-03
2.863752595899554318e-03
3.027585723556525631e-03
2.807095441218000406e-03
3.045179141794251542e-03
3.007901619338516127e-03
2.871019484468942222e-03
2.867690134068861477e-03
2.887907817829115948e-03
2.985286696139936684e-03
2.887901251903750906e-03
2.899148586098606976e-03
2.773852185236109699e-03
2.929253822243146552e-03
2.724080769810459553e-03
2.986436885831573324e-03
3.047749477697773469e-03
2.949821072443135298e-03
2.960052546251297576e-03
2.800207227404145731e-03
2.835923380782353741e-03
2.876153398203438755e-03
2.880824423785383667e-03
2.713686301290217911e-03
2.735739158478358961e-03
2.714457965335988210e-03
2.778239242826664214e-03
2.834004605202930082e-03
2.685577574386175097e-03
2.872562655900551265e-03
2.759660742060496535e-03
2.752532118988365410e-03
2.663436638283416501e-03
2.675061684344943840e-03
2.888858419378442788e-03
2.908976594968325224e-03
2.658974711818295859e-03
2.828507670037377214e-03
2.666474761277322272e-03
2.834667829008387027e-03
2.737996540086204411e-03
2.718856330720161724e-03
2.685913924535258956e-03
2.693018217568324615e-03
2.833016956857896135e-03
2.906018014006153238e-03
2.679925759931549648e-03
2.827808316399784208e-03
2.855159250998123670e-03
2.820692866858997422e-03
2.905963033941087910e-03
3.004531561330019314e-03
2.845871719389037741e-03
2.692663011239721481e-03
2.703328548375566812e-03
2.722098005529061202e-03
2.962774012507131665e-03
2.931732182516334773e-03
2.866964151016878314e-03
3.007979045658506524e-03
2.915157892270013769e-03
2.956247739527393271e-03
2.797807721042880162e-03
2.826114333286993720e-03
2.729647838050550807e-03
2.880514014931684179e-03
2.710746080191261606e-03
2.786940621449547108e-03
2.939271843884845060e-03
2.876511286723271860e-03
2.904001269116438140e-03
2.691055211125513262e-03
2.891687700468428476e-03
2.705854594925732100e-03
2.845974360801482687e-03
2.793545302570480966e-03
2.925539240810290549e-03
2.894155103796406184e-03
2.825752160756108029e-03
2.812858933084686451e-03
2.828251049495204318e-03
2.893557745660101967e-03
2.875371580640672525e-03
2.678671335905906045e-03
2.934216784536908436e-03
2.904530030915772332e-03
2.947686445090916089e-03
2.828204987737063109e-03
2.890581962928392111e-03
2.921283248862135539e-03
2.889100492030942380e-03
2.824463514138817171e-03
2.959227021090637521e-03
2.763213745243240857e-03
2.982068020083714684e-03
2.891946519495200169e-03
2.721206569717503961e-03
2.841299315010554355e-03
2.747342188509295687e-03
2.803001933245066139e-03
2.728828690203870602e-03
3.031032534794602176e-03
2.848444070392044947e-03
2.875219658822258072e-03
2.729818138841011346e-03
2.968254618213014232e-03
2.772856988290124843e-03
3.121462704538375751e-03
2.854150034613890923e-03
2.830366893720359395e-03
2.692786905819106319e-03
2.553359239358668140e-03
2.747493075901647971e-03
2.735529488364049286e-03
2.697806305799747579e-03
2.903343664149215294e-03
2.636197417624362889e-03
3.011179042563791146e-03
2.917160036616114893e-03
2.772851665569581875e-03
2.912156422195013271e-03
2.721107601466797327e-03
2.905101518462877008e-03
2.911259715594818887e-03
2.948157212714222399e-03
2.880401309905146999e-03
2.941058587217893101e-03
3.046772502671077180e-03
2.942975694530393718e-03
2.836346859832425751e-03
2.662356744681443517e-03
2.866083597309081708e-03
3.056901230132497149e-03
3.002293271522598304e-03
2.773692582367136197e-03
2.960173516124764426e-03
2.890309631454960129e-03
2.819610128422125103e-03
2.993207507428137168e-03
2.820279227117556721e-03
2.865596261240947046e-03
3.008209623102067742e-03
2.728409623147875530e-03
2.863081415961768461e-03
2.894434057177333597e-03
2.877421963784392803e-03
2.865166518957388067e-03
2.850766587494259641e-03
2.743391909119148857e-03
2.948571724812937625e-03
2.669128183631174715e-03
2.727387272657167631e-03
2.804346351335717559e-03
2.650180621510299199e-03
2.796391536212885359e-03
2.874415707344494999e-03
2.841100831664074462e-03
2.936399397086619789e-03
3.076949340557135273e-03
2.937375801009342504e-03
2.837774596299511443e-03
2.869176543946526468e-03
2.835488417836024618e-03
2.927746181154660884e-03
2.857339169231479497e-03
2.923143495213125290e-03
2.932636452598322285e-03
3.013598339202724647e-03
2.921023347694321273e-03
2.885582187810256313e-03
2.884562334957752744e-03
2.759606790384700782e-03
3.023615039422523736e-03
2.705814878319108378e-03
3.001302254022935895e-03
2.820767760443135611e-03
2.821363304194842402e-03
2.829606042006033769e-03
2.794239744377931267e-03
2.660468826614717248e-03
3.032033476516929598e-03
2.915487534607310270e-03
2.897007054125546113e-03
2.877662710952904202e-03
2.840617499795954765e-03
2.951937364438796379e-03
2.929258419060192919e-03
3.008291368936114908e-03
2.901115604355383563e-03
2.824530803237301334e-03
3.004246975506920814e-03
2.814560216929731795e-03
2.839015127471073048e-03
2.808717909802554112e-03
2.811809072932805811e-03
2.888455982367238179e-03
2.841556378143319898e-03
2.985085453403461212e-03
2.904247078479224413e-03
2.760205179520411074e-03
3.021915220508769248e-03
2.800672496487249460e-03
3.008584305179431984e-03
2.763024672340726705e-03
2.812307532117086506e-03
2.883341784437668670e-03
3.075809722509092146e-03
2.742717948664261281e-03
2.687148872789008915e-03
2.913008599097836361e-03
3.074002301082500669e-03
2.947302847973208746e-03
2.809787403460709508e-03
2.859746015345342868e-03
2.838871932818004887e-03
2.871417954437050033e-03
2.979447426770808448e-03
2.813909492391781716e-03
2.617908302666540222e-03
2.848718807991315431e-03
2.855236913608934744e-03
2.728714446088706044e-03
2.834189862107918886e-03
2.818526862856715349e-03
2.816774282779631496e-03
2.755746280997247930e-03
3.072684572608539583e-03
2.990120643182710841e-03
2.977124067227576200e-03
2.810494461406341706e-03
2.916044867202413626e-03
2.908568351903849207e-03
3.023429473921941408e-03
2.859313591856322244e-03
2.800483872239044325e-03
2.972435548902569499e-03
3.131227305270507105e-03
2.862834277665016712e-03
2.803005113989918539e-03
2.656704992855029712e-03
2.877567693954192866e-03
3.023113530443310819e-03
2.781224620732596943e-03
3.034008086100986948e-03
3.144460694312743547e-03
2.920619602177627373e-03
2.901573927918533417e-03
2.911266291248686654e-03
2.775351383026360315e-03
2.817721193635862580e-03
3.199392554845693817e-03
2.841065728221211454e-03
2.758939211178782977e-03
2.953849346556876657e-03
2.708752830223401346e-03
2.976746900641608767e-03
2.955753248709539274e-03
3.038833509191539960e-03
2.848347151433626694e-03
2.891533481416865524e-03
2.905363834563022205e-03
2.830401464738517819e-03
2.967407541805744398e-03
2.945532693301116441e-03
3.015485817131680069e-03
2.997030795996220680e-03
2.948044102733192104e-03
2.891197194690636740e-03
2.810940974332135425e-03
2.981248517150048190e-03
2.841275821525224461e-03
2.742509845972903454e-03
2.952971299387144831e-03
3.009449707257100086e-03
2.758468202990210609e-03
2.891469558886096067e-03
2.880583391422938261e-03
2.859034419855779365e-03
2.758344040464733807e-03
2.921001125121580957e-03
2.815890991174266073e-03
2.917649381159680231e-03
2.856749666984056100e-03
3.086243216062391301e-03
2.878210361972364812e-03
2.825002423765291155e-03
2.834771208178594841e-03
2.852324339370442604e-03
2.742010855941667824e-03
2.890649737373118637e-03
2.784224569773819345e-03
2.930316069102390994e-03
2.644927467554405390e-03
2.950617522472287653e-03
2.827084182719560076e-03
2.901425662476344192e-03
3.047204249125115907e-03
2.934557918793061129e-03
2.882414552040911057e-03
2.880269857643222471e-03
3.028928328544512084e-03
2.820437837136159295e-03
2.809550163602844014e-03
2.863418652029060471e-03
3.034968427330824673e-03
2.710940409646345715e-03
2.830702679329204913e-03
2.847898761295255751e-03
2.849556810985956826e-03
2.698814189434512248e-03
2.739470456195798077e-03
2.825932070606650050e-03
2.640549292176654680e-03
2.926234052925878737e-03
2.758175529226501894e-03
2.876484128672583771e-03
2.929038263865691577e-03
2.890867024092180163e-03
2.958616960751590981e-03
2.834352354076651731e-03
3.044337541248950431e-03
2.888803824695877244e-03
2.880344270086574159e-03
2.929717442640520676e-03
2.883803591420944223e-03
2.947544850295261577e-03
3.053038848973560829e-03
2.856282022483745686e-03
2.815868243608229959e-03
3.074577799355588878e-03
2.834979435378469446e-03
2.879959293790350199e-03
2.943207866842220168e-03
2.882127051151247253e-03
2.728016748819278060e-03
2.858746008278276185e-03
2.879331288032959194e-03
2.996279443598289308e-03
3.067387891463430830e-03
2.870285659554922160e-03
2.733039559041840639e-03
2.854996485139642270e-03
2.882803906983303754e-03
2.901248091858209775e-03
2.874060863323184105e-03
2.855712382598966231e-03
2.936367415351804656e-03
2.852761104271155611e-03
2.915371461848028506e-03
2.722197141723201735e-03
3.010130161975922442e-03
3.023405415945830139e-03
3.033416108584605433e-03
2.845529722263023115e-03
2.809158838197735146e-03
2.983363903360734468e-03
2.809808523323189047e-03
2.867464445438776266e-03
2.851642445875458235e-03
