4.042895941780857635e-03
3.731783145424815221e-03
3.774131541622796973e-03
3.776002810665679207e-03
1.956282827951791488e-03
5.354073291350166207e-03
3.735280259190983457e-03
2.369454023827282600e-03
3.491571111373392884e-03
3.509940216056451397e-03
1.910959443269176191e-03
3.114178275665389385e-03
2.186634680351368359e-03
2.266921018579803361e-03
2.728234575393889607e-03
2.974996873978218940e-03
1.765500434652884790e-03
1.740861872709607936e-03
3.444853511704607397e-03
3.178466985969747270e-03
2.897530759675812431e-03
1.738751513169728468e-03
5.495103614357010457e-04
2.622667222221401404e-03
2.309449972328406903e-03
1.524443972411655647e-03
1.018196139818425142e-03
3.327732656274954431e-04
3.570969896508018439e-04
9.435841196947397126e-04
4.790985067553655478e-04
1.186901647430460777e-03
1.363934895722326845e-03
4.837413979291269755e-04
2.401914280438051852e-04
1.906600518914726192e-06
6.749002342662526973e-05
3.403958546654737107e-04
3.289385138520361444e-04
1.363413847816371367e-04
1.300710527920954788e-04
8.209615649206635853e-07
9.604047241559625800e-06
8.248510813530525573e-05
1.388292117533417646e-05
1.522477727469076071e-06
1.233018230440104076e-06
3.630482812390620809e-06
2.220486133303907332e-04
8.209737444337822387e-05
1.273640107642300384e-05
2.059141601914412961e-04
1.567621963825279840e-04
9.810540598859287924e-05
1.624772220015353018e-04
7.515084512849818296e-08
1.074203737100274834e-03
7.098127681607988178e-06
3.767692279538837935e-04
1.212364683619188447e-03
1.319694197175453834e-06
1.019696272581605782e-03
4.648450799666080683e-04
4.806740422110922597e-04
4.393898367140501408e-04
3.104368154016426168e-04
7.104489285690441646e-04
8.227428472655856032e-04
5.194847810376928155e-04
1.229489547253601435e-03
1.595644874802446423e-03
2.149061819970540159e-04
7.175465431857378212e-04
1.215177767170898650e-03
3.833583931177285669e-04
1.015735560633158853e-03
2.183472942459284329e-03
8.097434363499648709e-04
1.703124791358574894e-03
1.650563859586826054e-03
1.719217253244941825e-03
1.708443754616838879e-03
1.952654929481814931e-03
1.566411574809364144e-03
3.042574083952046416e-03
3.478669626072675245e-03
2.200720637122426191e-03
3.706187945634734256e-03
3.893563974775597538e-03
4.124959827946391225e-03
2.688937308213635788e-03
5.093144655981954490e-03
2.729231899824313950e-03
2.838896058797624362e-03
4.785896107031878573e-03
3.465679927042752181e-03
3.847959210003104938e-03
4.203861767296453514e-03
7.875202701505443562e-03
5.199438530318614346e-03
3.242358778369125536e-03
3.758607390607878688e-03
7.608171817301054470e-03
4.294912873746888765e-03
7.033483101096834125e-03
5.182565344322414419e-03
5.032492153789474600e-03
6.255261889925507225e-03
6.324809634514498048e-03
7.866799996896069874e-03
3.512631149556201191e-03
6.554227609595047327e-03
5.962185428126081516e-03
5.415769988794983357e-03
6.462342038925836772e-03
5.845897640919886680e-03
4.039147157636504420e-03
5.671376797070556801e-03
4.851988374131140785e-03
5.625352613209652457e-03
5.085161791272776836e-03
6.933052212935541907e-03
6.226129105759514379e-03
5.446790764662623983e-03
9.272713088706434695e-03
6.331689269341140257e-03
6.747330118149704598e-03
5.540199241370678644e-03
8.554837882248681261e-03
7.514360037984270553e-03
6.390994891670807171e-03
5.918948068119394071e-03
6.811041284098675458e-03
7.055404029034597138e-03
6.585066028597772250e-03
7.701260820294583698e-03
7.866269151048686098e-03
9.154285364174069226e-03
8.106437656311174869e-03
7.539580064033650497e-03
6.058600211944585069e-03
5.582252383005739324e-03
5.248622263181985416e-03
9.880018204844171967e-03
6.078815269550391989e-03
5.971454908141504009e-03
6.392679514882665219e-03
6.003034379140916553e-03
6.051385662273998933e-03
6.160896623694900320e-03
5.016763872413283580e-03
5.038243418453195246e-03
7.292538370184623725e-03
8.461472434279733099e-03
7.101185299640561804e-03
8.438224402343000308e-03
4.321875959715853859e-03
6.585793878142337000e-03
7.716172462098666064e-03
6.540319380199447613e-03
8.478340895246277292e-03
7.011108395007054246e-03
8.965681033804467556e-03
7.069862435392326901e-03
8.429177964734356140e-03
6.359537683569563976e-03
8.530809618505368758e-03
8.316300679728085010e-03
8.532470397693597136e-03
5.952343384561543764e-03
6.506586353363414885e-03
1.009233240283509761e-02
6.164287790775387944e-03
8.653807346495703129e-03
6.989056573089326430e-03
7.304628830239404645e-03
6.150975652349171575e-03
6.279033031542259960e-03
7.130199239758122469e-03
7.804285546176624108e-03
8.723063359512620712e-03
8.525976888581279084e-03
7.369556589710625147e-03
5.537978299898270104e-03
7.841577658031451126e-03
6.623715882355390647e-03
6.421097758254659324e-03
7.298601136963392931e-03
7.217485944658867669e-03
5.712206734562810806e-03
7.922071842942052244e-03
8.486991481674770535e-03
6.443642759866114768e-03
5.695494732592185430e-03
7.148125555765364250e-03
7.605147467991991116e-03
8.178980059934575289e-03
6.824413893259441768e-03
9.408012308109836574e-03
5.358294483456644934e-03
7.126637954658092064e-03
8.459038790507628428e-03
5.747757105269661083e-03
7.011196065896888562e-03
6.147515559367812583e-03
6.350480308176107390e-03
8.790532804223327029e-03
9.829422076459936458e-03
7.784880001308924422e-03
6.593496369144821387e-03
7.857264662324729004e-03
7.802909525396195534e-03
6.000280163853771893e-03
8.595279919233093230e-03
8.504294329898853810e-03
5.955038601183355006e-03
7.194276432701551122e-03
5.559908928411363103e-03
8.821260916515388795e-03
8.534589827396250883e-03
6.621607328467261910e-03
6.764482546351834047e-03
5.580136924558901958e-03
7.727035331988423884e-03
6.083596912247309953e-03
6.865964692981748815e-03
5.150068646556142660e-03
7.495970526626123155e-03
1.058127216108160212e-02
8.086540015879883914e-03
6.096839083826762103e-03
7.528229076546113195e-03
7.977145292492920231e-03
7.897931155843159953e-03
6.541732078765840827e-03
6.180811998934660281e-03
6.496454121009917829e-03
6.230501596806190673e-03
4.915603395239486265e-03
6.711371803387389430e-03
4.733031518110612963e-03
8.840504408325490504e-03
4.769651535325668962e-03
5.810963905051138786e-03
7.720196822890877317e-03
8.338085639535978283e-03
4.602883261968119394e-03
6.937217285628766161e-03
5.022354896078641551e-03
9.650973091790301245e-03
3.791960529782815743e-03
7.461976452158592191e-03
7.325375452248590429e-03
5.369916414870628922e-03
5.619504349371077200e-03
9.447904754221077978e-03
5.906237077717198941e-03
8.267486451240518147e-03
6.912215268807061011e-03
5.305238675838668330e-03
7.815469027039504551e-03
6.931361842153870544e-03
7.152250000759872821e-03
6.238546188061853612e-03
7.739430816784010486e-03
7.030475618745406045e-03
4.778998432806469063e-03
9.062878843209248858e-03
5.955076604978457207e-03
8.551596581781287926e-03
7.452259299123714653e-03
4.917691006020543515e-03
7.323961663100713587e-03
5.619970539472397483e-03
8.307085821698624584e-03
6.878621652050132332e-03
6.576790029191017552e-03
5.532177075911482930e-03
4.194237271621550737e-03
8.057989630565498898e-03
6.195300655195339762e-03
7.784424688032214393e-03
5.780964658680685930e-03
6.529872039243890189e-03
7.909045880818961136e-03
7.080433426118822211e-03
7.733327889798258421e-03
6.231367687757106283e-03
6.138249018878511737e-03
5.914263461182601989e-03
5.023968028915075379e-03
5.461234684115943289e-03
8.198741492994134072e-03
4.954113482978647967e-03
6.208241631113257768e-03
5.747955556561167717e-03
5.314300648538493842e-03
5.439813274048372477e-03
7.376859953097005332e-03
7.021064554308625513e-03
7.561531794204777272e-03
8.093832928338724059e-03
7.845738597298566180e-03
8.865045769675540532e-03
9.265165618213716883e-03
6.132754767088735223e-03
6.745175732069666127e-03
6.228112765343932385e-03
6.692678927889622424e-03
7.623658487583508461e-03
6.592644131672518309e-03
6.525668017198110217e-03
5.647943110575776721e-03
8.360764596095176387e-03
6.290658171377764597e-03
7.908590679526244366e-03
4.712575337407346951e-03
7.067315328131026052e-03
5.661763078908042639e-03
6.518410119670641975e-03
6.708450881406651141e-03
5.666785081204703256e-03
5.436206566059519421e-03
6.601974396431499643e-03
5.285524285185539024e-03
6.855400335356938608e-03
8.002786766125086562e-03
6.983066174582824338e-03
6.828971417805277874e-03
5.495629209143798773e-03
4.667255090838072669e-03
7.534552279240718138e-03
7.231789930078415078e-03
7.756071679568368391e-03
7.415430545096238744e-03
6.756677535159677853e-03
4.696373354811483360e-03
8.211530798640341230e-03
9.471948996526358827e-03
7.824681270459562729e-03
3.037726549664251756e-03
4.777792134828452546e-03
6.120627789411962894e-03
6.560205085232893168e-03
8.322806400314311515e-03
7.577181796865240133e-03
9.343633837665371589e-03
7.841133742927315284e-03
5.565120809338406846e-03
6.506668568741488107e-03
7.917275879662403343e-03
5.636058020930348814e-03
4.902395373766338556e-03
9.154194967891491827e-03
6.705747107526442360e-03
5.568365043636569651e-03
7.610325185753117998e-03
5.780582144687036045e-03
6.504375854244194219e-03
7.638197853901834873e-03
5.673397994770038207e-03
5.962488488007455789e-03
5.096635687411772871e-03
8.199015198628107487e-03
8.604980857144913994e-03
5.689413802879496329e-03
9.297231012665505348e-03
4.539379771843288572e-03
8.376695598819440189e-03
6.837611671219898622e-03
7.767906369918154037e-03
6.763985701293586707e-03
6.365601214425278126e-03
8.915253406339602310e-03
7.142569439581444683e-03
5.007231077336938077e-03
7.028233908651745042e-03
8.351647772502817160e-03
8.532469747103700944e-03
6.923036775471964020e-03
4.741505619005909923e-03
5.811187900970410901e-03
3.903118552153153620e-03
9.879625599985951065e-03
5.783598227851247456e-03
5.658706668051078324e-03
6.060986708729374645e-03
5.967825590202377808e-03
8.711502500804699234e-03
8.438530001621260060e-03
7.513487483489400542e-03
8.666336761706501871e-03
8.548699744752436686e-03
8.003506039435856131e-03
6.493278310170347636e-03
5.604559282139234995e-03
8.508189047655661738e-03
7.028889168218411393e-03
6.060558003108241706e-03
8.644622441422673831e-03
4.918987881833157376e-03
4.818020821774445482e-03
6.223057706683044268e-03
7.283389317249865623e-03
5.325886749178388758e-03
5.475422136492870580e-03
5.345945995128321276e-03
6.450167814895147594e-03
7.407362551918957386e-03
5.018702174927632161e-03
5.018318511115017408e-03
6.181407062025227710e-03
7.266957836984186923e-03
7.920244032281064869e-03
5.951819815151884047e-03
5.382224909589953393e-03
8.383765073623287642e-03
5.754056341134855188e-03
7.871106724475622832e-03
6.448535236341151541e-03
6.598903944749857052e-03
4.715542582755121587e-03
4.988909931641066081e-03
5.727137933784028599e-03
4.361390242510043876e-03
9.607398252039120110e-03
5.461390504655635851e-03
5.618700663398356991e-03
7.461745689620768139e-03
5.373669187990622390e-03
5.251877390956559075e-03
5.325017374371084945e-03
7.438314975146054740e-03
5.682890604813590173e-03
4.117112629309824766e-03
8.028625045831540991e-03
7.036845266693650576e-03
8.140680841549148908e-03
7.089186440521257418e-03
5.912191816069467878e-03
6.905796053321922034e-03
7.455580286309103875e-03
7.126861351299211035e-03
6.591385855121855222e-03
5.501418463428505747e-03
6.330696051852179908e-03
9.507740522556564627e-03
8.584687358247281366e-03
8.195591050487692486e-03
4.100906306457157910e-03
7.431220146092447701e-03
5.801594581936709953e-03
5.916728468857864430e-03
8.815541464017558407e-03
5.255044689551932428e-03
4.420031713836133913e-03
6.707754822206682746e-03
7.148480977524311088e-03
6.711136427568591134e-03
6.121256852206034306e-03
3.823811048218006287e-03
7.616514625891386905e-03
7.288278754938835001e-03
6.002418563864806225e-03
9.296944542193348940e-03
4.579942979725568943e-03
5.171923024259926678e-03
6.191552333301875155e-03
6.389894186589121887e-03
6.599089535668492892e-03
6.974857694489610023e-03
5.912650879131549873e-03
5.106294954729802965e-03
4.488972131063854142e-03
5.210823007943533695e-03
6.997043849340962678e-03
6.825557660558460686e-03
6.747152160167345716e-03
5.540410220244876109e-03
6.337169244896925790e-03
5.751594407669734406e-03
6.193509608522585440e-03
7.998740662596998813e-03
7.252438117183194512e-03
7.291212026692132052e-03
8.393500163573892198e-03
6.558166796203632361e-03
9.009140497641799847e-03
9.479321224067726800e-03
7.415205497787464260e-03
5.925728182597763197e-03
6.976400807353931761e-03
6.633651955854221252e-03
5.177926038879876978e-03
7.153639513391166216e-03
5.077098821798099564e-03
9.109963102677347963e-03
7.824564588548342872e-03
8.558197859515436282e-03
7.836329575104260606e-03
9.415338865075241134e-03
6.333845426285331960e-03
1.004367945222991824e-02
6.490731799041186967e-03
5.890465541454906195e-03
4.040772792912728298e-03
6.220687129031667213e-03
6.075516996981687734e-03
7.019000974738593725e-03
6.092047836786943296e-03
7.365327817210844639e-03
5.044780698439556635e-03
7.936751968710476987e-03
5.136867290275156164e-03
7.661743021376701997e-03
5.772233996175575067e-03
7.331550043649403582e-03
8.028268824760091682e-03
9.329303499013456152e-03
5.903809410173750313e-03
6.280395891887671604e-03
9.410793657327630457e-03
3.761645385652272362e-03
5.715081507907129876e-03
8.598602460123613150e-03
7.211417410663985804e-03
1.003838167037977673e-02
4.537048787559541142e-03
7.011696500428940028e-03
8.910024751567451398e-03
8.126299016036855893e-03
7.579524157261203002e-03
4.125777165204462700e-03
6.822812971170624102e-03
9.015444605529309915e-03
8.870319393418859763e-03
7.216859022180095382e-03
7.834409237879242857e-03
7.577739402484123289e-03
5.776830406132483706e-03
5.231422264353863781e-03
8.061562384194803990e-03
7.897086181822804418e-03
7.484976752662927599e-03
6.563843236557141692e-03
6.482441561356514469e-03
1.016086352297197910e-02
7.216745642672844734e-03
5.556957292108740364e-03
9.789392238988555567e-03
1.005091128805494539e-02
6.849813162435538713e-03
5.875363337731985373e-03
8.168718429751763849e-03
7.057101760366366744e-03
8.315460608885634833e-03
6.790744183445556088e-03
6.915806624317901233e-03
8.057445785198742716e-03
7.190779418561348349e-03
7.446579480164696244e-03
5.269302205273376435e-03
5.034914759657960377e-03
7.587074189531515557e-03
7.228497888833341524e-03
8.153485715708532616e-03
7.544634317210679314e-03
6.633615577115787275e-03
9.233008249225644476e-03
6.313875206258913637e-03
8.162022881184975362e-03
5.934570085333244066e-03
7.348630618902876090e-03
6.148742024868763742e-03
5.846300485493240683e-03
6.476518799783706828e-03
7.341459309736606854e-03
6.835625088387501866e-03
5.107055784134524774e-03
6.344420996153393201e-03
7.937786080138481415e-03
8.468461192663459883e-03
6.611823997188074481e-03
8.110195759773685537e-03
1.051214244842322426e-02
8.334730907366612665e-03
8.125424801960242152e-03
1.275181022482776289e-02
7.544154889914834496e-03
8.201073804945613333e-03
6.563438668997390035e-03
7.077630596491117469e-03
6.803975681136833868e-03
8.640323316663587813e-03
7.731398882209388444e-03
7.557470750085503418e-03
6.500306117170420901e-03
5.483226353846765155e-03
8.536732277380746844e-03
9.369685362570023476e-03
6.316890536680336808e-03
6.681005674900293914e-03
7.329109545306524212e-03
7.078692409319644295e-03
7.200727172386750356e-03
5.406970166813246034e-03
5.675168137297088161e-03
6.001604476656967162e-03
7.449244660009440161e-03
6.094818483361887085e-03
5.259192310095308145e-03
6.026007953358106760e-03
8.692025589549696313e-03
7.551972556755651676e-03
8.360771120897841566e-03
5.311013681182841749e-03
6.109461621143502143e-03
5.097265913209324262e-03
5.039692765755232791e-03
6.975932125323078964e-03
5.822348121018207368e-03
6.857503068925327287e-03
8.610538997959722718e-03
7.009425214742280065e-03
6.721933208343138129e-03
7.782475481225455821e-03
4.291028033748326732e-03
6.300161197810779344e-03
7.397466960056205652e-03
7.569621842965023641e-03
6.651927726819858826e-03
5.245541917391547543e-03
6.099157203293138416e-03
5.179113179274297610e-03
6.812678871945145390e-03
6.566404288626839086e-03
4.905099687418034392e-03
5.362105072543395592e-03
7.656229915494709194e-03
7.652084424991786524e-03
7.755662606856945744e-03
4.909502412109254324e-03
6.417060690024987274e-03
9.148444191598856939e-03
7.637473656173067796e-03
7.226705664146158142e-03
6.116435572937004191e-03
8.386891109099736674e-03
4.742490836909641662e-03
6.833811607138160459e-03
7.204261207671329784e-03
5.450737094349769954e-03
1.004182244104112089e-02
7.135146847536475226e-03
6.412398480749742675e-03
6.010696208692313698e-03
7.768881695394119075e-03
6.662414285280738452e-03
8.237812856627706876e-03
8.248801200805080946e-03
6.368734651134088515e-03
8.894178325897759280e-03
7.556051262331674005e-03
5.680018483041701476e-03
7.612526386393135905e-03
1.039361185152454931e-02
4.486197610414939876e-03
7.594744518247474076e-03
6.270909588298663115e-03
7.001304362307133808e-03
1.017716801079802599e-02
5.954744508904540566e-03
6.838471492312471652e-03
6.934379286231038067e-03
9.568022106293086124e-03
8.129697994007863832e-03
7.089305802213657220e-03
7.560096829722091905e-03
5.178205857659543172e-03
5.650782283051668936e-03
6.717487643148670889e-03
5.488451550623695170e-03
6.422161652473633298e-03
7.820421402062804200e-03
8.015667402382964379e-03
4.743894782790063040e-03
9.085103044493432131e-03
9.097333820625913559e-03
7.583476226887340965e-03
6.726643061394205723e-03
6.575927938751334988e-03
9.321851058323029487e-03
6.576378986262591472e-03
9.460552844231624389e-03
5.647280996653899349e-03
6.320931980694127587e-03
9.072045953086848094e-03
8.062598589469345545e-03
5.925271960280233119e-03
6.865497698647558995e-03
6.548929766786078417e-03
7.233771501572084164e-03
7.830928964130255687e-03
6.271267054676218054e-03
8.544467220262490573e-03
5.204405135531817161e-03
9.869253342613622942e-03
8.829754489303131421e-03
5.965395206448404451e-03
8.118519882482438943e-03
7.719617078454413771e-03
5.439161723817597521e-03
6.249144508366908345e-03
6.166786697801611254e-03
8.557411534236768549e-03
6.715334191444229280e-03
4.772315877093617417e-03
7.676834605276249696e-03
5.758928932489785005e-03
7.255836127465633417e-03
6.734483257750454969e-03
6.893739473812589280e-03
4.197030237526101250e-03
7.784693485276094130e-03
1.061155538767639787e-02
9.056694480188575216e-03
5.081669063898531027e-03
4.963978437502279163e-03
7.900302704423795008e-03
6.276724169163475781e-03
7.622580624658188350e-03
5.749613914251116426e-03
3.538173478122237040e-03
7.912104339968820121e-03
7.991456736990755830e-03
6.748849877591462515e-03
3.814717548809801011e-03
6.804876055785941472e-03
5.931225881295111579e-03
4.705149603573963862e-03
7.488965685584492160e-03
7.037845588785193382e-03
8.084705494727893391e-03
7.590047464027679935e-03
9.181597298561104334e-03
5.062927008897624877e-03
5.137233514656668575e-03
9.179258281342094622e-03
5.064249191169896587e-03
7.162926647107548117e-03
5.376550690175564175e-03
7.279901355418945223e-03
5.679777280845683084e-03
7.433224186073718494e-03
8.286445254600613083e-03
7.305037320813429109e-03
7.549141109461235746e-03
6.895853608290534661e-03
7.446349315181306945e-03
5.685353176381783072e-03
6.837170041985110754e-03
8.068087818778451117e-03
6.485339050699250908e-03
7.177496076320431101e-03
6.220132370318673040e-03
8.655543641256691761e-03
6.053512357428628837e-03
6.613319759319280511e-03
6.372355405864185696e-03
6.040188122009626515e-03
6.064076692417641294e-03
6.835045386397902052e-03
7.823445151422888169e-03
1.087713141421976955e-02
7.316337919959413350e-03
6.244177797052921988e-03
7.760261540134942918e-03
6.489175466486725788e-03
7.499982252575162697e-03
1.121584032392391149e-02
4.606388225287279606e-03
7.266485123711358476e-03
9.421441661923449229e-03
4.767234288678396693e-03
5.050841181367768384e-03
6.027246626631320610e-03
6.355248552080218320e-03
5.426183672621985241e-03
7.386280796281385723e-03
6.595495128340038947e-03
8.995533792386833233e-03
5.399819141700562888e-03
6.972264269911777543e-03
6.077834105253710102e-03
7.429949560209033604e-03
6.985324464234160015e-03
7.044997624431759663e-03
6.336466117527892600e-03
7.895258919484657301e-03
6.886337472401080247e-03
5.356167737506878704e-03
