1.480171440826244392e-03
2.267937295189269547e-03
7.659632983692390767e-04
2.652611052232362564e-03
1.834153255901834487e-03
3.055362164150275239e-03
2.927562439530651765e-03
1.758649315390624140e-03
1.486081437259376701e-03
2.962330462692870127e-03
1.603667969447711370e-03
1.518838722548817004e-03
2.944218155277404832e-03
1.243206773742776836e-03
2.625634139038706717e-03
4.632997931867726348e-04
1.806589447218789500e-03
1.760470279714928610e-03
6.354314218263682097e-04
3.412755225632009993e-03
7.301197323420753225e-04
1.737939965553720071e-03
1.581180887324116916e-03
1.638455790653733490e-03
2.039905906230775161e-03
1.367203750965819472e-03
2.224970190819326211e-03
1.463217102454491669e-03
8.363352026982145580e-04
3.213481374542762926e-03
1.529509865117666817e-03
1.609193066516864581e-03
5.097610689853727126e-04
1.875629918151451754e-03
1.150975147193181733e-03
1.847872834603051352e-03
2.150155600990533329e-03
2.875756547324436353e-03
1.928723789546762414e-03
2.037387754307589359e-03
1.544493300311402997e-03
2.742106035900374050e-03
2.000908838734345024e-03
7.088983366039084983e-04
1.847068769818252217e-03
1.036396311134453463e-03
1.044106754310255040e-03
2.849652862035795004e-03
1.630398837136015156e-03
1.560702895026008351e-03
1.655889888707931046e-03
1.932922954314960067e-03
1.929814898090101817e-03
1.942637776815022126e-03
2.053757447367319210e-03
1.758586766092824728e-03
2.587974262340031906e-03
1.847643472930948034e-03
1.054518483782916670e-03
1.918324784582937795e-03
2.273624300683759272e-03
1.407484940512850839e-03
1.215771502573031191e-03
2.149901301775307069e-03
8.525445715493868131e-04
1.764004898163342968e-03
1.285201890703054203e-03
2.252943306095057593e-03
1.545817697970641898e-03
1.528018168128856668e-03
1.401770698750470778e-03
5.275997088381568058e-04
2.319366524598684160e-03
1.789021194437776657e-03
1.700473059898760086e-03
1.559232009129621127e-03
1.987583343282505952e-03
2.275008319999656786e-03
2.472237369080958029e-03
2.092423123828152098e-03
2.142551091836782887e-03
2.047252003240878759e-03
3.262828206931080513e-03
2.843509266502016342e-03
1.428164524261962614e-03
2.557228535078709137e-03
1.572100850625620825e-03
2.302983912191457552e-03
1.735902476332623189e-03
1.712593404188934377e-03
1.198555450092832382e-03
2.890338813847052792e-03
8.046646006176791464e-04
2.844327952463386166e-03
1.808267300080423738e-03
1.026662508066131718e-03
2.278695436439350224e-03
2.020086627736136439e-03
2.008435217851889994e-03
8.932076405804040709e-04
2.634552563274689986e-03
1.637425003688105238e-03
1.143445129851711293e-03
1.106120913318397406e-03
3.150882387262350041e-03
7.304361168615970028e-04
2.270120496199697253e-03
3.324939361588306885e-03
2.199774021916551733e-03
2.113526740944517233e-03
1.938299915833687414e-03
1.817847687070297613e-03
3.232356322632530098e-03
2.451446149709813910e-03
9.410802052849184677e-04
1.604046562645911663e-03
9.233990116009708213e-04
1.244773960564456985e-03
2.250431879510581337e-03
1.429469380948557690e-03
2.543574507083353874e-03
2.855739732252738847e-03
2.672735279541442379e-03
2.530220526432648900e-03
7.546748447906293693e-04
3.005001043343433643e-03
1.443708063345969022e-03
2.757125213968049902e-03
1.958190131627345152e-03
1.205987787158946693e-03
1.026670749184107473e-03
1.864045044671712881e-03
7.450344097929686516e-04
1.357946520594920103e-03
1.865086724805908392e-03
2.234472228932913793e-03
1.677422780414005799e-03
1.673047581810616167e-03
1.025838469354002983e-03
1.479998394432967355e-03
2.241781186501598001e-03
2.356123124604349740e-03
9.566237743161289889e-04
1.912761660478573978e-03
2.488793009543751201e-03
1.228971766075554915e-03
1.778620646232706090e-03
1.179542587665707333e-03
1.316014593248056048e-03
2.257781452236818243e-03
2.047254312797561811e-03
1.987798979796052707e-03
2.000810504496739525e-03
2.848962135254352879e-03
1.567990047775153634e-03
2.503572244599932238e-03
1.499908315695592815e-03
1.663613390519504739e-03
1.522146038337998837e-03
2.290914573197612436e-03
2.077510250029338673e-03
2.613661791966033748e-03
2.136951752617959055e-03
2.485768107080247192e-03
2.147147666981987293e-03
2.134124740290505376e-03
2.188945738475188418e-03
2.055339108063588670e-03
2.236514891169817838e-03
1.205590843845782620e-03
2.621065484837070778e-03
2.289490562213436758e-03
2.658902007166218887e-03
8.703564448840054755e-04
1.765900783597578903e-03
9.524568442070148033e-04
1.535963473955164176e-03
2.484187457402005708e-03
1.537026839008904383e-03
1.428713293647220764e-03
1.834011216939679736e-03
2.295980614786951798e-03
1.702827443701337247e-03
1.727566790869102019e-03
1.660936007563656742e-03
9.184074758736469023e-04
1.997414140053860310e-03
6.877868882457157133e-04
1.615344296261544705e-03
1.441682196603310791e-03
1.034547780648473409e-03
2.162691753879178707e-03
1.811739838175858725e-03
1.391428014757771937e-03
1.362989372553553326e-03
1.334388027892540645e-03
2.195260611490835491e-03
1.337098744513596713e-03
1.308911657296448665e-03
2.534494931062070740e-03
1.916020269657329285e-03
1.349664746209387669e-03
1.892055713550274331e-03
2.253082671038907601e-03
1.601357575091212149e-03
2.282671995866544616e-03
8.129579304569636497e-04
1.935412135274393102e-03
1.490659577794703873e-03
1.659735218204160326e-03
1.107376271078690071e-03
2.086552979444034322e-03
2.263655263886297630e-03
2.789645689786092279e-03
9.329100838459802999e-04
1.739185175459024343e-03
1.509657833405096856e-03
2.090380420949550146e-03
1.529636339975102774e-03
8.865438864237399101e-04
1.004624612016006852e-03
8.181577558683377762e-04
2.267373416833327882e-03
3.630966397465421481e-03
1.484828385442294070e-03
1.480166230439800045e-03
2.133805931061640449e-03
1.980045252721516179e-03
1.286227821230907743e-03
1.436493748370586696e-03
2.389753737182619305e-03
1.495606886747898436e-03
2.103152261666349672e-03
1.619009186324682709e-03
1.786135584461509248e-03
1.047102663304998009e-03
1.967946213369290917e-03
2.187070834754971903e-03
1.987813482330953122e-03
2.564752087790798073e-03
7.026368407779643669e-04
1.975175327113303479e-03
1.788501051352015371e-03
2.080000569402340634e-03
1.966718321519128707e-03
3.407953190376772530e-03
2.203478294198935646e-03
1.681114773639530956e-03
1.201661558256461810e-03
6.349502126923642744e-04
7.418608285406206627e-04
8.515827719363192614e-04
9.964020238527873316e-04
1.737395810391217108e-03
1.408320765269735833e-03
1.110427177322102082e-03
1.031624299178447723e-03
2.322635406457702108e-03
2.113084758474977586e-03
1.379285256380181901e-03
7.220599991199209587e-04
1.975521891275490091e-03
1.957159625950238239e-03
2.603181075252314781e-03
1.687473119207965428e-03
1.335285058591491108e-03
2.170916920126019379e-03
1.014424083885357526e-03
1.455837923125693914e-03
1.939810319111931036e-03
1.150499638756297561e-03
2.456254356826601416e-03
2.548168439001642291e-03
1.198497020087229163e-03
2.858834795200492461e-03
1.401514840764221453e-03
2.752018052349379344e-03
1.384482338398625558e-03
1.800213219811534369e-03
2.282917088260780821e-03
2.575068185617928381e-03
1.205850056792684335e-03
1.720537799782646208e-03
1.860667430742502090e-03
1.254874181736839343e-03
1.551034634832559097e-03
2.714467978296481940e-03
1.882571766012027447e-03
2.235543537718970471e-03
1.844124441024380364e-03
1.475036054285728355e-03
2.768505758258399310e-03
2.464586179209896435e-03
1.017764082085691321e-03
2.708201167040924853e-03
8.949053695911934631e-04
2.078688859162112958e-03
2.622870981547196622e-03
1.442836322985327794e-03
1.764705987822651678e-03
1.398583273367381800e-03
3.843966893015280956e-03
1.091595818083518571e-03
1.882701966774372009e-03
1.827702379713738810e-03
2.421687237426075386e-03
1.804551603067823702e-03
1.132201562120899088e-03
1.914168205654183082e-03
1.898137265083193071e-03
2.841335539692451707e-03
1.344304658701207236e-03
1.527301767046888468e-03
1.864940357499193921e-03
2.556486072166236703e-03
1.651968491705360642e-03
2.310647494154239104e-03
1.599693716618626974e-03
2.960988222517648306e-03
2.414911418656061695e-03
1.814109468503286027e-03
1.861407862841756196e-03
2.709375193938436469e-03
2.189096430687978087e-03
1.464701557821263250e-03
1.547866996417224077e-03
1.295178018192609873e-03
1.133071919332834937e-03
2.102298052723240111e-03
1.994445460163731844e-03
2.174069669009114428e-03
6.648806781083290004e-04
1.540551543862303530e-03
1.223763946561727328e-03
1.604232449319791800e-03
1.054422904318473792e-03
1.384068836387520457e-03
1.975981414222932348e-03
1.575631684296038750e-03
1.615919208946582425e-03
1.498227275452265143e-03
8.879102812240518595e-04
1.839983758776046448e-03
2.159822639382093755e-03
1.682344983449872867e-03
2.766503244993911027e-03
1.032568580944695762e-03
1.569645338143744930e-03
1.824170983750063573e-03
9.625458750653384217e-04
2.045646555513263350e-03
8.652349149391065641e-04
1.256045051836137067e-03
2.398283187215841973e-03
2.544243987269918881e-03
2.436652732370761781e-03
1.597018953578421482e-03
7.868855935905726086e-04
2.234978713996667657e-03
2.020756712460053048e-03
9.526982661442655667e-04
2.067036404301787755e-03
9.945362230274819738e-04
2.136641128727372399e-03
2.375310497716736583e-03
2.110586112091816530e-03
2.089338623980858348e-03
2.399437963168412572e-03
1.561385208724721304e-03
2.367148979911683822e-03
2.850362538704658954e-03
1.275093910241306737e-03
1.713743583861334057e-03
1.976038169345314521e-03
2.017358971276682258e-03
2.748529625684781319e-03
1.691135743443942987e-03
7.625419073019826114e-04
3.074832857397800760e-03
6.397490031672043494e-04
1.733406749866238817e-03
1.404282519920254605e-03
1.623254888616060482e-03
2.560719747926749543e-03
2.272008905617884343e-03
2.355065619425595821e-03
1.371719494415361059e-03
1.193368615230650269e-03
1.936170319526999556e-03
2.122654877456328811e-03
2.098064900960830859e-03
2.043878578114095498e-03
1.526879649284228896e-03
1.232671478192657634e-03
2.087563899449035396e-03
2.242547949849538983e-03
2.027978522057119048e-03
2.404578792395191660e-03
1.707061337239410611e-03
2.953013466361269039e-03
7.470233969092547914e-04
3.038767575958187771e-03
7.245817671157637812e-04
8.385355291640538911e-04
1.806396711147384296e-03
2.344093150433003512e-03
9.995977509853445128e-04
1.483402278474890267e-03
2.212089760824089042e-03
2.200644495596064919e-03
2.333430989112363681e-03
1.261380965854820482e-03
1.343553484149731959e-03
2.823541787101053763e-03
2.285125635365620189e-03
1.754435816461329253e-03
1.051965083493469491e-03
1.653850678256872002e-03
1.247626993114482954e-03
1.469755653040335239e-03
1.962230397699618167e-03
1.029648512748097431e-03
2.422844213513148954e-03
1.299854125649897415e-03
2.661329389140620373e-03
2.791673259797075070e-03
1.347737338375956271e-03
1.445197600044808390e-03
2.273339206931799042e-03
1.056754436153006533e-03
1.115862407198923902e-03
1.865901963536815110e-03
3.058795565781821137e-03
2.198433673397601207e-03
1.045701963593609210e-03
2.097909445419472371e-03
4.954029892160084075e-04
1.894003767742193827e-03
1.317875839852947423e-03
2.260822318382173495e-03
1.104265645948329655e-03
1.398241639023121898e-03
1.383602630063620470e-03
2.517496623583076378e-03
1.014966992629606725e-03
2.421298821337247460e-03
2.093078107163895332e-03
2.509552086015806420e-03
1.260201966213431819e-03
1.752782815956889549e-03
1.688870707781460262e-03
8.349078347389402629e-04
1.834125713329124319e-03
1.290095987000377913e-03
1.605468051795935682e-03
2.286859366594740268e-03
2.523241737640830214e-03
2.567341063660577138e-03
1.290274571380081595e-03
2.566905696878722231e-03
8.677200091742051169e-04
1.528160784041242282e-03
1.948425420631505695e-03
1.068982264281086603e-03
1.950364547415150106e-03
1.603564949868498775e-03
1.005855974861478378e-03
9.943729639966406367e-04
1.029778748771066491e-03
2.080020780103025713e-03
1.928396652893259395e-03
2.925780490401038141e-03
1.752947074494652126e-03
2.299904470809520027e-03
1.049845582695841870e-03
1.327636258709420083e-03
1.126094300985304181e-03
1.667950534420103948e-03
1.575276209257182565e-03
2.527407064160883815e-03
1.124877476349589369e-03
1.525351062543202699e-03
2.666206054959695173e-03
2.474199347705947211e-03
1.501604161963365162e-03
2.996445137152455983e-03
1.290393498933279813e-03
1.891953739135420224e-03
2.576508023430009158e-03
1.112153625249387694e-03
2.036945122469613085e-03
2.559876057037784643e-03
1.328678357507567407e-03
1.489153763424657479e-03
1.439336778097422692e-03
1.853698954659578147e-03
1.288304883692423805e-03
1.771386088054081615e-03
1.877435437307636065e-03
3.147378872415386615e-03
1.708762435898702504e-03
2.407090557200422705e-03
8.565386108652093319e-04
2.982032631229632278e-03
2.973396703531439814e-03
1.408044441836644534e-03
1.612040712829095578e-03
3.022226552916781189e-03
3.346712960727863968e-03
2.388208979975346268e-03
1.421339141079563809e-03
3.465171900710443693e-03
1.091314250853148930e-03
2.789575385142490684e-03
1.823493253805881726e-03
2.899707780279532025e-03
1.307737918162323954e-03
1.720756848517754258e-03
8.892693602013457873e-04
2.145901870854657022e-03
2.288298799957681068e-03
1.768721142494100946e-03
1.665576857713411572e-03
2.176524605348480104e-03
1.880441555514535037e-03
2.496920402803149905e-03
1.935542717599236275e-03
1.973657253231493255e-03
1.363939387392398101e-03
1.561603909391865580e-03
1.919316378173511724e-03
1.046210323486143796e-03
2.814694000384861811e-03
1.162267380200694093e-03
2.813015727057902472e-03
1.048113324682973038e-03
2.112213982289476693e-03
2.191178479345914313e-03
3.129621312858608343e-03
2.722164010456158516e-03
2.393755977371475867e-03
2.070962752218587308e-03
2.989707862606175593e-03
1.880922462722860178e-03
1.401889838792875131e-03
1.439244554793449793e-03
3.164290213611595584e-03
1.513210710823182726e-03
1.877318044561780697e-03
9.192113335220810115e-04
2.894863242477550315e-03
1.442078873319953963e-03
2.534380369913957244e-03
1.336948785909584936e-03
2.343661368445429036e-03
1.406894194758238296e-03
2.291375472245030850e-03
2.851527089932190569e-03
2.937066446254897080e-03
2.278995915269602969e-03
1.604918827161525355e-03
2.116481206168944681e-03
1.733934387614946126e-03
3.296187301191746358e-03
2.197028014587140265e-03
7.878676678472339330e-04
1.074180884254114692e-03
1.864282369325731981e-03
9.206551111419227461e-04
1.631398796208366649e-03
1.779668091322302676e-03
9.544462149001620805e-04
1.572308783030799614e-03
1.783966409813799109e-03
1.582739853743945655e-03
1.080197092957128511e-03
1.556434518395342047e-03
1.793459065634714312e-03
2.187644200604697657e-03
1.722718771410445973e-03
1.954645546789398561e-03
2.085734917238946367e-03
1.934086500006588875e-03
1.499661315853815548e-03
2.244153451613736024e-03
1.440623016169567238e-03
2.173314027028644922e-03
2.054260637417270035e-03
1.361568270185592499e-03
1.280363282227814543e-03
1.550273095470890324e-03
1.486375494473925413e-03
1.363430263411319343e-03
1.631585599883650633e-03
9.539403785169514160e-04
3.716770527165787034e-03
1.049984840062029605e-03
2.333282542904012435e-03
2.811957726576138576e-03
1.751121260517760373e-03
1.393871129685560553e-03
2.988146194392990538e-03
2.974531451406805475e-03
2.869851723357040585e-03
1.371390963774717477e-03
1.679993952136525073e-03
1.705172009415026725e-03
1.931925372283912166e-03
1.542976084195305181e-03
1.447797926634010858e-03
1.772064298631723144e-03
3.289504295245596153e-03
3.215267818506704206e-03
2.117444785569729936e-03
1.123100452891326361e-03
1.200691007935080585e-03
1.450645271169005626e-03
2.627408112598567103e-03
1.103606544481830314e-03
1.760368954793423146e-03
1.630920605259205498e-03
3.817145370262498699e-03
1.927511481703728796e-03
2.124753302632658141e-03
2.349962898327016218e-03
2.209092354455280838e-03
1.178869859347035729e-03
3.729980712108164898e-03
2.519876275536719196e-03
2.812086861898190071e-03
2.718604590190452398e-03
2.451328129294115792e-03
1.486290581336837746e-03
2.019498293063572321e-03
1.429033289184905749e-03
8.864704293833426717e-04
1.155360973041470339e-03
7.250614831443098676e-04
1.926981474162299621e-03
2.402900788746467793e-03
1.289630328616719933e-03
7.956221312168458267e-04
1.450337582461635674e-03
2.211056226360726042e-03
1.679034301666578258e-03
2.802117548720118190e-03
2.759708274667906514e-03
1.346179370933062343e-03
2.150819154432041368e-03
1.572899794327127076e-03
1.217697093890718557e-03
1.860492504855850967e-03
1.063465814957256610e-03
2.181999365254440413e-03
2.193856086885514513e-03
1.911652272212906742e-03
1.652512504151510981e-03
1.681148621852732216e-03
1.033805687332519079e-03
2.578559858629023583e-03
2.325329588760073792e-03
4.248846177175775486e-03
1.926942768581270957e-03
2.046010429640374509e-03
2.929292224961682102e-03
1.166500123634150879e-03
1.537146684383129680e-03
7.617348916777669102e-04
1.287066321219704169e-03
1.500900544297256462e-03
1.230864936544139900e-03
2.563886117540427508e-03
2.777703707049404124e-03
2.574762915950502482e-03
2.733337233213018521e-03
1.656281648508745302e-03
3.155195685223259171e-03
1.059472142215274167e-03
1.819507372524076195e-03
2.119572017734501924e-03
1.441427300956055115e-03
1.736112255959235953e-03
2.195580305074684192e-03
3.116769046333059054e-03
1.353473806666009166e-03
9.257628661887322896e-04
1.596169740564415060e-03
1.350272713236298598e-03
1.605882724453821251e-03
1.677075696824038235e-03
9.669926212899560740e-04
2.223234630563009507e-03
2.030754346222082320e-03
1.064951637865751500e-03
1.131342060876290362e-03
2.156558549618105627e-03
2.100166025094877230e-03
1.904260219246171632e-03
2.197857420081421147e-03
2.291026744924077544e-03
2.168524276966084848e-03
2.617205522084956482e-03
2.205245431095776906e-03
2.933044598681789576e-03
1.633615389784127221e-03
2.326980682678465168e-03
1.466911929108847146e-03
1.149088440337039767e-03
1.930915731796482198e-03
2.454802656757270381e-03
1.614584393033436814e-03
2.458317399675700749e-03
1.490328119579688347e-03
1.286259039368712600e-03
9.108936924497519107e-04
2.963528273433540128e-03
5.295851489606307827e-04
1.881225997862080983e-03
2.246880654899537956e-03
1.772260766435316800e-03
2.176420088962173656e-03
1.904336626621169195e-03
1.456864225912662481e-03
1.691190260499968786e-03
1.744605659753094371e-03
4.781894737516641041e-04
2.132160398778753640e-03
1.614486848780659302e-03
2.089959249493740078e-03
1.795889011546072424e-03
1.760018849808117018e-03
2.759196561601371094e-03
1.374917893626716918e-03
2.957948600647037057e-03
1.608980784208176133e-03
1.543931017092775235e-03
1.274912464391501389e-03
3.948928063424803590e-03
2.161885618709517756e-03
1.432707380549390038e-03
2.599574935386843831e-03
1.376923413216073937e-03
2.169868110043816217e-03
2.200728353554064383e-03
1.067440938365914064e-03
3.060555693491662059e-03
2.110034274631289279e-03
1.629387253875141332e-03
2.289129270227579886e-03
1.070215653404820930e-03
1.602547869953447560e-03
2.398458759156404420e-03
1.699472525586240160e-03
2.799047348601512060e-03
1.950482878568661309e-03
3.303369897844115471e-03
1.494557663838567106e-03
1.164368963179364435e-03
1.913798058263723248e-03
3.307421904127391503e-03
3.270708697586303601e-03
1.130306863041877089e-03
8.228658133676689966e-04
1.270260078045999186e-03
3.127066771254522880e-03
1.982539888031642321e-03
2.763643335288863169e-03
1.450518561163725330e-03
1.518249854392363010e-03
1.828572363761191838e-03
1.335462036336651503e-03
2.212586165950345372e-03
2.738554625269686103e-03
2.569196070608707402e-03
3.388369113935023758e-03
1.505501131827493818e-03
1.490236388306622134e-03
1.372012109129812970e-03
1.182998940662685541e-03
1.342562612667855520e-03
2.264376105079209459e-03
2.186779792764196977e-03
2.561537886361709305e-03
1.487304489767146600e-03
1.854266354318095293e-03
7.128263132156392517e-04
1.327520929302279228e-03
1.838994088109301367e-03
1.560166818370033615e-03
2.246709012105883949e-03
1.164593856255500322e-03
2.333428164162501105e-03
2.033934338685540379e-03
2.476144115570827215e-03
1.720588747291517404e-03
2.066698097101616304e-03
1.306966367290441451e-03
1.318318039713154820e-03
1.865144572151443631e-03
2.243735791393669521e-03
1.744214893884016510e-03
