5.625092475846506072e-05
3.933788635173432967e-04
1.954473962292491867e-04
8.627264475420501246e-05
2.712512828961805705e-04
1.575631593853689394e-04
4.260164465771483977e-04
2.620972219994046462e-05
5.807728461708044475e-04
8.232012947364123270e-04
7.068857541472008837e-05
2.465754340968720178e-04
1.934868381798867819e-04
4.969247030733234521e-04
3.947082575355596260e-04
4.431228931354890183e-04
1.635598603322120171e-04
7.077854929469721418e-04
5.400711020883943109e-04
8.901426496175445608e-04
1.467594264021289440e-03
2.938916355048945398e-04
1.028898887942835457e-03
1.503965734474337372e-03
1.775448326604859043e-03
1.397907658613320231e-03
1.593993929039835443e-03
1.969053598928843275e-03
1.908021438322621017e-03
1.767422779407263819e-03
2.390358737925326292e-03
3.590953889210153020e-03
2.121871858703135941e-03
7.405983996325569453e-04
2.367416526879390602e-03
3.689883219928527785e-03
2.340216372524163424e-03
2.712317280511501727e-03
1.631907137357161601e-03
1.920956363920030318e-03
2.798669637773667368e-03
3.922330660033828721e-03
2.545187653466238990e-03
2.916589784917438585e-03
3.310438903852038102e-03
2.329744631881260335e-03
2.474698587625531569e-03
1.838605407393500979e-03
1.806399960612330114e-03
1.957226502926665002e-03
1.735440444525440532e-03
1.796824518956596914e-03
2.422882096563542219e-03
2.188822869424424371e-03
2.256432926491303437e-03
1.420839482011189555e-03
2.259032969335586852e-03
1.900436324237604786e-03
1.507400729530050838e-03
2.430221025856367165e-03
1.636676560909862931e-03
1.834650876674380612e-03
1.747775362789567291e-03
1.094907073537926398e-03
5.341744285479064699e-04
9.392600638940578261e-04
1.006509735281695822e-03
2.155035452858348934e-03
1.764370543964831643e-03
1.145165942821564599e-03
1.580291631694509796e-03
1.814433242590882773e-03
1.574037784217727784e-03
2.086330748550387429e-03
1.325259488733199816e-03
8.845874868880835001e-04
1.723910165683953258e-03
3.632074477336335824e-04
2.098770891601961768e-03
1.663065744947303526e-03
1.141505686686088324e-03
1.227032028173464942e-03
1.389101291102791836e-03
1.768407688372607015e-03
2.030795899546671696e-03
2.717857867913690308e-03
1.827965831337984536e-03
1.302746208281955727e-03
9.411677863669906446e-04
1.131660199701609677e-03
1.055054303853756974e-03
2.388855587456472414e-03
1.361499611088981022e-03
1.766098668079450068e-03
7.198211095428541087e-04
1.368140242241027262e-03
6.872945056608385827e-04
1.957668836665580215e-03
1.252073771546977164e-03
1.191166052097548510e-03
1.139802470691478505e-03
1.009884693707443441e-03
1.119805293382027849e-03
8.491903476784952529e-04
1.287538138645165191e-03
2.027005609688578396e-03
1.154661089109908440e-03
6.472357460685694650e-04
2.060954008905561009e-03
1.002072148118855624e-03
6.952501015172318083e-04
5.991173973833012088e-04
2.267791993294917142e-03
6.460317583624835235e-04
1.523544919436862956e-03
8.400956171781417221e-04
8.224770540956737475e-04
1.452671888914381986e-03
3.045796945674471485e-04
7.511651538216983616e-04
1.061451394313280526e-03
7.710118808350042681e-04
2.352113123577462847e-04
5.867467153341509320e-04
1.726897294039192324e-03
4.631037021953153228e-04
7.680848504289115777e-04
1.057125336454774753e-03
8.371480429714444520e-04
1.646170478208412074e-03
1.008713219357714125e-03
1.262533124605973471e-03
6.352774063273344731e-04
9.797406714932655001e-04
1.463044856735514496e-03
7.081460428641029930e-04
1.128756914920888690e-03
8.544391251538791454e-04
4.125650514557322986e-04
8.372731023340705030e-04
1.175110160589067261e-03
4.070519244671788779e-04
1.135578840848129557e-03
1.756773226939219038e-03
5.672499406396719780e-04
8.642452030330053693e-04
1.179199899422073410e-03
9.898185210765629224e-04
8.611246753581096097e-04
6.741184838172875832e-04
6.782924965123029960e-04
6.949117177057475767e-04
3.263071499236545100e-04
4.090997718500797892e-04
7.096712048193629021e-04
1.047319096207216353e-03
4.382845057565450358e-04
9.125324530007561255e-04
5.166908871734012454e-04
8.969894861160004809e-04
8.806569483602455376e-04
1.128382384075058743e-04
6.461179059293399744e-07
1.250106572762985438e-03
7.457102105870801233e-04
5.547370708840447528e-04
6.952786116815334611e-04
9.373507759139849613e-04
1.164553018684108543e-03
9.408861931494975255e-04
9.115603879182667974e-04
1.513010307951278481e-04
1.580228967042210777e-03
4.193466884093111839e-04
6.469386256302916104e-04
8.947749272066301413e-04
2.126484318506603895e-04
6.135340596050008373e-04
3.578703087957068197e-04
6.567465048592960146e-04
3.445184024436042497e-04
9.305625867354811766e-04
2.829223891762986764e-04
4.824733611617334681e-04
2.605164885291129124e-04
6.172421588719681496e-04
2.903208301564532491e-05
2.305412301623578012e-04
5.308692038625884881e-04
2.883774501973068770e-04
4.885952066967001137e-05
3.963257424192800763e-04
5.092695336070346629e-04
3.611301308192646346e-04
6.074259730188985053e-04
4.823624529117633919e-04
3.954815756255884176e-04
2.796515025001590059e-04
1.551862533101793385e-03
2.244380499705670264e-04
9.009096776055270034e-04
2.575520956635262305e-04
3.862736783852126080e-04
4.543203769075155338e-04
7.673148803262122694e-04
2.647210446179042490e-04
1.784438012135877976e-04
5.809715116277455998e-04
3.039273225348083899e-05
2.940123997588372693e-04
3.117230891961115125e-04
2.771204996419253841e-04
1.064838513683508624e-04
2.557419572143652562e-04
1.833206920283920831e-04
5.311993068121620420e-04
1.882338360066311350e-04
7.388686100158809084e-05
7.721548695432321708e-04
3.692013774410462905e-04
5.952547580433204194e-04
2.685169236358515604e-04
3.330808257084790511e-04
6.595040793927254598e-04
4.787889259966925841e-06
2.685593667820284500e-05
6.118619190529999215e-06
4.777324550653535358e-05
1.245357232012306444e-04
4.159168368632703660e-04
2.204379381020466226e-04
5.815923433422225163e-04
3.419575467693086409e-04
8.937509400044301290e-05
6.248546822119175909e-04
3.209277063667905112e-04
6.625865055900024289e-04
1.551367608521755611e-04
1.136360080834600836e-04
1.269030236783078440e-05
1.547022891342356751e-04
8.954631336327268070e-05
2.360615193330469733e-04
3.238103857105614227e-04
3.449034605568041477e-04
1.892282337383820547e-05
3.460612554691657795e-04
2.120250227150315603e-04
2.332642489962930205e-04
3.947294623546169622e-04
2.129757903719019458e-04
9.743783434653884826e-05
1.667619156941063403e-04
1.645768187434285955e-04
4.837958926047615602e-04
1.708978427974969531e-04
5.124985965071375332e-04
1.993890455120211720e-05
7.843030568027303817e-05
1.764122031351836729e-05
5.123195249594681604e-04
3.330330237828255297e-04
1.433501195541357848e-04
3.444201107510171887e-05
2.270097196920066679e-04
3.024249039540015263e-04
7.234459299920883840e-07
1.519955874459331903e-04
5.900075614368937519e-04
7.952760340004770014e-05
3.445000281953078201e-06
2.706477299329642771e-04
6.267066974330707271e-05
4.947340172042738503e-04
1.486072284607179090e-04
2.720756473739238224e-04
5.369908687604552783e-04
9.874301103142147642e-05
3.849669681581652643e-05
3.743924173598652308e-04
1.881993672460509847e-04
1.515944063803839191e-04
3.083699000610234486e-04
3.249024620680506653e-04
1.745983971862144035e-04
6.823401917278465298e-06
1.842142408506712028e-04
4.906918075064614729e-05
1.533073247179627925e-04
1.277577113602293923e-04
5.613680543838022808e-04
9.773669487637174583e-04
2.029708065508704874e-04
6.176970784726948458e-05
1.068108416381685437e-04
5.731394420167902647e-05
2.986289633326779519e-04
1.599255079227238568e-05
2.464702333911746026e-09
2.964858633737680184e-04
2.587378434993213881e-05
1.192953934510458750e-04
3.831286766108947620e-05
4.943491451578032507e-04
1.266828522539041145e-05
4.181131469622554751e-04
8.306152954568042743e-05
4.695979107439390691e-04
5.477798064217559795e-05
2.073575076993040660e-04
1.121348119195992010e-04
2.425594071404230394e-04
4.127906502999566349e-04
8.591929395247328025e-04
5.173027428556701808e-04
2.890453718092843511e-05
7.112198103514081091e-06
3.526692471118530146e-04
2.717107792627719174e-04
3.361438998848258457e-04
6.908236380353222170e-05
4.892804635593636696e-04
2.718554094771466804e-04
2.286301679381853424e-04
4.069461155483374893e-04
4.333039607542342209e-05
4.500064532280216285e-06
3.987291851909306349e-04
2.397936827105098150e-04
4.522582027092148709e-05
2.471436718838606835e-04
3.508124021460487898e-05
3.005406378543267224e-04
8.051824375852190260e-05
4.814540284259284832e-05
7.875327424401854968e-05
4.341393687912035743e-04
1.525603297219273223e-04
6.161224750213588439e-05
4.373254410658518831e-04
3.510175009750512282e-04
1.213269972168366779e-04
2.022353580709388842e-04
1.650269648118193335e-04
5.801326448230664242e-05
1.998336720181877429e-04
2.193124345006255732e-04
1.395927962819504937e-04
8.473219926551845598e-04
2.652357365079894812e-05
4.544745860597989971e-05
3.288324108250840604e-04
8.980819017340232622e-05
2.865690616965105037e-04
2.143764199124652953e-04
3.285940759307700589e-04
3.137518258152156066e-04
3.728539053325525534e-04
3.379013619693479982e-05
4.129154557850447157e-04
2.687141472399255768e-04
3.249747311647533722e-04
2.894936141502496324e-04
5.913748995276905680e-05
7.234216433537769275e-06
1.219197111475326219e-04
7.575607677952748455e-04
1.779928391334285138e-04
1.115042720658564922e-04
1.229493051241394605e-04
1.263244923778524375e-05
5.912897476062750060e-04
2.542152056489472168e-04
2.592543304353855916e-04
1.601030754991926539e-04
3.007059236391701538e-04
4.808024779001942531e-04
1.300324760380240272e-04
2.230160721587161300e-04
1.088754488959846101e-04
1.107843752710709881e-04
4.477192794027864573e-04
2.355310066166971315e-04
4.322556243974352190e-05
2.851282104318131404e-04
9.123570375647768434e-05
3.180317345920756771e-04
9.336674055557798806e-05
7.887224789913282108e-04
1.169772671555918602e-06
7.429027911172195143e-04
3.064896334658461972e-04
1.929519978839783461e-04
2.852114980658227469e-04
7.672456846997641515e-07
3.001902978946261596e-04
1.153332177470645488e-04
1.663862627051240118e-06
1.017444943456496140e-04
1.531036152884987985e-08
2.554386761794664326e-05
1.656695742666849751e-04
3.265006280946924211e-05
3.526788090467422392e-05
1.445379155440008168e-05
2.433227137126547305e-04
5.066912918264648803e-04
1.459264599407990954e-04
1.877793314744263906e-04
1.099418915357937949e-04
8.657379424046847074e-06
2.830977953779998486e-04
1.112983344240711761e-04
5.236069784490599341e-05
1.837932421082851008e-04
5.632188461591942127e-05
5.075532058544094706e-04
9.221747767536634484e-05
5.763329154920307463e-04
1.982498298312293180e-04
6.155940652485342385e-05
1.377865383751565337e-04
4.573164888112054714e-04
2.427194112127822954e-04
6.500858324758275648e-05
5.208949427351798958e-04
9.220640038601560641e-05
5.401483311762796027e-04
2.878000800454845931e-05
7.292655612411552126e-05
3.202180773368792401e-04
1.868687651761844588e-04
4.095128011343299282e-05
5.929045156870729055e-04
1.883617231655384465e-04
2.680606981732535634e-04
8.386846608419401658e-05
3.424082633690174266e-06
2.260263898381648085e-04
3.873534767571993687e-04
5.935921133388705472e-05
2.570802125204954764e-04
1.076673133280820784e-04
6.800728055029698705e-04
1.505890017151000581e-04
2.106127739271433142e-04
4.232437493367108587e-04
4.794209905508585554e-04
1.536414970880590981e-04
2.040858099732541665e-04
5.126860733571373578e-04
1.036862682011714865e-04
4.496297733351521013e-04
1.388726233208640887e-04
2.740336378673954425e-05
4.113088850663349590e-05
2.133869666167286010e-05
4.329048011584540998e-07
6.138235890940373259e-04
1.989919712281943686e-07
3.424178682855372722e-05
3.764833177019678086e-04
1.811384973681430218e-04
2.299795804320481298e-04
3.436137805280369429e-04
3.259690467539727728e-04
7.852509655840239500e-06
1.913660404245187371e-04
6.380828173539232256e-05
2.164462774725925312e-04
9.720466365755288992e-05
6.780039518216502987e-04
9.410470699971637499e-04
5.518659918390757165e-05
1.631242559943745754e-04
6.793571061428385312e-05
3.111393296997225374e-04
4.604869150261887528e-05
6.698751888998461836e-04
2.617296279828528805e-04
1.407474317190785494e-04
4.319189415904360944e-04
5.768074847669515514e-04
8.497269823982498012e-05
1.269265462148856617e-03
7.201545507568806774e-07
3.581551867777795243e-04
6.163646087071443644e-04
4.153873883729343702e-04
1.126369793408656160e-03
6.756232061593552994e-04
4.567797599854786679e-04
1.697166503882811676e-04
3.714329948895917074e-04
2.381338770844292160e-06
6.691003485891937356e-06
4.437022310957256871e-05
2.087646413203919562e-04
1.850931234792808618e-04
2.513213740177556109e-04
4.977772487546933047e-04
3.492498403114090958e-04
1.270481629600400415e-04
1.824698484864843511e-04
2.339321891243773281e-04
1.224034423791806915e-04
3.786878864037718359e-04
4.569197107176602141e-05
2.966413733667515188e-04
1.628111727682074114e-04
1.216032575183908886e-03
9.312644194058355886e-04
3.992203234597164118e-04
2.510043914681159370e-04
7.304514796266013644e-04
9.948340106714636817e-05
1.886162682819403691e-05
2.030787790032728137e-04
3.973484948757363688e-04
6.915871287717871964e-04
6.361119782387584934e-05
9.465196940188155567e-04
1.740807734382513383e-04
4.405416952170629233e-05
1.839364314829442318e-04
2.976402017545781622e-04
1.508041723038475829e-04
5.103676709336215549e-04
3.132903087850160881e-04
2.173577501637158945e-04
3.962135227048394772e-05
1.818710195795816972e-04
3.844809045065033116e-04
1.542334891249770785e-04
2.601099251536307462e-04
2.064743819365089247e-04
2.906375199662130466e-04
6.626471643841736858e-05
2.088328870063596880e-04
5.858986314005128202e-06
5.828603326315767285e-04
7.388858543298309437e-04
1.382654521761152275e-04
4.654553915251942453e-04
2.006805195163166133e-04
4.934516182681283197e-04
1.904578596460432293e-04
3.523710137663059439e-04
5.498549829708512110e-04
1.891388382269263639e-04
3.762957277199470343e-04
2.165525001257373558e-04
1.297373319390829316e-04
9.001170223017036440e-04
1.144797182707446798e-04
4.165047842604805003e-04
3.069401666775449880e-04
1.733498934009814190e-04
1.220869976352932608e-04
1.542585892014238695e-04
3.818892895450796466e-04
3.329476313353587160e-04
3.035939996256339013e-04
6.981720217485084265e-04
6.299744497316526852e-04
6.101070653821279123e-04
1.580608658655437485e-04
3.164030209934726254e-04
9.657227952853307486e-05
1.431731477411740455e-03
1.458315133194766806e-04
4.587318855742008672e-04
3.045167285058340096e-04
9.269281052768411314e-05
9.305601604575608476e-05
9.491070959711143343e-04
1.861747910087161795e-04
7.300939497976989502e-04
8.353799887598511477e-04
6.737935943437294017e-04
4.120158050614694387e-05
4.876511638177132165e-04
1.074137301970965640e-04
3.445793217157611365e-05
1.248761849536980293e-04
1.110211773040195766e-04
1.459484893604573680e-04
5.673819355614380746e-06
5.371667215502539533e-04
8.888532502518405130e-04
1.528001490379651568e-04
1.055914926939258451e-03
2.626031962053723494e-04
3.205920525415154867e-04
1.533873131187932638e-04
3.169532393278502074e-04
3.590234485946599890e-04
4.482725456272750714e-04
6.688392123568951547e-04
4.032923543912438633e-05
2.377200710378086590e-04
2.210488495341037629e-07
1.060886830778293307e-04
5.187465990302438622e-04
7.346183550780793856e-04
7.759178347541260837e-05
6.457609567305324684e-04
1.421210340215576422e-04
1.013157646270484600e-04
4.764879132815196851e-04
5.936522348791275008e-04
8.690204685980662449e-04
2.475961769313913510e-04
4.109743498465912438e-04
4.124830382081293156e-04
1.459620277809162625e-04
2.114790618887650402e-04
4.425885410572515718e-04
3.818353280564706258e-04
3.592076963455082244e-04
2.692635132377772019e-04
8.560368825284250826e-05
1.204125619029761866e-04
6.090200577818975596e-05
1.400173423542862619e-04
5.900464439868763523e-05
9.482683275247920590e-04
8.871851554310149527e-05
5.622319520640626286e-05
1.286870785020801039e-04
4.355107343049798951e-04
6.571601395892399640e-04
9.598706750014996108e-05
4.421868830674655169e-04
6.373618333721590675e-04
8.795469669328226674e-05
2.938792241449091048e-04
6.274117994081942909e-04
5.422513903640466390e-04
2.351242771745600988e-04
6.375023265923824472e-04
1.973041077709549818e-04
1.231949702327822613e-03
4.897579337498429155e-04
9.105251316908286258e-04
3.981850366274753143e-04
5.315405797441414160e-04
4.407646478002166367e-04
3.204996213751785472e-04
5.584237874790818918e-04
9.744685567742364515e-04
7.993817786344555726e-04
4.138658348949514820e-04
4.207685641932464504e-04
2.444264107367538608e-04
8.901873459251636971e-04
2.484374181012777272e-04
4.255327947495584858e-04
9.534520848148870251e-04
4.010856124311990966e-04
2.420472520409767752e-04
5.889528810985150123e-04
5.089977539802153584e-04
3.946461120264258850e-05
2.990812945328158662e-04
2.486207894984722552e-04
6.843553052822737336e-04
5.441259103375736730e-04
1.997865160138233059e-04
3.981674429303444724e-04
3.386484219681622221e-04
6.223192705933033820e-04
7.541990610341744528e-04
9.896355118304687082e-05
2.256497943117042140e-04
1.487121320687235333e-04
5.156909559049999755e-04
4.386321038351843177e-04
2.644982544246145153e-04
4.798167259973299499e-04
1.474241526160876854e-03
5.496821286497011487e-04
1.575656958799537852e-04
2.563549241532254953e-04
2.730915329288177121e-05
7.599275547405656347e-05
8.507514217595838141e-04
2.871235594412973463e-04
5.981719272058137445e-04
2.189194933018303289e-04
2.350670390621119614e-04
3.583022087893743659e-04
8.275846843865433374e-04
8.758954594863080671e-04
7.230166990525956940e-04
4.620639636219239084e-07
1.218638898297160584e-03
1.653801972025862297e-04
3.726914007318886580e-05
3.077218892063572045e-04
2.379443754779373950e-04
2.336023284144269964e-06
6.612116189608614964e-04
1.754631791479160897e-04
6.763700434259138292e-04
1.373937431539817107e-03
4.266254672862348010e-04
3.678155590329845238e-04
4.218498756696149096e-04
2.479613250284868654e-04
8.303397472819069609e-04
1.458227053428990923e-04
3.942782700653692327e-04
5.187009366539276816e-04
5.639145650730368600e-04
3.666564225023868440e-04
3.307894134295733522e-04
4.558443234082024077e-04
4.088786438565819256e-04
7.081574227781133567e-04
6.898943513155906919e-04
3.471682720396346007e-04
1.315617417551844112e-04
4.521040066021669943e-04
3.574511217721429912e-04
6.949181085757786744e-04
4.236056208415930543e-04
1.580623453744593840e-04
5.738156301414232881e-04
3.363234373924897116e-05
7.331275691429306766e-04
1.205596782040588803e-04
5.857920385203063207e-04
8.231712819242964453e-04
7.301366311988900749e-04
1.072049601149365958e-04
4.174519838637830312e-04
3.540517298706441496e-04
5.521207321277749828e-04
8.629009383395098748e-05
3.021467339812755420e-04
6.085587953119711568e-04
7.608411677605124608e-04
5.010736439449823979e-04
5.051732528232577004e-04
8.256225481182911290e-04
7.703227734998448380e-04
4.442970640966255411e-05
1.977863232941463162e-04
3.927812009022700591e-04
4.952029404942304884e-04
6.783125267576358081e-04
6.420371183407171415e-04
2.308200573481941078e-04
6.472102941635148954e-04
8.493763180626846907e-04
2.188152389243263934e-04
8.444295403496938110e-05
5.353547412908677035e-04
4.929703416169254129e-04
1.070688301762766229e-03
1.958486662878669603e-04
3.451206841843778564e-04
8.684204134582481716e-04
5.624743617924522071e-04
5.403288171914003447e-04
1.241749935009383719e-04
5.185438416488793870e-04
4.378881519910518983e-04
1.311093736814470268e-04
7.086872803948996271e-04
6.607741965857028346e-04
7.204055959279693231e-04
1.107191865912507704e-03
6.818054083462402395e-04
9.436681492511244176e-05
3.601029749854531606e-04
4.466421503521655293e-04
1.139118081574254024e-03
5.403585699735049229e-04
1.026402429225015383e-03
2.669369807433375689e-04
3.958781628151454872e-04
3.181479386816574292e-04
4.586767150591398675e-04
3.892627122954942084e-04
4.594962843188879248e-04
7.248198906677369652e-04
2.489089653726746991e-04
1.856556724605152068e-04
1.380666820494999699e-04
4.483100998073584454e-04
3.862600872809220510e-04
3.895764627406157212e-04
2.436522362909021187e-04
1.309112100484157099e-03
4.944675580258290574e-04
4.841851171225052030e-04
4.270238635710977768e-04
4.823460365609840914e-04
5.908354566262263635e-04
