1.285605571044897560e-03
2.092719346713528810e-03
8.658902785310869940e-04
1.170989686857866691e-03
1.019388716617892826e-03
1.801935542367814674e-03
1.229107257447687417e-03
1.163541906426509513e-03
6.815809975445306923e-04
1.754976332047459295e-03
8.606671521929641416e-04
1.559050054501788692e-03
9.923692222114320876e-04
9.973835051209662284e-04
1.962738370404394118e-03
2.845326690101450395e-03
1.155730650429680813e-03
2.855268462378463424e-03
2.281603621970557192e-03
2.724369420259385808e-03
2.831438626846172115e-03
2.050544632542262557e-03
2.264073541784173207e-03
1.293221913807761012e-03
1.042661755207611356e-03
2.912310175223092965e-03
2.695950714976425196e-03
2.274738173378600646e-03
7.252211754763796979e-04
2.238687635834452853e-03
2.402509308438126323e-03
1.770292465676868076e-03
2.971354602281312766e-03
9.603175517840796104e-04
3.098060131558644324e-03
2.971176698331111539e-03
1.945992858145497708e-03
2.360798608152599783e-03
2.325573122701403341e-03
1.698445449271888171e-03
1.991070297828751411e-03
2.790320412849948018e-03
1.314636402157339868e-03
2.792379009485021490e-03
1.947065121160352144e-03
1.774130182374033041e-03
1.194864523892413518e-03
7.406334380907878033e-04
1.480554687163968333e-03
2.130432444342792407e-03
2.064102608933381967e-03
1.182588635798503514e-03
7.354150933622713698e-04
1.404093765093901132e-03
2.524931825907677542e-03
1.483420431767250693e-03
4.191417039410687837e-04
5.057632812339848873e-04
2.360942612592468494e-03
1.668496228365098965e-03
1.088108264725517723e-03
2.023953801004221061e-03
9.528844549148405858e-04
1.873104240805807804e-03
2.232028808446621384e-04
4.472947829089179701e-04
9.821510755457798190e-04
4.675998504936935583e-04
1.030781921250641889e-03
1.281775845761510494e-03
5.996716669996358332e-04
7.881569128444009063e-04
1.927324885060369836e-03
2.056391777867086143e-03
1.148492090388255130e-03
1.181285585034632735e-03
9.472089756529248261e-04
8.999558813596547722e-04
9.115539250763578065e-04
9.906537868745225479e-04
6.515035912760185977e-04
8.313625098324790635e-04
1.501921477266247818e-03
1.387950069093295529e-03
1.584495473583268088e-03
8.812802703711224281e-04
1.104861825088049049e-03
1.254161903899365244e-03
5.782988176229177059e-04
6.490305194102485202e-04
1.467654818886634377e-03
8.040805774652989802e-04
1.104827691078682627e-03
3.013058760552208767e-03
1.038361264167745853e-03
6.364007377296425306e-04
1.574669312667152914e-03
1.466078120602468116e-03
2.416534122578915464e-03
5.325698727074380974e-04
1.912986129815813681e-03
1.006781922885893570e-03
9.687485087156367429e-04
6.849527130293388711e-04
1.380797507382507984e-03
6.423064703446117142e-04
4.889163619039295057e-04
1.891223114977864288e-03
1.346230222112319332e-03
8.514549016759859071e-04
1.215799395775492286e-03
4.762699093882223080e-04
9.797361122995597738e-04
8.172860357519764335e-04
4.519161223580567526e-04
1.036329422371451946e-03
1.000166051254426517e-03
1.601845702946793400e-03
1.218381446560917736e-03
1.186641990363838245e-03
1.107222412723877364e-03
1.174127239313174382e-03
4.120542223362152166e-04
2.536641520271222441e-04
6.277890276779306018e-04
8.313076606041061275e-04
6.100875378431526528e-04
9.247214977494977450e-04
3.386431247692055636e-04
1.380072063234173306e-03
1.385337642005960053e-03
1.169018753691903993e-03
1.631437503053400056e-03
1.906384035886571392e-03
9.393136933085051129e-04
2.306965878185045747e-03
8.145357942513700971e-04
9.165922984976053586e-04
1.310382006088860987e-04
5.425787972356908156e-04
6.078568748015142570e-04
6.908040842129618483e-04
5.059334615838546574e-04
1.199289406945525755e-03
7.088018954686766456e-04
1.464104107927777752e-03
4.860673613788713465e-04
1.628164361455870963e-03
1.749452749140020715e-03
7.462149218394537650e-04
6.822814936293005979e-04
6.072673899846731203e-04
1.375085978934260976e-03
1.343778160144194788e-04
1.522596724836202536e-03
3.335018775777738413e-04
8.985062542572714661e-04
1.902700034152986436e-03
4.351916324084358686e-05
1.386857063567533636e-03
1.057835393183884998e-03
1.510130532815838911e-03
8.366920318342089798e-04
1.544170749659368527e-03
9.120418620037709255e-04
4.790374427407775534e-04
1.806225694630971511e-03
1.229860261945300024e-03
1.473662403365659816e-03
2.206752005773614418e-03
4.535865929452287415e-04
7.065995867148372250e-04
1.438549908977811978e-03
1.194627397485227213e-03
5.959318639798641707e-04
1.354226116512038990e-03
9.333779350049739359e-04
1.264390153403920428e-03
1.054422121991980925e-03
9.343223085423481549e-04
1.068768832846508227e-03
1.115143420647267099e-03
6.632527257254826640e-04
1.673136555456930215e-03
2.026260386100033669e-03
8.839699774390660661e-04
5.331770340448154909e-04
1.184410126426723364e-03
1.019126454673105562e-03
1.107735103242585804e-03
4.369329043405209903e-04
7.863654377874961660e-04
1.685259056739578896e-03
1.353407361108959839e-03
3.678165910105879390e-04
4.930742324376354664e-04
1.900386225958926702e-03
2.476029105238638367e-03
1.410302482968143773e-03
5.399653176368562684e-04
2.100376484566611815e-03
9.283270205312695597e-04
1.035090393768756329e-03
5.748520135861850651e-04
9.922140625215180709e-04
7.300842151291209907e-04
3.492712767082263299e-04
3.199148671076743403e-03
1.080008452722363860e-03
9.089726113042010227e-04
2.375129107151179551e-03
1.271337511275294008e-03
4.048818589360754245e-04
1.369131858842095092e-03
5.941932222690621181e-04
7.830584522583654110e-04
1.786430429395882442e-03
9.627507301181553430e-04
6.146779992475418040e-04
1.717618197730590114e-03
1.194191357440153043e-03
8.623226982971542599e-04
8.082864812378610497e-04
8.717923315919896832e-04
6.518707646598874157e-04
8.563409948802305294e-04
1.016072398858239431e-03
9.487732844732124334e-04
8.586261527465469936e-04
1.149191324217872529e-03
1.655184701778627697e-03
5.268685965642095964e-04
9.445859837919654911e-04
5.838088562798445609e-04
8.130072242415411652e-04
4.725358969033481961e-04
9.528989545506324219e-04
2.046553070231975618e-03
1.089243339809234292e-03
1.972554118084980657e-03
1.140791386166477859e-03
1.959189631229999763e-03
1.040577983781747521e-04
1.046454194772055086e-03
5.081033428859511696e-04
1.368583812151590593e-03
6.235483439093014550e-04
1.507571873309571878e-03
8.448411140257024382e-04
1.661081348962471565e-03
1.449951376007271213e-03
8.631188418320864201e-04
1.598512362208096916e-03
5.969929486362564276e-04
9.037806919139065647e-04
7.533481569006403051e-04
1.912750174303560688e-03
1.228034081162554352e-03
7.136747703743940218e-04
1.387528671082015981e-03
6.506752470823212644e-04
7.525417664293727838e-04
1.448235254503710398e-03
1.402965474723501769e-03
1.245337063576487397e-03
2.070221011935741151e-03
2.020934239451524419e-03
1.398145403251132516e-03
2.724868147040342223e-03
2.219658948066174399e-03
8.769421329567042610e-04
1.223914711903252702e-03
9.305156398059778690e-04
7.210231468828142863e-04
1.519911953319596099e-03
4.373299298470955613e-04
1.871234514079087290e-03
1.414566112866629585e-03
8.229954725691182539e-04
1.072408258433789948e-03
2.304393294091290449e-03
1.490452434366928243e-03
1.706201498076603471e-03
1.532282164835942683e-03
1.399726809623018809e-03
2.230006746525744522e-03
1.672110893332109547e-03
9.072985590360360631e-04
7.355267053759309689e-04
1.667243581348384039e-03
1.084296960475443538e-03
7.459548411954679444e-04
9.437575742152496056e-04
2.304936495046160366e-03
5.047566580771779051e-04
6.895360265013503014e-04
1.305873492026109455e-03
1.725762493385273868e-03
2.003083585981807468e-03
8.855554875458736827e-04
1.075700151632068627e-03
8.677913861698898206e-04
1.276298161667306858e-03
9.196371493344603293e-04
1.321852813293311699e-03
1.677091978283298682e-03
9.573036584830355196e-04
1.777804314672312095e-03
6.434385154847018819e-04
1.154338494776440934e-03
9.724627556315207887e-04
1.186227258971586998e-03
1.171467427301667395e-03
2.717126628279780028e-03
1.874450391867845626e-03
1.418612498912201567e-03
1.080037777924693684e-03
1.264486303096421871e-03
1.022374380109969264e-03
5.327754232673302366e-04
5.278358823276929407e-04
1.522275113111907227e-03
9.295171955521390819e-04
4.043908917864490172e-04
1.675423255033537523e-04
8.213029662959970938e-04
1.591566155739164608e-03
6.676150521251555210e-04
1.451384632920290621e-03
7.249357804668672516e-04
1.575285763697691511e-03
1.245475595017886102e-03
9.497465221712285757e-04
1.916404953574486758e-03
1.036295404837723685e-03
8.744288507694653045e-04
6.806732517994255145e-04
1.376975165536026410e-03
1.419788389681703525e-03
1.279763914485881069e-03
1.034360665958129148e-03
1.183603443958089127e-03
4.495063310414994045e-04
8.053091604971208397e-04
1.835477335587316038e-03
1.567130351266342097e-03
5.936388547352591978e-04
2.706440059177817655e-03
1.837110507222853434e-03
8.117807098228003743e-04
9.855074692571934823e-04
7.556556242448795712e-04
1.482165385489950639e-03
1.183361784305224026e-03
1.247153128025729751e-03
1.068346803175349979e-03
8.242700100919945084e-04
1.461469283698625101e-03
2.194155599104679645e-03
1.132781196589030884e-03
9.442226337159690102e-04
1.296745642694311154e-03
1.658341340350070418e-03
2.414645560341058207e-04
7.887464827608843283e-04
1.061376653994297679e-03
2.288255247486609221e-03
9.610322372765967101e-04
1.205859319175901084e-03
1.387148819430212426e-03
1.571949213331663535e-03
1.370544100927854198e-03
3.660309463955019414e-04
2.445934293479768134e-03
1.190550630272291027e-03
7.741324510285002135e-04
8.989399670652879499e-04
1.161986318132599526e-03
1.661680552628777389e-03
1.214711907292069645e-03
1.052932468395626452e-03
1.013473183625250617e-03
7.833946255992123818e-04
1.487899663637817218e-03
1.164730397519579642e-03
1.552270881358391126e-03
5.012088018192277158e-04
1.123482534970176097e-03
9.654384233267303272e-04
6.448710913420847065e-04
1.153024015847704115e-03
1.186120363955616873e-03
9.551982245585763625e-04
1.307159501291355009e-03
1.045262560319466533e-03
1.368380259358064743e-03
1.358122840153866960e-04
4.758853272723777652e-04
9.356108705391031743e-04
3.291541072768706141e-04
6.752166998721003451e-04
7.232034339896959135e-04
6.239748800911139315e-04
7.237036372534115178e-04
1.242196716551428100e-03
8.523692496282643050e-04
1.915752976894752324e-03
1.098649342530808775e-03
1.146067541154533256e-03
1.799715785486507126e-03
1.154508560907485876e-03
8.266628017906185255e-04
1.111185393605844743e-03
1.368366748052622650e-03
1.299736165807142225e-03
5.847158390357022183e-04
1.019854754548875581e-03
5.059069100346200122e-04
1.431991847302746925e-03
6.024453925956903960e-04
4.385326257042023671e-04
7.353552288610682624e-04
8.084262270978200427e-04
8.751802983766861308e-04
7.758253215126233344e-04
1.399541783847269884e-04
9.299459861350853210e-04
6.058777443015973515e-04
9.638354585005236980e-04
1.271064142011292834e-03
8.739366806336632161e-04
1.689149102516451090e-03
8.627959746159828301e-04
6.959653109908772511e-04
4.075015692080130808e-04
1.089038158981523981e-03
1.346266888171565200e-03
9.494275202473092916e-04
1.978202108857405380e-04
6.793849327408414858e-04
4.828475236212959607e-04
8.994364026946383628e-04
9.858565632498113903e-04
1.130041684153856646e-03
8.985260364045606499e-04
8.053269577518002657e-04
2.224107872108073598e-03
1.075181993670489781e-03
9.857118020997522947e-04
6.865585087737982465e-04
1.314375500880174581e-03
1.410662125445276589e-03
1.149688786098156893e-03
1.043530381896557921e-04
7.421981476276740940e-04
9.462206422385901127e-04
1.278375813937774165e-03
1.522392199399457682e-03
1.570107277049848831e-03
1.650059033875110126e-03
1.362340007894265398e-03
8.416108053256162120e-04
1.531912800769364954e-03
6.610530903300417200e-04
5.248142871911091849e-04
1.205175401079381032e-03
6.162287887715812767e-04
1.448203517475737294e-03
8.026975277942185972e-04
1.045699702929383298e-03
2.043683181441100123e-03
1.143009143764215762e-03
4.192388279182245373e-04
1.400740967194104031e-03
9.304688649897138036e-04
1.314980346735490678e-03
1.127346493225575173e-03
3.466638838515263485e-04
1.717148863349121299e-03
7.210206596570720812e-04
1.148648701141899474e-03
9.333975783098019370e-04
1.637464711828360729e-03
1.504493505253474885e-03
7.262334622854021895e-04
8.617757859899992769e-04
1.205755495561919820e-03
1.135321166878070940e-03
1.122830502162171879e-03
1.344817966493010728e-03
3.045017138150080691e-04
1.360883363868221375e-03
6.780429932497010308e-04
5.277250190827541959e-04
1.478219397370480071e-03
4.011291505697686904e-04
8.966969816372130251e-04
8.357549921503115275e-04
7.530056026796746712e-04
9.492469737019625358e-04
7.413746494685008372e-04
8.664293566093124411e-04
5.095158479730337942e-04
9.848725680092402547e-04
1.457513197778908176e-03
1.305325091977301184e-03
7.455081824582999658e-04
1.126267713541612104e-03
1.681846292264052882e-03
1.999227786545611316e-03
2.045878252877591803e-03
1.327954395516153579e-03
1.569668565436957647e-03
7.948785985568635262e-04
8.148928264117041549e-04
9.998596921640115140e-04
1.374714582144781732e-04
5.142778777234216633e-04
1.450068337041982751e-03
7.493167714588853598e-04
6.764623895500394314e-04
1.171353189247231199e-04
1.760725414459927843e-03
1.652904006763878861e-04
1.893841724531738699e-03
5.618799096800897652e-04
1.091830531716159831e-03
1.110446293144101400e-03
1.180016097720906548e-03
6.455739409864118174e-04
1.470327042675307954e-03
9.041318047916061537e-04
1.024432634047436116e-03
5.623006203929859599e-04
1.329894736259828363e-03
3.689191184236864348e-04
4.099918135909254909e-04
1.491327811798033283e-03
1.130969888239758987e-03
5.483333422485358504e-04
1.759099106236741055e-03
2.161836437985018358e-03
9.719200114806792867e-04
1.185718079696787249e-03
1.378834248531571631e-03
1.120137041583770931e-03
9.624551007788211335e-04
1.445778373717876951e-03
2.018048861590530842e-03
1.008600189959059671e-03
1.514917995812622422e-03
4.127374525249780904e-04
5.985728826651913860e-04
1.632820193931911433e-03
5.915670100978904968e-04
5.742615645102940427e-04
4.434377703074453021e-04
3.861151272651583443e-04
1.320431224428007810e-04
1.560407631172204979e-03
1.480426387595417097e-03
1.214600128694758334e-03
1.846433042237539610e-03
1.920235533532369280e-03
9.449905811958527737e-04
1.505454661097633271e-03
9.941388176743131203e-04
2.349519536480682632e-04
1.281245905413220827e-03
9.101281924758953135e-04
2.714153279076869543e-04
3.011448695135358141e-04
1.291053944105463418e-03
5.582101379097681969e-04
5.977584205853193845e-04
4.341397097242735985e-04
8.641108460086438557e-04
1.444690606737966936e-03
1.998828236916516590e-03
3.964694251181811514e-04
7.310300162884798142e-04
9.154746355664898421e-04
7.715350388860768181e-04
9.293712479025932182e-04
1.451663613605225830e-03
1.631439532854085878e-03
1.004743324398611271e-03
1.658521023109083914e-03
6.902767903277497261e-04
1.175057977249532567e-03
1.030893803182567287e-03
6.107723396039171308e-04
1.005535896422592732e-03
1.641669749048482426e-03
1.180357562985681662e-03
1.753494754909814971e-03
1.411317652317348832e-03
6.661756756652998301e-04
1.185447246399021258e-03
1.931149743626541480e-03
5.974241238666741245e-04
9.090599081501397633e-04
1.647793998359343374e-03
9.424635207841958705e-04
1.291723483568094251e-03
2.111387758673480969e-03
9.541894359489109037e-04
6.333929344868263365e-04
1.057724817161413960e-03
1.392323071873864063e-03
1.772957370218258529e-03
7.650560274365424736e-04
1.717561688201092512e-03
9.238480411543174842e-04
1.555106685504444985e-03
1.844816392751167300e-03
1.212843736709907395e-03
6.136278266250021164e-04
1.517819394567333129e-03
2.311182775751457487e-04
4.285827185799715648e-04
6.768680614888769901e-04
2.527671968584214567e-03
6.173603118002396646e-04
7.085145064018457360e-04
8.005292787040160481e-04
7.064355094198923862e-04
1.104119600022519278e-03
9.803536948638309680e-04
1.595480189074929790e-03
1.273649551381436347e-03
1.176580874340677754e-03
2.052363897174537977e-03
1.289529304119151716e-03
1.044563306800431069e-03
3.692523031418229310e-04
1.203109733977264549e-03
5.252368903677763576e-04
5.411918813407388907e-04
1.427192475290924327e-03
7.363993742564302033e-04
5.912114704254705115e-04
1.601982053332983704e-03
7.441151471453064103e-04
1.208150293178703602e-03
1.189077522315186083e-03
7.246860292867531375e-04
1.350713148924299889e-03
1.415935676440998161e-03
7.764224162662035009e-04
8.717541756220359862e-04
6.293381054299601292e-04
3.520196668190088288e-04
5.449741982839715346e-04
1.233573916215840571e-03
5.136974731229172796e-04
7.358103583775407958e-04
9.408256075766533279e-04
1.018767380933919241e-03
1.291689139986649387e-03
1.174357607362859013e-03
1.011269995167382932e-03
7.821298061856809354e-04
8.302270752521296194e-04
5.166375155376699748e-04
5.338210257786546800e-04
1.591654281058217353e-03
1.343745733175461020e-03
8.416084396350893837e-04
6.687482136632851319e-04
5.143171822650085623e-04
1.032049245321879725e-03
1.542017601009901750e-04
8.022000368429501151e-04
9.113969254239045808e-04
5.594265397658681983e-04
1.290209150875745552e-03
1.974490099749891692e-03
1.425847130085018330e-03
1.099881646434591005e-03
1.008192212554778885e-03
8.004166538648930856e-04
6.326881444158575932e-04
1.104866435284756511e-03
1.504869876253177915e-03
1.125650186929860871e-03
1.382189861874086019e-03
1.561627074599098277e-03
6.932068598506503469e-04
1.150067529722029538e-03
1.100693382584023300e-03
1.157672382949857370e-03
1.141672400425743821e-03
1.430044950902219702e-03
2.765129429990842804e-04
3.474745520911410473e-04
1.749797011547958537e-03
5.481859949408180712e-04
7.566507928150248809e-04
1.779853064899577326e-03
7.999311938718370232e-04
1.482921384121258131e-03
7.391456508753567294e-04
4.348674101609056419e-04
6.728721489749614135e-04
5.898407347040252697e-04
6.501304560496230442e-04
8.601453663287572443e-04
5.668912027503343479e-04
1.419819130611107766e-03
1.555910053515174472e-03
6.662242954685177994e-04
1.310986348565905835e-03
2.348180287706021392e-03
1.477496401315751915e-03
1.193140345093558850e-03
7.747314643573828064e-04
1.298316506061074870e-03
4.855776870205596400e-04
4.456278004614017325e-04
1.152078788640166799e-03
1.415178440400698991e-03
8.233299226615276153e-04
2.219241339174813071e-03
8.421590544468015443e-04
1.775555804001714873e-03
7.925130875146536250e-04
1.134250831041587384e-03
8.529006240016630269e-04
1.051505128484272588e-03
8.675126126984649593e-04
8.110113026438134842e-04
8.378077737622102120e-04
5.217357172375461068e-04
1.570030050917718646e-03
4.046015361654644953e-04
1.087220813591880785e-03
6.720936189525068870e-04
4.306047185305261608e-04
1.202009478737938375e-03
9.304626472344308284e-04
5.622341204065444331e-04
1.958703891467535214e-03
2.912998595748792288e-04
8.090407519662717135e-04
1.030741308359767140e-03
1.738964583219802709e-03
2.875894777650694206e-03
1.247714410559970380e-03
9.808306970444072466e-04
6.216698810253793199e-04
1.168385645053981016e-03
1.278395215404238162e-03
1.540050161664190554e-03
5.581026745756923878e-04
6.433308496895464874e-04
1.070594065653545117e-03
9.546197299773285594e-04
1.093589650916593691e-03
4.230307897977295161e-04
1.853235255726553817e-03
1.107882759037458512e-04
7.378646451177716704e-04
1.080811697894445674e-03
6.914351901572302495e-04
1.591373751344723510e-03
1.071857377772152814e-03
9.830585262719290091e-04
1.067299109315939182e-03
1.106125550045686636e-03
5.595092843000260387e-04
1.328310338313451553e-03
7.690523135056434242e-04
6.479537147935789760e-04
8.449037248467094943e-04
9.332652900768560527e-04
1.480192365107480456e-03
1.251321113441514112e-03
1.866212201704307242e-03
2.672777665358808726e-03
1.510423162007926493e-03
1.242082635921026379e-03
7.722383554359071216e-04
1.225702662244002429e-03
1.854624458275979043e-03
1.275772417288735571e-03
7.352175204732516603e-04
7.114458515350448450e-04
1.366613173125308606e-03
3.414274490132378280e-04
1.073853135489780250e-03
5.135746690657892483e-04
8.790460908347795576e-04
9.437635363359561397e-04
1.415725558041004738e-03
9.100291758266036268e-04
1.260839666497541329e-03
1.417029850379281520e-03
4.882774134678173985e-04
5.983488932173588667e-04
9.373363831053685945e-04
