5.162756737488271143e-05
4.869747207376605154e-04
3.615223857024275965e-04
3.835779537334158820e-04
1.709409411209974509e-05
3.659458965989216723e-06
3.061466591946827051e-04
6.672609593477994748e-05
3.158042535277575313e-05
9.980381165517523951e-06
1.149725823664795536e-04
1.041082632979865494e-04
1.012740606136090956e-04
2.006372264548699286e-05
4.400924437668728381e-06
9.580107003648035760e-07
1.978579068855406537e-07
1.459894511051166818e-04
5.645943184809010876e-06
5.979040945803560389e-04
2.192193414943581172e-04
2.994343378784308069e-04
7.206702450037286460e-04
1.362017250832214680e-03
4.368863983843126173e-04
1.381550323318518061e-03
7.007442439694449047e-04
9.323135132989960163e-04
1.833427397361325805e-03
6.252377618321849602e-04
2.980337796745345050e-03
2.063432101609958321e-03
2.981987186516055384e-03
2.820666135774745932e-03
3.874679786499950467e-03
3.966129541293126302e-03
3.221495691427349404e-03
3.938316482936902140e-03
4.924032398333048899e-03
3.638252993064484617e-03
4.842905657151186545e-03
2.730637216491205339e-03
4.888250533146985995e-03
6.651359055030275393e-03
5.656378300122849416e-03
9.422834815244045606e-03
6.142526852462391190e-03
8.079238932529006142e-03
6.631817328869504466e-03
9.747088055426008507e-03
7.564450788499666074e-03
6.718556245568952853e-03
9.260311749502479414e-03
7.695379190421507143e-03
7.023674549426684420e-03
8.244598698030602621e-03
8.790122031734478800e-03
5.665302353386045785e-03
8.837808682030431212e-03
7.387606647600192776e-03
1.150052434571074457e-02
9.349367506155170648e-03
6.656474710781330392e-03
7.142404376720887758e-03
7.968548486604576722e-03
7.243615527169008222e-03
7.420635508105414592e-03
7.889504811381521307e-03
7.888102704714969673e-03
9.669541094240646784e-03
6.452531008876228810e-03
9.151760054326297036e-03
8.523840967873593313e-03
4.195355417549114646e-03
6.525519029934598661e-03
9.468701213024535018e-03
8.169729642538842151e-03
1.169114842551797519e-02
7.798020858192956060e-03
7.137678166966416986e-03
9.552458339638742260e-03
6.243213635366829523e-03
8.967522838976777280e-03
6.800864361338159261e-03
8.355982809257067254e-03
9.747307352861328891e-03
9.342086185265562753e-03
7.487172645637060579e-03
7.402102503545824642e-03
4.411097511620879451e-03
1.034382235016318222e-02
8.634294961345753694e-03
9.761404857582131611e-03
9.699549007757579319e-03
9.005266174890832337e-03
6.475423204654296230e-03
9.692404404299991005e-03
1.170053282612243568e-02
8.579253102753110066e-03
7.103989067950421121e-03
6.674991854211918124e-03
8.791782308017777672e-03
9.130084501607826572e-03
5.691642962990740330e-03
9.466340055137327167e-03
8.441333237411289062e-03
7.906480318884150441e-03
9.438305787602914443e-03
9.534805159653672590e-03
9.057433201396607875e-03
6.727758604017765841e-03
6.630760463735582352e-03
8.661452024061580893e-03
1.000865434987222545e-02
7.876338908970312302e-03
6.404907863944179700e-03
9.606506069296073119e-03
6.130552774143455987e-03
7.472467861255448901e-03
7.991470428152637126e-03
5.858698908701239112e-03
6.080357701420168251e-03
6.479434345230477947e-03
8.069319290599214975e-03
4.392650609730610299e-03
6.123161539707937424e-03
7.871870017037738837e-03
8.672739652713467098e-03
8.184628526289925918e-03
9.890047253980460695e-03
7.325182196793230543e-03
7.125113831456509304e-03
5.969339312731923412e-03
6.334277474375937106e-03
8.723086122621740574e-03
7.970446672143209968e-03
6.444125885682060011e-03
5.999757882612129743e-03
5.828807838967882231e-03
5.884797935508739690e-03
6.639457884926012327e-03
4.875777197744019485e-03
6.630894398022538563e-03
5.144395441826793425e-03
6.114157208312020683e-03
6.645350573665436723e-03
6.296800728528198672e-03
5.871305643296432022e-03
6.939965809625856137e-03
7.632562047415863624e-03
6.569526136652852240e-03
5.987505184451112974e-03
7.620830543988879428e-03
6.543320519439538296e-03
6.374624986182180798e-03
6.887975861953230319e-03
5.372037690700728028e-03
7.640124002583613752e-03
6.501632474754560562e-03
5.974177060766361347e-03
4.448894838308618815e-03
3.978434135707034462e-03
7.968779418012533061e-03
5.312567972837700832e-03
5.740188818134257624e-03
6.598762690418385861e-03
5.835222208529313760e-03
4.977081044350222666e-03
4.989895556140762183e-03
6.339797802593122485e-03
4.294898091636306300e-03
5.398311715533410556e-03
4.012380663139204426e-03
5.503901111411982350e-03
4.644986987466345058e-03
5.612485163233024710e-03
6.355211819092787019e-03
4.336126254254333776e-03
5.513654459672498627e-03
7.755244695861759387e-03
7.238797984190739263e-03
4.780989532912217205e-03
4.509522935983316209e-03
4.770561553013169531e-03
3.991180775988904632e-03
3.689217173392655980e-03
3.957092255441317132e-03
3.875248569380512764e-03
5.167189893954218793e-03
3.411146994339447468e-03
4.873219161607025320e-03
3.286685878322216734e-03
3.588794335804289509e-03
5.293111535262912636e-03
3.604532572538157644e-03
4.248796923523691545e-03
2.642389749234157117e-03
5.509371750662009869e-03
5.647135617341482797e-03
3.841619487651882960e-03
6.768310279413724401e-03
4.587674427147641829e-03
3.565765583342515605e-03
5.108913194169921977e-03
5.579736102774656911e-03
4.069916922927254398e-03
2.974164077140233498e-03
3.884515939102147451e-03
7.256440341374199160e-03
3.506438297101021912e-03
4.897519964641966483e-03
3.767977358988706862e-03
5.094321011149895856e-03
5.026656159059122650e-03
3.207394347010785688e-03
4.459123679301605150e-03
4.001696423524613716e-03
4.550534837827908789e-03
3.163458091528517473e-03
5.637580009400787115e-03
3.403580923356331733e-03
5.932980323883571029e-03
2.594493853207853126e-03
5.202344488396524851e-03
4.246819978712413832e-03
3.097093756794582278e-03
3.818945088543435843e-03
3.483795221594006199e-03
5.449836949171822306e-03
4.697067903758433624e-03
3.558168930146952090e-03
2.723588669624825952e-03
3.468945490449429087e-03
3.079932587456886157e-03
3.418669483209903128e-03
4.496198007569870807e-03
3.815046445758098724e-03
3.403583352697925075e-03
4.766949493718679147e-03
2.827753286199163885e-03
5.200403537170541698e-03
3.515510626089689110e-03
4.361778311434886743e-03
4.105355015108688374e-03
3.615797700211884590e-03
2.954562846183313076e-03
2.843720435424168178e-03
3.380244658827863055e-03
6.582866745649449888e-03
5.126771953391441768e-03
4.369571313857786160e-03
3.328535328994811950e-03
2.741195298848786953e-03
3.477034578147631273e-03
4.674328744702485605e-03
3.509265953982369790e-03
5.013200742488580809e-03
2.712875465492819212e-03
3.750217998127076350e-03
3.931610454922920828e-03
4.423469674987181785e-03
4.613838266455737129e-03
3.764574150979737958e-03
4.342268777927061132e-03
3.842779941830959303e-03
4.636353376705813420e-03
4.301329086359609137e-03
3.956932080355949136e-03
4.214108691975993262e-03
2.182423903551533248e-03
4.888926200418765820e-03
3.466426060209624928e-03
5.049913426715526253e-03
4.531507666544306451e-03
4.746414901798690425e-03
2.484256108590918600e-03
3.161174350660577066e-03
3.798198053105045126e-03
5.275595407386163976e-03
4.337204833254787971e-03
4.898998143690710266e-03
5.221822700880505638e-03
2.083836015580544602e-03
4.386628481422306589e-03
1.980116762194108690e-03
4.512409303171022353e-03
2.889928179462788321e-03
3.493053086207710111e-03
2.550280608810521783e-03
5.001115005038249753e-03
2.761337425271643414e-03
5.112549343988831430e-03
2.584442463659817300e-03
3.171783533576972604e-03
2.387274029284317586e-03
3.259656237563362743e-03
3.111180672626872885e-03
3.354860994746778746e-03
4.305492767812351199e-03
3.919299042074666020e-03
4.866796211247643132e-03
5.317170503261495380e-03
5.427538051383617827e-03
3.927548985966067795e-03
3.808665427558744626e-03
3.095138624078089869e-03
4.976604802355819729e-03
4.107625807911434966e-03
5.648637904058668828e-03
3.654665773123799005e-03
5.938479680033951873e-03
3.991908815349149049e-03
3.502999243648706375e-03
3.470338254068859162e-03
4.024791388763339015e-03
5.317090931992326207e-03
2.222056450981191658e-03
3.141713874449912625e-03
3.781384006784456724e-03
3.585962024491044006e-03
3.236909257116675660e-03
3.531120991498797566e-03
4.297661370004204721e-03
2.838936048258275651e-03
2.353767375165413157e-03
5.234075928853711319e-03
1.978339488071407040e-03
3.424727153418889378e-03
6.460315333489447323e-03
3.520206847370078301e-03
3.323515356200114085e-03
3.272832198526523170e-03
1.247887909493641465e-03
4.068401602051957902e-03
3.534490959858619177e-03
2.624202173486591804e-03
2.763090170684748183e-03
2.557109271385811945e-03
2.550413704137891729e-03
4.318063717114131554e-03
3.187385639839074997e-03
5.435289207460446657e-03
2.760017472798044231e-03
3.392619492949379163e-03
4.255583614954828661e-03
3.847807874429483212e-03
2.658663706533561603e-03
2.985782429037157557e-03
4.100054845220515651e-03
1.821272359859863561e-03
2.364471062776026932e-03
3.264623845891705123e-03
2.351663696920121803e-03
3.586397869653333570e-03
4.022053345701382711e-03
3.232209155646100819e-03
3.722089008463577101e-03
3.881167448143104260e-03
4.837363098688485241e-03
1.763622513743824021e-03
3.216950311913904532e-03
2.645248995343205210e-03
4.444387957665398535e-03
1.855753506569033165e-03
2.891278517254574406e-03
3.033013061390834458e-03
3.446922616813119945e-03
4.379520871812076117e-03
2.405524331487805118e-03
4.266341805725136667e-03
2.607383245163955553e-03
3.303290281824231012e-03
2.598561571290288180e-03
4.655902992614075094e-03
3.256340456026035873e-03
3.376116429903966345e-03
3.148644249519549042e-03
2.157906602572367671e-03
2.133072723985540969e-03
3.168156075227615033e-03
2.200868667082183251e-03
3.305601721511842919e-03
3.056085760478948529e-03
2.511696672273072174e-03
1.721232212518179327e-03
3.381796066271518936e-03
2.118614960943448079e-03
3.079049355576688254e-03
2.671470715020498113e-03
1.984582475267929972e-03
2.382950279811195480e-03
2.084948883446176987e-03
2.328375192950832978e-03
3.038394259486036642e-03
3.035547041625078369e-03
3.290602152452797458e-03
1.587521033573953237e-03
2.073615244995928933e-03
4.254614385658369267e-03
2.577630998214903123e-03
2.722283452779344221e-03
2.849439240513899213e-03
3.668154265152970619e-03
2.817913074353625268e-03
3.617351539789872943e-03
1.937007463946358032e-03
3.173652869623473389e-03
3.394109347210713928e-03
4.031013059191665415e-03
2.847546351276828650e-03
1.992892941599223085e-03
2.261958597954077423e-03
1.989354078664151617e-03
2.894425015165906674e-03
2.835255434672296921e-03
3.399849962687018137e-03
3.735871828769045996e-03
3.240066434879909207e-03
3.470235911719232562e-03
3.005318670087158816e-03
2.725922183450423669e-03
2.787896823811484952e-03
2.519302598467758163e-03
4.548815658041652742e-03
2.981729514493279814e-03
4.552332219505758268e-03
1.875629171764953140e-03
2.103561896546366113e-03
2.301855383503845220e-03
3.200538116715372777e-03
4.044556602636200857e-03
3.547347191834487705e-03
2.812070622996063439e-03
4.209636979471079003e-03
3.582523050567323984e-03
3.770409505890695828e-03
2.787596374012465354e-03
2.558553137961092072e-03
2.458711077541863264e-03
3.527496353772378770e-03
3.880045409012493948e-03
2.806828239578008401e-03
2.770768298963242893e-03
2.840027668837853767e-03
2.793742426758212202e-03
3.784496930002187714e-03
3.508456357098936867e-03
3.993622408375194395e-03
4.950408009353547342e-03
3.622309980140528841e-03
3.214241014973693786e-03
3.374701584778169380e-03
3.504832869794743434e-03
1.818337090786032503e-03
2.467076994686869668e-03
2.139322475827672328e-03
3.356453141448806354e-03
4.306390470215810083e-03
4.300843329261335585e-03
2.888802567839739849e-03
1.965297555704651096e-03
3.053520490716780684e-03
3.438232643504942742e-03
3.213250088815789319e-03
3.391190402682861538e-03
3.076822079935167317e-03
3.212746416075766120e-03
3.729776278342514153e-03
2.718793417255956080e-03
2.116958214346984987e-03
2.717481574742012986e-03
3.840845562194392018e-03
2.273424684281172541e-03
3.738053160775830011e-03
1.297383428049096862e-03
3.249022686557369397e-03
1.616157800369325079e-03
2.618001182766616086e-03
2.648148347494436779e-03
1.602413430816550851e-03
3.145929815134777385e-03
1.884301840473061058e-03
3.231042747792983727e-03
2.601911696704456434e-03
2.954387691983697065e-03
3.206722531939581317e-03
2.185870396788443162e-03
3.243320757343240695e-03
2.068681084534795562e-03
1.265562151043136139e-03
2.049655662890299563e-03
3.083812963701793725e-03
2.295322168300307532e-03
4.437308173813309282e-03
4.122414171921114957e-03
3.094986615912544582e-03
3.183788596996247472e-03
3.124493750387525443e-03
4.078768165337033104e-03
2.318213825883317421e-03
3.394339886246130859e-03
3.851988929430797716e-03
3.358317057112111467e-03
4.612683349795524378e-03
3.006064489142212977e-03
1.660136921576497396e-03
3.146774233356611564e-03
2.539598465409579914e-03
1.963093547131911348e-03
2.562570822562409371e-03
2.477243362273273946e-03
7.886275293720430239e-04
3.765799875458635069e-03
2.283870524834482642e-03
3.704811141977196187e-03
1.132828537373811902e-03
2.153335382797487429e-03
3.753003364712707065e-03
3.641941689129526982e-03
1.652907503085387919e-03
2.151230634682604718e-03
5.278782415682706231e-03
2.958894696619023424e-03
3.124220985348606129e-03
2.353348991581327796e-03
2.317899683044558849e-03
3.201712014816981196e-03
2.059716439545011130e-03
2.334132398632204116e-03
2.088606204791642641e-03
2.203627971437508229e-03
3.233635945580686562e-03
2.663964742426995318e-03
2.969355274862816012e-03
2.250913195471936166e-03
1.429283494277249498e-03
4.748439332072307284e-03
2.465537629093026654e-03
3.395605694584826178e-03
3.739726846550569736e-03
3.343908609697542490e-03
1.516256800733651808e-03
3.378676380413877644e-03
2.159751965964940967e-03
1.735442460171776570e-03
5.126260028217576384e-03
2.563674876415932610e-03
2.504329071769958049e-03
1.528463912543185418e-03
3.120720245319545064e-03
3.573435658459829002e-03
2.872642538229427944e-03
2.637543840381464944e-03
3.714266869476579632e-03
3.001879173017595742e-03
3.226659023429168972e-03
2.868717261901286043e-03
2.979846570555431864e-03
2.101418381557973881e-03
3.857666152613352991e-03
1.561801548253022656e-03
3.888532454729240039e-03
3.166367837200424664e-03
4.118756867514061781e-03
1.817633458646541024e-03
3.394457640380651748e-03
3.431701310727379699e-03
2.455693660875825097e-03
2.811956397500265346e-03
3.036865907323644306e-03
2.824579100267685886e-03
2.763893845860703000e-03
3.567881793613828911e-03
1.614794956171715715e-03
2.773660334763933862e-03
4.764348277429180170e-03
2.183291825026643321e-03
2.201798508026219219e-03
3.070981039626700330e-03
2.741020299105226959e-03
2.321475974403978439e-03
3.164243964229648560e-03
3.993271190492215378e-03
5.419548899202867275e-03
2.289087863358483643e-03
2.356784400671175714e-03
3.433331141374019665e-03
2.930317621967408123e-03
3.163307365014827576e-03
2.449633998709197912e-03
4.244035629838660562e-03
3.348004926936136699e-03
2.895511617956239049e-03
3.656137916966626603e-03
2.609744599510330047e-03
3.125956298100339165e-03
2.535718037982001398e-03
2.975665332406223374e-03
1.309482754685598353e-03
2.831007047434999906e-03
2.399810597271469746e-03
2.894162710420504145e-03
3.304393041786546966e-03
2.785846549964395447e-03
2.629569493013870617e-03
2.811340669085539423e-03
3.005939311302968653e-03
2.757548290602118181e-03
1.838122715858669627e-03
2.585628055136400625e-03
3.584743505552620644e-03
2.622237938019477983e-03
2.009802901135521007e-03
1.688992085166084092e-03
2.770202233774761089e-03
1.935136030831493452e-03
1.755452481541312261e-03
2.248258076106859904e-03
2.369641618887953927e-03
7.474111647896629438e-04
3.011385549596246221e-03
2.531303491550166394e-03
2.839991383830731565e-03
2.030764024386818092e-03
2.500051337720974980e-03
3.772434851027037326e-03
2.392337765445758449e-03
2.759866366791385167e-03
2.948753228033793375e-03
1.399921902196210252e-03
1.806038865092415499e-03
2.659755981076436428e-03
2.487017091566067883e-03
2.337060336254422055e-03
1.879451862435230301e-03
2.893285797856942620e-03
4.141412019452897324e-03
2.460008539423968240e-03
2.349374338018569291e-03
1.625805885365308977e-03
2.789441866005094601e-03
2.859402588817252806e-03
3.293053856882958898e-03
2.607419541513048087e-03
3.004960765870693783e-03
1.778438775137372715e-03
2.676013912268517762e-03
3.147821815962815843e-03
9.507126947696163373e-04
2.959628414355452899e-03
1.952899777367677952e-03
2.002000742698014073e-03
2.728535637495567868e-03
2.132462378948376484e-03
1.898439826238580621e-03
1.553593082331115481e-03
3.271760846679181052e-03
4.077098146985767661e-03
2.798359297378190478e-03
2.035355157129925367e-03
3.074024879725831098e-03
1.996316514250311321e-03
2.785834995250551730e-03
1.633573746992192854e-03
3.177628408297624493e-03
1.924106284836099232e-03
2.089034365022428112e-03
3.287510241141909824e-03
1.649280415418646027e-03
1.742159983414212111e-03
1.860799291954493570e-03
1.688833934209212854e-03
2.545248173876199418e-03
4.182133335698611475e-03
2.084054400931730638e-03
2.286001394772209025e-03
1.532280918028483324e-03
2.138164345243338382e-03
3.096478847545133632e-03
1.928198224917078993e-03
2.796384912121117200e-03
2.772599167595690955e-03
2.111373541931809480e-03
1.056260019757461130e-03
1.930533464788146457e-03
1.694787410207387705e-03
2.667515685503337765e-03
3.173613611440330266e-03
2.155366237242098502e-03
4.356857003034316292e-03
2.426081929356052255e-03
2.182272167866581604e-03
2.297183459517464828e-03
3.651296892378389121e-03
1.477296563399203714e-03
2.498839650259425393e-03
2.834286678293473135e-03
1.877044578550130134e-03
3.593972691801624632e-03
2.614368970697098383e-03
1.722711958604753119e-03
4.121182963263866385e-03
2.919940305061960277e-03
3.640585853691485994e-03
2.992849618387344920e-03
3.199326991414618102e-03
2.091908287806773601e-03
3.106234536810949243e-03
2.408793547996043293e-03
3.607301362781180354e-03
3.081441911609816148e-03
2.287456619334434210e-03
3.089973412207110658e-03
2.105029935799063254e-03
1.666136883439246590e-03
2.415629212977811469e-03
2.720564207871826491e-03
1.982397078270287712e-03
2.616621512228648350e-03
9.889782743890951616e-04
1.770075115001027008e-03
2.452708001128095072e-03
1.141840185656862365e-03
1.780312472398747547e-03
2.303732026217422072e-03
2.443124123268605469e-03
2.469654403999518247e-03
3.363319875428397773e-03
2.766436980063577324e-03
2.110928178207952931e-03
2.790349676653137729e-03
1.119119127637273814e-03
1.507669620111526474e-03
2.516701053839924800e-03
2.512903614594405241e-03
1.816129497691271102e-03
2.839132489160596864e-03
1.756012614700052299e-03
2.120972034803287470e-03
1.612655115210641322e-03
3.600617896769503674e-03
2.540706684615124354e-03
2.474893172614283255e-03
7.063726852617402885e-04
1.968348636590373270e-03
2.948383133467951268e-03
3.145328591248777988e-03
3.974118729786542403e-03
3.645243439549123061e-03
4.400693065902054439e-03
1.389098412371114104e-03
3.138759380199902891e-03
1.573917486673485130e-03
2.441113145374035689e-03
3.679099502089344838e-03
2.060428056933845224e-03
3.100871718483600142e-03
1.754916592443027173e-03
2.459839064372545177e-03
2.015816292159053596e-03
2.695768324894696078e-03
2.830994397916336471e-03
1.819235195109496477e-03
2.997924067789570299e-03
2.704041439325033293e-03
1.170130246699906508e-03
1.625827323411914048e-03
3.434894357687609100e-03
2.702082639399829272e-03
2.389765899796907414e-03
1.875128586885705610e-03
2.797856706957130898e-03
1.537358218055962346e-03
2.264652935463152064e-03
2.065189439085190343e-03
2.672186085327077441e-03
2.524077183106553362e-03
3.444712774874075876e-03
2.143904551389541526e-03
2.766203767508873795e-03
2.383725277740764148e-03
2.326983873558637235e-03
1.234642034792309212e-03
4.092587487390757922e-03
1.598227561502330116e-03
2.289580088768893105e-03
1.330814446558386014e-03
2.411331551940142093e-03
2.507169125316853313e-03
1.999224797786156981e-03
2.388148879861207857e-03
2.058518769879050334e-03
2.521869486660743322e-03
4.031089687775850881e-03
2.380705827220077481e-03
2.591456273568573405e-03
2.920091760796553020e-03
1.846317891268304482e-03
2.310210506895621005e-03
1.641272100752730204e-03
1.623449090199793063e-03
