5.575655208523177565e-03
5.029199765252729062e-03
5.162218318493034565e-03
4.648281554283607495e-03
4.571000562373982862e-03
4.270781792165395316e-03
4.001625318999235854e-03
3.898938606358886508e-03
3.872971676637898715e-03
3.890823928682903433e-03
3.368947364579611033e-03
3.218842336584912690e-03
3.032859830839526247e-03
3.153615504237575109e-03
3.096198932755065553e-03
2.888349828470790793e-03
2.689188864535463526e-03
2.415333319522630553e-03
2.620675427122973536e-03
2.348142760458593343e-03
2.039006645487781606e-03
2.223353327259808623e-03
1.974528221960955392e-03
1.987144421935606829e-03
1.849219174691333917e-03
1.815028704670319055e-03
1.835158848002882686e-03
1.899659111940186444e-03
1.929621902016522743e-03
1.771079475355005631e-03
2.060318017186616932e-03
1.742916664986422001e-03
1.829615333004535336e-03
1.878364375568440702e-03
1.797246242506625848e-03
1.961052937508899092e-03
1.943202537411600024e-03
2.055060898492925940e-03
1.815535740608773159e-03
1.979925388657965187e-03
1.868355901590120849e-03
2.007633980369018592e-03
2.165331858249915954e-03
2.082462672972863835e-03
1.974546366819492083e-03
2.332532664064684760e-03
2.131977666064711376e-03
1.847033108619854959e-03
2.033604888246178920e-03
2.099806143121023781e-03
2.154201504510248368e-03
2.281543159432097324e-03
2.301215485057404517e-03
2.345989340227562850e-03
2.496614021722785761e-03
2.219967632099451981e-03
2.262750789292456485e-03
2.376023072246880030e-03
2.209902966829583974e-03
2.444400292847982627e-03
2.340543496011544822e-03
2.306421951650160056e-03
2.383780583724058946e-03
2.278620911750439335e-03
2.277187213507862393e-03
2.246286510493384660e-03
2.374793891023802526e-03
2.451657914141154582e-03
2.376944896334939189e-03
2.292403460758272830e-03
2.247786209058995691e-03
2.356326967517916645e-03
2.347238735816126968e-03
2.415255603274516546e-03
2.238438653937861907e-03
2.470350292311128057e-03
2.473303906061365305e-03
2.416588568205482995e-03
2.364407865702466537e-03
2.525594654655429188e-03
2.514429766157595583e-03
2.295945982210718765e-03
2.358797164872346828e-03
2.443914200608654410e-03
2.510849705676473746e-03
2.256090566317000765e-03
2.483889845968457154e-03
2.462310262853046293e-03
2.448774365171835828e-03
2.357286099132506127e-03
2.357508531430094721e-03
2.315679482506870571e-03
2.123388716406604537e-03
2.243862914381230134e-03
2.369392970960558162e-03
2.411268814931860106e-03
2.264777491474721099e-03
2.320393016881069480e-03
2.211364831322784434e-03
2.099802696829825184e-03
2.277276306057050750e-03
2.177617130284784878e-03
2.150952988656348441e-03
2.131048832606708809e-03
2.277091700892799279e-03
2.050519203830094075e-03
2.297897500466941027e-03
2.156981625604726532e-03
2.022355356927005732e-03
2.173264416521633428e-03
2.188996650159901955e-03
2.007751856953013218e-03
2.274799539158389033e-03
2.230777877248953794e-03
2.169025665956039219e-03
2.342026352463986907e-03
2.190441402269700192e-03
2.004988178216367527e-03
2.104582334731678814e-03
2.133964278118665597e-03
2.028799881275747657e-03
2.118133194724776576e-03
1.880835825791596534e-03
2.141500101959048583e-03
2.072599184841163698e-03
2.197201301572668936e-03
2.155364432789548881e-03
2.049853086034246919e-03
2.009355957443750579e-03
2.005129839750583332e-03
1.954533563785904732e-03
2.110262366778856320e-03
2.179509985069495205e-03
1.964265345316263192e-03
2.051535084929182341e-03
2.015704357691199249e-03
1.799149788153765230e-03
2.061611941321343441e-03
1.885193643032862919e-03
2.011708423543528881e-03
1.783907002984914773e-03
1.921256880275469363e-03
1.943929245390430905e-03
1.917204133438519609e-03
1.861009265441090389e-03
2.008316923771961710e-03
2.088254585873419982e-03
2.118492228794645153e-03
1.920594649569466435e-03
2.041345096423665025e-03
2.072064677292339598e-03
1.975644798652143042e-03
1.965618037819580506e-03
2.060321368491302083e-03
2.116105371960618625e-03
1.974592540673753005e-03
2.023255124232030758e-03
2.149074081285702077e-03
2.173610049560369128e-03
2.043812569609179154e-03
2.091185859140063091e-03
1.995094604137026204e-03
1.755827795857114104e-03
1.966099006774140075e-03
2.075631371015977580e-03
1.593527723907759656e-03
2.028951812687450080e-03
2.060042079915340614e-03
1.901993642367040896e-03
2.076684420722552799e-03
1.726269267986628225e-03
1.779852110156277933e-03
2.011527459056831977e-03
1.932428794887844706e-03
1.855352459631621825e-03
1.688516474909871126e-03
1.874737412852094977e-03
1.764217847393704684e-03
1.831607414653299831e-03
1.772825557937869959e-03
1.924965030251271376e-03
1.741682002198827531e-03
1.727548040323397373e-03
1.869364543750866043e-03
1.689648922468167148e-03
2.056693483203795615e-03
1.866213371355886609e-03
1.872141813638237857e-03
1.960115417368355709e-03
1.849680309039479368e-03
1.574163840682372409e-03
1.781877483836607351e-03
1.959454220849592317e-03
1.923808342724555708e-03
1.828613523871290732e-03
1.946194892463371700e-03
1.977982050737472040e-03
1.990449479394615188e-03
1.711568843225696633e-03
1.986938547794020373e-03
1.923816547677611880e-03
1.704454989134705778e-03
1.925583469868911166e-03
1.869570779594681214e-03
1.623922843360407851e-03
1.946107481077481108e-03
1.719967267546878512e-03
1.707738237772166850e-03
1.812281346303027275e-03
2.006482468883544808e-03
1.920065654534762641e-03
2.059082500405835965e-03
1.483450497502881646e-03
1.752812340807345312e-03
1.842159901428388211e-03
2.061377844005504462e-03
1.653552507906797973e-03
1.805023727316465952e-03
1.569300293651788684e-03
1.573777529053159516e-03
1.806024292193438106e-03
1.604223212521886915e-03
1.693820429966903405e-03
1.665524877292598634e-03
1.655411470237893408e-03
1.740554933988298220e-03
1.822538722618283202e-03
1.539600863599087334e-03
1.472796340284156062e-03
1.921789691718401444e-03
1.540618133602181727e-03
1.706445832235406251e-03
1.598222120386492712e-03
1.589168872818729579e-03
1.516835906097756953e-03
1.778503733971790318e-03
1.623178851305469989e-03
1.581093089274623713e-03
1.589355236335068680e-03
1.676044941426723701e-03
1.597878438014357048e-03
1.716555480378719693e-03
1.779044282067717081e-03
1.816151696829984997e-03
1.525765499360897358e-03
1.900119197922762408e-03
1.359338354161035217e-03
1.690386039603759176e-03
1.659579440987132663e-03
1.589020062718766828e-03
1.697911252544834519e-03
1.619771997279874018e-03
1.797900261749289189e-03
1.665944338563125817e-03
1.614404499506058750e-03
1.779035740840364740e-03
1.524322184458464825e-03
1.529250481189951827e-03
1.744418378922688332e-03
1.573936765053544126e-03
1.490020568091949887e-03
1.722351856972262688e-03
1.527745466564879237e-03
1.532914031462504281e-03
1.519281211223533819e-03
1.617365504396985282e-03
1.611922775715817976e-03
1.695178101393440178e-03
1.495312615899535309e-03
1.615861949120848658e-03
1.564496556486301990e-03
1.514636200782318700e-03
1.583859697775770068e-03
1.760686858472431402e-03
1.710797672226929515e-03
1.583443847289518411e-03
1.577042589910350890e-03
1.555302544408181239e-03
1.652765345569077744e-03
1.530929853382344275e-03
1.424230607139712491e-03
1.573321547736014452e-03
1.594787516739591075e-03
1.516484217343261028e-03
1.405076881096938577e-03
1.655853115501240182e-03
1.726022630013531161e-03
1.453076397737413945e-03
1.645888286601120522e-03
1.538281846966932636e-03
1.562564759140152443e-03
1.559838660670765514e-03
1.743721026694847014e-03
1.625966511853991657e-03
1.576277902979278433e-03
1.538520750845556772e-03
1.500779386522545786e-03
1.585965909129827787e-03
1.629001316018181605e-03
1.456334714791538776e-03
1.499667735085949676e-03
1.489913239481154353e-03
1.760180465705995546e-03
1.590867661774200041e-03
1.403767395496490801e-03
1.512647805094578021e-03
1.279590499125946457e-03
1.602134168214463476e-03
1.372025200510537018e-03
1.612883462730958653e-03
1.773812255304684773e-03
1.471303900265212832e-03
1.566214210083003745e-03
1.360058236316984571e-03
1.464847783860959889e-03
1.538827231581783254e-03
1.472262385736094982e-03
1.373033930295682785e-03
1.848010069011282556e-03
1.723998419540508477e-03
1.448467155857357126e-03
1.369089039072967067e-03
1.426611587517425490e-03
1.409609089811211021e-03
1.518766780651952105e-03
2.042112528249639784e-03
1.734964452737827343e-03
1.560539830645357295e-03
1.432752513679987245e-03
1.324467232629546014e-03
1.633675950886357949e-03
1.617028400170126157e-03
1.639341868410943304e-03
1.514174785289073427e-03
1.545853617923223251e-03
1.711757450170162597e-03
1.732779048125163623e-03
1.736895531108789779e-03
1.612073839973395852e-03
1.580398995932688535e-03
1.565292273366202750e-03
1.779337938781345172e-03
1.629646318831201894e-03
1.364890327213123030e-03
1.747229838219301144e-03
1.656417844614571514e-03
1.595623842486577904e-03
1.529854281849029338e-03
1.486185722819152299e-03
1.849760748951065001e-03
1.800438993346970993e-03
1.794722590366357043e-03
1.448977907364976938e-03
1.540745875459456063e-03
1.737225393068609789e-03
1.350243283626091032e-03
1.333619626065404894e-03
1.740679381473491869e-03
1.794028071720616454e-03
1.589786370250041280e-03
1.558092896614970708e-03
1.706667326030246457e-03
1.571634072548960684e-03
1.596472845307725114e-03
1.591886829966516776e-03
1.832880544773913102e-03
1.300938256890125022e-03
1.383045489462476040e-03
1.654906966198725019e-03
1.365304974536005406e-03
1.604766580331773180e-03
1.403988703848124426e-03
1.545610065235163621e-03
1.672988723723407194e-03
1.440752660066110715e-03
1.595431257293273728e-03
1.442931703937969492e-03
1.588201641874171025e-03
1.848658863113453090e-03
1.752968534963608715e-03
1.525336609415464889e-03
1.426557412180313057e-03
1.562532495432121483e-03
1.586104689253629504e-03
1.740926525832151971e-03
1.317906755597006169e-03
1.499570742682013527e-03
1.657421972770166787e-03
1.568475486658135179e-03
1.549910063956026936e-03
1.533201745547372414e-03
1.488823231056632390e-03
1.543951780566854429e-03
1.621410342889451203e-03
1.426350410587583087e-03
1.500475936886696508e-03
1.422079758902872323e-03
1.906159787467537727e-03
1.649828589852097606e-03
1.528284067851677815e-03
1.707394444008317191e-03
1.532511898898581727e-03
1.667500810065949794e-03
1.736909786769750283e-03
1.745809195828147828e-03
1.575558320452827591e-03
1.561341070422091280e-03
1.479946608784423910e-03
1.849812677483109701e-03
1.584925690223365491e-03
1.714063425798818341e-03
1.609038170955887602e-03
1.639784097816738900e-03
1.463607113818042680e-03
1.506254379570200197e-03
1.530473454023350026e-03
1.488841895131036430e-03
1.794431764081600919e-03
1.476154013785684321e-03
1.541356300831690090e-03
1.544030697310371609e-03
1.515857806395862857e-03
1.713800609297249722e-03
1.408751687183077989e-03
1.582623737541715217e-03
1.642557911154905650e-03
1.299718180642511637e-03
1.507646097659294786e-03
1.730277602241709093e-03
1.582788513347065280e-03
1.560447552068129021e-03
1.682238453709271504e-03
1.662352432628443673e-03
1.519355827260376966e-03
1.872208208905050799e-03
1.861721433090769403e-03
1.640123041262160630e-03
1.812881473244308452e-03
1.634564446607103755e-03
1.697718511491601648e-03
1.513073716887224042e-03
1.609450116373407555e-03
1.508824697775865056e-03
1.466956187867838636e-03
1.462665023250002980e-03
1.810875443694480230e-03
1.756179825578277473e-03
1.760326321396528740e-03
1.896077331922465994e-03
1.615547189015650734e-03
1.598312786034418714e-03
1.782578406092737286e-03
1.838439640389029220e-03
1.527469220070703463e-03
1.719399800840705310e-03
1.470453282848891482e-03
1.979688750152756600e-03
1.818342721464300113e-03
1.721065277329740257e-03
2.034010424396490331e-03
1.602521655543061871e-03
1.840594829730409464e-03
1.612030828416855487e-03
1.799681503165882247e-03
1.714277949796829672e-03
1.683093687074915714e-03
1.839250795048406190e-03
1.656321423752774285e-03
1.751514381287784571e-03
1.731524068014385484e-03
1.605542262536582918e-03
1.852742557471433269e-03
1.814785393882477598e-03
1.669038920603292892e-03
1.825273035980531575e-03
1.856456567630915180e-03
1.750074137893513132e-03
1.694970252281213351e-03
2.157185624055868445e-03
1.816743225244009646e-03
1.649368780178937961e-03
2.018829998288697997e-03
1.992735198354879216e-03
2.073052979425409406e-03
1.948517796060537889e-03
1.982837437903132473e-03
1.976192157405290504e-03
1.943699115348965960e-03
1.695360317149995424e-03
1.944654167568144560e-03
1.843835133402550557e-03
1.958087378764493576e-03
2.132547890335209900e-03
1.961329070782390736e-03
1.826218364835369059e-03
1.666609274482389177e-03
1.528487467169435763e-03
1.909631087589151168e-03
1.827581224463825562e-03
1.512450417131292000e-03
2.051180650086042827e-03
2.117762742315219306e-03
1.911932904914269470e-03
1.733596993347684065e-03
2.137360223594477176e-03
1.856577424845684120e-03
1.754766054685239244e-03
1.854581939671161306e-03
1.963854633874613075e-03
1.919046664987915851e-03
2.020618529601114766e-03
1.995895575297234464e-03
1.991496178013562809e-03
1.799082741823389633e-03
1.794739209345792060e-03
1.941043801525792287e-03
1.688914636684253189e-03
2.485635224075905762e-03
1.674113380687633403e-03
2.064185125853811812e-03
1.960390034671116895e-03
2.016260717032489994e-03
1.820775285758553927e-03
1.789284858150574182e-03
1.723233397901765152e-03
1.783364886156259873e-03
2.027637971779525441e-03
1.818794422770160773e-03
2.040072293531732753e-03
1.893059267024562505e-03
2.099718574331507250e-03
1.916485124013119542e-03
1.725699156259457873e-03
2.048212404980474279e-03
1.864507317604860003e-03
2.021808280688998892e-03
2.225320344455226310e-03
2.223581048057159028e-03
2.190350993017827885e-03
2.139775497401221784e-03
1.906962487914176186e-03
1.782330314280628153e-03
1.983827871007006610e-03
1.901174238446201635e-03
2.033262733068614582e-03
1.779398582245835924e-03
2.232083586444124322e-03
2.120284568334158438e-03
2.049254822860454607e-03
1.637527888612536585e-03
1.905156419702566835e-03
2.168016695496938293e-03
2.084412380911865315e-03
1.988915205714659670e-03
2.110804107543792860e-03
2.283521151063307858e-03
1.948573172508039856e-03
2.167608067183096881e-03
2.353378031926906585e-03
2.234955681399182145e-03
1.967237684831272138e-03
2.104177574459725926e-03
2.340284327128080034e-03
2.397881819233137202e-03
2.337788557118561719e-03
2.246782427298877824e-03
2.237577071030400887e-03
2.368321793103871260e-03
2.212960302419001227e-03
1.795539580194721770e-03
2.026295674125817674e-03
2.110130091909327796e-03
2.287891111387368743e-03
2.221298882059064266e-03
2.304562987552994692e-03
2.263905055170991124e-03
1.826638468066924415e-03
2.114626690685576533e-03
2.259688817511657909e-03
2.213959073833893579e-03
2.185007718976700319e-03
2.035863082103101830e-03
2.454055900488039295e-03
1.973449879006551524e-03
2.180218413072112799e-03
2.248169579381254293e-03
2.055623860582190057e-03
2.358731502269709093e-03
2.446902016151810723e-03
2.276845956618858344e-03
2.222970695612323279e-03
2.485865588891640610e-03
2.209519427398621769e-03
2.030163111553323629e-03
2.225643072587129255e-03
2.256222498987736115e-03
2.128491016849125977e-03
2.328308691626977331e-03
2.311820138975130470e-03
2.195452984586010459e-03
2.110078490713040121e-03
2.517603596009388746e-03
2.346994027401210457e-03
2.418173028547890638e-03
2.014617877167318612e-03
2.576717114163646054e-03
2.485768551588856366e-03
2.279497789458182107e-03
2.132061424677252331e-03
2.574222249786128555e-03
1.913647892397754308e-03
2.323536124262299413e-03
2.362506415463976051e-03
2.231620103833748155e-03
2.364739969475325356e-03
2.600799007395196427e-03
2.524675903694760179e-03
2.105665713796089130e-03
2.334163339155622199e-03
2.206711759492750898e-03
2.531835851762398969e-03
2.386718422880800602e-03
2.021993130078625096e-03
2.510296662695802282e-03
2.722281254929246989e-03
2.372177174035133146e-03
2.149882511712112882e-03
2.277023610235227782e-03
2.553052603320705126e-03
2.295967211191402794e-03
2.315693094215140208e-03
2.476504310640113924e-03
2.440438642535703098e-03
2.654573998730626327e-03
2.388659731363343159e-03
2.708181982813015910e-03
2.231587670064501434e-03
2.147894073205424380e-03
2.658679647816469468e-03
2.083364961358390340e-03
2.351757540714095786e-03
2.525698628771071499e-03
2.696493115174788870e-03
2.247446080642412185e-03
2.316524324315270313e-03
2.238803087086239842e-03
2.597829351398970102e-03
2.577979242849558813e-03
2.413804129607815228e-03
2.464288767550800938e-03
2.351746730020123823e-03
2.680775893586643307e-03
2.560066287848817429e-03
2.211643449568382637e-03
2.487840864626673920e-03
2.399350463901416160e-03
2.811974735749057670e-03
2.802443124676715948e-03
2.412815408877565064e-03
2.414805926698833025e-03
2.515813292683372754e-03
2.378131493333857614e-03
2.205938215356203526e-03
2.233288402470972288e-03
2.668145000386032591e-03
2.647919181259890224e-03
2.570569130936889348e-03
2.590346856073161459e-03
2.605894264076745806e-03
2.467196805863364380e-03
2.587656036879600746e-03
2.400050853673078768e-03
2.524775438693033225e-03
2.636983494200658557e-03
2.442177168618858696e-03
2.511004599057783254e-03
2.661483834627055046e-03
2.381660066207079169e-03
2.402575572504077675e-03
2.617952768765203185e-03
2.411532251161124969e-03
2.509457540992767171e-03
2.598061603371961802e-03
2.316920964470988407e-03
2.528671354816850510e-03
2.479865965310924444e-03
2.546641993495107024e-03
2.709641441472217770e-03
2.516104872871936966e-03
2.678368134106855376e-03
2.474166733038941478e-03
2.380197431265881642e-03
2.710148849929327336e-03
2.707062165065040292e-03
2.815609989461453043e-03
2.524813208602920411e-03
2.611265580244443406e-03
2.533088893345801160e-03
2.786744955012211526e-03
2.891181793583434256e-03
2.754800286063936818e-03
2.647893803870129004e-03
2.590779967455268326e-03
2.932156554194784246e-03
3.014031077346236969e-03
2.693806459808399667e-03
2.502082656929000004e-03
2.668316786730571318e-03
2.646143312984097079e-03
2.553915575541846304e-03
2.457338699065325476e-03
2.711070944973403233e-03
2.770743754367646465e-03
2.531953172196968038e-03
2.703604407187077535e-03
2.193003740739978696e-03
2.420887354582040851e-03
2.566266532863049465e-03
2.757178260150431031e-03
2.949520578497414648e-03
2.956115336373671583e-03
2.676606579952043631e-03
2.693344268308444766e-03
3.058764926779211375e-03
2.802579943645840642e-03
2.538947505659168782e-03
2.612558738270390635e-03
2.718018213945294637e-03
2.657753539776684833e-03
2.696016764128571913e-03
2.553189734803677086e-03
2.426004634306411049e-03
2.852491642619026969e-03
2.728453629529261227e-03
3.059926030047686700e-03
2.830020023606471744e-03
2.762897999314245772e-03
2.521891143897505520e-03
2.819220150927086686e-03
2.780854514129267509e-03
2.486363260685782103e-03
2.899118415608373679e-03
2.746438876658478800e-03
2.642493348443422652e-03
2.968904315556524127e-03
2.688350698509445972e-03
2.802283666605394179e-03
2.608804788781977392e-03
2.817859858745753142e-03
2.601165377536374026e-03
2.361493393728106207e-03
2.746519369300805431e-03
2.664757805209148726e-03
2.916856534709137434e-03
2.862695697781952181e-03
2.923044919237934545e-03
2.874846571904469440e-03
2.884728168982547171e-03
2.606784130348734421e-03
2.572025478052243977e-03
2.779990025515422652e-03
2.688823243912551956e-03
2.730459059146699875e-03
2.828027389392881973e-03
2.578169036879373634e-03
2.884510891795612035e-03
2.504370244738734173e-03
2.731877903192713505e-03
2.751074211863760964e-03
2.636344257046387314e-03
2.937820822520259643e-03
2.601136186408218708e-03
2.745477573304811684e-03
2.681976933743650954e-03
2.811059261583323012e-03
2.728955809995590055e-03
2.824862212611971898e-03
2.835298789014970965e-03
2.439789605853988005e-03
2.641200538678691295e-03
2.993369306117623502e-03
2.841045362502347092e-03
2.576415077742888384e-03
2.652115562061402657e-03
2.753083243319799124e-03
2.875413124144670946e-03
2.641641574862923017e-03
2.709952513273167739e-03
3.040037842152172425e-03
2.533396083731011966e-03
2.784237458060691110e-03
2.924196126368635608e-03
2.814083108957961786e-03
2.871645594705809264e-03
2.967571883148104137e-03
2.704758222665484390e-03
3.107107341114925380e-03
2.876845117974310279e-03
2.684209726062878991e-03
2.692437971720058800e-03
2.721824840003648095e-03
