3.546351704647507375e-02
1.974421196883122814e-02
7.400051807849429217e-03
2.239752059081931423e-03
6.551065198181651658e-03
4.870418589856278895e-03
6.867556655534875001e-03
6.020581352699318212e-03
3.976571388473942176e-03
6.968536250664731160e-03
3.331416772926309566e-03
6.934405657827827189e-03
4.071126764475089567e-03
7.668791186405859821e-03
4.925167039584931079e-03
5.928244171660758573e-03
5.832502053330298336e-03
3.758746250480275719e-03
6.573223028497636108e-03
3.497923311361239313e-03
5.526109242526645871e-03
6.015391211982923543e-03
2.764440141267037084e-03
6.201199412698294063e-03
4.234940560018470371e-03
3.934952962871917856e-03
6.552034449794033599e-03
3.055821092763762181e-03
4.845271541443061346e-03
2.414373388195276745e-03
5.703333001279345220e-03
2.387581504634611607e-03
4.778403915870320200e-03
2.583466634525691946e-03
4.612913716462024860e-03
2.238144716163949395e-03
3.807562810699526186e-03
2.124183438847329110e-03
2.662416787119821059e-03
2.562623098928212394e-03
2.197998687206870454e-03
2.187554719284232844e-03
2.151809756057551822e-03
2.208046346943304348e-03
2.001623392548081831e-03
1.957479678084207524e-03
1.632532190525576342e-03
1.452895419913568381e-03
1.320535668851426569e-03
1.431854350846266302e-03
1.155855866274471764e-03
1.440245710156260340e-03
1.502095597929593591e-03
1.405050567791706799e-03
1.262744876651982449e-03
1.464398814069972025e-03
1.515695555109075089e-03
1.483056524303033238e-03
1.264338348944141644e-03
1.432896408046134985e-03
1.285009664991518166e-03
1.308362838992818342e-03
1.438640606732906682e-03
1.752112406519465990e-03
1.744321958219129109e-03
1.357048764685855891e-03
1.342992567757468961e-03
1.463306386206254198e-03
1.558444540894509062e-03
1.588244210109368212e-03
1.474348214839365156e-03
1.453104099851594425e-03
1.587498502464158075e-03
1.571049233756696868e-03
1.392432300259491837e-03
1.963014255144565536e-03
1.456862450066009809e-03
1.634999862724021390e-03
1.520089640844981107e-03
1.703867265454357682e-03
1.641123425287694358e-03
1.469386532577607275e-03
1.397332805950086878e-03
1.573056833875870241e-03
1.946598283160711797e-03
1.654105418878624393e-03
1.693085071303394168e-03
1.598023040859244655e-03
1.746189804331621043e-03
1.797206196224810683e-03
1.613462611147513642e-03
1.479603103263285634e-03
1.561259088198023275e-03
1.736180035092150251e-03
1.545889051532792300e-03
1.606139193325585926e-03
1.662881258726745708e-03
1.805853347748166042e-03
1.519277121610752368e-03
1.366284908902533259e-03
1.469233683347596735e-03
1.449120659524493317e-03
1.630066521881846876e-03
1.382237224277405811e-03
1.491290890902311058e-03
1.453385497245516210e-03
1.486752226920646375e-03
1.359840710709984534e-03
1.409769590615060067e-03
1.862197636363149139e-03
1.607274574412134727e-03
1.434449225176009099e-03
1.476694874089017496e-03
1.563353595488120367e-03
1.379296472529586547e-03
1.467421680424578446e-03
1.490037549424021949e-03
1.350287598860673436e-03
1.201642890453635034e-03
1.290518658797475821e-03
1.318582563506232779e-03
1.482418416497630976e-03
1.506012900574584890e-03
1.779263548302061852e-03
1.761670363395075219e-03
1.642996371568808574e-03
1.490037553817164483e-03
1.603976277475436304e-03
1.648895314204311706e-03
1.456696214087422215e-03
1.695834655421096532e-03
1.523462693908155712e-03
1.395597654535020524e-03
1.494431698467489850e-03
1.616755150321158400e-03
1.636201623474670217e-03
1.874613997798025644e-03
1.540964195173680955e-03
1.674690310663620426e-03
1.578575719202270251e-03
1.508043027098642051e-03
1.533125393565393582e-03
1.297880682300443312e-03
1.664443353808125418e-03
1.572590922722422787e-03
1.377579762226439604e-03
1.579003879857537353e-03
1.621049924090147776e-03
1.402289483594231856e-03
1.425205211499800230e-03
1.494286338404954284e-03
1.321920158736437055e-03
1.602610828120449140e-03
1.399131441605560352e-03
1.397094792187989886e-03
1.501357162926347149e-03
1.463199972588869564e-03
1.414961232249115292e-03
1.353918457971152499e-03
1.445745024039156099e-03
1.281201424528383625e-03
1.377782521283332177e-03
1.264131975323359771e-03
1.334630604352362703e-03
1.412482676817252043e-03
1.456617704840965435e-03
1.303790315712370727e-03
1.369526304067865321e-03
1.192594146022592835e-03
1.168922441885112892e-03
1.085420891122794830e-03
1.079142328580215502e-03
1.070883297262545646e-03
1.235444119363780834e-03
1.164738057987263226e-03
1.350994821360225386e-03
1.517814670860602889e-03
1.392910882454485378e-03
1.180411113073527888e-03
1.168059180503208672e-03
1.449043082247850577e-03
1.151280038236712809e-03
1.181617456571375149e-03
1.082521624237675791e-03
1.381991201421928564e-03
1.226226876879610989e-03
1.452433471477944946e-03
1.445786507513497493e-03
1.104560413327702884e-03
1.049888412785067535e-03
1.356162001967079226e-03
1.224987076904079323e-03
1.272539719101323458e-03
1.139868650581697500e-03
1.287992768059467762e-03
1.358689059995502437e-03
1.218751386038909946e-03
1.038142900119009204e-03
1.098208771675749599e-03
1.246235429555006850e-03
1.206813452338269862e-03
1.099840683811550068e-03
1.367591435182975842e-03
1.158200336556815258e-03
1.042104269354837340e-03
1.191441468461990234e-03
1.057860288417235718e-03
1.246896956782549181e-03
1.321710925594713534e-03
1.285491100733891431e-03
1.360487348090148570e-03
1.244130289276271098e-03
1.228969814590532726e-03
1.404336856901805108e-03
1.329368885555701945e-03
1.208039762697680781e-03
1.197082092779369611e-03
1.342961213942946196e-03
1.132240999535932824e-03
1.102914539008653444e-03
1.304922349417630923e-03
1.155247244180076203e-03
1.136875790234460849e-03
1.310628112601216425e-03
1.179407669008385520e-03
1.153231187157630544e-03
1.214163607147129538e-03
1.093484189481208971e-03
1.271275575274729858e-03
1.302405611251106774e-03
1.265528923088212127e-03
1.405956758774760777e-03
1.350844384265727010e-03
1.375897742059550150e-03
1.259515390779941072e-03
1.460311405556687786e-03
1.160409764502422789e-03
1.459673226895446749e-03
1.268961524762004774e-03
1.272176700620576825e-03
1.287451841900804934e-03
1.248059168150815034e-03
1.217396318534026776e-03
1.298873779392938511e-03
1.295242481098294717e-03
1.156899250156735032e-03
1.119731247953195631e-03
1.418093175369101880e-03
1.176732836156129790e-03
1.043728751954716870e-03
1.127241853712490421e-03
1.272255392637325995e-03
1.187058214402019959e-03
1.311860228897712829e-03
1.139569622658398364e-03
1.164331382758221388e-03
1.268963363958426236e-03
1.391551713381576237e-03
1.167066089105121308e-03
1.254911512440920474e-03
1.006615606326800166e-03
1.271382724602809983e-03
1.214529329272264618e-03
1.334139595973691649e-03
1.169949795221444022e-03
1.240439553054848961e-03
1.300380903483517670e-03
1.282906790843715925e-03
1.124789225295201285e-03
1.238130656179456304e-03
1.251936855663122539e-03
1.108120231855609129e-03
1.412712605134710999e-03
1.241287422271292792e-03
1.281452610646494506e-03
1.180783865059418548e-03
1.102230481259551574e-03
1.281413213041231267e-03
1.238384237138131757e-03
1.140111980326784669e-03
1.334550934229758110e-03
1.258070526641014023e-03
1.449361793050112915e-03
1.143815678801381056e-03
1.041442521808858121e-03
1.089557165587467461e-03
1.106722403494889064e-03
1.273766782891791937e-03
1.269693345897130289e-03
1.472444439972638019e-03
1.037085596858501081e-03
1.167057791534627980e-03
1.297778989419645255e-03
1.017914871718440242e-03
1.131262935917902272e-03
1.175326100213069588e-03
1.214696110746701658e-03
1.298220018469602036e-03
1.130108108820495044e-03
1.108058687304173300e-03
1.149337240625787149e-03
9.276270956277480034e-04
1.063335784263029406e-03
1.130192002625113800e-03
1.258565153529422366e-03
1.154690591993692231e-03
1.166530593119243864e-03
1.245347332440460090e-03
1.146561750949426275e-03
1.167515139603126414e-03
1.030820230999437894e-03
1.003487192127840502e-03
1.195879046552511147e-03
1.296115804639453618e-03
1.178657446653314650e-03
1.213634416212560838e-03
1.196178320061997737e-03
1.060878482903827294e-03
9.911783140448620581e-04
1.200667679351766996e-03
9.635317586910791465e-04
1.045363062346628836e-03
1.247874348661488515e-03
1.074541861240931907e-03
1.300677455803698254e-03
1.055369790163883121e-03
1.350701549496622408e-03
1.007376039946282324e-03
1.104797943336532614e-03
8.933327179488259780e-04
1.189361300147025614e-03
1.149964619138645148e-03
1.301015999443145416e-03
1.029572987878048544e-03
8.934353117898185051e-04
9.845198518836097666e-04
9.397116119294429649e-04
1.076234034398171509e-03
9.599886374473727167e-04
1.043084994923079798e-03
8.818211071580803412e-04
9.989741682347738974e-04
1.075966354855405725e-03
8.411044324576899545e-04
9.662085264007253937e-04
1.070424665848392857e-03
1.053604875030138277e-03
8.281134556553281434e-04
7.887772177063685037e-04
8.997592350727535559e-04
9.367827961131854021e-04
8.949103129682034995e-04
1.092864728851386611e-03
1.120755538999295038e-03
9.400179083630502740e-04
1.162496528546092369e-03
8.224035742443136466e-04
9.181457961535642847e-04
9.105266224194222529e-04
1.058493791405231256e-03
9.182400894291583779e-04
1.119078641309285537e-03
9.937777590003171822e-04
9.574609431115246785e-04
1.204832764167542911e-03
8.621551568032819217e-04
1.033502624665442148e-03
8.498817288454471337e-04
8.220431347540136692e-04
1.063365280551558474e-03
1.121516907543836875e-03
1.035653410948733470e-03
1.033031890933782055e-03
1.038362190170017676e-03
8.424390731477896400e-04
9.880265299289561071e-04
9.511350512097045337e-04
9.730568800109684223e-04
8.750575884164154671e-04
1.015738458985558082e-03
1.193450579043644610e-03
8.409431968119649749e-04
8.230822427034200153e-04
1.133271861132506813e-03
9.024357367280407037e-04
1.020478572112502348e-03
9.385325311092997200e-04
8.427728208714316879e-04
7.596847800459872752e-04
1.062267259489965742e-03
1.187476999234677883e-03
9.925395054899716768e-04
9.947450514137692965e-04
9.367689856275550906e-04
8.309495509204697147e-04
1.281676709764577446e-03
1.179182525302055516e-03
8.951057008100487622e-04
8.481412650529544751e-04
9.420841407613237545e-04
8.857530542385723751e-04
8.623473792323625969e-04
9.039852884952660327e-04
9.375432281103770419e-04
1.011018774199949188e-03
1.218938790924028234e-03
1.153139942998049729e-03
1.085912803322236497e-03
9.521442872467880247e-04
9.952785050491915354e-04
1.028963525435338828e-03
8.775285168701147743e-04
8.600948729645200566e-04
1.032634857082955545e-03
1.139658498344046575e-03
8.245108488739205698e-04
1.021937667352610778e-03
1.023247759186179983e-03
8.638751254271677350e-04
1.125162031600042975e-03
9.795292187756373965e-04
1.303781060198904405e-03
1.048942317671286602e-03
9.654524392093151832e-04
9.020051658660211075e-04
8.569101981680013295e-04
7.193009644944131295e-04
9.392015931143009137e-04
9.406122124214371695e-04
9.019341402706022772e-04
9.268154640443200011e-04
8.076077170964921122e-04
8.901865319292098311e-04
9.884642020776283813e-04
1.092871517647393950e-03
8.283342997570323617e-04
9.006838416872260970e-04
8.761650382833211046e-04
8.264454694614380191e-04
8.080463794437732581e-04
1.039165709041471684e-03
8.178597776824470759e-04
9.287129907211715994e-04
9.900296255481724154e-04
1.045339529946165674e-03
8.811797903605984210e-04
1.082012977761274758e-03
8.732957011162368515e-04
9.076124959278533862e-04
7.246473264518545109e-04
9.160225122276887105e-04
8.676018373586869090e-04
7.865415872620084214e-04
8.871414501751338604e-04
9.610852576150999112e-04
9.184105402997020436e-04
1.169449691093602190e-03
9.535621395833246373e-04
9.717827410702449108e-04
8.529906561342424009e-04
9.773517432347166110e-04
8.814369941385043553e-04
9.462851080568517124e-04
1.126693977464586494e-03
9.925141511708741090e-04
9.283025006199265797e-04
1.063010605433903615e-03
9.775002515838638380e-04
9.113657831778741421e-04
1.053448193068976619e-03
8.616273877021408002e-04
8.615173116978053821e-04
1.101531995462394151e-03
8.841157305228747104e-04
9.680296431778556178e-04
9.501568751856786631e-04
9.750047077403846537e-04
9.194119383225656666e-04
9.873223117546742721e-04
9.057289949097809293e-04
9.998116455471799200e-04
1.000990305478202192e-03
9.727651646544558696e-04
1.110688455013184766e-03
9.819913355244859997e-04
8.831230439897612503e-04
8.325198855416439088e-04
9.962735351629684044e-04
1.041377245987948775e-03
1.160852298337661627e-03
1.026202923786175090e-03
8.890883152353014135e-04
1.048852039958257480e-03
8.913240206495317598e-04
9.185624932144636741e-04
1.007375953429412701e-03
9.556412557653526027e-04
9.526482540707327182e-04
9.955755023046293766e-04
1.111565893591837583e-03
8.762075903713251179e-04
1.092823226133365216e-03
1.008321576154321041e-03
9.334060312030605490e-04
9.023169755076543763e-04
1.156873206613052074e-03
7.754508073479764608e-04
9.357593783736374181e-04
1.188203811853958715e-03
8.884585090027379180e-04
9.623097293961563803e-04
9.036072070461039591e-04
9.576294509489525391e-04
1.043320405998616812e-03
1.132092742007191058e-03
9.491664138079351689e-04
1.306009977553329853e-03
1.021177750322565646e-03
8.118782408783695864e-04
1.119072431677926079e-03
1.168514898532154768e-03
1.183503244255524906e-03
1.212164093777136614e-03
1.050619568239797696e-03
9.263265354950592050e-04
1.060479337018205900e-03
9.790457808544542322e-04
1.083839270565297884e-03
9.689690865879380718e-04
9.539610071567163237e-04
7.562763007663380038e-04
1.050024277223756851e-03
7.889371725779657785e-04
9.762687282595808660e-04
1.241076056116934695e-03
8.703271572148029746e-04
9.960442085663644488e-04
1.187214551631211434e-03
8.818870920363427752e-04
1.107376500679921327e-03
8.827071775638036574e-04
1.085813443559598915e-03
1.083189012819241138e-03
9.969091255773042306e-04
9.480159781354362226e-04
8.735398180426717958e-04
1.057878117632192992e-03
8.599488303097254076e-04
9.997948806118556013e-04
1.020244974033395185e-03
1.023692393839738908e-03
1.015141832208788647e-03
1.063147738141664942e-03
9.658650631663154903e-04
1.014061537030111482e-03
1.251669494720258208e-03
9.561406000477549365e-04
1.398853480239464547e-03
9.834958156455016892e-04
1.115570944290118294e-03
8.979499574608181944e-04
1.101095628556008526e-03
1.141723395372014945e-03
1.172977886594891214e-03
1.089016775288241317e-03
1.103760683544491696e-03
9.596966493102998715e-04
1.065106649378833167e-03
1.179501818186591512e-03
1.006216938937660576e-03
1.001492060377933216e-03
1.122775891705301730e-03
1.009618012747008631e-03
1.166757648383810655e-03
1.047510101666362589e-03
9.949645273969035843e-04
1.037523458982652714e-03
1.148717665579649175e-03
1.041027885212017544e-03
9.004910576398665210e-04
9.309079797053894292e-04
8.359076694726060323e-04
9.143366695080453257e-04
1.146433946417338900e-03
1.085577452220727341e-03
8.717585358349363555e-04
1.094433539316204884e-03
9.701076179197657030e-04
1.036845773712906892e-03
8.128538815415393016e-04
1.105479097397547850e-03
1.071953744953980502e-03
9.517055517936672459e-04
1.087831526345207694e-03
1.022970732238810167e-03
1.091389568794504019e-03
9.728237328520820178e-04
1.111495067007550004e-03
1.057934428461337981e-03
8.949443627571001311e-04
1.051853846330046138e-03
8.745143945388305978e-04
1.127886442778763994e-03
1.162086310847688627e-03
9.094469627369547796e-04
9.549776691497002508e-04
1.234778379943775187e-03
1.041449196783614641e-03
8.944161862980983500e-04
1.084246327973809650e-03
9.248753121846992314e-04
7.794930279083600025e-04
1.093562190873954626e-03
1.026807604412884132e-03
1.113488496866160997e-03
9.577518174876535921e-04
1.012203644282603544e-03
9.792285336518817551e-04
1.052153913465513199e-03
9.927213805499966910e-04
9.668891982213635499e-04
9.663287685993225554e-04
9.298176902998060234e-04
8.223711130462803623e-04
1.002855665858564229e-03
1.022114849028995295e-03
9.821100660732898658e-04
1.009956766163056397e-03
9.442043629121811294e-04
1.068974274251474274e-03
9.570320875648828836e-04
1.117031922934463330e-03
1.160948929477109183e-03
1.041514504699128305e-03
1.155677544140000556e-03
9.184350744888543187e-04
1.153369613947504823e-03
1.187472549195342812e-03
1.158413930026676829e-03
8.568199696203295402e-04
9.273361557770267620e-04
9.679627864298748349e-04
9.938622883440147680e-04
9.843754649792844664e-04
9.527146408153509913e-04
9.533970457185346773e-04
1.090668549985048322e-03
1.135057405032757196e-03
8.705979647886804510e-04
9.563677860413099087e-04
1.255189470145490335e-03
1.096325147379365430e-03
9.669701352692375903e-04
9.097536617102975742e-04
1.015848436919126931e-03
8.425485701448283057e-04
9.321694712596829144e-04
9.414087643066281017e-04
9.677254235768220636e-04
1.112499928967016676e-03
1.296903800504799458e-03
7.630397647607195652e-04
9.018937432219925956e-04
9.750327999458634817e-04
1.180084389563120341e-03
1.096150977232296115e-03
1.019883294056897179e-03
9.203795858843231851e-04
1.101367076387941343e-03
1.144727813708312867e-03
1.085440339304475374e-03
1.134594952298374109e-03
1.010697236087780906e-03
9.623327870587068244e-04
9.824467464418010481e-04
8.775523538555284053e-04
9.624429953011234048e-04
9.973210568844223176e-04
9.227814829456899631e-04
9.919123859179980376e-04
1.159580222356266545e-03
1.304621735672896899e-03
1.000171534701165509e-03
8.378076982030195803e-04
8.828732890090061278e-04
1.207753060142189618e-03
8.034543721815816646e-04
8.857727149198285806e-04
1.060322761896411023e-03
8.418498213274062426e-04
1.320972759490960909e-03
1.141219058555116876e-03
9.738108124905957199e-04
1.232493473824415771e-03
1.208533874110923100e-03
1.243323357593512698e-03
9.177577825407271525e-04
1.031816943580755484e-03
1.001499050785440402e-03
9.568836889035427793e-04
1.110798314325589942e-03
8.281488432271364580e-04
1.183168069910031607e-03
1.218288195001616296e-03
1.108692545023995217e-03
9.599573296774643622e-04
9.499533351671473084e-04
8.589571550097684039e-04
1.154472570733067064e-03
1.075426315960121551e-03
1.103545741571192737e-03
9.911559324342379684e-04
8.728179442477631113e-04
8.568899747212598700e-04
1.135430258430288226e-03
1.015738207337973150e-03
8.693382929963956902e-04
9.399071251274592007e-04
1.170590251148133322e-03
1.023630594716798577e-03
1.140350092925021454e-03
1.001838344108987953e-03
9.774540941085842032e-04
9.955308191183130043e-04
1.165940080245481125e-03
9.482478762013223702e-04
1.259779754037893907e-03
9.591441312195700310e-04
8.936843004007939250e-04
9.712428623820094269e-04
1.259932010165485707e-03
1.006328124763337375e-03
8.037638736189530939e-04
7.903807899146669119e-04
1.040673022044670114e-03
1.017071773558391639e-03
9.963636954670373677e-04
1.075315570518899783e-03
1.125639495230509489e-03
1.535843786371541295e-03
1.110054693253840043e-03
8.626090086090510475e-04
1.000357635715065771e-03
8.980773242793888781e-04
9.671842205887474109e-04
1.049965758878670117e-03
8.835345872561007913e-04
7.808067338305391862e-04
1.152631677294912744e-03
8.866386157101089054e-04
9.944149733699214448e-04
1.043469642574908207e-03
1.079079476622444135e-03
1.009281345849798780e-03
9.866223481696863740e-04
1.028097948687575064e-03
1.015000544945811409e-03
9.873815824753865659e-04
9.887453244652607241e-04
8.966030132141372981e-04
9.348874660348516826e-04
1.039017885617375160e-03
9.177114827759479988e-04
1.339944448425695262e-03
9.500811598831586597e-04
1.230793228091334006e-03
9.253107682289296240e-04
9.160660809168797445e-04
9.827346130897953759e-04
8.696333010002653754e-04
1.161918010985244030e-03
9.291274041066165199e-04
8.190609394734698658e-04
9.785725687534133251e-04
9.281639211196988232e-04
1.292377630294571679e-03
1.087814686722908888e-03
1.201481756245373301e-03
8.424789538642855381e-04
1.238195703667357983e-03
1.043288484882833825e-03
1.051913946338794460e-03
9.831933789115245969e-04
9.281160939692654089e-04
8.848101456427007877e-04
1.020938388809361323e-03
8.521203780283738427e-04
1.001923040662244021e-03
1.071815588767655991e-03
1.094019012524352977e-03
9.448742925009670848e-04
9.295409764794644201e-04
1.265751616029080900e-03
1.209335607691091642e-03
1.197071739620825378e-03
1.073571488762985974e-03
1.085921687941326192e-03
9.237924348208754804e-04
1.354576791173709143e-03
1.204918972586045255e-03
9.657644168144303336e-04
