2.926916970006568450e-03
3.032976251221274414e-03
3.802442142952427735e-03
3.631697996776676093e-03
4.986044206473690815e-03
2.216847086873211838e-03
3.303828837219949591e-03
1.388151698033473049e-03
2.165888948590497746e-03
5.527382029132093394e-03
4.131247701684065236e-03
4.668001260293686526e-03
5.026407066422431888e-03
4.514423634646786559e-03
5.601980291294648452e-03
2.892792438199088493e-03
4.086120217287633576e-03
4.949889347453513729e-03
6.834293276060186828e-03
3.431670265544814382e-03
2.554696926656499327e-03
2.546731997555637481e-03
2.803590832010119556e-03
4.484685630175221441e-03
3.238223931729210855e-03
3.555454684244004765e-03
4.126447698001125750e-03
4.638447347711883127e-03
6.380796851934216959e-03
2.552034939553882945e-03
3.680771818935617452e-03
2.218219143566583975e-03
2.225633448972070324e-03
3.134690722771122338e-03
4.047552322572714467e-03
3.178701834821871710e-03
3.880161247368097820e-03
2.407255237107459173e-03
3.625158729936910681e-03
3.584551570910357674e-03
3.253382084600432538e-03
4.983389318545005005e-03
3.841372483179528521e-03
2.182595884359913273e-03
2.128923039901563403e-03
2.127800471682014631e-03
3.835491325637357691e-03
3.318467976332105732e-03
3.027856845885075737e-03
3.193523437769129301e-03
2.469983665939285734e-03
3.383724925958308139e-03
2.177008739613338264e-03
3.817072947333337990e-03
3.460419672327822924e-03
4.598850103140041459e-03
2.657459930560829818e-03
4.025576624795028542e-03
6.138512571533570952e-03
5.845753874470205856e-03
4.496785892895322455e-03
4.244671949005606078e-03
4.806879584940612453e-03
3.988701527661589648e-03
8.270210193118529909e-03
1.992597531487280433e-03
5.157863364691640980e-03
3.897643051079330984e-03
2.777228680589844539e-03
2.448069914504885213e-03
1.542692969483908539e-03
2.705459766048097254e-03
3.512920787252608260e-03
4.315038369248064623e-03
4.111362833661624458e-03
5.548229654143446883e-03
4.805878817089687983e-03
1.923221132449823160e-03
2.797233390688250946e-03
4.432084573255543926e-03
2.717118802864418748e-03
3.982412519149988034e-03
2.309457879815618366e-03
3.742082165089239462e-03
3.793510786551602433e-03
2.745213349476699136e-03
3.783577174362013316e-03
3.881917648119527151e-03
2.624931674670790641e-03
2.505442492048636730e-03
5.573347564653861191e-03
2.148625919863063252e-03
3.659082009370115927e-03
4.155051438640250741e-03
2.172550458151981286e-03
1.841124008821134767e-03
3.204392407756991284e-03
1.805824148903049974e-03
2.939348807046366415e-03
2.802743056669764702e-03
1.922734506913504823e-03
2.102580901340442981e-03
3.117052136397604947e-03
2.709424228479364542e-03
2.358174651223038810e-03
4.306457892080340559e-04
2.126681256359362181e-03
1.863474922747475381e-03
2.435555121187691664e-03
1.605282347518984269e-03
2.342961146890060187e-03
1.919022871186624839e-03
2.268732155224489379e-03
1.789480166075309948e-03
1.702723614002062688e-03
3.660259648568104946e-03
2.684531616170894239e-03
1.557884456781211428e-03
1.848343528360196645e-03
2.441266781387485194e-03
2.697452534108458339e-03
9.294617558574907708e-04
1.475359331424015491e-03
7.075630911026170155e-04
2.132035901241468613e-03
2.203059654466925366e-03
2.969376704725911441e-03
2.031094033386417110e-03
1.150772870308244301e-03
7.628509056011880361e-04
1.152852783887103666e-03
1.813728758955863562e-03
1.811531906051017972e-03
5.150762038613027841e-04
1.298872726112786178e-03
1.315503722219225164e-03
1.446319490039179104e-03
1.619216915878703101e-03
6.321472120247004266e-04
7.860374998967732370e-04
8.667245304631750451e-04
6.894766678359913253e-04
2.144277716577653106e-03
1.758243826422500140e-03
3.806862712755125586e-04
9.490535411335202041e-04
9.904345961998497951e-04
1.218468589687382586e-03
1.549898874450176406e-03
7.771311057022110055e-04
6.721622706574588131e-04
6.953657992423808087e-04
1.120925757007389762e-03
1.546337149251182002e-03
1.265190247573816937e-03
1.631101393691751760e-03
1.495361097651306918e-03
5.917511711963621603e-04
5.632830907214569655e-04
6.935692707289696241e-04
1.602617571261185248e-03
4.140384416686619662e-04
2.263473944517907684e-03
8.198458412421108380e-04
2.250587945847171072e-05
1.357785579180577221e-03
8.700654473414154823e-04
7.397187910654042572e-04
1.546920689300012924e-03
6.764404459580954793e-04
1.214748160901393424e-03
8.739495303954311926e-04
2.104770118905080391e-03
9.483191798689962013e-04
6.942964567876505188e-04
8.891977093277128770e-04
1.307174272727322202e-03
7.673211626808466119e-04
1.143828271933730687e-03
5.067400418724161146e-04
4.047258355355216148e-04
8.691993443593891725e-05
8.564807808761164395e-04
9.692157010053117916e-04
1.222036886331998159e-03
6.053475187293152560e-04
1.719607292164609079e-03
2.885871268980511831e-04
2.517554795529799560e-03
2.405368057297238419e-04
2.875418653757846389e-04
3.935521797722636738e-04
4.703884028612770221e-04
4.867935976420427469e-04
7.555353861386521902e-04
3.352595762668881272e-04
7.593990597082383651e-04
9.407697133943683640e-04
2.799104853026164745e-04
6.590258274265128717e-04
4.126319094366663284e-04
7.539112458906851045e-04
5.848612041307259908e-04
1.076252292617623472e-03
1.341369845157390386e-04
6.948345455457476507e-04
3.412004763502367072e-04
8.606928090232951120e-04
4.705786521923307738e-04
9.026951678407821962e-04
1.205772273903646863e-03
5.756216651897204140e-05
3.610843888966870576e-04
1.345680447758141251e-03
1.394718089329140742e-03
4.700171030994260059e-04
9.522522494664325404e-04
2.864504156232058787e-04
1.603829364107097156e-06
5.874231711871097383e-04
6.454751243053470850e-05
4.167367941376759911e-04
8.797780567458559579e-04
1.117040954622458039e-03
8.121202086259325529e-04
6.709674546434478502e-04
4.736170712215034828e-04
5.682851318518969928e-04
7.262098989418119517e-04
1.081272693154195158e-03
6.308534526197163506e-04
1.169347703210772867e-03
1.532958762264720375e-03
3.939174925831171749e-04
5.221315330440027148e-04
1.935302045807919488e-04
1.082758150353327732e-03
1.040921689160932305e-03
1.116297223599157238e-03
2.374842937695614842e-04
1.466094945145771469e-04
1.226992008543357961e-03
1.415763038894612144e-03
5.769152516777989372e-04
1.369990392769817071e-03
7.906407902960378188e-04
2.257580287018449668e-04
1.641401820023271740e-03
2.271169367683603148e-03
1.107512019738154203e-03
1.787501210937112762e-03
5.944722308874282862e-04
2.960979514558422757e-04
2.170803118928225570e-03
1.130772268234317727e-03
1.696186307263028957e-03
3.195800133882905031e-04
6.209882853431688502e-04
9.729315523401037887e-04
1.319816335281350178e-04
8.509344072489375028e-04
1.955794989403342957e-03
7.946181679387777667e-04
7.472039587245769355e-04
3.956894472174734612e-04
2.957369966948265546e-04
6.375266372660517988e-04
6.454120172047773637e-04
5.087602008291775349e-04
6.674782535129079267e-04
6.321834282939986028e-04
2.688528158301791088e-04
3.780077253174097857e-04
3.081739219639011845e-04
9.002574708810432607e-04
7.467233911911036253e-04
1.052675418003085799e-03
9.179055432796163908e-04
8.043691795094323662e-04
1.464679285835092989e-03
2.193807938686116125e-04
1.584586741710207382e-03
1.795527510403357053e-03
5.092387321982264937e-04
7.363235083505461102e-04
2.035852013974969506e-03
1.026295746303920557e-03
1.646587196878852334e-03
3.911839245254965496e-04
1.006969716734878832e-03
7.566691921727220329e-04
1.533957592476114466e-03
6.682674443056700045e-04
7.263685031230995197e-04
1.427154220123913160e-03
9.498256967416823142e-04
1.654496924666953991e-03
2.569637597217733650e-03
1.216577395443459164e-03
5.350101297170247079e-04
5.142063519330713518e-04
1.246160571780827826e-03
1.505809240796025360e-03
2.240030620228692249e-03
1.135600427133359996e-03
1.075464068300543540e-03
1.214769021360911829e-03
1.198175095475535572e-03
5.045609245270356921e-04
1.291361821663602593e-03
6.965322962862431850e-04
5.354382739983120547e-04
1.430635620886075172e-03
3.739575189089951570e-04
6.075079143625185035e-04
1.092546937601977352e-04
9.368540998697527525e-04
1.991992912942812323e-04
5.929442436166899519e-04
8.671794489392445435e-04
6.348627716602125428e-04
8.524823530830967239e-04
1.044056452756541046e-03
1.285257679410596945e-03
5.328672088213891279e-04
4.842525982101456017e-04
1.295128205768658614e-03
8.269113870027923864e-04
2.606601520673073832e-04
6.924738070319100313e-04
6.644657115478848916e-04
1.441079941782087486e-03
6.588333176984108178e-04
5.334356565554703280e-04
1.423722448037385716e-03
1.315491107623092525e-03
1.532110798547104248e-03
2.056181005654980631e-03
3.399156394083454311e-04
1.680008370763695115e-03
1.183579746293112519e-03
5.019791736770076165e-04
1.150873489325779939e-03
8.062200988569841924e-04
1.217454501048833909e-03
7.518982312010322536e-04
1.559585713255586589e-03
8.956746183718184351e-04
1.562590527886324483e-03
1.673282722469111557e-03
7.280149368168147960e-04
5.406991986284488206e-04
1.187418375163366933e-03
1.211701081012232003e-03
3.573726235904662717e-04
5.466287009444597677e-04
6.154728341413295140e-04
2.140383248588121051e-03
4.491951347236509615e-04
3.124445471000142100e-04
1.169563508361426071e-03
2.001316278767058861e-03
1.029631746971897566e-03
1.049821902599602308e-03
5.229731827847859324e-04
2.799921430048125394e-04
1.513909305304401032e-03
5.603448041909827411e-04
5.407380747510248404e-04
4.531186911224613649e-04
6.918491847263969624e-04
3.142490409582078060e-04
4.702560530067914526e-04
1.263931080251605747e-03
1.028014209105072071e-03
1.768921390938047898e-03
6.493047085947545576e-04
1.357130675385742136e-03
1.205058504112862519e-03
5.800935377980496414e-04
1.366865747473334624e-03
1.065873673452524383e-03
1.322716282848800627e-03
1.489259452747954300e-03
1.069241995762413786e-03
6.185367422206455553e-04
3.178775485635733562e-04
9.929281320436233408e-04
1.255988626233549808e-03
9.845252741203787232e-04
1.457949543520403214e-03
2.643254558270656963e-04
2.066141142773319714e-03
1.027369855747075180e-03
4.193691060158590716e-04
1.471182676721669068e-03
8.410993871559690593e-04
9.945900281470114717e-04
1.351555691989031287e-04
5.917450057090849723e-04
2.281279172907515335e-03
1.419830665446045886e-03
4.553505340463969309e-04
1.308826059968707213e-03
9.573713464797852304e-04
4.402698098975637501e-04
8.639588849112926367e-04
1.763796686923018451e-03
5.402712553045554283e-04
2.243260625229500510e-03
7.641793264157127402e-04
7.690713234609290174e-04
1.795906703084122931e-03
1.838702022602687518e-03
1.734781696914158020e-03
1.444428349737322207e-03
8.202631401753988525e-04
6.920878861812328631e-04
6.999384925913425997e-04
1.556244126205544960e-03
2.887348209826879914e-04
2.006193219686947318e-03
2.214941745365975323e-03
4.658236542651467550e-04
1.747546533404304879e-03
1.100980811995452748e-03
2.987329750123102136e-04
1.798720456847840337e-03
2.044222864630928973e-03
1.782952229952615084e-03
8.287552507967132880e-04
2.681555490779883710e-03
1.753578333014238141e-03
7.754712756763189200e-04
2.342570750678331110e-03
1.308857400386135130e-03
1.195359900433894769e-03
1.443924435946536324e-03
5.283560312917956600e-04
5.912292630927919916e-04
1.898529998312077464e-03
8.807639391305974088e-04
3.876936351947153810e-03
6.469804518874882737e-04
1.006398715954674272e-04
1.788511561831992178e-03
1.653953283243595352e-03
4.052571706191064756e-04
1.838686535712215223e-03
1.779162336251934864e-03
2.232848667098503125e-03
4.051662541334889278e-04
1.087555042935550330e-03
2.185803890334103369e-03
7.723272244790968305e-04
7.849696117154553610e-04
5.800365570508775673e-04
8.334967825884854195e-04
9.919835384314475320e-04
2.441353966630038005e-03
1.226356284124150266e-03
2.976267606037261929e-03
2.960965769446098498e-04
1.445014436856579230e-03
1.070540867496007137e-03
9.791566346475423250e-04
1.146715887154826788e-03
8.116723695139080146e-04
8.148865200611315465e-04
1.684170539021650256e-03
9.256768899748694674e-04
1.362984774883642522e-03
6.630199206087029201e-04
1.548045859267919468e-03
7.093015903580703356e-04
1.397441356747710067e-03
1.403214304259129677e-03
1.466036865889599810e-03
6.366187977375016354e-04
9.592913412985553095e-04
4.652395449575634999e-04
1.579319312519101778e-03
2.150726029190983175e-04
1.058937420421244505e-03
2.665111482682386529e-04
1.000530503633735753e-03
1.451987940198883010e-03
9.676527123284107187e-04
8.689397386279724749e-04
2.184455204553700986e-04
1.234318769678711264e-03
1.409736659314348751e-03
1.209537605308821408e-03
1.238510950457204218e-03
1.485615016326643188e-03
1.043026675153371644e-03
6.606751085691160447e-04
7.815323654011460111e-04
1.320769019254551795e-03
4.212410447274409766e-04
1.325591314741231003e-03
9.896436794625896108e-05
1.669456440506651435e-04
6.716708461487206413e-05
1.442421995314762838e-03
5.256044303763884352e-04
1.100914423847295731e-03
8.355769964644353632e-04
9.617008102715195964e-04
1.782374562450663065e-03
1.282940632917957836e-03
1.494124033402455818e-03
1.399732674861928596e-03
8.962342568195106295e-04
1.692768584633794161e-03
1.801316341251173224e-03
2.226837104497258676e-03
8.864276440875395579e-04
1.017086732930446748e-03
1.401959146891818084e-03
6.015446694806776814e-04
4.019543263085350909e-04
1.596321054554119840e-03
1.449378637303425175e-03
1.164926988644844532e-03
1.667433455309196445e-03
1.277816106989357239e-03
2.079345113203269479e-03
2.674222015149676514e-04
2.025567095819570847e-03
1.506065766405241578e-03
2.015784026436703152e-03
1.966905060739885906e-03
1.063042046708316622e-03
1.861891925165580063e-03
1.047959005363528632e-03
9.036844610962759374e-04
1.930504471294432287e-03
1.033468562888688845e-03
5.853313194236274379e-04
6.639492337678614005e-05
2.825191479280214375e-03
1.641843268375130314e-03
1.080098827260978726e-03
1.056735369009957843e-03
1.103304340715866158e-03
7.532074883422166947e-04
5.649293652021653142e-04
2.161451145372476207e-03
1.241272864635947553e-03
3.824489321162300890e-04
6.200119201433588155e-04
1.088920632308614921e-03
1.541494972274624550e-03
1.004446805560758058e-03
7.767255341516821152e-04
4.643256858622929278e-04
6.945185946791028160e-04
9.075032598755384487e-04
1.266525501628643254e-03
1.736045103236166440e-03
4.922399344991787787e-04
9.405252879266352232e-04
5.890410008662922813e-04
1.201552194335922400e-03
1.032014341269494370e-03
1.132886585664313103e-03
3.460740411064704212e-04
1.538957380935844152e-03
1.795823432830814803e-03
1.899288359933864242e-03
6.928221837263650153e-04
1.301932618692601927e-03
1.873857201805925526e-03
8.015712582336651914e-04
2.822933796087952196e-04
1.075370499939384350e-03
1.443802937408892586e-03
7.240982546742108159e-04
1.392467072123732648e-03
7.389349187543205709e-04
8.775281489276311100e-04
1.754697321117628305e-03
1.379260512129977089e-03
1.197804779759406146e-03
1.260498598045684893e-03
1.663636405978254941e-03
1.571117457717012642e-03
1.068302011703290821e-03
6.933068498244529749e-04
7.878553205802848233e-04
1.175803680159636733e-03
1.574300030318238636e-03
1.273748613130949118e-03
5.951644380765808932e-04
1.423412837572458423e-03
2.336492850567939504e-04
9.393064651755143142e-04
1.844290198965252208e-03
1.310411760649416541e-03
3.907716098759203387e-03
2.088860938042219530e-03
1.260755011068123536e-03
9.298382687209773246e-04
1.789627229160709954e-03
7.255490927137824269e-04
5.386294719371793275e-04
4.318193724614926990e-04
1.376186150492473680e-03
1.702358682967223527e-03
1.716692987379841648e-03
5.966608918696216088e-04
1.647966423813694049e-03
1.787789372331676906e-03
5.772446184432232594e-04
8.183593908754595520e-04
7.392998746301618178e-04
5.255740049468140152e-04
1.650118797495554084e-03
1.479515955522340545e-03
1.362133608712505061e-03
1.051279614820618260e-03
4.243192317625287522e-04
1.244761708771889531e-03
1.201213999835018835e-03
8.439485905307115340e-04
5.182714759805070147e-04
3.650047843791268533e-04
3.648847928185277863e-04
7.441354049718936284e-04
4.357859375605898766e-04
1.583136046626202860e-03
1.092336708513567001e-03
7.935923314917360527e-04
6.779519695388033958e-04
6.744716536780430644e-04
7.057456482497237839e-04
5.596637310253804861e-04
1.259266287728837922e-03
2.137210540275807230e-03
2.064271544736013576e-03
9.568935458523518183e-04
1.507328654696940161e-03
5.013640017021095017e-04
3.178775595192956339e-04
1.245354582078841239e-03
3.405161000322835373e-03
6.813614352103765370e-04
1.253246779632449922e-03
6.166229109471494654e-04
3.152875710601257386e-03
1.041946102113042172e-03
6.737828848577415977e-04
1.056971922976426273e-03
9.312162766484205446e-04
1.618794475491051920e-03
2.052886059434902660e-04
1.013042868438731323e-03
5.785659811413209263e-04
1.261373085594077710e-03
3.700521983323684324e-04
1.272568441677526113e-03
6.787960995855276064e-04
9.222709504759441434e-04
1.890476526749484184e-03
1.761422815492629489e-03
2.035768448000899265e-03
3.441227301886666209e-04
3.227500130143312151e-04
7.887863091718954212e-04
6.548065299080853665e-04
2.245154742085792628e-03
8.060869053057100834e-04
1.124362641000971113e-03
6.277479874648774502e-04
1.413001842489169458e-03
7.042803929436199702e-04
2.616686716073266666e-03
9.148884173386229559e-04
5.416515952903661361e-04
7.933749537758529036e-04
1.141885798197104368e-03
4.431682688409070790e-04
1.414492408876722026e-03
8.443238188217774311e-04
1.969976222726007361e-03
7.058268679451359029e-04
8.640933247774048621e-04
1.640370639667131916e-03
2.155815695338695204e-03
5.322427236350090558e-04
1.145553906722829307e-03
1.315605469265474208e-03
1.777097988940538019e-03
1.308818508755869685e-03
2.658149883024028739e-03
1.040483865299520437e-03
1.080082929697725493e-03
5.130389151313099810e-04
1.810037253583013329e-03
1.154897030985721799e-03
7.082522215759303819e-04
1.533461432949702850e-03
1.321700679143864715e-03
6.159626021898942589e-04
1.862289158873105905e-03
1.156955588892087747e-03
1.678511742906994971e-03
1.795948577097768346e-03
2.304768462243501730e-03
9.428404076438664898e-04
7.399744565715932632e-04
6.606737306253017633e-04
3.884437659883422343e-04
1.332547747692281685e-03
9.021168573932439750e-04
1.774196642857852040e-03
3.080112282606941622e-04
7.483902056370533200e-04
2.809142180586950491e-03
2.119215457363440337e-03
8.640794144091659646e-04
1.284246808481255423e-03
6.578084893853549005e-04
1.252816536608664967e-03
2.843845662863649613e-04
2.364491418194264189e-03
7.140635928760443981e-04
6.138999204579676568e-04
4.153533786339728409e-04
1.630074850386958787e-03
1.357866015565618563e-03
1.366350962747185259e-03
3.578506285558862650e-04
1.455572790856364150e-03
1.591002212597952261e-04
1.525711426580213118e-03
1.148019276085042754e-03
7.790977381270637820e-04
7.716451598696413448e-04
1.892382875352245511e-03
1.575801627787082890e-03
6.683468140420673704e-04
1.610321053324360180e-03
2.428608081367127081e-03
4.783035284032619190e-04
9.619642979198650412e-04
3.049135941441679949e-03
9.958566815256300261e-04
1.404210013416649873e-03
4.693157301638829033e-04
1.135897695022738876e-03
1.080382102177551967e-03
9.414200946844697871e-04
4.846861815632207441e-04
1.515363197133705667e-03
2.063721107202093254e-03
1.225626839546478837e-03
8.319919837212263547e-04
1.639253109059742594e-03
5.445584527390478569e-04
1.311361402204356446e-03
4.364823517396327268e-04
9.515641679713394323e-04
1.364613981743527382e-03
1.442166980506458512e-03
1.227988950502668713e-03
2.365249443399108052e-03
9.468061571300554011e-04
6.634096882133421131e-04
2.631611467289235703e-05
1.220268676268197738e-03
2.495965327144030778e-03
9.449433793894665206e-04
1.876552946637136815e-04
4.689142025888773315e-04
1.601043474492415755e-03
1.353530849831313318e-03
1.306849960949070435e-03
8.582813994590192657e-04
2.675572063532622065e-03
6.359462408369949589e-04
1.336237257050951373e-03
6.846386631027038226e-04
2.135403239271462580e-03
1.653739181152770075e-03
2.064067076405752543e-03
1.034151188507424811e-03
4.325343483261872191e-04
9.561657388738231591e-04
1.122336535981695044e-03
3.571145479199196778e-04
7.175915528056181839e-04
1.986184557469019511e-03
1.469514390009255250e-03
8.716123105851162354e-04
2.060727209022235763e-03
7.831742795890272568e-04
6.803366241153841832e-04
6.650175184379041038e-04
1.352623181102388357e-03
