6.399496822802118456e-02
4.788928857288151514e-02
2.487004916008322269e-02
1.081598433635489256e-02
1.265033810055821075e-03
2.856873048939279416e-02
9.445276177607966894e-02
7.783946135629926655e-02
2.963428376024706060e-02
1.074249498677929369e-02
2.497301467168199646e-02
4.071894166892553457e-02
2.000675368385037775e-02
1.388338579575667652e-03
1.142857546564347848e-02
3.523792496656036333e-02
2.947176172149173004e-02
1.582466481710624595e-02
8.349800016749864620e-04
9.853695954130442178e-03
1.632464315501270385e-02
1.639410920903504321e-02
7.049387101053247208e-03
3.757602023371638469e-03
8.273500513753050123e-03
4.851477316258400591e-02
6.562747022225631777e-02
2.437082237576415275e-02
6.856110297625834030e-03
2.122082521240785391e-02
2.394784503086984720e-02
1.890408813437850083e-02
1.083515979600641055e-02
1.853008903341259173e-02
1.892791874684309969e-02
1.871811448621922558e-02
8.196360133680332186e-03
1.941410720867147582e-02
1.990880209618094837e-02
1.397372635318899770e-02
1.215696711209927200e-02
1.534364814345992936e-02
1.346201087181943951e-02
1.616959001972992360e-02
1.409361661304747194e-02
1.457190565415067418e-02
1.089489860381564514e-02
9.321656783806935367e-03
9.015343102430781186e-03
4.039546915699280052e-03
4.372067972114410984e-03
4.476769672861135967e-03
6.143804702172362027e-03
7.647289470351586495e-03
5.043601319652576964e-03
5.650216735278183397e-03
7.702059511072636283e-03
9.221682411597610304e-03
7.045286088850868933e-03
4.247688192580914221e-03
5.820733163978054035e-03
3.865829544632477452e-03
2.141934011889762030e-03
1.402548248125507326e-03
1.550924674395367641e-03
1.307123363830545431e-03
1.556214853488205232e-03
3.278129968833480307e-03
1.409650402556789474e-03
7.819746535259139994e-04
1.963845960245923228e-03
2.452637499871457728e-03
8.684858305953570366e-04
1.374612317412067866e-03
8.140330672203427128e-04
3.077775262780472771e-03
1.126224012471414414e-03
1.590853425325050498e-03
9.452718045331009707e-04
1.932471843005782643e-03
1.490706156250739840e-03
1.824926646399683064e-03
9.291673093624604023e-04
3.835792855300077810e-04
6.038265498772641803e-04
5.413522735000355973e-04
5.224236440754087248e-04
1.691080151536141895e-03
7.302603504633469736e-04
6.113868318535183640e-04
8.586270218348152506e-05
1.183633782270800128e-03
7.227506437048183746e-04
4.153178758240140696e-04
1.205216933738415203e-03
9.308948940781413108e-04
2.371774962860557991e-04
1.964187014207081743e-03
7.541170088243267979e-04
8.595225380314630657e-04
1.120878424152257002e-03
2.207626737615696680e-03
1.398997969028205248e-03
1.582801727081397476e-03
1.665535566908427859e-03
1.410036861820219501e-03
7.113089830766808385e-04
1.200067590638583155e-03
1.089481130517323077e-03
1.921077683176463085e-03
5.547595907526153836e-04
2.204254153172671704e-03
5.531332770855100587e-04
2.931196307181316903e-03
1.341011737911491485e-03
2.353590487055282846e-03
1.538322624636656805e-03
2.915255903421457278e-03
2.287038219093067825e-03
2.056704344606935346e-03
2.600114224458038251e-03
5.337323791006065923e-03
2.350205112594307751e-03
5.983969919099175680e-03
2.099180073089241226e-03
5.504857077331865023e-03
6.151001852616136238e-03
5.451771371505744791e-03
7.077611574061387113e-03
7.330384406669434791e-03
7.813351372900175645e-03
6.055891561555191115e-03
4.245203402109591628e-03
4.927246867780660407e-03
5.626962523731289349e-03
6.377793069816832527e-03
7.457763296065142954e-03
7.378096684093834318e-03
6.352096969458697132e-03
1.026262528612862691e-02
9.648426720915582316e-03
1.034275842243954566e-02
7.643278222611116050e-03
7.658240100115020627e-03
8.041976638364631280e-03
9.698784833318088369e-03
8.201559666632442583e-03
7.751969980640549714e-03
1.135781344177578568e-02
7.892003478920111767e-03
8.195086665482334901e-03
5.437591380661687367e-03
8.166591793333888988e-03
6.861092345414019494e-03
8.583829033330516584e-03
6.946968305072423466e-03
6.745566471289887907e-03
4.441678997232185837e-03
5.985034257010904066e-03
5.882244324748644657e-03
9.866894090047309204e-03
1.276605959008726698e-02
4.695174167357549569e-03
4.111805944572347916e-03
6.978474747348491387e-03
5.452403532157569510e-03
6.970356544520255743e-03
5.896984377871367956e-03
9.485283629192930999e-03
5.761391304351351668e-03
5.728303185026147742e-03
5.986787503950517092e-03
7.783193262151796681e-03
5.794050360304947578e-03
4.867916864869994975e-03
4.603678900713127284e-03
5.354960724823674793e-03
7.554011107178864974e-03
5.001997437081640192e-03
7.237421128000102663e-03
7.266703068209304749e-03
4.756688863277576396e-03
7.497938461946127182e-03
6.406426357124248364e-03
1.431374179180713510e-02
1.011068451212393179e-02
5.589985238406138153e-03
3.813043368202468416e-03
4.990641336739703483e-03
4.326868731609451180e-03
5.343124883381179281e-03
3.021429991380166716e-03
5.587345098872454133e-03
5.015226643384204652e-03
6.485016585314364382e-03
4.372708004698628095e-03
4.243019309399815447e-03
4.435708905774846632e-03
2.818912729779592900e-03
5.248920006250336855e-03
5.239325992755187490e-03
6.164123982481007659e-03
5.054222624838379530e-03
9.358564540128689810e-03
7.879915720630957174e-03
7.275057228016040649e-03
4.829043660425800730e-03
6.080619877779368070e-03
8.489333514493118196e-03
7.761546398044272266e-03
6.927464513567356541e-03
6.033941355097109834e-03
8.381009704223273474e-03
6.513800597075448257e-03
6.133534335031652109e-03
5.335653364782125610e-03
4.596169968474580689e-03
5.911594792368270006e-03
8.292011493458041962e-03
7.288277989810117673e-03
7.393884151589876809e-03
6.338822800209927867e-03
6.261020168497223939e-03
9.418816649691606063e-03
8.592366589304262225e-03
7.928099889648794821e-03
7.894963715416973560e-03
9.214998908737297503e-03
6.881255756554855406e-03
6.078068355390499854e-03
5.346482242747864835e-03
4.401391808679841998e-03
3.560950454847231720e-03
4.050035579938921111e-03
4.919085747977706806e-03
4.029928606145132680e-03
4.712288360947807474e-03
5.839736822667514725e-03
4.600772413448668899e-03
4.530411775902441936e-03
4.669264719848037308e-03
4.618351939659538254e-03
5.365650285541864913e-03
2.838900072854221891e-03
4.663286712430397656e-03
4.525002557524682861e-03
5.689611218124223345e-03
6.055909041828687160e-03
3.352999302132532271e-03
4.162422955598797832e-03
3.432330694742465743e-03
3.570668717926409226e-03
2.289776231636090394e-03
5.103843350262721873e-03
3.261175119384143901e-03
5.023294317709590603e-03
3.787015793146706211e-03
4.250792965352676901e-03
3.138265490476066337e-03
6.170988261560875036e-03
5.104110065413508188e-03
2.975827991359221176e-03
2.066257952617976418e-03
3.841146601052034676e-03
3.954208803552291401e-03
6.963305119086811087e-03
6.315007379240253869e-03
4.557689246857276992e-03
4.990617265505829271e-03
4.529655607501455877e-03
4.636278785947143925e-03
3.655221048775297767e-03
5.466336738494811769e-03
6.718537190581140399e-03
4.966056059051311526e-03
7.111746495586017056e-03
4.932170447556085552e-03
3.228434079891677553e-03
4.992289026869663193e-03
5.054596612254862002e-03
4.463475656925534538e-03
6.063206499532429114e-03
3.229722243356590063e-03
5.461335097876324554e-03
5.423073761369876476e-03
5.565561909504353894e-03
5.139701582470411305e-03
6.573818481681121574e-03
7.102229864011875768e-03
5.636342148570772786e-03
6.384979893753156381e-03
4.753015721756543611e-03
3.362445104209072291e-03
6.771644032579813254e-03
9.083725260871132814e-03
6.648530228428288155e-03
6.864249465652813402e-03
4.294153094225796642e-03
5.987485512441937698e-03
6.185067079593369044e-03
9.117053638739653146e-03
5.858201073193766532e-03
1.023278104604906195e-02
9.613592330222880955e-03
1.004687451906178391e-02
7.999680695080032058e-03
7.094343857190134328e-03
1.137555346655201062e-02
5.178524445729328768e-03
9.227871919175253609e-03
7.360727044641071290e-03
7.551112156000650347e-03
6.391389980637412344e-03
5.262585485411090842e-03
6.051540120020288197e-03
9.052501992244233950e-03
1.073012899637709391e-02
6.601930993396920057e-03
6.970448058397324051e-03
5.647426100606413486e-03
5.817384170093180956e-03
5.827279136479556268e-03
6.119320717265981126e-03
5.455503201134269398e-03
8.773817771398417092e-03
6.692318595219597620e-03
7.988677117200373989e-03
8.566088469632700264e-03
4.613311860976585313e-03
6.706037853161777966e-03
6.832267819409086965e-03
9.411543441101859545e-03
9.036644905390972191e-03
6.069823889366976997e-03
6.121548247542053789e-03
8.629388926313456484e-03
9.453953498209821671e-03
1.011735286674481267e-02
7.200576174767304993e-03
7.691943041885704671e-03
9.400910920674108301e-03
9.797045851311870709e-03
1.136041780934434267e-02
8.251674646380584982e-03
9.678604548091477092e-03
9.797323814929165958e-03
9.288553933242545482e-03
5.508233128094659412e-03
1.209726726648045411e-02
7.345273712106884997e-03
8.581411847278763369e-03
8.252069569442183408e-03
9.721375137179699005e-03
7.900536660929232888e-03
1.007518617625601486e-02
5.952751790746963617e-03
1.016180238696334608e-02
9.787210280649397132e-03
8.940802984038473400e-03
5.791718567912925407e-03
8.475754731054463767e-03
9.501396125097915160e-03
8.234320350556935744e-03
7.192807559288749708e-03
9.674056210348279047e-03
8.363796351403822438e-03
9.450458315439015308e-03
7.242334704751359278e-03
1.253426637092774215e-02
8.090898397013747412e-03
1.011060322116188494e-02
1.032015276091164183e-02
6.949281713585793614e-03
8.526039081588668994e-03
1.069866243350985069e-02
8.188653504484501647e-03
6.740123741392161846e-03
6.266042231136895527e-03
9.342475615842152706e-03
8.382150920370170372e-03
1.052185241008584023e-02
6.625171187923782450e-03
1.145472419256609621e-02
8.332086572347562406e-03
7.397935164765023254e-03
8.415439805018014308e-03
7.920081017197622489e-03
1.022708760386191809e-02
7.968439788204722748e-03
7.262302083442023250e-03
9.126036020520127828e-03
9.093568180197398459e-03
1.080496888128968866e-02
8.940533692886134393e-03
7.995079090969907376e-03
7.247779372812792123e-03
9.896624539093651363e-03
8.578132243236634424e-03
9.349415671299895689e-03
7.051469730431307766e-03
6.386619064469674020e-03
7.387167562479461484e-03
1.087062274392276706e-02
1.004500631924126579e-02
9.303255368563514635e-03
5.711833815337020483e-03
6.878972903109791502e-03
9.649681977953209963e-03
7.187646935124601677e-03
7.472098159893006755e-03
7.610956142927926757e-03
9.380239364134543983e-03
6.221281058943854518e-03
6.414673822434205017e-03
9.306748940869363426e-03
7.632419945325611722e-03
6.750879828391815642e-03
7.850291452449203664e-03
7.085283532625675715e-03
9.359892733852952229e-03
8.486001081381868219e-03
6.287593419033379351e-03
4.678524448129830864e-03
6.236804806021083517e-03
7.817475760016099479e-03
8.624951097249495408e-03
6.554383251127696326e-03
9.803820073018752052e-03
8.769751115998213747e-03
1.014820159332522308e-02
7.919732234634177179e-03
5.076487171519279001e-03
7.539597756336336755e-03
7.006707433937785050e-03
5.170292966730024968e-03
8.535300187325938620e-03
9.709792603161139166e-03
7.450201079146265976e-03
8.479331871674182161e-03
7.460756261556728344e-03
8.755899191478757476e-03
6.208402555135265899e-03
1.072085607018274066e-02
6.549802572380963341e-03
9.015374291112616262e-03
8.343208829945353289e-03
6.505573345474501175e-03
8.445202912254343858e-03
8.744730873885015604e-03
8.478318716603571933e-03
6.229028598961483879e-03
8.503425179914722229e-03
7.912540781164729281e-03
7.034122915591159604e-03
8.777183594289963628e-03
7.499632727921773205e-03
1.090932190307934355e-02
5.933138149610322522e-03
8.481800221489995892e-03
7.191650865265447785e-03
7.252830075993699221e-03
8.702697060765178169e-03
7.678499441847925523e-03
4.978826556191851688e-03
5.355247265257883846e-03
7.202350134860908623e-03
5.043186656680091230e-03
6.123323631182870687e-03
7.303142847548566366e-03
5.738128905267952939e-03
6.352607591037017637e-03
6.393415139355216985e-03
5.272885419301171633e-03
7.829793222246987996e-03
7.956467009890000330e-03
4.538203067586885076e-03
7.010381261408797811e-03
6.491984439484972842e-03
7.346424875294935326e-03
9.461964467510641102e-03
6.426926798073334321e-03
1.006564019483672731e-02
7.382574145571754558e-03
5.211038116934402567e-03
7.718480246723756662e-03
8.391998776919293995e-03
7.194264839545849201e-03
7.671191225033057240e-03
8.146121605246785941e-03
5.601091297130749574e-03
6.911644310934714382e-03
7.222590550290203248e-03
4.842638921288833220e-03
5.566619057078236316e-03
4.680254177840174890e-03
4.519761661476906847e-03
7.693620436787840244e-03
7.226462365087499631e-03
4.949559381742691354e-03
6.721287009507988415e-03
7.098458641953380409e-03
4.358881100420517601e-03
6.071437358042397654e-03
8.781167721522365605e-03
5.261845900363073397e-03
5.699087082685401311e-03
6.448200647298364500e-03
7.902206754341733336e-03
7.350729854345071541e-03
6.467063690776830159e-03
6.809366199208225293e-03
6.233757069489366878e-03
6.096913830196257905e-03
4.524871953312816462e-03
5.937911923226555679e-03
6.356561956312609986e-03
9.026584520854060226e-03
1.014979959237026150e-02
5.749313943344502159e-03
5.283411318289959503e-03
5.418764776387178031e-03
6.385416612682806060e-03
2.926716409506874370e-03
7.129410992963326234e-03
8.273503231483202158e-03
7.837071282590346230e-03
6.578724373770497395e-03
6.855689424304102150e-03
6.135539925903501189e-03
6.462593171354162613e-03
4.446608874051787008e-03
5.934414648359231589e-03
6.698180702280627508e-03
7.077610882412612402e-03
6.765515631785051949e-03
6.971249978250278201e-03
5.849796309251321588e-03
6.278494659619293129e-03
6.523330945875478563e-03
6.165606313861592656e-03
8.927824675018212336e-03
5.262493536553704276e-03
6.109776791308337354e-03
8.638535908405697156e-03
6.343658095668649501e-03
5.426355690366979623e-03
5.289720094264747409e-03
7.638068605728479989e-03
6.157124897307322126e-03
5.210408771304568532e-03
6.654547045908400585e-03
7.283794222691039773e-03
5.062635506135849603e-03
5.902856735536063208e-03
4.811499814327316847e-03
6.536239642557752777e-03
4.439718156254966915e-03
4.964140301729391171e-03
6.491867214173637282e-03
4.901277862304273016e-03
5.502638196866076192e-03
5.584282306863249529e-03
6.321061164261427591e-03
4.675082706595647120e-03
4.668343820482889241e-03
4.778726568902117756e-03
4.259981837287064692e-03
6.593200827762852635e-03
5.274862780741574643e-03
5.300023449462933078e-03
6.377036786233945126e-03
5.596509736707372569e-03
5.384660970279783916e-03
6.307614802885090459e-03
6.320465632869950827e-03
4.237338271801538957e-03
4.322061137145713494e-03
5.217838235688824176e-03
5.743937672531965188e-03
8.174157228023427868e-03
6.105725775830802594e-03
3.469419206158779780e-03
6.205904954324725081e-03
5.726194536200765635e-03
5.419543427080691748e-03
5.294858956544861057e-03
7.893945454473335135e-03
5.642066755400905291e-03
4.912649195390904680e-03
5.417402789950250160e-03
3.842786807941609394e-03
8.492239985449113321e-03
5.543456826248462435e-03
5.359038349064529014e-03
5.337332612140739327e-03
5.565333931860877957e-03
4.949113784752454635e-03
5.005925697456376118e-03
5.157010121517140167e-03
5.223930317946140663e-03
5.178718593459948408e-03
6.877716468043106740e-03
6.247020857320185160e-03
5.371977193863466948e-03
8.508025215149834369e-03
4.882597627392691424e-03
3.409589744167767968e-03
4.563209670344885865e-03
5.568587332888294029e-03
4.038915739319745742e-03
5.754023163614617117e-03
7.537671684632039557e-03
3.003263174350248154e-03
3.978195989438513235e-03
6.611782346169069180e-03
5.440155999797177677e-03
5.707440256810607758e-03
6.586937505707698981e-03
5.659354045940045291e-03
4.903617726778676175e-03
4.902146116024101372e-03
6.597314940002274759e-03
6.039316371533785810e-03
4.408709047409039607e-03
6.633843031978004824e-03
3.804086523493204874e-03
5.780887872893691534e-03
8.295878935912926605e-03
4.752896490081823591e-03
4.886693068831305352e-03
7.073689463404622159e-03
5.709565969622424665e-03
4.241018829307803030e-03
4.795093049100675187e-03
4.588371653910617437e-03
3.472100426286789821e-03
4.879250302239466000e-03
6.780050954302028164e-03
7.426383901091218945e-03
5.358161437685495659e-03
6.535803751073951048e-03
2.797728135352285130e-03
4.981947557655888072e-03
5.472913206556724239e-03
5.085715163021559126e-03
2.852259900634407548e-03
5.951188480796622618e-03
4.251318378676649523e-03
4.264863369401781547e-03
4.511943097406964469e-03
6.436299795106991892e-03
6.230957774475910128e-03
7.053413367841723791e-03
5.602475747729479018e-03
5.531555502269060176e-03
4.064131576181022505e-03
5.178586568587538810e-03
5.985640363306856358e-03
6.148390628070565279e-03
4.215807218912855092e-03
3.846466678565028594e-03
5.315976872209885080e-03
5.115913413646630548e-03
4.605889348791934734e-03
6.433247621984859027e-03
3.569210125832650033e-03
3.467815203472450220e-03
6.730791110007689447e-03
4.210811373836624918e-03
3.418763287013475063e-03
4.187488855809868779e-03
4.491359879167038105e-03
4.194969251875589611e-03
5.427032955527806221e-03
2.990227718941831231e-03
6.515995357824595595e-03
5.529323905672465025e-03
5.168873779724595698e-03
5.092629185897524363e-03
5.467810022557135878e-03
5.321012294691331197e-03
4.850179702530637432e-03
6.556513744381798313e-03
4.771232132168850767e-03
4.168000894218056203e-03
6.077092737751371362e-03
4.358742629379915023e-03
5.632455623634085098e-03
2.379068656122589227e-03
4.382707957877677793e-03
3.268319652111505418e-03
3.681421280674149546e-03
2.824742193371252916e-03
4.677583408830192704e-03
3.544269001315965631e-03
4.062952464840405634e-03
3.910566246941061218e-03
5.639159757766475795e-03
4.827224175807838524e-03
7.543355059965214070e-03
4.961474042355692310e-03
2.769448493894959961e-03
8.165256246830560408e-03
6.997949187333777667e-03
4.655095842393289392e-03
4.186733332741204155e-03
6.600748591607210301e-03
4.504567327527034259e-03
4.356277500400173100e-03
4.600135130932781966e-03
5.958203606750124559e-03
3.711679849022942075e-03
6.341675044363288827e-03
3.713051278334431656e-03
4.695858631574584101e-03
5.521832882429685702e-03
3.009829775603194407e-03
6.156940512535057433e-03
2.216019350530299727e-03
5.879200628778664776e-03
5.304404189225743992e-03
4.873058794759228471e-03
5.191900437360452703e-03
4.622159043204523976e-03
5.699320636589356656e-03
3.780177300716262671e-03
5.437739155779771488e-03
6.936867055873613234e-03
4.798116092928187554e-03
2.286429995506015275e-03
6.152550885937657990e-03
6.773664791775645469e-03
4.166793572508912039e-03
3.795372319339685319e-03
4.330982637316382541e-03
3.913702212166287817e-03
6.314525497779889876e-03
7.353291013639884008e-03
5.496134863340954892e-03
4.701970533753035454e-03
4.497861132868368784e-03
6.115073786067415536e-03
4.080894490041393589e-03
5.804019141579065851e-03
4.981258655832477428e-03
6.044921406848416910e-03
4.911958616331689800e-03
4.702751305669072325e-03
4.549364039874853605e-03
2.158530472398538340e-03
5.166453524709411008e-03
5.254408917823506775e-03
7.235796612800451076e-03
4.970386823824801160e-03
5.404788621104307522e-03
4.250966862583988731e-03
3.070522815660830119e-03
3.675514672994935339e-03
3.304555297771770601e-03
4.738487331055017161e-03
2.807594428397260870e-03
3.247901704640650169e-03
4.908147714986342558e-03
4.325741365901128108e-03
2.648032095475134125e-03
4.865628770488207404e-03
4.854736912149539181e-03
5.825816170254911018e-03
4.893446994556620300e-03
5.279380373424514585e-03
4.090162913884255215e-03
3.437430670129791501e-03
5.263809689751157601e-03
4.456559833874205491e-03
5.004696796651193248e-03
2.801891723389268989e-03
5.397366744547354989e-03
2.591490156316950816e-03
2.953164270032864868e-03
4.675074568221066103e-03
4.022274445981842764e-03
2.458978552919867562e-03
3.403315795098920370e-03
2.946459142705043326e-03
3.194411274450486941e-03
5.662414045090496603e-03
4.655310632556527300e-03
3.386258335719857359e-03
4.543204878295022120e-03
5.167075633370661614e-03
3.884763426198375481e-03
5.367010132194521138e-03
3.143368280340742924e-03
3.602825702944167322e-03
2.967543567966461626e-03
1.888284134021047788e-03
4.897736953231346911e-03
2.953019738641439983e-03
3.582061294646653963e-03
4.067664766079619361e-03
3.723654548663618731e-03
