2.538810774698806519e-02
2.854179050795013425e-02
3.362649018325386541e-02
3.731843158916365449e-02
4.521424714656254590e-02
2.228101867221500901e-02
4.578523010892103333e-03
1.525738727051121870e-05
2.000401363291367651e-03
3.054812794048477817e-02
7.008970481493654626e-03
8.960867304896721550e-03
1.932959425258312311e-02
4.968768060557160471e-02
3.121671150018308361e-02
2.435142828041541446e-02
2.251189219966733338e-02
2.052303429008177360e-02
3.032825449433355913e-02
5.630170114663936645e-03
4.429106834582193647e-03
1.757851470793425890e-03
2.830983571820782588e-03
3.010445278996530527e-02
1.704793303975220276e-02
1.941811666197042902e-02
2.807216586061388880e-02
1.305975530388201605e-02
5.954163550626874121e-03
3.354838802973866829e-03
1.148083925466399785e-02
8.670690053585250814e-04
4.939009835839022408e-03
1.219042707402961945e-02
2.967766993655740135e-02
1.106517989150078776e-02
7.204535435707865379e-03
5.866400464529867610e-03
6.534664664249999547e-03
2.792924484522655952e-03
3.531269352149354456e-03
3.049113855492957721e-03
3.639741181456635898e-03
2.670501195453413908e-03
6.654586755572693482e-03
5.670733027849167267e-03
1.133030290261855672e-02
1.816818083556965766e-02
3.167513867664138727e-02
3.657258056067543006e-02
5.725967303571458805e-02
4.179567201980880636e-02
3.700493922913514894e-02
3.911906564106402279e-02
3.421938182594647104e-02
3.627469944248550709e-02
2.475715523035344756e-02
2.368024355012606982e-02
3.293943477306025824e-02
3.616099263217859711e-02
2.991444959106596621e-02
4.003023374650492572e-02
4.416737341131819761e-02
4.720077388721603817e-02
4.880860951212062648e-02
4.989589778651536828e-02
3.804563414902280283e-02
2.927351620022272671e-02
2.968378330652915453e-02
3.473186919619443425e-02
2.460590695095074207e-02
2.934966428634774166e-02
3.267926766756709678e-02
2.763586870957038602e-02
1.524478405946637707e-02
1.864811867388595223e-02
2.684612497887576416e-02
1.297888961066096664e-02
8.661418359629332112e-03
1.258345895691832285e-02
1.870213551834343929e-02
1.305784958194718820e-02
1.206644025564953919e-02
1.503974234840007446e-02
1.770456655486818062e-02
2.061586214631113204e-02
1.636163879963734372e-02
1.327969408557312311e-02
1.637312392276889586e-02
1.606067070826112247e-02
1.669010322309692415e-02
1.597368737961071816e-02
8.529507050990656550e-03
6.157433918843409695e-03
7.932054373307873343e-03
6.841169389336391495e-03
7.953132480895196837e-03
2.758456576220071066e-03
9.369255105018039348e-03
7.320207076432196959e-03
2.117187705064820305e-03
5.754995153962275817e-04
3.775182389968886800e-03
4.344146658788490892e-03
2.453626202090635009e-03
2.023539893109047635e-03
6.712668524091193814e-03
7.518156345619440850e-03
7.708399516029502442e-03
4.066859768825101598e-03
3.862013769946626499e-03
4.027216281131129789e-03
4.445187794305519545e-03
1.336893669891137592e-03
1.028107056968568384e-02
7.233945990067431123e-03
8.561674942570299610e-03
8.637307468873076099e-03
6.214925418994775991e-03
5.406916449443291937e-03
5.415331002091122205e-03
4.284556163653225648e-03
3.494792094390385302e-03
2.398542496157890416e-03
2.539057085333021845e-03
5.697967081579684810e-03
3.256529202029484048e-03
3.311823209255960847e-03
3.204977409968793635e-03
2.082642755552773124e-03
6.493358631175283118e-04
3.603327680568482998e-03
1.948482215343260012e-03
9.282095256892932463e-04
1.985638652186653714e-03
3.085958481629509902e-03
3.178483863994933066e-03
1.200212041386505748e-03
1.797579457033451119e-03
1.162575262288062690e-03
1.587774149052849349e-04
1.420252170971019129e-03
1.361524095902754512e-03
4.828677146849706518e-04
5.653487857733269619e-04
1.604506136781054537e-04
3.558184324350041877e-04
6.797426543040485485e-04
1.074369322378350942e-03
1.061946754164608394e-03
4.026445352559542131e-04
1.761367519098537115e-04
1.800960960539990966e-03
1.252131678646423423e-03
1.438562913666267427e-03
1.068176358735165596e-03
1.920664657550027760e-03
1.175330931379568993e-03
2.471104834357098611e-03
3.674810022642665880e-04
1.365438318407420507e-03
6.652020968110390490e-04
1.417284398178629654e-04
7.083981861141772952e-04
1.375752933964384073e-04
1.214849177804540456e-03
1.193367317415627285e-03
6.306470268456364128e-04
8.841761608484606082e-04
4.715317293746053317e-04
1.491682623086759522e-03
1.008430009075117874e-03
1.289359734764286862e-03
1.524858013387161201e-03
1.619740826063934100e-04
2.140597100531676459e-03
5.474074094571492561e-04
1.180734489438074015e-04
5.111897875048844377e-04
2.140014960035808384e-05
3.851129351229358000e-04
1.207611708032720434e-04
5.170104330360978772e-05
1.269996511141363625e-03
4.815489391402368686e-04
3.260412902705391632e-04
1.043884990416243602e-05
3.078094158292683509e-04
1.129172931327182701e-04
4.815976582427768683e-06
4.881948114827994764e-04
3.451445706430581167e-04
9.022720643479890381e-04
3.187212038354747984e-05
2.023547740525132626e-05
5.361892040755046899e-05
3.617530577321499769e-06
2.286992915075503782e-05
1.353797099490549271e-04
1.273800763349812947e-04
1.186944939052653859e-05
2.772667256307884999e-04
2.738965875231268304e-05
8.875766715281442225e-06
3.606089120365194278e-05
9.506583336375495582e-05
5.066721230645988967e-08
2.608737326400856508e-04
1.725720459897968474e-06
6.549152400103527112e-05
1.473657561659392100e-05
2.214836379026108407e-05
1.138798935271745442e-04
1.439136701912804754e-05
1.571468932903771776e-04
7.386802745613731710e-05
2.800529317859914448e-04
1.632374986066581002e-04
2.259252689882652312e-04
9.035858487656267613e-06
1.577848890257434362e-04
2.841885237607493951e-04
2.774699087015217921e-08
5.050709793617419192e-04
1.195321142030882121e-03
7.031328258260007664e-04
8.181994494466367858e-05
4.841185219426886159e-05
5.491696597712351089e-04
4.941009835067133827e-04
2.748157636543122886e-04
2.376092918665693123e-05
8.056308292925114416e-06
1.585725771482963777e-05
1.697664259033876991e-05
6.119943156275261045e-05
1.061955648919415144e-04
3.521093233922280622e-04
1.189312687061398348e-04
1.747644557955722335e-04
1.599707362203854654e-04
1.404192647469890327e-04
3.446337731812055345e-04
2.185349113612036179e-05
8.278748394002459618e-04
2.139321826333481259e-03
1.346755330616998233e-04
6.315919819771139126e-04
1.507368930238210170e-04
9.518562353003068559e-05
5.464023840010409031e-04
1.633963007185567457e-03
7.085222788481506826e-04
1.701739631655090990e-05
5.273880204758751996e-05
4.016273715093395495e-05
2.940186428168626220e-04
6.280792133891173858e-04
4.826163601706813674e-04
8.153185560176099268e-06
1.479256538150529646e-04
5.012905574246962924e-04
2.012165278294187354e-05
1.800451081439274220e-04
1.976557878088249344e-04
2.511653838073088090e-05
1.968583618965085607e-04
2.507335776056198764e-08
9.698447588766933713e-05
2.841091937083406140e-06
1.039390312510786279e-05
2.353197277861782615e-05
4.109523330024131894e-06
2.684047715294026761e-04
3.357562610983432384e-04
7.763755266234742726e-06
1.154201910949942964e-05
2.194363446703365118e-07
6.442309968410417828e-06
3.886194040675193398e-05
9.047937597344261426e-06
2.611935153624434262e-04
8.577536396881194221e-05
4.663662234352098821e-05
4.915205558601683090e-06
2.145427863074841511e-04
2.037750392725770588e-04
6.008001553055455175e-04
1.322653491893568442e-05
6.216638816346929045e-05
9.068786382851589393e-06
3.856681759723534233e-04
6.670799405814697807e-05
5.685897967719447414e-04
6.465526747340077875e-05
9.962383106208456528e-05
1.945888149925160612e-04
3.340120536489905910e-04
9.819254771250326540e-05
4.479311630167156773e-04
1.158495822746461644e-04
1.236304264679988132e-03
4.460480863297022259e-04
3.799521805494976857e-04
1.264915925048989368e-04
6.126060025011025381e-04
4.460587333380457153e-04
3.822161913399621700e-07
2.637408974934589922e-04
9.943882603695517863e-05
1.808684645315402587e-04
2.760588151253437540e-05
3.488593011130767082e-05
3.976440604911652484e-04
2.803481904754590408e-05
1.717403244364329928e-04
3.088808721046613654e-05
8.939906365415105794e-05
7.904466725098602872e-06
2.254635341320643381e-07
7.896998998227647640e-06
2.496915606976071777e-04
2.562103585496339274e-04
1.656610137295326730e-04
4.440750033324847800e-04
4.408061718932373496e-05
3.374477364799113410e-04
7.456837279307850456e-06
3.170467395973910820e-06
2.137029907886598237e-05
3.346789399593031919e-04
3.336118203637142309e-04
3.179758178745736939e-04
4.927524806525063498e-04
5.219555877767021601e-05
1.731429363321202537e-04
2.700417538121507532e-05
8.149136898928206144e-04
2.567749067979476895e-04
6.557655190427210149e-04
4.059357802373828495e-04
1.562573067033102149e-04
4.092882879221004431e-04
1.772961942705243818e-04
7.731715988109163400e-05
2.819943293005936470e-05
1.070984825236938630e-04
1.259823760871333894e-07
2.919113510233317167e-04
2.094516246255950190e-04
4.633797823763423377e-08
7.890426117389481245e-04
6.760354638093035327e-04
5.653743327095586728e-06
3.729344473781158399e-04
4.793339376968877748e-04
1.794653899224201343e-05
1.285586443849231501e-06
2.032749884734497180e-04
3.757880597378186017e-05
1.670521158481689450e-06
4.368399588887139786e-05
1.940065340753578443e-04
5.713256425587760669e-04
2.640096799282605575e-04
2.296494913405279525e-04
9.038160179120713160e-05
7.911327336186404867e-06
1.296204829337261943e-05
2.626085839628784367e-05
1.764954405127523436e-04
2.946207605839972197e-07
5.191406597172618612e-06
9.130462881691201165e-04
5.368200221937918280e-06
1.594927952202611517e-04
1.698977522401493178e-05
8.742022832719681684e-05
8.923915528672904970e-05
1.189410425860676460e-04
9.282514370355917711e-05
7.302589288535174339e-06
4.752867556700226528e-05
8.478803715093658530e-05
1.695951270248795522e-04
1.724009653279740871e-05
1.851297769776519042e-05
9.648087182825470164e-05
6.297003836719796063e-07
3.009591266112643360e-04
4.925296727369472989e-05
1.063348415101305418e-05
4.619215878143334031e-06
2.129475478170756643e-05
1.604372019191774323e-04
1.904358428831970243e-04
1.215861371853073418e-04
4.984504854533196056e-05
1.059676669068083254e-04
4.010848139225502455e-04
1.770786750902675448e-06
3.147358144681897785e-05
1.878447945715428855e-05
3.673044704711575211e-04
2.595491019953116730e-06
1.366521062681348925e-03
8.349585960479104750e-04
8.106842418142230430e-04
4.442748181518603695e-04
1.329487353196793608e-04
3.997992389170085172e-04
6.079762845075030410e-04
5.511715016421213278e-04
4.075368410357546665e-04
2.292938187103178173e-04
8.034481245227782743e-04
1.973645072680987043e-04
3.784117187513973135e-04
2.160479245766897861e-04
5.244864896768235097e-04
1.245738752738704191e-04
7.749089335365042181e-04
4.427795469992736456e-04
8.480101368408655505e-05
7.167446504217166865e-06
3.403803997850821046e-05
1.544119322192042787e-04
1.363215724597557172e-03
5.825029914773878114e-06
7.789151812443664445e-04
2.516537816833491910e-04
4.522605758007610039e-05
1.518514024374698437e-04
1.753199143550720780e-04
2.349999119807223626e-04
2.710056200045241935e-05
3.948153429951184392e-04
1.396082959722860090e-04
2.159120364304245024e-04
2.943138111424318539e-04
3.154024319795025160e-04
6.797083142020379819e-04
4.217107534044997022e-04
3.733017323791577901e-04
2.281872084244882556e-04
4.256774053490117453e-04
6.557690999548270241e-04
5.019602979212732345e-04
6.283791562093690979e-04
1.129744632949588402e-04
2.853621372883229047e-04
5.709917829043445123e-04
4.797223394849955340e-04
3.585074815846264946e-04
8.641532900647161614e-04
6.418607921109993619e-04
1.492021597008700348e-03
1.947630581409765709e-03
6.975559994005191408e-04
2.714640906844130648e-04
1.893082272910644054e-05
1.926773017888552570e-04
3.439132786083875528e-04
9.405202589750572472e-04
1.043058903311642636e-03
1.184919109422132586e-03
7.688738532166823061e-04
2.778447438251441292e-04
5.965660234516121600e-04
4.349390342023171032e-04
3.521166411849421373e-04
3.253438908299166338e-04
2.511413540942207794e-03
1.057899649490301550e-03
3.449597210615112149e-04
7.362425523471376621e-04
1.912224505912591625e-04
4.627439472561576251e-04
2.810707582578623326e-04
1.107462505246382088e-03
9.904677652448794830e-04
6.932795993314074066e-04
5.357701715609466302e-04
1.039697885306229601e-03
5.990599859093157604e-04
2.554178036125111955e-04
1.035171137381746048e-03
6.455493146505041470e-04
9.455580020901356705e-04
5.482447310466279956e-04
7.549085829419336464e-04
5.701629421827787703e-04
3.906390187201100143e-04
5.023909805479354426e-05
5.259270636800846509e-05
7.891722059066110830e-04
5.004569401496727736e-04
3.636873029547558079e-04
1.404269639147514518e-03
1.266831503503830156e-03
3.445247961099842204e-04
1.172590388823354854e-03
5.695519807040915665e-04
1.066841625347316044e-03
2.241169204504937611e-03
9.467510807824756143e-05
6.745530062900381967e-04
5.226166125949637409e-04
1.667869930541878570e-04
4.385790622431912089e-04
1.093667701369493940e-03
7.087325933232141309e-04
5.656842264841038239e-04
8.248023856510973417e-04
1.098083327561563943e-03
7.779349186277176049e-04
6.521092899649283707e-04
7.084017576542808899e-04
1.094587818515886527e-03
1.230818185793894652e-03
1.982171271444842318e-03
5.180874727071529094e-04
5.989648891669013559e-04
1.484844959557874919e-03
1.469453827830058748e-03
3.671767181192633098e-04
9.755638432410590477e-04
3.522182254827548715e-04
2.616539863432089689e-04
3.331222043702507436e-04
8.707274263939803046e-04
4.139105868158186202e-05
1.673735491121199352e-04
6.508386870173683879e-04
1.720112443445549148e-04
8.518203435778547378e-04
4.101801745796232793e-04
2.898932322960343479e-04
1.489604398036755307e-03
5.925167097202264531e-04
6.793894874836303634e-04
2.213338042038597887e-03
7.453057477142818006e-04
1.205794151814206221e-03
9.000028440582170984e-04
4.897416534887179176e-04
1.418948375554042679e-03
6.661327840448312814e-04
1.625206035882276016e-03
2.507150632593502194e-04
4.140017166029227760e-04
8.686920286873896051e-04
2.695356927971964017e-04
5.428065322204611229e-04
9.791479954720528343e-05
1.344881998678592596e-04
7.665587219273276801e-04
1.937535830458966130e-03
1.572565621810678846e-03
9.520073357138024548e-05
1.309902665675339228e-03
3.333222516412806665e-04
1.132283834118677545e-03
1.876871189542880748e-03
5.281200583798306789e-04
5.686778206141080956e-04
1.409429498236374053e-04
1.994711122739216500e-03
9.436953921033622945e-04
1.396625244642195633e-04
1.010134230380953669e-03
5.219366012582401073e-04
1.084321191252818773e-03
1.149644987433425187e-03
1.467788181423893955e-03
2.030969534498001450e-04
9.363294522166259754e-04
8.980244038978418006e-04
7.672899293247934351e-04
1.669227037169113397e-03
7.922970723930490957e-04
7.984153295296824229e-04
1.239117401386267622e-03
2.720356556749848644e-03
1.254777067443231444e-03
1.176105971470673859e-03
1.327690461100192610e-03
1.162667116161126765e-03
1.134720015999910033e-03
6.834157300739805881e-04
1.621916649333577081e-03
1.131730974319378386e-04
1.219676007224238402e-03
4.019292556633625307e-04
9.409005936846883723e-04
1.430031497758122491e-03
7.572171617823296366e-04
8.014921731626711626e-04
1.558469458067451635e-03
1.138006490145678168e-03
3.710822522568184702e-04
9.912131760932288774e-04
2.451833765119352474e-03
6.360451285588407779e-04
8.960603106741309078e-04
7.488475243824135440e-04
1.308267033309836336e-03
1.134209886376850128e-03
1.945519722900041848e-03
1.383141121879353239e-03
2.474594342369595447e-03
3.628746198548053400e-03
2.094258204650700783e-03
6.946458159118486372e-04
5.221443230120728120e-04
3.580169477426555771e-04
8.543314794633824656e-04
7.929208449415162943e-04
5.330346220870044605e-04
2.148689432627815150e-03
8.671034115057158235e-04
1.973804373092390325e-03
5.708910665864570712e-04
2.800635583949892884e-03
1.908379347154954284e-03
2.334902970565798982e-03
1.585076357983849528e-03
1.786147458549026956e-03
1.537170394288936166e-03
2.701909712188795953e-03
7.603306988456866485e-04
2.024418268365838717e-03
2.541742812859202304e-03
8.828231504006416215e-04
2.169010915403852841e-03
1.108878781234602607e-03
2.690571578795631323e-03
9.280985944035336941e-04
1.016811825398617353e-03
8.489823954527492928e-04
1.349632538556834894e-03
3.343204030054344657e-03
4.461227136404167484e-04
2.592794276352389151e-03
2.113238523177717217e-03
1.901594111131778633e-03
2.613185820449617607e-03
1.376690384826992396e-03
2.225135259327327888e-03
8.947035583009881792e-04
1.923145851377764748e-03
4.365456714226282481e-03
2.524425722529023003e-03
2.042354835202685789e-03
1.290691941844333271e-03
2.000951491133093341e-03
1.475355721258032708e-03
3.561395669303990021e-03
6.039647422652737879e-04
1.849512176871179149e-03
1.932655953348626525e-03
2.702706990375024210e-03
1.443027315905974928e-03
1.531478569306082057e-03
1.511560016835666658e-03
2.542877285277411314e-03
1.374668606925014917e-03
1.542590975243856742e-03
1.981700972944911137e-03
1.334744231349047246e-03
9.852840237119496209e-04
1.912081735243102883e-03
2.099787917997244721e-03
2.801440087748666499e-03
2.478940576102487119e-03
3.750298928368994960e-03
7.603602430427576497e-04
1.960226020248568689e-03
1.227748170473815913e-03
1.826251298130391557e-03
1.487777484750699240e-03
2.257273140501389781e-03
2.265590925645194226e-03
2.371253899984708535e-03
2.624633761650591469e-03
5.225852939114807635e-04
1.101445501845653083e-03
1.755222947310665100e-03
2.424614277013950256e-03
1.831803605117639060e-03
2.236317985225350774e-03
1.585594566849271797e-03
1.623994168949280045e-03
1.772219682410868706e-03
1.199508556056359983e-03
1.675661905115575102e-03
4.084786317235347339e-03
1.210896327590920037e-03
1.038377649710251578e-03
1.369633809783727795e-03
1.837472845734194416e-03
3.215741005963590124e-03
2.508084804045660181e-03
1.896396878376456702e-03
1.912665395756016308e-03
2.646540479217446284e-03
2.009846544341758762e-03
2.257020450671022842e-03
1.120827986954819324e-03
4.233187742588929818e-03
3.167859565780798380e-03
1.884256080777773094e-03
1.216832308826272437e-03
1.365393012569076541e-03
6.111200227243906644e-04
2.046544990585985602e-03
1.614399137062663822e-03
2.062980345323393427e-03
8.696950248502650482e-04
5.390345258271756791e-03
2.505121140776133716e-03
1.460160565257204602e-03
2.166040407950048461e-03
1.649979274818132429e-03
2.472307346632135732e-03
5.033568398685298083e-04
2.533211099723612237e-03
2.241590568442594113e-03
2.435333399695413081e-03
1.156698684278834391e-03
2.150488642000460485e-03
2.931910931209708981e-03
8.310428694965404581e-04
2.386482216143691586e-03
2.693257284801633782e-03
8.513681173028127790e-04
2.120888312248598098e-03
2.462308934906428607e-03
1.251475797917200351e-03
2.528095396520241289e-03
3.024663173568656327e-03
3.459168623731290020e-03
2.453420948538805220e-03
2.564776479172181482e-03
2.540542359494105725e-03
1.266984692141163689e-03
2.351008697444557753e-03
1.110288689209250725e-03
2.258359262030048414e-03
1.047255839775212234e-03
2.792053046957608444e-03
3.109073486168134354e-03
3.495025960460864181e-03
2.714672305508327409e-03
2.626972217224343535e-03
2.944352463171880097e-03
2.830986884837832524e-03
1.008397566982506370e-03
1.374037954041169678e-03
3.733650932924271939e-03
1.588999029865993586e-03
9.196824045033684175e-04
1.800143324026164116e-03
1.281833413570577541e-03
9.063585835073230922e-04
3.021077980101032501e-03
1.243250744608084390e-03
8.607146768003550710e-04
3.145759234120068960e-03
1.447295610885283249e-03
1.929045391234279023e-03
1.625148387104273420e-03
3.154202174355516183e-03
1.020418385580692741e-03
2.035992213510315688e-03
1.102396823050763672e-03
8.483926577960652351e-04
1.377329792906418528e-03
1.356751702376107695e-04
8.069308000959030244e-04
1.317533472920463062e-03
1.102294093057592638e-03
2.334119162773538956e-03
1.478933811776855789e-03
2.231197825759445499e-03
2.269046419034645781e-03
1.381793493597577391e-03
3.136429857142704510e-03
3.157910835973380247e-03
3.141308768693896938e-03
7.805546175246311832e-04
1.611007740881173489e-03
1.977774695214431881e-03
2.823967229077091207e-03
2.367973679450770166e-03
1.554033162950028057e-03
2.116578967171213813e-03
1.508269355489340888e-03
1.786305335379992625e-03
2.256761921938214063e-03
1.432651891032138110e-03
