2.214300495478220207e-02
9.432199633275451661e-03
5.919293740219468136e-03
2.288866926892535458e-03
4.105217700530737241e-04
2.340942268477049556e-03
2.258983959162901879e-03
3.667803490094618396e-03
2.960649341001429010e-03
2.151438087935896612e-04
3.187844568692218758e-03
3.788202929407599989e-03
2.385913417316733610e-03
2.107611917686392274e-03
1.656647140530156329e-03
3.195216421485945393e-03
3.878560269594957116e-03
3.066797398296666061e-03
3.023452874817404972e-03
2.965849643840056359e-03
2.041384955622786452e-03
2.544846277641189466e-03
8.669150424165570322e-04
2.654198963457159947e-03
2.450941479838572839e-03
2.436858516493728508e-03
3.059929896238727191e-03
4.455806788782143424e-03
2.785615328614994991e-03
1.005530234813238003e-03
1.187409225977080528e-03
1.431677830023881997e-03
1.336566418098308331e-03
3.106656712294128368e-03
1.505738243795210537e-03
2.629581659310004354e-03
1.019005213259832881e-03
2.103344495381737414e-03
1.701284227853928606e-03
1.293541511734351340e-03
1.386517080337959463e-03
1.538249316963473910e-03
2.079965013381920164e-03
2.268774811961055560e-03
5.123313632449869167e-04
7.512703056918637037e-04
4.222243250835807835e-04
3.082766528333636194e-03
9.242361374480232783e-04
2.469845415510925606e-03
1.705259422983680618e-03
5.439050794233670980e-04
9.074491696119800109e-04
2.535241052417743141e-04
6.291979522948345279e-04
6.703475158466696985e-04
3.407148667284253495e-04
3.873902618100037113e-03
1.436436742326188123e-04
1.445465324950742690e-03
7.835973739911937259e-04
2.039501833467706297e-03
7.943015009691948083e-04
1.675374228075420836e-03
1.052077722385390875e-03
1.494387718161548691e-03
5.503757119659976335e-04
2.372919334442141379e-04
1.426043349764707100e-03
2.945456518895323244e-04
1.127173036534164993e-03
1.879279750800433952e-03
4.808962989465455709e-03
2.484224247776233279e-03
1.293751681199595098e-03
1.207978974184787486e-03
1.756846001403976169e-04
6.246452738754285821e-04
2.855046121761360082e-03
9.678799538993703485e-04
1.438204624725355867e-03
1.378155891116634090e-03
7.921070492474705871e-04
7.919074972577995041e-04
8.509541704066838925e-04
8.448446326874823513e-04
1.840665829993532680e-03
1.519264712875243633e-03
7.082714806357535368e-04
5.466860286975882546e-04
1.651625445282382245e-03
3.195259541658366804e-03
5.447298969035400257e-04
1.027913993713489406e-03
1.082746015665100609e-03
2.041005710956857004e-03
1.984276295936143741e-03
4.607024178774814759e-03
2.178450942983862181e-03
1.183710577616920584e-03
1.055238242677313584e-03
1.529644033655685803e-03
2.499466004957912220e-03
1.660882893986190441e-03
2.350170601843051908e-03
8.149319111373069541e-04
1.092378081341011586e-03
3.114147940138778728e-03
7.464845526818555260e-04
3.059762424759307313e-03
1.743599386571267158e-03
1.659734629338010690e-03
2.288289311796490744e-03
2.464477703760457970e-03
7.580632907858920111e-04
4.591756041557693382e-04
1.279482409038589430e-03
1.397965995105760308e-03
1.516736556377591650e-03
1.229885890340203045e-03
1.471191777941104279e-03
9.483663918452474046e-04
4.489838597035652481e-04
6.402717749245661217e-04
6.442598256458594063e-04
1.909587333667014291e-03
1.131055891412680817e-03
1.272003357310798636e-03
1.672448375811918034e-03
1.361354986672454626e-03
1.834785715943008455e-03
1.011979289948009703e-03
1.604143403935204010e-03
1.198365835259040382e-03
1.464631352068263091e-03
1.336486998491294865e-03
1.366617181627714697e-03
2.446729256276717647e-03
1.732849876197732489e-03
1.234600609654431516e-03
2.277087219225738379e-03
2.298196252029796518e-03
6.926707224927568587e-04
1.433774539309089864e-03
1.102947561587066952e-03
1.848724000253536282e-03
1.232919125448955766e-03
8.397723043112737939e-04
8.975060277404265556e-04
4.156639285258528120e-04
1.179740513315140696e-03
1.092793108975557851e-03
2.375344940931287032e-03
1.063128455787231081e-03
2.697997346491797215e-03
7.397838620230661431e-04
1.236649617168050427e-03
1.556882984323155203e-03
2.247396654979009860e-03
2.623040541594672415e-03
1.802565103236559822e-03
2.492038798470563778e-03
1.581186783970727578e-03
1.862029372325546116e-03
1.481836615097046044e-03
1.332151259532698886e-03
1.594110465680777288e-03
1.210870199851439826e-03
1.518971300463091510e-03
1.374086564598969631e-03
1.881547367833162491e-03
2.633922040247722168e-03
1.213136987946804302e-03
1.849377410831505673e-03
1.055255850791697462e-03
1.648226268878079772e-03
1.760819708337636865e-03
1.726175549032664749e-03
9.443724935880326056e-04
2.296048916014893897e-03
1.890847908074441567e-03
1.763612773924659290e-03
1.944306945834470019e-03
1.884655876209074751e-03
1.442393195251354945e-03
2.113810657668367936e-03
1.547603864742328134e-03
2.327639671429643491e-03
2.303920161421303507e-03
2.293361784130048490e-03
1.035871572852619564e-03
1.436674987134701651e-03
1.553043039667097343e-03
1.113426255412590642e-03
1.657013653527139021e-03
6.854310147030048903e-04
1.263163039154327223e-03
8.358852629802558144e-04
1.373590681714671746e-03
8.928386446090945828e-04
1.161041544788208712e-03
1.335203432600552036e-03
1.685065105144403514e-03
1.632455045761565865e-03
1.616550660131675036e-03
1.231997007639691914e-03
1.166652485076801219e-03
1.576740387269314359e-03
2.334392922579548151e-03
1.107281158299471728e-03
2.703954457387541636e-03
2.128174799894703897e-03
1.420068863741770189e-03
1.108062331233289214e-03
1.383594808275667243e-03
1.666337862087495080e-03
1.323623960692247008e-03
1.718878920356660530e-03
2.391723654722775240e-03
1.400877696012908140e-03
1.193402720086524571e-03
1.764782790020083536e-03
6.672528625996121962e-04
8.887116580540297068e-04
1.349891878607693092e-03
8.006782440737667114e-04
6.736448043478581111e-04
1.199452236955344609e-03
2.108982389189135911e-03
1.161806613546389295e-03
1.181887495464010703e-03
5.822157855728623708e-04
1.606220010924207069e-03
1.458448394920552199e-03
1.336761087614066505e-03
1.285865274592556777e-03
4.208615142324595871e-04
1.765084271628847767e-03
1.254332965320368708e-03
2.092488233116048153e-03
6.612557132846929447e-04
7.508753263662261684e-04
3.199893233194761881e-04
9.928277409338196694e-04
2.336730993262980081e-03
4.801326919256893554e-04
1.987802893203256035e-03
1.088094988954649246e-03
1.595727386209859142e-03
1.925836858817919555e-03
1.043852710791682951e-03
1.926340612655535155e-03
1.272088183058832193e-03
1.320497116514038772e-03
7.291330126092984525e-04
1.049243882422638266e-03
3.192590781887771358e-04
1.515407725968378376e-03
1.788493204622011333e-03
1.012481564597080648e-03
2.633532647280789792e-03
1.179007556993711498e-03
1.337239816901747685e-03
7.530112530534274328e-04
6.698649319622565490e-04
9.570711574609873764e-04
1.235263451489862756e-03
1.897494692031318321e-03
1.560336558499102058e-03
1.110941528770853330e-03
7.905504948926842315e-04
9.129411795903363217e-04
3.134876776934754361e-04
2.440240815528823062e-03
1.294776846110115434e-03
4.902085093831978465e-04
6.135376944234454408e-04
2.144852096188311699e-03
2.447029269185816737e-03
1.155227002543948549e-03
6.412379796218105506e-04
6.499877403397405582e-04
5.599481178324295771e-04
7.746735562838315270e-04
1.608024198651593220e-03
8.438976851612984935e-04
1.400024750669167598e-03
9.048100025703874035e-04
6.418186196284447450e-04
1.302886397413537687e-03
5.652611610507418151e-04
1.333944239531393737e-03
1.351385311233879684e-03
3.981324048788331942e-04
1.506862598858383544e-03
7.768259056764057011e-04
6.253517303361216676e-04
4.672623566303015972e-04
1.783607446637239767e-03
9.726195542381069941e-04
5.845713418739153372e-04
1.061154044575151863e-03
1.300770564977200578e-03
3.508824082626873890e-04
3.954023629732158758e-04
4.090942359395612201e-04
1.541428562087403167e-03
7.480821862344012299e-04
3.917261429377084459e-04
1.163316442132947617e-03
6.230988216094186186e-04
3.688650689949346160e-04
1.081805664169144948e-03
3.565265199550090290e-04
1.055584747932125991e-03
3.106136451280741735e-04
2.308296429879865257e-04
5.582466304225993043e-04
1.042335258484755655e-03
1.126831548010026910e-03
5.891855897070871892e-04
7.639732562915119238e-04
6.662185701741474763e-04
3.223451576033454450e-04
7.374950496733340350e-04
6.657809025188777055e-04
3.849859050998720184e-04
4.889359742518084801e-04
7.753912540551809217e-04
3.804022571392465897e-04
4.979897486640836408e-04
2.340794837869833672e-04
5.774476262214804081e-04
1.059439822883744995e-03
6.746251006236382054e-04
6.384227188042549761e-04
3.052202860168428951e-04
1.898354753412999623e-03
7.470041188601906842e-04
1.796641861255058236e-03
8.318528625103008148e-04
4.200227727801434633e-04
4.671547054658886752e-04
9.414314525924771197e-04
2.472588801300593651e-04
7.722421625414175239e-04
4.168433017901073561e-04
2.321592247636001041e-04
6.664906381474740424e-04
9.915222280052855483e-04
4.744865449000043871e-04
6.294792952091822491e-04
1.623999559776864504e-03
8.786894197860564842e-06
8.787256021326052919e-04
5.851760564616837130e-04
1.440891202503063930e-03
1.094499706065841724e-03
5.746691178529426654e-04
7.525484999101276357e-04
4.769624034726093723e-04
5.522237441479027099e-04
8.002564599688622641e-05
5.117060569308705094e-04
1.162427024098487124e-04
4.251061813623753863e-04
1.009152449450128323e-04
1.572561791172817896e-03
4.195439375275807742e-04
6.314661491268365456e-04
6.427025696814429563e-04
5.354374184940957583e-04
3.172879404501726254e-04
6.659664459491032064e-04
1.668535613326214268e-04
1.743684671043712036e-03
5.486660777261013339e-04
4.212484677195407127e-04
7.704022644392350501e-04
5.641306295118786408e-04
1.865086753667613735e-04
1.042941014619043309e-03
5.879367029648107680e-04
7.073407618000905530e-04
8.433384523359549424e-04
3.466418376347766075e-04
8.273907735980769868e-04
5.280177694098833361e-04
7.293628844203862115e-04
1.495711691512430046e-03
3.913654457989547896e-04
8.424912549583681194e-04
8.131453158398559318e-04
1.048911333826522496e-04
4.539874503158171761e-04
2.310689064152420620e-04
3.080715893595008031e-04
2.969312043210640896e-04
4.726301650495030155e-04
1.491318066275866029e-04
3.915032064187569470e-04
7.567578064823618413e-04
6.539184953759748014e-04
4.813655230061912355e-04
6.541015921252570336e-05
2.454544732868946862e-04
3.211190069946368844e-04
8.470124112599557381e-04
9.700696281306284011e-04
4.076021468682395395e-04
9.790703471724540499e-04
1.071782842588897599e-03
8.748345711449524113e-04
9.827761487831228500e-04
8.500076343904511495e-04
3.563438877069786850e-04
1.663876424285014137e-03
1.004262683825267151e-03
4.217629294160130690e-04
3.110781969194583384e-04
6.832815508926472475e-04
5.074513033542211006e-04
1.037651114546326529e-04
1.006331620256343965e-03
1.874336438417129145e-04
7.237943547701832176e-04
3.920785470161684957e-04
1.128147511991448937e-03
3.544902655218223051e-04
1.119641861761988154e-03
1.974745618464711220e-04
4.674043288818716460e-04
8.904725677880619096e-04
2.801115995537126007e-04
3.008386350306940403e-04
2.693066773726011248e-04
3.833499605390801920e-04
9.237870036556265253e-05
4.967509870219907362e-04
1.320145523435870059e-04
1.712626303878404398e-04
1.790323153930276155e-04
1.427067168867491133e-04
1.345625700940730946e-04
7.403499615370761526e-04
3.870207989508772629e-04
3.202214782220412135e-04
6.327625812669119198e-04
1.215450597778370504e-03
5.151887071944456781e-05
3.455579308919908498e-04
3.130644753883945531e-04
1.047658734176910378e-03
5.684923140307980875e-04
1.011620886389726776e-03
6.012894222035748042e-04
6.848259237361080214e-04
6.093956234424224589e-04
6.170281446459857698e-04
7.474081984021494970e-04
6.461724387805886649e-04
2.139147392848268295e-05
1.390228613141771376e-04
1.670458126821989434e-06
1.348083043478163264e-03
8.029559513555299980e-04
5.947694451730599080e-06
1.479145677943578569e-04
8.578213358017069013e-04
6.847558195838775435e-04
3.457024665419995636e-04
1.337058150187442904e-03
3.234752047553228742e-04
4.694773936267893983e-05
1.464959233043948937e-04
2.424615990398458530e-04
1.142909416738787688e-03
2.701662264528475370e-04
5.119481187856611017e-05
7.874826287737102021e-05
5.031923726522797647e-05
8.719622630096474786e-04
4.332780795238092442e-04
4.901454197789751341e-04
5.786753116313043781e-04
5.051995687927481569e-04
5.967279701762970680e-04
3.831168079762473457e-04
4.396143472012668785e-04
1.106117464249567819e-03
5.590682326829768574e-04
5.270823976653003264e-04
5.273403519014068343e-04
1.827461480316472852e-04
7.571180268499468373e-04
1.041945036264525250e-04
7.628728522572148299e-05
2.707011938476764452e-04
5.654127830495272924e-04
1.446516191580839693e-04
4.043136498382421938e-04
2.636186937700089463e-05
3.117353529301639852e-04
2.415875435549000132e-03
5.803783470980761845e-04
1.107107894443313194e-04
6.417296477715556417e-04
5.345331774893203464e-04
6.656836673093468075e-04
2.267481771151376923e-04
1.701319872826144008e-03
4.088115976525023842e-04
5.975460512236726706e-04
7.577828821222211105e-04
7.374319623608707427e-05
4.972329552253209467e-04
4.269330417828443285e-04
1.618478416526145027e-04
8.651075500468335434e-04
2.631867146562098586e-04
1.030373424709629887e-03
6.555357546999455000e-04
2.854267945866971945e-04
3.107845589719140955e-04
9.365689652286486718e-04
7.312754155306055645e-04
2.665841999342465074e-04
3.938613279157345665e-04
1.312943147683792762e-05
2.436712817435376444e-04
9.714117908563858457e-04
5.250905140070419828e-04
1.883900643308194568e-05
1.560743281872960209e-04
8.760083530123947667e-04
7.937401983337496244e-04
1.044468489370419624e-03
1.224805892139769592e-04
1.032866893172089363e-03
4.132371823978881490e-05
1.116920590301121764e-03
1.591652325130052533e-04
6.293740878088431589e-05
4.418600680181049029e-04
1.084481421633905294e-03
3.193289814701815647e-04
2.388784859649644625e-04
2.296522943123537064e-04
9.650834942148177678e-04
6.289286075772496402e-04
1.084179992512865299e-03
1.326393755024452882e-04
7.451847495509234713e-04
5.631813496119536999e-04
2.794759403381452982e-04
1.076850718203313734e-03
2.815078239636795805e-04
9.755509276505235040e-04
3.384741372312171249e-04
7.169264427191614881e-05
6.040899850974010407e-04
2.701228493510727821e-06
1.169073155749566665e-04
1.771076532391425442e-04
7.149393884445315794e-04
7.365195803211136870e-04
1.472206003834264495e-04
8.376336115455067341e-05
5.401382646283848631e-04
6.530043574826294064e-05
8.270369648562358024e-05
4.261837369150599068e-04
3.770003385000600697e-04
5.991428809544246340e-04
2.593358186775264018e-04
3.338291989661722648e-04
4.139794834901566311e-04
7.413531868614780477e-04
4.930880312237274129e-04
4.665441379358221041e-04
1.297133022204946117e-04
2.530299130362771644e-04
3.631708344144462370e-04
5.095158738523153678e-04
7.019752811815019918e-04
1.698440148586856003e-05
9.480569708383027256e-05
3.848842195141137512e-04
1.065651112122566364e-03
6.294813220476728306e-05
2.341669149595320830e-04
3.218729471095577838e-04
4.147449540100144616e-07
2.165787534979549949e-05
6.497019512118203891e-05
1.679782724846263847e-03
1.240714573666850317e-03
7.658906702625982183e-05
5.331145094139845249e-04
5.972266829898631967e-04
3.081227510456043721e-04
4.993044094435028031e-06
2.087628126200476186e-04
3.325184249688990096e-04
3.326761850120995103e-04
1.327754827310338509e-03
2.717442078685779200e-05
4.827822842337232685e-04
9.605167765960253515e-04
6.287180946489870326e-05
1.339831439694074553e-07
1.659176709676111875e-04
9.841130496496053922e-04
7.208003533135020008e-04
3.106553032915492776e-04
1.684692910175871470e-04
2.566553165619540606e-04
4.055771158389468432e-04
3.813963936208176813e-04
1.682881970144141132e-04
3.168888803492257884e-04
2.418188944879414286e-06
1.046830710264466061e-03
2.459384012538839764e-04
1.696126322113161505e-04
5.555934433711364677e-05
8.288914257191254008e-06
4.671086099987744613e-04
2.168843862565130606e-05
4.371034903860072387e-04
2.658264241583286713e-04
8.495919115780551376e-04
3.629599621897381962e-04
1.900743987614526332e-04
2.789224330519458276e-07
8.997418673428155065e-05
2.034799005880710718e-05
9.931159259128185656e-04
8.094747430280645542e-04
5.894851594929864701e-04
9.379708337634059113e-05
7.903774092767092965e-04
1.799827821723324088e-04
8.211068428481786696e-05
2.615330176009203868e-04
5.745631491095151483e-04
9.216022067410972811e-06
8.357440297514808197e-04
1.884202133625435501e-04
2.770721223008248014e-04
1.250994638225192540e-04
2.537627723429656656e-04
4.014765177350619650e-04
1.587755744393735610e-04
2.413317629998795226e-05
8.452520702527945799e-04
7.720225921765740010e-05
6.436617980908103604e-04
8.315988185517575329e-04
2.369706492759491700e-04
4.720489024105838576e-05
7.945264114268300935e-05
1.432809655164524002e-05
1.426361771440424846e-04
1.005322335413723822e-03
5.107179111680942591e-04
5.260825409420736686e-04
2.097817937151307867e-04
2.795133714515690259e-05
3.095736433592871759e-04
3.388302721880277388e-05
4.813246102517563423e-04
2.969021043866897601e-04
6.415392013257970689e-04
3.287753540294965915e-04
4.381723875566471667e-04
4.430851510131692721e-04
5.122596761351171356e-05
1.631389463285564604e-04
9.769120771010524583e-04
9.452082914095589529e-05
1.037864394808178442e-03
4.173804839203937116e-05
3.858427928225910083e-04
4.355232364512969076e-04
4.106091134561391624e-04
7.378498673751775986e-04
3.590566877052302588e-05
4.780180069821734416e-04
5.612674684020781428e-04
1.882011586901837245e-04
6.751819027230137032e-04
1.773794593650123070e-04
2.503978995306230249e-05
9.486669162231220302e-04
5.279409928319948571e-04
3.414792178972475420e-05
3.507576648942954808e-04
3.385617119106429461e-06
3.171335932575640766e-07
8.972943422192284377e-05
7.761725994443678363e-05
5.089330847799219482e-04
9.559162110524887590e-04
6.161104524938081648e-04
1.316101846990351413e-03
4.454205035595440259e-04
3.150637305216596730e-05
9.650211552943448092e-04
1.463827480756662595e-06
2.580099339409287870e-04
4.287420080024271401e-04
4.808199283893395317e-04
4.225494328621345191e-04
9.010988546003965505e-04
9.078888437528848674e-04
4.886079506072900749e-05
3.708074570085454435e-04
8.246865122174827688e-04
5.966078254650943654e-04
3.650527398464479276e-04
1.600001731424135598e-04
1.126126157927154724e-03
1.445815049377974359e-05
1.863676250911648849e-05
8.574388353635373488e-05
1.050336273280369655e-04
3.450278544902389576e-04
5.661895144606329854e-04
4.785738780751137725e-05
2.145618259213654734e-04
8.939587708419757892e-04
1.220423565634922412e-04
5.609370274973513601e-04
3.970233318316489473e-04
1.831872707542297999e-06
4.052311114364346074e-04
2.811645242149306127e-04
7.561961232144132563e-06
8.270668605309259213e-04
1.619868464885883480e-04
6.504454948957397696e-04
5.892685594813868886e-04
1.826957161594160292e-04
8.186176744115171910e-04
5.792708269655430292e-04
2.648128074985263902e-04
1.927627919925300657e-04
6.567498927965910883e-04
4.765914866086118758e-05
7.957883506354859965e-04
2.650591660380870857e-04
6.763462375860126909e-04
3.753562510411310007e-04
8.926967873603862055e-05
8.101527631208780308e-05
2.605998499139444832e-04
1.773952640505964157e-04
1.953921452206932609e-04
2.097868101571329221e-04
6.519207106101091191e-04
8.390379318099412426e-05
2.098770674755749321e-07
8.659088865197100493e-04
5.976653547359556075e-04
7.186391695260077898e-04
1.661421385291830818e-05
1.378172402509275467e-03
7.366326556814143051e-04
5.249593225540352117e-05
2.499415178460871083e-05
2.121901666678952371e-04
1.298718774713736280e-04
1.620696542391685508e-08
1.938253116908414872e-05
6.152512553070386752e-04
3.484595584753542245e-05
1.802983977386767250e-04
7.384440416201218653e-06
1.044070895279529355e-03
1.788019492094007584e-06
2.219302866364313714e-04
2.735264230264785484e-04
2.993516314384487838e-04
1.557394495039743875e-04
2.854042543137218354e-04
9.474925265558999847e-04
7.961376029190714776e-04
1.570370538601207982e-04
4.109214843589984167e-05
5.053022029463810627e-04
8.578348200346109891e-05
5.205216608574291361e-04
1.905441457150619755e-05
2.629102233406797602e-04
1.718694207600441606e-04
1.681860847048861907e-04
2.214416312637912225e-04
9.235565674679444524e-04
1.385249753275510129e-04
2.283043176514189504e-04
