7.485215434370433296e-02
5.709751373393898849e-02
3.345824374684951835e-02
1.255811877162106745e-02
2.888199120972270544e-03
3.575631930381493323e-03
3.438676157589116988e-03
4.116527653203493932e-03
4.308097981587735020e-03
3.087681474916798702e-03
4.768023115454480751e-03
2.670050091313740624e-03
3.027615828210711811e-03
4.510816653850701838e-03
1.716110895400939666e-03
2.855767137596261149e-03
2.970984258730016876e-03
2.018615873411964794e-03
2.360204438983712523e-03
2.387484541603293511e-03
2.035549380389572484e-03
1.748448448097154320e-03
1.967295179050912966e-03
2.122779690684939782e-03
2.345413812896613923e-03
2.336736770987785615e-03
2.533534726974715715e-03
2.525962395327918490e-03
2.425898236736616538e-03
2.477206267255727991e-03
2.265564839475757430e-03
2.254337124051763574e-03
2.108162925657581198e-03
2.406995952419505556e-03
2.357059592037015656e-03
2.392447920883489492e-03
2.439404278570420255e-03
2.541006602558198817e-03
2.416675853677704988e-03
2.298452726976474986e-03
2.072419535635725701e-03
1.968511179758576993e-03
2.121727159441605653e-03
2.164778808893186388e-03
2.177904809765064936e-03
2.163247115706554233e-03
2.151080088308026782e-03
2.114889838163345158e-03
2.070100440317524260e-03
2.119175042123537349e-03
2.036818081602579430e-03
1.925424669942067549e-03
2.260608357553954215e-03
1.925162376878029229e-03
1.753803390445567330e-03
2.391813551838422626e-03
1.802861933692890151e-03
1.820246627205834335e-03
1.693503386133476821e-03
1.695870490435959351e-03
1.843247394388856106e-03
1.565755827424225111e-03
1.733617479786825084e-03
1.325842882267154119e-03
1.538047202386868401e-03
1.333861582858398035e-03
1.648206912084813425e-03
1.613556170525812586e-03
1.756955245726049683e-03
1.388458331727212506e-03
1.332846518455921368e-03
1.153694053279363807e-03
1.467475918461385708e-03
1.500849412372329706e-03
1.829329882326067224e-03
1.823966369158704689e-03
1.413024089684489573e-03
1.621639777805538966e-03
1.198298687817074982e-03
1.383642383622112624e-03
1.360967876166752251e-03
1.424661346351856726e-03
1.255519741090094102e-03
1.402957433448080845e-03
1.137894609161156818e-03
1.404705342506062590e-03
1.080045445158594845e-03
1.167025353643544924e-03
1.020454356100188465e-03
1.027103659853958930e-03
1.108230356339317841e-03
1.426858039882469321e-03
1.054282769484525713e-03
1.316493710633307151e-03
1.151720325147240253e-03
1.058972286653521704e-03
1.167488905567121669e-03
1.084737285255408818e-03
1.263961106323902668e-03
1.053935867138632585e-03
1.112582156834408505e-03
1.041103292950972111e-03
1.123460456337782402e-03
1.080124308899729378e-03
1.190110661973910015e-03
1.039636841039310059e-03
8.254307054896686813e-04
1.292067200116340424e-03
8.456240790889288806e-04
9.395673569407111307e-04
1.015425179674203171e-03
1.551995455217948863e-03
1.064032938206476179e-03
1.160115042696575633e-03
1.100263526550308325e-03
1.185926294868541817e-03
8.521326295977236934e-04
9.039455755990563396e-04
9.726095147077292759e-04
9.244620938685571597e-04
1.220659676502017623e-03
1.037618858796289425e-03
9.585418759144479980e-04
1.284179504830595172e-03
8.975170458144927357e-04
1.189153308597417236e-03
9.054728762509611610e-04
1.200620394465425067e-03
1.611864293851605337e-03
1.095435845668607695e-03
1.198227517135979714e-03
9.946936695774853069e-04
1.045488952266000662e-03
1.366747873642092884e-03
1.721991703884161867e-03
1.064257384052446189e-03
1.155458388383516152e-03
1.165293900259914113e-03
1.207571918332728603e-03
1.111931487465338958e-03
1.125474456551475667e-03
1.229473536274537171e-03
1.183538305567860115e-03
8.665478410481297503e-04
9.216716409326657653e-04
8.940585746298622318e-04
8.142763958659490243e-04
1.216799625443796759e-03
1.111787355010877831e-03
1.190011593421379677e-03
1.000002982035615422e-03
1.055548125611824014e-03
1.196948816126804137e-03
1.040268698587280913e-03
1.104948079121083945e-03
1.099078895942851670e-03
1.011840075798639028e-03
1.089889811321036097e-03
9.698961693627061904e-04
7.856243505640749056e-04
9.427083753993161256e-04
1.273403880436402161e-03
7.807477240615918633e-04
9.130099067781456256e-04
1.169056514791045210e-03
8.977971698113621120e-04
9.432370472082628882e-04
1.064482590083523769e-03
9.642883385796152933e-04
8.650632147334981351e-04
9.781149379095646634e-04
1.186461826949191181e-03
1.018530871737329153e-03
7.914627531006465612e-04
8.128294039941351759e-04
1.438452734126381216e-03
9.241724478698565585e-04
8.693233067602661396e-04
1.046394403743017070e-03
1.257675868534664093e-03
8.509142784974986409e-04
8.523067752474619780e-04
1.290126653926217158e-03
8.142597155062236171e-04
8.504323323195321681e-04
1.019923056299466011e-03
9.345791239094217292e-04
1.127677209237802104e-03
9.978898230485714217e-04
8.625956347955796716e-04
9.213104412929915693e-04
1.001976058423558000e-03
9.651013082008581736e-04
1.184346710986463463e-03
1.219579400741260637e-03
1.236479013386784483e-03
1.045015436757590213e-03
9.252426049076614527e-04
8.307064352667979309e-04
7.529175862325051139e-04
9.988229895137039523e-04
1.010372249330295392e-03
8.037116162701315276e-04
8.729773482743781281e-04
9.893505793936705796e-04
9.034446298117149252e-04
8.287316321679751713e-04
1.184628262885814316e-03
1.207735486437499801e-03
1.019461901357028664e-03
1.046086651253164135e-03
1.102327899210234002e-03
9.783713825306835764e-04
1.111503825546492508e-03
7.701782910463860453e-04
1.041749954727431461e-03
8.425207184102059214e-04
8.919876523995434693e-04
1.075091365592098502e-03
9.875667865968094407e-04
9.510314193500787189e-04
8.990562375961893248e-04
1.284288300628362448e-03
9.799469300220652046e-04
1.021121958786626099e-03
1.119472277013595050e-03
1.000830285651417963e-03
9.754252386660919143e-04
1.030950673172901415e-03
1.247422893014307884e-03
1.272464088480431375e-03
1.019532153175509246e-03
1.093998367794645323e-03
1.125463590284259130e-03
9.372453791278992840e-04
9.725795944404410981e-04
1.033400520165295893e-03
9.758919691638635267e-04
8.951917496374227085e-04
9.141478139779538612e-04
1.045943142070398331e-03
9.445223630972953343e-04
9.392564977921282312e-04
7.723069159392477890e-04
1.118916298500288037e-03
1.130394153646096991e-03
8.291618846629199855e-04
9.169809666702125918e-04
8.174975761184666637e-04
1.278042342438965055e-03
1.080784783427584305e-03
1.011774488787251132e-03
8.754916673496423952e-04
1.050205514068369055e-03
9.030531857886893530e-04
8.595408930153696598e-04
9.246278803749865844e-04
1.165885259732435397e-03
8.790106645637596559e-04
7.678238017561569593e-04
1.119761655308416188e-03
1.101570740030649890e-03
1.007333174387308426e-03
1.005668974446240855e-03
1.195788040857906831e-03
1.089108042854163884e-03
1.011775084849849717e-03
1.016715641100562244e-03
1.076456143793627336e-03
9.132957844947100275e-04
1.018134866667921856e-03
1.198236583999955258e-03
1.066078491059862295e-03
1.105084449070516985e-03
9.556743784786285358e-04
9.308149773392898705e-04
8.160837989897940306e-04
8.536179114702681673e-04
1.093336710808693680e-03
1.016774853723583600e-03
1.079967860219354335e-03
1.093989566436173429e-03
1.057666601215036381e-03
9.572553288587878125e-04
7.492019258066398048e-04
7.383128314336381663e-04
9.854939534887168472e-04
1.071766219334785615e-03
1.023690945877873699e-03
9.400220952488645611e-04
1.181789986777667537e-03
9.500023260407420688e-04
1.207102858689136334e-03
9.047890616321742178e-04
9.493630552196319784e-04
1.091792714279657189e-03
9.516057595643615018e-04
1.200424690823178025e-03
9.193015064065734399e-04
8.975765177883940566e-04
1.139308213107712801e-03
1.067929861445107752e-03
1.017740499593472979e-03
9.307540532389858108e-04
1.161319733316138348e-03
9.397386682245389283e-04
1.162654767184400587e-03
1.098092339422246117e-03
9.739456504903017467e-04
8.217332604049773677e-04
1.024275418631515793e-03
1.112696560772068579e-03
9.146580806061873573e-04
8.336985131374594028e-04
1.002610284527444273e-03
1.330221293501388912e-03
1.169838493929960385e-03
9.887429206275259556e-04
1.057602114281245426e-03
1.287636038879451297e-03
1.093628194283159357e-03
1.097725174722739231e-03
1.047615530112931855e-03
1.020823685230167876e-03
1.218459018853459454e-03
1.041276440078544620e-03
1.147566830250103080e-03
1.056556033907290115e-03
9.720803952550018546e-04
1.049673314396517817e-03
9.567985130804640978e-04
1.092766755382029503e-03
9.958972115666896597e-04
9.240828075183563344e-04
1.017864529887123380e-03
1.007278248068371957e-03
9.243076836951325979e-04
1.197029972375309457e-03
9.709791036928926665e-04
1.132125889073494832e-03
1.061855214548562297e-03
1.135098173785850477e-03
1.034860690613401829e-03
1.240080925270788115e-03
8.793884603062290502e-04
1.104494855799231963e-03
1.212014116201259742e-03
1.032735561349459440e-03
9.183281025146761579e-04
8.598583474568559501e-04
1.088264483680895277e-03
9.302211691978474204e-04
1.037799640496130365e-03
1.159912027209302875e-03
1.186075429946245683e-03
1.007176738225258085e-03
1.065745164243960983e-03
1.322351951247702608e-03
1.160211634983735699e-03
1.089760443492254587e-03
1.384143830848068952e-03
1.110561724395345718e-03
9.214517672620681134e-04
1.015231169774953330e-03
9.601077138465237502e-04
1.006703509093720156e-03
9.204442654559110218e-04
1.123907259687519263e-03
1.201269982601815486e-03
9.800859163552071065e-04
8.491235706589465512e-04
1.094233323986524035e-03
1.154601496413421545e-03
1.307539640970955923e-03
1.273122912261018692e-03
9.638866777514196096e-04
1.215741941375583389e-03
1.291232040453027009e-03
1.269628130418101524e-03
8.971805298252164950e-04
8.901016447543149551e-04
1.031007927672175639e-03
1.141174959747082813e-03
1.113184212376558315e-03
8.464680779529819201e-04
8.041400573645738747e-04
1.088327134495135559e-03
1.031793474637558673e-03
1.189254548732734430e-03
1.077356870382704945e-03
1.121509589672895499e-03
1.172892505389024499e-03
1.141665346066180094e-03
1.137768352969615281e-03
9.866765481285515779e-04
1.214335451080626608e-03
1.185562154127485762e-03
1.287633844756474674e-03
1.202656815104116012e-03
9.624821679828502504e-04
1.063643727978915180e-03
1.032390303468469321e-03
9.367303397919644068e-04
8.972976946949660741e-04
1.147058908548301758e-03
1.088803358461490258e-03
1.039525245583942633e-03
1.023487580549702503e-03
1.300143516364228851e-03
1.245211605272565115e-03
1.192442872947153737e-03
1.217702302104565083e-03
9.945576787725872621e-04
1.095330113009157415e-03
1.229254294290746874e-03
1.103236204898787451e-03
1.349050122891538818e-03
1.532986617439088860e-03
1.033892917144372831e-03
9.688711098726852239e-04
1.191677662620416146e-03
1.177130847988429665e-03
9.956786182362157515e-04
9.866087173614110882e-04
1.079363246005998409e-03
1.086257921458064560e-03
9.715944321882787581e-04
1.158589585329226727e-03
1.033125926750011123e-03
1.112675939048296406e-03
8.956756909856982037e-04
1.213540902920663515e-03
9.037404402454970575e-04
1.238068378845878217e-03
1.152626147964065173e-03
1.199321802434147278e-03
9.993428365757323680e-04
1.099545326402106464e-03
1.085017934728709985e-03
9.488622732849776248e-04
1.150281719981121557e-03
9.812691027640623419e-04
1.169199947671980058e-03
9.312524039356345415e-04
1.164144155013682649e-03
1.156599825110399835e-03
1.041685296858985837e-03
1.033086980297431021e-03
1.184180301712227639e-03
1.177963017118771214e-03
1.123024827283753899e-03
9.942785902442906418e-04
1.120901067237921062e-03
1.262326359460704504e-03
1.279222192037595893e-03
1.012738582068164724e-03
1.269597827853239432e-03
1.056037770835785948e-03
1.042587914041949101e-03
1.046670021918691884e-03
1.003466608659295441e-03
1.138250714589109395e-03
1.029824385040070287e-03
9.526167277129014279e-04
1.185002031875548962e-03
1.067224367625291834e-03
9.543975789013953029e-04
1.098020941231557654e-03
9.606938036387444035e-04
1.055319426375337689e-03
9.460140456812368009e-04
1.212169511704354590e-03
9.868742494522251500e-04
8.881826569019845782e-04
1.008823839128716870e-03
1.128295547324587858e-03
9.962622466639938466e-04
1.349586640507739787e-03
1.004589234259543797e-03
1.015313505928808072e-03
1.119977811196462949e-03
1.172989091012073028e-03
1.271266246664144901e-03
9.592062939046835674e-04
1.140749096051936083e-03
1.253496067453850442e-03
9.443345253107025047e-04
1.178636696117365407e-03
1.050672261621733933e-03
1.164116013092834304e-03
1.176980350848830237e-03
1.152225081032831914e-03
1.057810163939756475e-03
1.240223621983785589e-03
1.184626842188930829e-03
1.174975202827558546e-03
1.213103921244961490e-03
1.111463968723443510e-03
1.061801614382082339e-03
1.073970478877631606e-03
9.119920038967307355e-04
1.017874153734100963e-03
1.123361595742399877e-03
1.013425748750902515e-03
1.228781934069181131e-03
1.344378495044910903e-03
1.376585169067126233e-03
9.323851047451812632e-04
9.982582285808527280e-04
1.190925452375390849e-03
1.134912200399420222e-03
1.177654882041823895e-03
1.259751693396852883e-03
1.188222722061407473e-03
1.011913336522662953e-03
1.263533238733568131e-03
1.090608984506211219e-03
1.052999804627028409e-03
1.007642888598207819e-03
1.023682434558044864e-03
1.246040571174486088e-03
1.165951350757509766e-03
1.060467664822164384e-03
1.019012167011667646e-03
1.093734390192931854e-03
1.141470073023489714e-03
1.059337563046491414e-03
1.190542981844580194e-03
9.691285290102197260e-04
1.088577911473494631e-03
1.106472527484158187e-03
1.416852214220330405e-03
1.552579225462672081e-03
9.896345515744559007e-04
1.132128450404256250e-03
1.144262418629577024e-03
1.338903296063876118e-03
1.035163314516426326e-03
1.236616102696988127e-03
1.195308414027627247e-03
1.081402968954646091e-03
1.308045110314083690e-03
1.022130107899237939e-03
1.169980295397961886e-03
1.034577589130088095e-03
8.621922242723709801e-04
1.141886688999066077e-03
1.028786969741372122e-03
1.085238548982157998e-03
1.175074927348287697e-03
1.083753654849607066e-03
1.216155001531016647e-03
8.396744915952898637e-04
1.196519632828196150e-03
9.682064928960458028e-04
1.210670087479091524e-03
1.393362569868745061e-03
1.236091196347895767e-03
1.401680467031523681e-03
1.303144042030179254e-03
1.400222611458665396e-03
1.195304991339637664e-03
1.241057114773914819e-03
1.133689755021737196e-03
1.070789675542473682e-03
1.138218758791430382e-03
1.274948893947576694e-03
9.607798907327599414e-04
1.222164560325908478e-03
1.082746117130067029e-03
1.271967651511219689e-03
1.323148394899852955e-03
1.118495028081117459e-03
1.043751270549492845e-03
1.170003848298948853e-03
1.293640120485474009e-03
1.187990511111431269e-03
1.176551621251593644e-03
1.114083837146542279e-03
1.118401977360460780e-03
1.109397679176252812e-03
9.883118747256967873e-04
1.350229263965173170e-03
1.360179785401363726e-03
1.503542023260058449e-03
1.231923195819777496e-03
1.384980041635676742e-03
1.353640359878062601e-03
9.225671574495501476e-04
1.294367627531042148e-03
1.258960155631751350e-03
1.118351952074194940e-03
1.047969297003034086e-03
1.306873566632463235e-03
1.158281628352828690e-03
1.276267112852330545e-03
1.063319093539393531e-03
1.633993169202754055e-03
1.317097198149347120e-03
1.359574184617357321e-03
1.217158061355015338e-03
1.278561129439739416e-03
1.303875354216693216e-03
1.097343757441208685e-03
1.408155699386566583e-03
1.422745052259919915e-03
1.518538550838152050e-03
1.257635189220959434e-03
1.155199607046070295e-03
1.213528107989008753e-03
1.288959824290432680e-03
9.975613963563881390e-04
1.346883139148552164e-03
1.401979311686973786e-03
1.122033414931314062e-03
1.085099545016117483e-03
1.305928993845010015e-03
1.360461378487268528e-03
1.228907098146063762e-03
1.442629358721612921e-03
1.239356616547765367e-03
1.442083782435625442e-03
1.349148524547544390e-03
1.156265369724349731e-03
1.329701845115682270e-03
1.181407767273360502e-03
1.352174117374649103e-03
1.352046723560993650e-03
1.040617327848595468e-03
1.190684278292320842e-03
1.170362503206066971e-03
1.256790009692353507e-03
1.243038988697740778e-03
1.313857725468155907e-03
1.375448900265274690e-03
1.469780593761899198e-03
1.514448958720818932e-03
1.376353854988935851e-03
1.045193602250270954e-03
1.646880053268182922e-03
1.406047143582626370e-03
1.226233860781319887e-03
1.202682655568079045e-03
1.318223878324315066e-03
1.180936311569943074e-03
1.389825677528417833e-03
1.282153226140501793e-03
1.215106831729797750e-03
1.362485968090957743e-03
1.226980391815559943e-03
1.393215699398371414e-03
1.654680513469863369e-03
1.417606006621526752e-03
1.245569849396721768e-03
1.138746679174677161e-03
1.358206055577872422e-03
1.362072026086892608e-03
1.444467455037014205e-03
1.192725950984054690e-03
1.086535897571282074e-03
1.302337959276783641e-03
1.162819687233352089e-03
1.253404976459892390e-03
1.125993892624818507e-03
1.259636064110955869e-03
1.218004540194312420e-03
1.189660869331796589e-03
1.354875545842343289e-03
1.335298222145090905e-03
1.321487293185130349e-03
1.560401195978358864e-03
1.265739531644081506e-03
1.192154702847441228e-03
1.340079399537539217e-03
1.180949714424375926e-03
1.325262308773662032e-03
1.317867797721677470e-03
1.352124876013576036e-03
1.275079448715258669e-03
1.262220925102930120e-03
1.051603043428822951e-03
1.285051903501540022e-03
1.293394685997175742e-03
1.292830957843115825e-03
1.456991117466727463e-03
1.388937991471528386e-03
1.280025112860846926e-03
1.206768939033427395e-03
1.381332331451735722e-03
1.412806344104811660e-03
1.292432991650367333e-03
1.274660219456757180e-03
1.310599139558855323e-03
1.229364467765291496e-03
1.277591777028179876e-03
1.416449301444943840e-03
1.559572004566339232e-03
1.477582964973582665e-03
1.480727825104018788e-03
1.403592525428982605e-03
1.258702848667159115e-03
1.299181753858774831e-03
1.170433507358083084e-03
1.129659373893189718e-03
1.180609239719777014e-03
1.387810991445056650e-03
1.261748217459011121e-03
1.211469858080721452e-03
1.421989597546967224e-03
1.324056446679076210e-03
1.114328158533011955e-03
1.121223652565807565e-03
1.233275513982587434e-03
1.416693896925964825e-03
1.243585640418618053e-03
1.273223180848215719e-03
1.631963127854641534e-03
1.217261403261687362e-03
1.344996119917204634e-03
1.207023753844000021e-03
1.463475359901284661e-03
1.092220739619249609e-03
1.392311163095851737e-03
1.114718852735766333e-03
1.319061133650214655e-03
1.167178982596173316e-03
1.335713200969856299e-03
1.415523025860790634e-03
1.125918858215937393e-03
1.127629265878750224e-03
1.410780667626543609e-03
1.243588006142192989e-03
1.148598434999326080e-03
1.420031261725107500e-03
1.324602513302222803e-03
1.248245089461433310e-03
1.153609253049088946e-03
1.364503021571859083e-03
1.383813939765606927e-03
1.426971532290238764e-03
1.188928717220562141e-03
1.538814085262579009e-03
1.433978722543349836e-03
1.585677104381584936e-03
1.433009021660189113e-03
1.406197878886728675e-03
1.228605671780548959e-03
9.955052470492422190e-04
1.207939998835622390e-03
1.160528209539835216e-03
1.241952274541195493e-03
1.253642627411296001e-03
1.552917234764300894e-03
1.206895444588559690e-03
1.278376751890852652e-03
1.310674146990253690e-03
1.290653813301474457e-03
1.383287634661880747e-03
1.599025114707365363e-03
1.405375043884281782e-03
1.568743850316854519e-03
1.481120420417202403e-03
1.406311744138006355e-03
1.503447283039888388e-03
1.359973895162348324e-03
1.275517478329382497e-03
1.281351052084600539e-03
1.267077399979873575e-03
1.377392075927936967e-03
1.155805983124693617e-03
1.415178188447121198e-03
1.359954952088232062e-03
1.403858093718488931e-03
1.217961300658883684e-03
1.525840986376348317e-03
1.328870823919645191e-03
1.614864057919337655e-03
1.410579817110926143e-03
1.283221747423781258e-03
1.397494994685406951e-03
1.545494126690135500e-03
1.362442048348192804e-03
1.379942442721017069e-03
1.497927932610461756e-03
1.420688175613141679e-03
1.334283640595205697e-03
1.513778951022993991e-03
1.264445855582982392e-03
1.621035513690545667e-03
1.103480480670654320e-03
1.665650945703198334e-03
1.438590549305360537e-03
1.461964107544043608e-03
1.291196022664559129e-03
1.497661847645727871e-03
1.079160269522056598e-03
1.430523992989392919e-03
1.261689009908689187e-03
1.562220582503533704e-03
1.378126117438216187e-03
1.290446092776788636e-03
