1.485447597577516446e-02
5.727946492955653113e-03
1.433265334166838867e-04
2.733688878246729232e-07
1.369472006555555194e-03
1.054166090289493157e-03
3.608462557861508851e-02
6.186486923356475376e-02
4.733291540598783681e-02
3.002271322003030943e-02
6.017571891388908550e-02
3.432050253518017374e-02
4.335042848191449083e-02
5.804991571362337621e-02
7.062310580303934882e-02
6.614920067473918641e-02
5.887608403342124014e-02
5.114481568721757077e-02
3.863942611271194844e-02
3.028349955089144202e-02
3.260410745177835107e-02
2.964567689707758857e-02
2.307730629811019854e-02
6.743834883217217878e-03
1.164574953257689269e-02
1.097820150490934170e-02
3.558766838320762821e-02
3.918381913818965584e-02
3.870381693339443319e-02
3.440002937731336669e-02
1.915630481345151695e-02
8.101738584580707447e-03
3.720903708414582001e-03
1.620869878025057650e-02
1.214889770252569438e-02
2.253667824718805224e-02
3.309721946092135381e-02
2.675839361528857194e-02
2.171547866079243105e-02
2.238404085568485025e-02
1.014815565982838362e-02
1.049167803605968903e-02
1.305178186428946653e-02
8.856313701941931002e-03
9.774493967089731630e-03
1.323830453871177766e-02
1.323017579461744850e-02
7.813516380223419974e-03
4.608047262044482131e-03
4.286071417738863271e-03
3.874620176094797658e-03
2.731417461834734391e-03
5.028687143421061920e-03
4.026727790511120883e-03
9.808498146804207809e-04
4.998955101648954250e-03
3.032937640615671060e-03
2.152179021233323851e-03
1.061508908688727198e-03
5.110099404114562018e-03
4.316316795337750249e-03
3.706905217995988804e-03
3.030106882902954598e-03
1.302791768189357803e-03
7.267456826355163380e-03
4.060527372353807049e-03
7.541847967498305390e-03
4.003993432949382036e-03
4.186818268680310776e-03
2.189223656708991130e-03
1.877125005903860404e-03
1.606041031044938647e-03
3.491234781647198099e-03
3.324779626930036893e-03
5.697888834114514132e-04
4.017159697654825584e-03
2.501040964610817818e-03
2.323371822099945701e-03
6.137172938063867236e-04
1.213115942466881734e-03
2.033750451457227472e-03
8.338519579816258123e-04
2.085237580916329565e-03
1.062498520498338051e-03
1.296448695947253560e-03
2.577796249892880514e-03
7.927691175045819367e-04
1.019774847101173046e-03
8.370272352788846529e-04
8.044497827150216438e-04
1.614934163150539030e-03
4.361883265117365120e-03
1.289376301201025123e-03
2.251195561873184803e-03
1.327746856505185010e-03
1.843752790262432901e-03
3.834168227056716956e-03
3.386899705650191997e-03
5.982846935007655499e-03
5.771203019802082640e-03
3.607464880417895169e-03
6.311679258977132868e-03
3.916537856656254930e-03
6.646880468288887678e-03
9.401592354117348574e-03
6.800387007109824633e-03
5.571018033839874109e-03
4.402194093325597149e-03
5.170260905857169964e-03
3.358551927834657613e-03
1.925563330427219151e-03
3.955501478919866594e-03
5.288083116785720697e-03
5.214068434397435212e-03
4.394426483035557621e-03
5.206659296368826816e-03
4.885204269622018050e-03
3.941842121760046579e-03
5.759565231655747880e-03
6.242489057013344070e-03
7.220064495684476100e-03
2.598079431022669913e-03
5.095176076583879735e-03
9.113200781865280972e-03
3.396164948056729603e-03
5.959856344205123960e-03
4.435447920736136987e-03
3.353118173290570245e-03
4.156258649570416033e-03
2.789157399547467168e-03
4.858543678900683824e-03
5.802602272511525952e-03
6.100836084320480392e-03
7.620240963971311975e-03
6.563378236888313573e-03
5.042770095590115922e-03
1.005164698882163657e-02
1.083025428556120238e-02
6.659323305135243440e-03
8.071537744069566533e-03
4.981349081892023911e-03
3.831073940267340060e-03
2.534144764047925515e-03
4.206197895343435737e-03
4.629095001647370346e-03
6.403358068713138965e-03
4.965095707954968185e-03
3.890057753906754883e-03
4.563811657019908180e-03
5.895237306658399415e-03
3.359674953255040869e-03
5.359432372324797640e-03
4.033627618569459242e-03
5.120939023732003041e-03
4.755005289614483953e-03
5.601011094413586681e-03
3.530192394335939041e-03
3.491210247696549702e-03
5.374575811925538446e-03
5.827859748684957250e-03
5.701092013294203897e-03
5.414938393882857970e-03
7.344540680015923008e-03
6.321547080455284205e-03
3.872183208373077869e-03
3.772951657021295958e-03
6.654367734831348989e-03
3.729472824602382205e-03
2.924255608222844222e-03
3.896158313602318853e-03
3.940512399173516471e-03
3.163064138154864438e-03
6.651742320335409658e-03
4.022859680219539706e-03
3.231291450284181320e-03
4.308231082659645661e-03
3.598422485703299620e-03
4.978669671696270456e-03
3.879922523779342873e-03
4.871779107554233441e-03
7.799645399598471515e-03
5.912591613269697205e-03
3.148000423508695751e-03
2.868026686665870080e-03
2.380489991175396055e-03
1.713136273228874074e-03
2.238297036068689037e-03
4.162830327502358742e-03
3.543876568797189961e-03
2.807068480399380669e-03
1.270864157769782503e-03
4.589074128585697923e-03
5.273710108101761947e-03
2.960992866103403804e-03
2.386620572762768091e-03
2.306058723762856658e-03
4.786735488098748346e-03
1.471260937787045127e-03
2.563379898465324019e-03
2.881355836077414707e-03
2.106562374275292374e-03
6.604615885391976193e-03
4.499679176823302013e-03
3.675677018692934811e-03
3.772507447270682327e-03
1.575797175566004318e-03
1.602259796643989249e-03
1.885652398471276839e-03
1.534972346402377818e-03
1.714007487140313795e-03
4.289467098094181148e-03
3.871629131864991278e-03
4.098847455572565864e-03
2.593020711488687111e-03
3.079060814533531552e-03
4.383140343449467430e-03
4.345046333148427226e-03
2.182016766980757715e-03
3.008329765399446205e-03
4.914339691513837718e-03
2.636058575273473974e-03
3.670629800265885583e-03
1.724780863786542053e-03
2.843693443419310820e-03
1.924448616924288825e-03
4.606182706885814972e-03
2.839016905810730872e-03
2.459010921395285345e-03
4.283903237223609176e-03
2.445888476357240340e-03
3.012533085623587611e-03
6.564260955092501328e-03
5.346070341701655328e-03
2.670456236225193358e-03
4.846300264561746209e-03
6.384978796619391467e-03
4.160544766820885830e-03
2.895039820330779293e-03
3.310376074283367508e-03
2.316046326179782826e-03
2.254242000619013139e-03
3.897158357707042765e-03
3.642459527443691822e-03
3.901804699750442956e-03
3.201315267356286565e-03
3.148928880545723633e-03
6.988556579432478495e-03
3.831039494568059308e-03
2.020608124071388272e-03
3.882176604063329508e-03
3.971410069238156745e-03
3.340237838816689092e-03
3.159491317934296460e-03
4.075089811341832749e-03
3.651887424992595731e-03
1.524438522750353343e-03
4.672111280580573157e-03
2.727875280261416770e-03
2.909458188760269751e-03
3.283707415543538240e-03
2.273105231006504814e-03
4.343676357881657776e-03
2.424048338908026904e-03
2.187868860620311058e-03
2.692265974365624318e-03
3.310009455007751136e-03
3.370289773759240545e-03
2.157513059761677170e-03
3.139482231197224422e-03
2.781549793642697915e-03
4.601602402492934590e-03
4.682956979729687406e-03
3.171337141071023120e-03
1.964118184537124671e-03
4.257492886768690470e-03
1.289785531214648331e-03
1.828952211955503504e-03
2.616869003991956037e-03
3.072633273018730415e-03
1.732573858376343584e-03
2.712754163701656777e-03
3.743556778973174473e-03
1.575696513062768180e-03
2.335886433254962414e-03
3.684467695292995351e-03
6.952838304166261869e-03
3.350175147064080039e-03
1.807819118484296815e-03
3.010103602646232480e-03
2.603312235385935557e-03
2.694724652661288199e-03
3.432710840909465166e-03
4.140330613185839136e-03
5.310086075971908771e-03
4.588469443558284254e-03
3.430443725816170655e-03
3.269682219195138920e-03
3.090240528067457124e-03
4.533328951283921958e-03
3.383402430496801599e-03
5.415590899362461748e-03
4.812653122696745195e-03
2.786001569610481801e-03
4.414378269701735823e-03
4.468521476207227769e-03
3.360983862810004545e-03
4.388262578730687050e-03
3.779106011354994160e-03
4.416488528664350675e-03
4.140036278526697949e-03
3.699989438332483040e-03
2.505094274524610753e-03
5.716397925611045941e-03
2.523753455766535730e-03
5.042577998253924311e-03
3.395917521117054489e-03
4.908806507141432081e-03
3.639345064824602710e-03
3.994522906294642114e-03
3.145596548192075136e-03
4.291229400297262922e-03
5.214813364341420315e-03
5.096891821508695367e-03
3.551677697236063636e-03
3.288764029043867148e-03
1.984168099440811184e-03
4.619221853727286525e-03
6.426760668213975583e-03
6.448288886938481797e-03
3.851115904112032209e-03
3.434269522231729859e-03
4.791991787357976346e-03
4.659100339238079688e-03
4.983665354317785151e-03
5.098126791597807836e-03
5.500108464970230801e-03
3.327268903755062953e-03
4.280116329881134170e-03
5.338344523979221198e-03
6.845398361941604226e-03
7.460862684491025888e-03
4.959471603775336170e-03
6.608584861179503389e-03
4.193773059436722503e-03
4.665088011339690865e-03
2.990096474668623664e-03
3.145319480493134583e-03
5.336856861560692646e-03
3.837990880711528337e-03
3.965584053685628288e-03
5.020572125195538020e-03
6.081212892155355570e-03
3.451061229001048218e-03
2.678225381369695596e-03
4.411229131019527711e-03
4.504099638921041197e-03
2.184295395312877211e-03
3.576101403248029519e-03
4.857252626053051685e-03
1.946860339924920587e-03
3.460452631915114131e-03
2.198797840595088926e-03
3.909231733430725865e-03
5.072284839821958324e-03
4.812176155772633114e-03
5.405322749886525870e-03
3.531170559035986482e-03
3.571522550616707328e-03
5.300758110811309813e-03
5.512681716043785207e-03
3.904478165611524349e-03
5.015706223314315808e-03
2.790520962175120287e-03
4.844896107225216998e-03
3.052183917469775045e-03
4.090226048935313025e-03
3.702511517770009069e-03
5.150012962001210282e-03
2.121645767969815039e-03
5.752260116623482064e-03
7.215753194615507835e-03
5.495308212450610887e-03
4.856690173267238543e-03
4.429777829525365258e-03
5.522471384409395959e-03
4.510591922140614295e-03
3.476474393850633327e-03
3.780183475006131544e-03
5.547411771515763090e-03
4.715995226829168899e-03
3.618359218262606151e-03
7.501346713898958060e-03
4.383784842069160873e-03
3.384867570479008821e-03
4.320172762416528076e-03
5.831699404784044909e-03
5.468684160252325864e-03
6.351866407912915534e-03
2.979412176152531223e-03
4.916353954029971385e-03
4.245617776125953577e-03
5.028571562905383673e-03
6.479244967205754178e-03
1.786283454007617146e-03
4.780581514091998899e-03
3.249475775397244175e-03
5.895086483321636955e-03
3.196563233853372786e-03
4.970678549107224176e-03
4.374806894513396695e-03
5.561318367543314350e-03
4.707470646566232035e-03
2.570616596082492787e-03
4.923769793759136260e-03
3.979456680271190212e-03
2.655466456769877553e-03
3.960383523886838036e-03
3.123127803444109268e-03
4.669336269959605511e-03
4.272187943039509536e-03
4.638621554116993499e-03
4.499344288213360035e-03
6.563927491645240794e-03
1.994901834306208634e-03
2.474264538063293464e-03
6.250505527763744115e-03
3.901722161644579929e-03
3.880677322702053358e-03
3.614712922567900073e-03
3.388420859180211412e-03
4.797805839029213766e-03
4.311778170441374174e-03
4.904125780545545363e-03
4.384149684738382693e-03
4.253888168588040170e-03
5.356393749241365222e-03
3.232363642893972249e-03
3.333995313163134501e-03
4.205648912460622016e-03
5.613569401650812980e-03
3.985420229214740005e-03
5.009994247418702966e-03
3.287037425705624863e-03
4.039043323059126299e-03
3.381881235112578488e-03
5.933373747134637610e-03
4.692134642688083890e-03
4.455025163101849345e-03
3.202106378348769985e-03
3.217127542737373887e-03
5.184734356804014156e-03
3.985142846638217544e-03
4.356629077618519134e-03
4.259099014148200538e-03
4.251015272010574136e-03
1.803739675368198816e-03
3.673622738154696307e-03
3.888311206578931676e-03
5.677205482488833013e-03
5.257647570235740413e-03
5.851625823791685096e-03
4.983812327230116059e-03
4.246371890226545778e-03
4.705232339513996942e-03
2.462394189832443295e-03
4.261915360640275256e-03
3.296808059800422457e-03
5.342155275169364198e-03
6.046911491512800378e-03
3.281572336934454690e-03
4.412395173574777327e-03
4.633062523261536822e-03
5.378327864027119404e-03
4.604374849941236802e-03
3.889833942190917826e-03
4.627032731437949811e-03
3.117767720326480342e-03
3.558944634910428135e-03
4.308088071380325977e-03
2.754580025166414488e-03
5.819464442395922733e-03
3.127528989624814466e-03
4.587306012863521208e-03
3.444987737957773931e-03
3.172122699776920313e-03
2.332592105728001092e-03
5.039849672519810565e-03
3.042819447290514082e-03
3.192152338538752770e-03
2.854903267009589133e-03
2.903833705429264243e-03
3.061694107689889345e-03
2.990421547323764053e-03
4.795476057474505095e-03
3.366772306796339716e-03
6.103360454275856030e-03
3.553931814361599179e-03
5.236800428313591847e-03
5.659457481923440940e-03
2.812490896870429007e-03
5.911437024868223221e-03
3.535042124626124483e-03
4.929451723123416673e-03
6.017232598555601747e-03
4.661611663559211451e-03
3.550011126644186943e-03
3.559727477493008184e-03
3.472206225094316701e-03
4.687519956886512969e-03
3.181027047285098480e-03
2.239036853734447090e-03
4.808279629974748955e-03
5.259819264055003336e-03
4.086583778947310702e-03
5.181074677253739123e-03
3.986896167286459181e-03
4.140709116070608216e-03
4.251658326461466540e-03
1.212407581180709442e-03
3.967816427076500778e-03
6.158328363435853700e-03
5.745345534583925530e-03
4.223980053977111418e-03
5.513907801293425025e-03
5.995220335208606421e-03
3.295561555937942186e-03
4.638891579508095178e-03
3.842799659512511918e-03
3.428144608545602521e-03
3.664570115872532296e-03
2.470612823192010719e-03
3.914496661572640368e-03
2.625371859888782182e-03
5.566379811653315510e-03
4.288173708287136565e-03
3.119994858279453217e-03
4.555892404456334498e-03
3.202686297707073998e-03
3.207478231298425877e-03
7.255679160273881094e-03
3.548833105739769306e-03
4.639645310759906056e-03
5.113882070778206362e-03
3.552476104152859672e-03
5.733289065000443316e-03
5.949742211567259423e-03
5.563460085423872076e-03
2.673390061505392240e-03
4.386587039091603170e-03
5.448393767236784681e-03
4.602645122617717022e-03
3.376228346059102162e-03
3.453716760032019429e-03
3.028617524449346305e-03
3.682191531046033126e-03
3.273430626741502796e-03
4.097573262527813044e-03
5.051313406880544865e-03
3.997772747579288535e-03
4.708697119190461723e-03
4.302778316941995376e-03
4.222309649096090724e-03
2.212538409497547421e-03
4.961815536865803178e-03
4.495911078477657537e-03
3.539955537621395330e-03
4.335799597925512477e-03
3.781231367826200403e-03
5.531891467367689406e-03
4.234837516005550764e-03
3.132789468832308886e-03
5.348494830551359970e-03
4.155056705372489438e-03
4.336586807273741691e-03
2.935633129599596672e-03
4.323657630417994564e-03
4.160179138792179099e-03
4.050729633686446507e-03
2.922972535944456159e-03
5.017107223364585325e-03
4.904726734335849818e-03
4.653349175929958302e-03
5.914823892518829285e-03
3.564845544485231721e-03
6.392774179330090213e-03
3.887311035341077352e-03
4.479780782226510175e-03
4.862012777424131772e-03
4.560831632393310894e-03
2.959391335485696099e-03
4.505251788128616236e-03
5.256777406888558241e-03
4.916323706452941505e-03
2.580206781682384005e-03
5.241812841596328425e-03
3.468771702470557251e-03
4.847861123593494130e-03
2.843826392969376476e-03
4.422676421204963654e-03
3.066986175246718890e-03
4.999580545283393955e-03
1.922206878448865170e-03
2.629136697383448098e-03
2.509157699952548753e-03
4.544004671330271680e-03
5.632450851998901768e-03
3.995242541417333253e-03
5.224443481178714550e-03
5.264834652754822771e-03
2.794100583479906634e-03
2.376905813279506577e-03
2.565899547196227089e-03
4.967180637832787314e-03
2.954233525692898186e-03
4.783240610757678174e-03
1.948073528787409294e-03
5.624681414455417333e-03
3.039330221012088648e-03
3.263658775876027065e-03
3.531795724420194304e-03
4.692705071542204592e-03
4.837348118354777363e-03
3.681325639119629230e-03
2.890271480241158718e-03
4.644247967442516507e-03
4.573189378686005370e-03
2.961851738051672015e-03
4.062691303085466665e-03
2.906997518335677037e-03
6.173139093987787401e-03
5.250863126798944319e-03
4.263627212676785773e-03
4.654261159932164549e-03
4.774165982734517380e-03
6.019300230553963939e-03
3.707468623108047586e-03
4.004588194282590781e-03
2.461571624597783288e-03
5.242390107155715274e-03
4.225237175457332434e-03
2.871406299831884106e-03
5.508672821867968694e-03
1.716979416199416282e-03
2.607819721347624797e-03
4.456925532572037288e-03
4.292325162337576154e-03
3.371854904476957824e-03
3.727495813373062853e-03
6.624268072910394732e-03
3.765921717075539337e-03
3.478112929141499634e-03
3.334309107526959703e-03
6.026257631333498642e-03
4.059587501374354278e-03
4.448877830565372941e-03
2.720130629388346419e-03
3.548311296264770268e-03
3.875061953101326118e-03
5.020687589747122037e-03
3.785068838512756564e-03
3.076622632059216808e-03
4.161293040413399993e-03
3.010470764633133619e-03
5.373839692572407456e-03
2.256343492013812135e-03
7.376620968228587982e-03
4.678793926263723375e-03
4.546567962982034014e-03
3.120654415111753181e-03
5.267322053648936485e-03
4.385282090899202123e-03
4.325636726527763189e-03
3.425544615393520849e-03
3.891564144979471705e-03
4.601780359036743671e-03
2.436784404460463817e-03
2.787997342620318359e-03
4.507691598989592603e-03
2.925737676603770709e-03
4.263305082712390975e-03
2.882879922235771775e-03
6.587209369000346891e-03
2.432386425185426287e-03
2.050403502829976563e-03
6.234011992516177991e-03
4.780381221684740223e-03
6.283231326835649923e-03
3.471645563843796939e-03
2.544225733337868514e-03
4.233220178213093800e-03
2.874450789720143628e-03
3.941804074120684558e-03
5.880970629467241473e-03
3.875487092340016218e-03
2.815320240576515802e-03
5.528295399271986044e-03
1.461678303156297267e-03
3.181776634010501092e-03
4.770223537879802848e-03
2.749550434294499579e-03
5.735700516356329916e-03
3.230222206661135728e-03
5.185828379447143810e-03
5.312601399253052623e-03
3.461573027085749349e-03
5.502039998181217605e-03
4.364897951851937942e-03
3.205469117500335269e-03
4.888925007525728866e-03
5.770784712118563059e-03
5.861895999030562916e-03
5.624186646654245544e-03
6.730232859508143532e-03
5.470347754341692813e-03
4.291521931740297294e-03
2.956149674045964373e-03
3.802341140055922469e-03
4.138634770440328264e-03
4.914140571092208247e-03
3.071612078729142603e-03
5.020567114846366877e-03
3.259984316319978950e-03
5.017479320550134216e-03
1.217794348202357047e-03
5.016465332144175344e-03
4.298914719891015757e-03
4.371797427352103541e-03
4.120226221902500117e-03
5.802597011024212409e-03
4.848337360511249632e-03
2.635766477665654316e-03
3.381758070056138741e-03
5.524748815814739880e-03
3.818167061805079632e-03
5.658033680746721826e-03
5.568239720127494963e-03
5.918488629247728103e-03
7.821369564574281313e-03
6.632407020591270762e-03
4.234573250871107031e-03
3.840609113494852442e-03
4.018081744434597903e-03
2.844824926883731363e-03
4.390854124845374948e-03
3.867529775679771475e-03
4.328586551195433632e-03
3.300622837288914001e-03
4.917364390589104052e-03
2.334096684271559901e-03
3.854361895891390746e-03
5.036524228660404535e-03
3.565392842611169767e-03
3.395972762156773163e-03
3.464879519471377942e-03
4.279614574628435274e-03
5.157724509796325629e-03
4.317475722481592219e-03
2.341397020172837629e-03
4.015593918217481677e-03
4.767153405708992979e-03
3.595963741263592372e-03
4.241051669287979227e-03
3.537703247696548283e-03
3.120127506525204909e-03
4.867126871015214212e-03
3.949582777921185027e-03
2.743853761435852395e-03
3.980995410781256426e-03
4.567044564557245709e-03
3.169259032889845153e-03
3.625123698253840225e-03
2.907116668353449795e-03
2.508098471791899656e-03
2.905813418556460470e-03
5.835097149169855314e-03
3.634389937383228353e-03
2.389856134258512826e-03
4.068346359917819101e-03
1.882628444189915658e-03
6.476522579827049403e-03
6.447386982035665723e-03
4.648372323283984225e-03
4.237967192240164362e-03
3.208405397948786882e-03
3.999922618184079820e-03
4.053679676107768866e-03
3.108541413122780598e-03
4.401140906062104251e-03
4.416210038794885981e-03
4.277840558678143446e-03
4.007920010433694592e-03
4.090650863623040631e-03
1.852101862285464263e-03
3.000875735827176604e-03
4.923707735883150680e-03
5.963863476597534678e-03
4.396518112658847829e-03
4.546812093230049451e-03
3.746619470033157873e-03
4.378155789375741749e-03
2.197635115561642587e-03
