4.350098305641628693e-01
3.606071183458857687e-01
2.614484175305822888e-01
1.841337303577384177e-01
1.604501803045211561e-01
7.879328081851939836e-02
3.679453858813948189e-04
3.349717363610672793e-02
5.760457622042546456e-04
2.893633267123132610e-02
1.586486401296000135e-03
1.233029409979632431e-02
5.401707116621337103e-03
3.725054008748052056e-05
3.098238491015165063e-04
5.438101607809223614e-04
1.760442968258756893e-03
9.708562194644833462e-04
9.597183601043255113e-04
2.430904564495142857e-04
1.443574503244484942e-05
5.350044022849353466e-03
1.376889801890378989e-02
3.400092234904247140e-02
2.210585795894792413e-02
1.334025559151738073e-02
1.962383284780310714e-03
2.745964015048625150e-03
1.257157502548337849e-07
1.065443196069004034e-03
1.148996280228063195e-02
2.985994878427682131e-02
3.667297620922404383e-02
1.071592842821192902e-02
7.284603759391680353e-03
2.013114174538081726e-04
6.842146678736274515e-07
7.318070157037563379e-05
5.446001556461139141e-05
8.673295960092079326e-04
9.944382428581729008e-03
9.977257082284994583e-03
7.541893904853200215e-03
8.978169844146864642e-03
7.545906741041809307e-03
3.953129056957667420e-03
3.177636017508577229e-03
8.047878206665737971e-03
9.844414719648510170e-03
1.059477493482726719e-02
2.140541605565159794e-02
1.797879093741021686e-02
8.874008576037137330e-03
1.088851860249840688e-02
1.847703310602350976e-02
5.575712031479138769e-03
9.715040731870691962e-03
8.455609616763662059e-03
1.280507830155125717e-02
5.904869192104788764e-03
5.594398300261937268e-03
6.520823756827253022e-03
6.281077909655419060e-03
1.180010479742411855e-02
4.049604439569203136e-03
8.768540269642532275e-03
2.773341372471037868e-03
5.554743720183318370e-03
3.429522947368612764e-03
6.744092355120520806e-03
2.219782448525776854e-03
4.025229343022273740e-03
9.560211970406350427e-04
9.476222736142660995e-06
5.651235150273626988e-03
1.438659144492880940e-04
2.115558455804626703e-03
2.755198267632259714e-04
1.202229626339808982e-03
3.205611773690660179e-04
1.995431583095366029e-03
1.698607538348875551e-04
8.135863683855789176e-04
3.061353142840803911e-04
3.335869725189306596e-03
2.162928913769485259e-04
6.312591627805358039e-04
2.823283664083511949e-05
1.107774971539201257e-03
4.534247831752726953e-04
5.166206787702158901e-06
2.232680347047248052e-03
9.363948790657727634e-04
6.791935014166252890e-05
3.706022632972744862e-04
8.163760782427254004e-04
1.146159677504627380e-03
6.927060429621749601e-05
5.054653370165098324e-04
2.916913178351081769e-04
1.341742502289058805e-03
8.597944469985691150e-04
1.351558051441117307e-03
2.829634852251256173e-05
2.243072858578297035e-03
2.797803743013907527e-03
6.921328816028400263e-04
1.991009094530760137e-03
7.778510821621568018e-05
2.607585042737157067e-03
4.712109721308865146e-05
2.320570772170944471e-03
1.967595222482644221e-03
6.590459649617925039e-07
4.162409859389752664e-03
1.260340485129950953e-03
1.309083003155197406e-03
1.919795872342040799e-03
4.112364224117600643e-03
3.283103369907861609e-03
2.561562423417346624e-03
1.446321961611045923e-04
3.734346011638768332e-05
2.650461273020056005e-03
2.373889573762326399e-03
6.813617642505423976e-03
1.371594885094170550e-03
1.348439539659524970e-05
1.281508916214845091e-03
6.731682984114324220e-04
2.463026020454699670e-03
6.028569555789569214e-04
1.745486356684087951e-03
5.446658382995654560e-04
2.737619722284290701e-03
1.415623692437022836e-03
1.047952185731351217e-02
5.946312961438778889e-03
1.318706981297183270e-03
1.097844616990295390e-03
1.238814051524002270e-03
3.045149586978374576e-04
2.695148571486980697e-05
3.025704192968751809e-03
2.582234971285740730e-03
3.360209952018777466e-03
1.429812283766022322e-03
4.850585720626129221e-03
2.691241596195830584e-03
4.834020807283989293e-03
2.000036325987004926e-03
1.567604195011784718e-03
4.074153468717165404e-03
1.919585725646340236e-03
2.906705659345965292e-03
9.775180367519363479e-05
1.750968149647989195e-03
1.093795664606808660e-03
4.293824864183132944e-03
1.445490102913692338e-03
2.970717256654693914e-03
2.563255488721319017e-03
3.039384830627152572e-03
1.798305200176195757e-03
1.079425109863420837e-03
1.356914922263005412e-03
1.822946908639663712e-03
2.045772174984175976e-03
1.196181144839925580e-03
1.186105254569501128e-03
3.106776631096964513e-03
2.491527967544566059e-03
3.494842876395935598e-03
8.437374314058097326e-04
2.315393044214750616e-05
7.583493784324731425e-04
2.716109213963704256e-04
9.395622874593882300e-04
1.507309670339866160e-03
6.048467929680665864e-03
3.385948585780542298e-03
2.755877013364810887e-03
1.182427165912098080e-03
3.695100279281559268e-05
1.163260431889948378e-06
7.047535609385141911e-05
3.315351363222130560e-04
2.759553136438257052e-03
1.275403290243189765e-03
8.951003624979740939e-06
5.216784572379929802e-05
1.135162861027718632e-03
1.208560238244832732e-03
1.565157686329422349e-04
2.265128017212500455e-04
1.580035175851726877e-03
9.305035287852461180e-04
8.578385960192667594e-06
2.504306367903369858e-04
4.634781880658291552e-04
2.730859701967449423e-03
2.199117785337498156e-03
3.915366683492620017e-04
1.756073498724764967e-03
3.974001966817766155e-04
5.292219393346405277e-04
1.797446371324132807e-04
2.414800283561964640e-03
1.748263748594368902e-04
7.498415161850085879e-04
1.180409268151802514e-03
1.453196301937221451e-03
1.979630823063649372e-03
2.735403763546893430e-04
1.312054468259144931e-05
1.697977789794538183e-03
2.162333774882702444e-04
1.607522044664915710e-04
1.415236248177462143e-03
4.196200635804766963e-05
4.711262459401544672e-09
4.941973989806505317e-04
1.371373746003429119e-03
1.590236096357496715e-03
9.128561944680823464e-04
2.427467296861964257e-03
1.458898279382989105e-03
4.774070810129737866e-04
1.216460370261729336e-04
9.566693636253339973e-04
3.290396918930075815e-03
1.924349491414344658e-03
5.441450271613477172e-04
1.397113583426251929e-03
5.192392912640854483e-04
1.127496512383957062e-03
2.303690061969431487e-03
1.363325974360766633e-03
3.838022708966216316e-04
1.656138405197510709e-05
7.320270761751184081e-04
2.476346204561437597e-03
6.546007745305603212e-04
3.637283551775166815e-05
7.382600274298494305e-04
1.236486580556793306e-04
3.184328216646865970e-04
5.114708320609137000e-06
1.068258755587521360e-04
7.041764515002203913e-04
2.408108863300366040e-03
3.960520352574662534e-03
5.586269872853088462e-04
3.436334305212725843e-04
1.671309070270635448e-04
2.409005610515450131e-04
4.429920581455971864e-04
9.594227656872791280e-04
1.979515537305416464e-04
1.049439074526259017e-04
1.624541500851450987e-03
7.893155229143288768e-04
8.778422573297758576e-04
8.432975364660788217e-04
2.284767892314016127e-04
8.749564544655820863e-05
2.577855305392805977e-04
4.226658592405088959e-04
5.795047964234401093e-04
1.348200641278908150e-03
2.354279944591482210e-03
2.160957361345988096e-03
8.503373256595883264e-04
7.076157237912890363e-04
1.645759260856096166e-03
4.733492123713964805e-04
3.171142601617725910e-05
4.994383952224270488e-05
5.102266495172313576e-04
3.348352875087932641e-04
1.455949070545531172e-06
6.211261982172720797e-04
3.591940306773888148e-04
1.004708507823978422e-05
3.707440249984244728e-05
6.282139350275805058e-04
5.101777994940841270e-05
6.255156074212225772e-04
2.180072266752275942e-04
6.526536138537966788e-04
2.413352293980274704e-03
2.672826909622701488e-03
1.787156503769444594e-03
9.908040787985072386e-05
5.472733075075829042e-04
4.102024509744251488e-04
1.350199752014795799e-05
2.361828853129355741e-04
8.780543879877976713e-04
5.485798165797618102e-04
2.750486890350427403e-04
1.558098171779201705e-03
4.845836770237473045e-04
7.272002104048493629e-04
1.704259505749393605e-03
8.201751653814240775e-04
2.618504281416693565e-04
4.437842625498799134e-04
5.469669174474763550e-04
1.359270069186125621e-04
8.813107088429337349e-04
1.987397011206474564e-04
5.866453173808182462e-04
2.428168971449950943e-05
1.422183039191550870e-04
4.469604179521744327e-04
1.378166642498036441e-03
9.828525605480068709e-04
1.222639328873732041e-03
9.592720778177271429e-04
4.107835116882922830e-04
4.342458969092260752e-05
2.761162699851959536e-04
3.332931308423094487e-04
1.109951379313260785e-03
1.896407877125092141e-04
2.745803704292668133e-04
6.180511240571521332e-04
1.239617014652265770e-04
3.596467805468047405e-04
5.115299058572618561e-04
3.010896983911864858e-05
1.517111739121194448e-04
7.986643742493919297e-04
2.593036888923029647e-04
1.184196718633648239e-03
5.035162895318950633e-04
2.145208892645841803e-03
6.762532630419695314e-04
1.931327842427782687e-04
4.473658932165535881e-05
9.366375760962346655e-04
6.186295753078063743e-04
3.061983200947484348e-04
4.079602945183757887e-08
4.526521418035206424e-05
7.586875319785021249e-04
1.794801771915544670e-03
1.086206217425050418e-04
9.002688237629667689e-04
2.871723885753889143e-04
3.547291102235190579e-05
2.051474293498197550e-04
1.196370958866555369e-03
4.705133536813276463e-04
2.797197790368690816e-04
1.740008575443163810e-05
5.851139483353397881e-04
4.432174901500629885e-04
6.619895263352586147e-05
3.658248636168489319e-04
2.582384400137924274e-04
1.111142524586048098e-04
1.256129692261636450e-04
3.589561295277534964e-04
1.549049891586658711e-04
3.103094460542983829e-05
1.526562215356693170e-03
2.542077975881333433e-04
4.859448185643242685e-04
6.473866515404933151e-06
1.177944168936595144e-05
3.719320233384215300e-04
9.930722077525304652e-04
1.726929362196214467e-04
1.170649173213589040e-03
4.660684534169019354e-04
1.053967436168992905e-03
1.134106745683715039e-03
3.364350107327225450e-04
6.497167122081774955e-05
7.514321468947780640e-05
1.643010273664262345e-04
6.877104334884277846e-04
5.202910767153403346e-04
8.795574820967289606e-04
1.733992924550421962e-04
8.994487949713134535e-04
6.106312617718624757e-04
1.259016770692964046e-03
3.578972695093595238e-04
1.413238807906154124e-03
9.065624978670086586e-04
5.326208622422775023e-04
3.023334921738301271e-04
4.770629150038122957e-04
8.368749916186007465e-04
1.181845416289617956e-03
7.818198374704958412e-04
3.172962399066684303e-04
3.858377375225061057e-04
4.831360770931599304e-04
1.024476927984384290e-03
7.300917551280009952e-05
2.380807827411551738e-04
4.912549461265707483e-04
9.954058644556739962e-05
9.484279372906420234e-05
4.251980545262372619e-04
1.473516864345139317e-04
4.163595998371562258e-04
5.722788396852426682e-05
7.616045855860837819e-05
9.265942432823983082e-05
2.048447009711487246e-06
2.034392573322640874e-05
1.009024630360593009e-03
4.257252590242289938e-04
3.434772305744173521e-05
1.924757818292518953e-04
5.948504159336421952e-04
5.377854051286090880e-04
4.279968136672437570e-04
1.040855667110691485e-05
3.030567849640969304e-04
1.039933926178329172e-03
1.684267572713217705e-04
2.753210648610678263e-04
3.902887145169198343e-04
1.736535518227539334e-05
4.001282114285976401e-04
7.403992536789744030e-04
3.621659938278131894e-04
5.421745965579864712e-04
4.379886211579009348e-04
2.061619411884738442e-04
6.533466667445670707e-04
7.621639241958669177e-04
4.012855130560303088e-04
2.639637954070781813e-04
2.057541588080036895e-04
4.261800984177117673e-04
5.027053335047314595e-05
8.078904520503152968e-06
2.769920307993243474e-04
4.823440234466032763e-05
5.045959138925853495e-04
1.108080303493337099e-04
1.481074865794923523e-04
8.430975891345044273e-04
5.292740789529372207e-04
8.400764717211563330e-07
1.183576837225826630e-03
1.081607001246901942e-03
8.342004047853806723e-04
2.872649705820106152e-04
7.249281713834610343e-04
4.344610093099208624e-04
3.580031407037186086e-04
5.754605866353119112e-04
4.438163778289832499e-04
5.567700456378918867e-05
7.731341103155046435e-04
2.589076384548411530e-05
1.962941322643438065e-04
6.987107203243824545e-04
1.394207223638500685e-04
2.011533348795298444e-04
7.650860334648935010e-06
6.395043558474951826e-04
2.095873426802725157e-04
6.046502249733521012e-04
6.104542012856017594e-04
2.680134060902918699e-04
8.299164603862382069e-05
2.392736949468224979e-04
1.835726299510198796e-04
3.820287154674624247e-04
2.469324624596826363e-04
2.187566776872146041e-04
2.323366336388037320e-04
6.220110551365515793e-04
6.910509691684569872e-04
6.043546495995215205e-05
4.107904435085330832e-04
9.554640751280156236e-06
6.014720650185928627e-04
1.537049971912920554e-04
8.302963141096114837e-05
5.535866225878193067e-04
5.610010988842795534e-04
1.369543821895854573e-04
4.853823467598938386e-05
3.775853303433467502e-04
9.050347217482069715e-04
1.064373440650713586e-03
8.879974936226302544e-04
1.156840034111008143e-04
5.176145624025722206e-04
3.002184197031567209e-06
1.684566299737320340e-06
3.047899438226684288e-04
7.108029264637949658e-04
3.315109066313314001e-04
1.394180732512347346e-04
2.372660042487182881e-05
1.632502625322683964e-04
3.368556585082680690e-05
2.894036138518951847e-04
5.361182183042530712e-04
1.482386436734880444e-04
5.556470969172625433e-06
1.114032911266686285e-03
4.395454955065352786e-04
8.305040413694427318e-05
1.026707408348495664e-04
7.435997793773517798e-04
5.121361508125024947e-06
1.801185151808807657e-06
1.203195463919138249e-06
3.275489502343474678e-04
1.986652341778277872e-04
1.451248593437951808e-04
5.199061629602791878e-05
2.398551102403684830e-04
5.975810795048399368e-05
2.297825064046137415e-05
4.033871573838884793e-04
7.521570239588577200e-06
2.251358605319000018e-04
1.726054784740895507e-04
1.724815010911515275e-04
5.098274318829865365e-04
6.480017858097779707e-04
7.268176718674864952e-05
2.732353179985830141e-04
7.114827460695923251e-05
3.661178063905157817e-04
8.896292483681556484e-04
2.628604051708454022e-04
1.964553827167899157e-05
9.961749411982153465e-05
5.885026956067223669e-04
1.377003619220589588e-04
1.382736579645063742e-04
2.769903470750743717e-04
6.443219010771568996e-04
6.637323894501586394e-04
3.262519163578233390e-04
1.062316414514370004e-05
5.956430812999530732e-04
2.727672273441135724e-04
6.678555600585677409e-04
3.204821444122537199e-04
6.779332223623148971e-04
3.790387691762654308e-04
6.329323485146472672e-04
4.786559592422588976e-04
5.797054159281540267e-04
9.323514344048270969e-04
5.040757985001756902e-04
1.400719224260852432e-04
1.151452371931839270e-04
2.762729720936045463e-04
1.663461582693761707e-04
5.097754361957155785e-04
8.213308619043958349e-04
3.530360345831551187e-04
6.269793911313850405e-04
1.666138354773374582e-04
2.241762538216569736e-04
6.066716762832692188e-04
2.453560720934665185e-04
1.691116142897625856e-04
6.524948485723592890e-04
3.207977658008509536e-04
9.540868340422655218e-05
2.599606495867377845e-05
2.936143102405288418e-05
1.786920126683119183e-04
3.673028590572349625e-05
3.399056048746163156e-04
6.127811466869003245e-04
3.355047950720026792e-04
6.950047139424654109e-04
2.223946141247708653e-04
7.695254914580764805e-05
4.760092315479931839e-04
7.655256148288713813e-04
6.514876156200039405e-04
3.950346998201576063e-04
4.760431250160656919e-04
3.890549448607807676e-04
2.293962835098004450e-04
2.384201093628192673e-04
2.757563794373660694e-04
6.104348419928846796e-04
9.222997443403007809e-04
5.783043784623766431e-04
2.266226070097627663e-04
2.599460233037752992e-04
9.359708023503198089e-04
9.048478924336181804e-04
5.769311378089499436e-04
9.360865371077064373e-04
6.549271994560156409e-05
6.737199041568647535e-04
2.411347829913703072e-04
1.382869908401107920e-03
1.584908621118525643e-04
2.694866834087058616e-04
4.267580472066123806e-04
2.415764222352368383e-04
2.395491014252905089e-04
3.719199627239842603e-04
6.875163391997419963e-06
5.305013730070646432e-04
1.378638672157380817e-04
3.640044202793176614e-04
5.869759827175347316e-04
5.202957865825041462e-04
1.901386737228670607e-04
7.624675481619249936e-04
8.624756957986052001e-05
7.535386419336863231e-04
1.652309127873916397e-04
8.533463913995738281e-04
2.691680513138118374e-04
1.904213724479919610e-05
4.644949499636326883e-04
6.952306729432278850e-05
2.922531252427775427e-04
1.386156601181886541e-04
1.607737994149480978e-04
6.283540767234212308e-05
7.473245137807776363e-04
3.027767482691660190e-04
4.938232642569975826e-04
8.842089227526144597e-05
1.244488582726933521e-03
3.083505545143007290e-04
4.547738422009611970e-05
6.868143345498872786e-05
6.355384697911927903e-05
5.840450839240214284e-04
2.610804940306454543e-04
4.544938734766688568e-04
9.284858312169828290e-05
1.902529984147742709e-04
1.597321140652365802e-04
5.389875800758358844e-04
3.318002970194548090e-04
1.150291356087706530e-03
3.937481830166037963e-05
1.770253546014496779e-05
4.350375704756842044e-04
1.069190967614812440e-04
1.127521303877557267e-03
4.132843546016558821e-05
7.139081383060122280e-04
1.700278034411704226e-04
4.351823093003591642e-05
9.939119068015806206e-05
1.738496165792944388e-04
1.184881685785886643e-05
1.080844928200520643e-03
2.542322151344390325e-04
5.057114371666365874e-05
3.796879987032375937e-04
2.028009748583149458e-04
7.225003993596766736e-04
1.005240801611653701e-03
1.925529068865220914e-04
9.149039599646420712e-04
3.183042170245676357e-04
4.269048057490396102e-05
3.974097278546403342e-07
3.136659753365328646e-04
5.703514753540697745e-04
5.570900176632333239e-05
3.341525655915325880e-04
4.273048182973628538e-04
4.461660134651513948e-05
4.455559057680138005e-04
2.618098068524458586e-04
3.339089291790392684e-04
4.026178518219589142e-04
8.377037249921907109e-05
1.067421501561083747e-04
1.385120298212493158e-04
9.214840835660204860e-06
6.676807312725337965e-05
1.559775679798666855e-04
1.030298068154504061e-04
1.036941335558129885e-04
6.829387581749823358e-04
7.872938933852357971e-04
5.525469384103514920e-04
6.789353021564951138e-04
5.095670128728989497e-05
5.001418956239302247e-04
8.856128699141765860e-05
7.364395339467683110e-05
8.757846635987834565e-04
9.209722681502217987e-04
1.249933580564526522e-03
1.059061878233759834e-03
3.429833538687115745e-05
9.883459627781309396e-04
6.062479728431445546e-04
1.151287888484085753e-03
1.605931987090078244e-04
9.958483239292210357e-04
6.208657643812855479e-04
1.538029576004169331e-04
4.415182507565650451e-04
3.263584683095724988e-04
3.040518162710485902e-04
7.506693119005371142e-04
3.599910333850986030e-04
1.842961230255460751e-04
9.276015015171284019e-05
1.059434912748092434e-04
9.759875858220183826e-05
1.655793821900146433e-04
3.954674180497409698e-04
3.034464930029114114e-04
9.439106863374106316e-05
4.492145562705896758e-04
6.197618847714341005e-04
5.203090017294950144e-05
3.207982552150668540e-05
1.291988133402389820e-04
4.880638341245745388e-04
3.842811452122562167e-04
1.273606478169530491e-04
1.293356561856751129e-04
9.028129859542400335e-04
5.470509443542822614e-04
6.491058503289963161e-04
5.593985695410965894e-04
2.879815250194087324e-04
1.598321189668100873e-04
8.548882206662746864e-04
4.303125090451758263e-04
2.000869693323004432e-04
4.244862321799921796e-05
2.757031425728085662e-04
1.126831356882533765e-04
5.695402352718825816e-05
3.834344626586972575e-04
1.411993206661228879e-04
3.567002430576351048e-04
6.054947340008278237e-04
1.677288276012803303e-04
8.376141130929721417e-04
8.668260079167309758e-04
4.965123131322977121e-04
1.644642802707798810e-04
3.147419795641985822e-04
4.129434879660108938e-04
1.215520474301625885e-05
4.787775185486721550e-04
2.491731207134787037e-04
2.599452650310168597e-04
1.021320897771762977e-04
3.467753383680130920e-05
5.970786853120808380e-05
2.544290359013246915e-04
7.196886595399661914e-05
2.987386668851266551e-04
2.347125546628739108e-04
1.885407344029057380e-04
9.381651785893465993e-05
5.560260010327545488e-04
9.668933514620155786e-05
3.556595546556068485e-04
2.682183190480475019e-04
9.275546712799250551e-06
8.003033348748661568e-04
7.987628135317336852e-04
6.769726859215033756e-05
1.795256897716992442e-05
1.062715585604703068e-03
1.768073884965249042e-05
1.984080176078532605e-05
1.235099158678844614e-04
2.917628007148894559e-04
3.702907922506154872e-04
5.655165017021926425e-06
1.700367903548816487e-04
2.025264636459595891e-04
4.859361086923976022e-04
2.402785413231236069e-04
5.797560694155932384e-04
8.474780297226556852e-04
2.452085827141485953e-04
5.925226618932674152e-06
4.814551285629878829e-04
1.428479118468820985e-03
1.229905313405002575e-04
