1.916551904647587588e-03
1.975684952696251436e-03
1.763106058905686930e-03
1.049105451171038943e-03
1.402482362047195860e-03
2.834057138506496272e-03
2.198155671629826655e-03
2.350501716479694216e-03
1.508801214241898897e-03
1.502476460355873199e-03
1.736481974414517179e-03
1.911358355044300971e-03
1.121199095510229306e-03
7.790201687578144230e-04
1.897515681665480148e-03
1.751772249725287072e-03
1.801605653191679958e-03
1.799622462892684106e-03
1.336612553772591845e-03
3.463561263657392777e-03
8.072888429987350265e-04
2.007756472713913450e-03
1.413823018545363845e-03
1.244161305466608310e-03
1.475431329157670876e-03
1.076211685259974944e-03
3.624624587386226799e-03
2.305645861167563305e-03
1.018502732581626994e-03
3.006453362199876505e-03
1.366214706766614561e-03
2.154443293312138710e-03
1.063242489062033759e-03
1.284925973512035437e-03
7.051963745628678660e-04
1.034512542574932701e-03
2.709499279874726455e-03
2.694757457654613306e-03
1.501694842157425642e-03
1.890986207730859306e-03
1.397970877004309350e-03
2.700366151764671627e-03
1.332979550678607726e-03
8.099399466040245205e-04
1.833936391010399392e-03
2.126857071170397493e-03
1.054381807647750613e-03
1.645309601735942505e-03
1.718358654575236587e-03
1.444451219793054225e-03
1.172613666153437184e-03
2.619047837320081541e-03
1.101866984159793981e-03
1.452343285644104327e-03
1.367289188313649227e-03
1.771915322900557413e-03
2.004605488252817098e-03
2.901388959720194779e-03
1.026363862528189034e-03
2.029667158268981010e-03
2.899359834590749165e-03
2.669637948381581478e-03
3.217503577512102080e-04
1.876207193749142126e-03
1.032423609185861022e-03
1.382502941762384736e-03
1.597456740712031344e-03
1.777476246138336331e-03
1.937075904481619934e-03
2.765784098646036516e-03
2.197438880252449399e-03
4.894159901760933426e-04
2.520372877581757154e-03
1.845276914281519711e-03
1.229826826297951772e-03
1.759684018345130828e-03
2.600852880347755483e-03
2.710636837929159861e-03
2.653691921757224490e-03
2.706476446492711053e-03
1.671720260636886659e-03
2.377564762222270523e-03
2.266671766633664153e-03
3.072866307245853811e-03
2.102292938119069369e-03
2.464375032798371210e-03
1.352905185457613626e-03
3.383801778017775288e-03
1.636365710341534810e-03
2.998982966937666084e-03
9.961776964696729495e-04
2.442006723630247775e-03
9.611993725632695523e-04
2.401822666484173478e-03
1.770577160726499125e-03
1.474321024583373106e-03
2.525813468191957008e-03
1.577335474402220437e-03
2.143016384777160846e-03
1.827830913852818194e-03
1.753681988460554283e-03
1.845904658420927580e-03
9.767534409953523410e-04
1.077101538167557623e-03
4.160106190898931432e-03
9.047157173433690051e-04
2.630055174789139825e-03
2.979451647604433335e-03
1.172800351237265719e-03
1.931163068044784714e-03
1.528631642289990638e-03
2.035623766511435347e-03
2.777669511961973221e-03
2.605489119356007178e-03
1.091313338819507395e-03
2.091648983778782601e-03
1.636578986374019650e-03
1.263229972442842875e-03
1.310106493366055159e-03
2.134449140548148709e-03
1.653511294767150879e-03
1.989796633886015999e-03
3.094408758144821109e-03
1.985010924429153611e-03
4.907023032668722052e-04
3.219714700172939415e-03
1.423902798247772463e-03
2.706822642807503194e-03
2.214889438157880471e-03
1.871169772653965765e-03
1.685301197749953291e-03
1.319209960236865072e-03
1.697824222275638121e-03
8.141770246598101311e-04
1.947219910270871299e-03
2.132288783396185574e-03
2.218600528182661496e-03
1.558804915300319701e-03
1.493515189845283104e-03
1.903484127877172385e-03
2.803386340812318196e-03
1.790356901666633176e-03
1.002928879143889784e-03
1.674211002607012364e-03
2.507748330364714499e-03
1.507294451294684300e-03
1.553436038678978259e-03
1.807697724987256897e-03
1.081792155920982112e-03
1.316086228064844519e-03
1.360654540798885695e-03
2.248999106824859512e-03
2.172561240607287069e-03
2.323635912167305775e-03
1.548086797329320139e-03
2.357632380312143019e-03
1.545283832877953397e-03
1.801714630877068735e-03
9.158965596340241542e-04
3.142691803041412855e-03
2.502836128136441164e-03
2.274749656314462801e-03
2.182981329203477483e-03
2.961836988285233840e-03
2.165542926235942880e-03
2.491554014941192805e-03
1.701532361479762097e-03
2.011938885849946356e-03
2.160735242465002502e-03
1.353687441130586389e-03
2.338749282998464282e-03
1.862072188285967969e-03
2.016254712918780310e-03
9.111700609460432346e-04
2.477702799705886177e-03
1.134313382786358675e-03
2.072850353746724834e-03
2.370751516864836022e-03
2.080976938157523028e-03
1.208423905563742401e-03
1.641018025177099068e-03
1.977364247502829981e-03
1.372584330481511992e-03
2.135949891401395240e-03
1.271927311573812494e-03
1.490911835499854126e-03
1.928569962197594590e-03
1.092127011395419359e-03
1.741210818227087627e-03
1.327847784560793991e-03
1.049416256355559240e-03
2.598802913805343777e-03
1.920463693594133591e-03
1.245359391556237656e-03
1.892936328014130842e-03
1.211660001314625095e-03
1.576499874573240303e-03
1.519002929087936342e-03
1.825723470204657995e-03
2.842596569036648715e-03
2.669852107098219952e-03
1.398705069284758790e-03
2.793592084394566546e-03
2.848228873049102588e-03
1.141889284153466914e-03
1.653301422389584279e-03
8.191391180016105228e-04
1.921971080859433264e-03
1.611352888671948235e-03
1.477050392126457758e-03
1.402026507105528586e-03
1.654558236569644717e-03
2.091638516509968307e-03
2.592297422433400243e-03
1.506345548747686476e-03
1.293918800759195952e-03
9.576453465093067319e-04
1.980514013080177625e-03
1.260764011415110332e-03
8.284122237925936648e-04
1.260217752708670457e-03
1.196129917621709506e-03
2.900806047333025217e-03
2.694449766218458275e-03
2.042329878332007666e-03
2.279589294008863964e-03
2.070620019905778861e-03
1.635593818675964550e-03
2.588509541731507432e-03
2.795908604564276839e-03
2.463902733458484071e-03
1.284318336766253127e-03
1.879510949654988146e-03
2.143055134649846441e-03
1.942449471260502148e-03
1.238965496950182685e-03
2.297729504283749832e-03
2.242510919143545639e-03
2.396143811173985939e-03
2.392515612773400604e-03
2.161931463063347832e-03
1.754691462541782716e-03
2.007669104636486661e-03
2.205646169417218010e-03
1.787511466271895751e-03
3.361094829050337730e-03
2.305742884713102639e-03
1.859065220863196895e-03
1.397437122186891752e-03
1.490386790926214507e-03
9.583470434657193233e-04
7.736421693310916326e-04
1.245202472179702397e-03
1.734011029173112423e-03
1.403828418344986667e-03
9.539896709943861694e-04
8.937380682437155157e-04
1.778105026480405202e-03
1.961918452811139274e-03
1.135628437774179392e-03
1.274852280702045522e-03
1.186566752969366121e-03
2.251082591469951311e-03
2.689982426362413307e-03
2.097845387344869812e-03
1.180688992363271251e-03
1.657441805894170790e-03
8.642886664024836000e-04
1.704152399712128641e-03
1.986367865174784846e-03
9.451640401715462846e-04
2.825145784624409108e-03
2.501999434854799715e-03
1.670643140422097212e-03
2.967752437279758994e-03
2.086154773706953760e-03
2.091283097418248152e-03
1.567006854582257084e-03
1.372932055618102240e-03
2.215500730310915930e-03
2.295134058147494955e-03
1.453227226231568713e-03
1.922878599072815921e-03
6.552917373751361140e-04
1.311187888887822405e-03
1.753873658615027727e-03
3.143705359123994975e-03
2.275094760791012728e-03
1.750280354787019099e-03
1.236373553318570679e-03
2.015446744853658084e-03
2.706085101814255812e-03
2.552506025256005145e-03
1.046242486016800552e-03
2.123781334492291870e-03
9.083977711469887369e-04
2.403947944882557641e-03
2.486169658320657849e-03
1.486518193890667885e-03
1.763413437708766717e-03
2.014995106918037685e-03
1.921210826898882718e-03
1.386836004641884765e-03
2.734960907558009902e-03
1.858808637944174905e-03
1.799368572749702458e-03
1.455633099118901902e-03
1.242415605838699273e-03
1.892984418997322414e-03
2.131641720805030771e-03
2.620058094588109242e-03
1.479269777249189993e-03
2.638398408760901561e-03
1.739865503619383771e-03
1.797061131433497737e-03
2.089103889429812493e-03
1.910778013084529249e-03
1.584267218019461305e-03
2.824485871994028476e-03
1.325926136937341515e-03
1.814487107815361067e-03
2.215817688913139342e-03
2.447480983698917169e-03
2.325711089142652732e-03
1.524859341530477230e-03
2.336329317785654832e-03
1.160020518076445781e-03
1.501103519986335616e-03
2.137703793693005328e-03
1.186289334006903609e-03
1.849246941782292913e-03
6.301553324498098416e-04
2.016833634637618059e-03
1.376107946120004718e-03
1.010236376372359570e-03
1.559723869345341430e-03
1.817494964415624194e-03
2.586900230097025685e-03
2.346756273349741035e-03
1.310869747529836522e-03
2.103058490470359303e-03
1.219780775123106712e-03
1.539367622472467704e-03
1.567254727360773954e-03
1.919586999468661298e-03
2.512089146091511620e-03
1.343194326745207525e-03
1.042269515276198410e-03
1.715799371090945573e-03
1.239067444110219900e-03
3.283784578765263674e-03
1.220122707455321238e-03
1.099162258972642909e-03
1.894853956667911935e-03
2.667294678254030372e-03
1.798317705896373703e-03
1.718992728067895385e-03
4.153294886940621399e-04
9.976350908712122191e-04
1.447756182137797162e-03
4.965746546570883654e-04
2.169501501729855474e-03
1.058548764339382886e-03
2.144204032226355514e-03
1.906689866519496604e-03
1.767989846333541636e-03
1.754319509873402674e-03
2.084916001894805086e-03
1.740863684532659985e-03
2.508112350067403292e-03
2.298938242339457032e-03
1.954204705434467969e-03
1.863816085029600892e-03
2.702273733603836794e-03
1.708038084846863307e-03
2.256109732027061863e-03
2.193493752383865198e-03
1.162438312058974594e-03
3.111708127601477917e-03
7.490136413057479599e-04
1.527168208933260421e-03
1.335822677888654246e-03
1.501138335734558595e-03
1.576367751080264565e-03
1.823714318108546383e-03
1.911498169313473371e-03
1.088985247724429508e-03
7.933774725575868693e-04
1.766694691155584447e-03
2.247506162430108236e-03
1.687721776269847764e-03
2.270501463814676192e-03
1.853573279722510415e-03
1.605224917260297162e-03
1.795912854122702455e-03
2.326012766586073831e-03
3.133735378244356315e-03
2.522865395257103092e-03
1.971502971424220554e-03
2.188971343307180052e-03
1.020520627169543533e-03
1.393051434026342612e-03
5.566800637193874491e-04
6.290929933825745906e-04
2.113401670480552150e-03
2.241738869357040847e-03
1.036117521927393693e-03
2.350913907871832447e-03
9.747812338948289371e-04
1.910961717569465302e-03
2.072083878239689043e-03
1.549706957622865641e-03
1.434824045598386087e-03
2.986932278065223927e-03
1.847532132095842114e-03
1.640031419487248234e-03
1.227560901585096446e-03
1.693289042148658427e-03
1.091801351151426612e-03
1.790030065442033049e-03
1.936712348999383802e-03
1.163593616680142807e-03
2.605567334298538977e-03
8.990136897545328342e-04
1.432182468154730853e-03
2.580742135091526526e-03
1.156444077117538445e-03
1.057673068001099836e-03
1.882909514505935354e-03
9.934263190367156101e-04
1.500535927253066320e-03
1.110762052721285618e-03
2.990451471704258860e-03
1.812890908364070538e-03
7.130517517324270940e-04
1.727177021026046018e-03
8.916854296704883418e-04
1.971792435921558388e-03
1.237602501793553947e-03
1.914748606708699310e-03
1.617220933958597902e-03
1.489186330913002277e-03
1.761013599857906477e-03
1.950940342026911967e-03
1.120296185324006800e-03
1.734321277919771871e-03
2.435123713387751625e-03
2.582229779602471676e-03
1.820773018963551572e-03
1.632382582857660721e-03
1.712973791315346161e-03
7.964798707853833638e-04
1.931897467258277120e-03
2.305744155854061190e-03
2.011908072441215972e-03
1.087839506232221023e-03
1.946112734170051201e-03
2.795642687907890465e-03
9.531431397221413462e-04
2.590865337978955942e-03
9.871172302904664131e-04
1.220888583689307442e-03
2.388617404807619714e-03
1.674175844688077916e-03
1.750786027346049739e-03
2.096735985270349427e-03
1.779312674242032339e-03
9.566583217331037963e-04
1.456620872122406027e-03
2.538040254348986838e-03
1.658307138605015192e-03
3.356905314567446615e-03
2.008596005531288614e-03
1.514643322324176877e-03
1.439550859546932272e-03
1.678616347166745400e-03
1.176851706465097602e-03
2.700016685753695543e-03
1.487040505270918874e-03
2.246128731203640618e-03
1.551056867936817778e-03
1.644632207825992565e-03
2.298094700604891901e-03
2.182844254713016061e-03
1.205539434157238852e-03
2.592811368661210921e-03
1.572128690343778997e-03
2.172832873257402996e-03
1.947358746410426033e-03
1.394015977663858909e-03
1.221601811831945963e-03
1.852571093685379672e-03
1.178296640533791923e-03
1.239717009280113342e-03
1.690288967471652347e-03
1.487589314872959836e-03
9.616607009618308210e-04
1.570327543050279925e-03
1.974192042668845935e-03
2.180678307095097745e-03
1.581703731277094276e-03
2.213649585790893482e-03
7.100111476046116685e-04
3.553138631203712084e-03
2.123452936734338166e-03
2.018671305775591139e-03
1.750075283668679066e-03
2.608851331672664298e-03
4.431478837703031921e-03
2.291687880211995456e-03
1.486506768631240538e-03
2.881110525136707651e-03
4.495161611438951133e-04
3.909780462071223150e-03
2.410605649638993334e-03
2.729011274543724497e-03
1.333317800050582303e-03
1.772844653651154453e-03
6.089384673924322150e-04
1.756935661609201720e-03
2.340132201385235287e-03
2.186899113253848101e-03
1.144587091640663669e-03
2.143498006500465722e-03
1.421871382183412637e-03
2.289018428384799724e-03
1.389075950603694751e-03
2.178715529683569914e-03
2.514465354975545068e-03
2.126467785696373788e-03
1.874420662610808358e-03
9.126394828816249052e-04
2.530284990026041448e-03
1.300932516531699877e-03
2.189937852263313181e-03
5.382863188115251558e-04
2.248290188113434129e-03
1.431456699820491925e-03
2.977845694104003672e-03
2.937191583688545000e-03
2.095513606921779997e-03
1.684626932767143955e-03
2.565193066644851430e-03
1.719402484726732794e-03
1.069021544889974798e-03
1.448081069073355910e-03
2.846801803926921060e-03
1.277510993573655789e-03
2.345194441080430091e-03
1.353124484802880603e-03
2.249585930280083128e-03
1.821745097233470239e-03
2.067384024493656037e-03
1.380524344103851693e-03
1.661322937931717118e-03
1.403241393087952329e-03
2.155402712198462804e-03
3.371125133512463228e-03
2.388755278479074221e-03
2.264193325406515817e-03
1.619972803044495389e-03
1.704000062381278097e-03
2.038077683969752914e-03
2.507991998175081432e-03
2.183310259350090821e-03
2.180490692486007111e-03
8.746212682404347610e-04
2.256144506996889208e-03
1.637352022038078515e-03
1.311208014462763357e-03
1.897136229425798242e-03
1.068423548134481800e-03
1.656159410096221668e-03
1.346411181432446589e-03
2.028201727438086206e-03
7.129973683187065250e-04
6.691975615276046438e-04
1.144860137584388475e-03
1.839102416421934706e-03
2.311329444656371607e-03
1.992822413618493185e-03
1.887950501850107913e-03
1.963995623534486694e-03
1.548309185424515903e-03
1.920718353015325166e-03
9.317455218314461005e-04
1.794273248610892381e-03
2.515024431891791246e-03
1.792675760709307479e-03
1.293264268860729385e-03
2.164462713357764162e-03
1.407568791127648952e-03
2.024574035078032398e-03
1.422580477559905578e-03
1.834913144339076364e-03
3.866054981965038641e-03
1.536315777960403466e-03
1.833513027371185553e-03
2.078497611977556201e-03
2.699672380464106149e-03
1.063167847270383905e-03
3.047282571912287175e-03
2.616643339524564807e-03
2.499785469697762483e-03
1.547719645126728648e-03
2.440969950448664948e-03
2.883286256392934756e-03
1.631225688688948787e-03
1.621811982991197033e-03
2.124552822186626111e-03
1.935875359163255656e-03
2.990578051000898196e-03
3.754826663537645139e-03
2.662211824939616448e-03
5.624637295356078393e-04
2.226508241942234782e-03
5.835182594882552028e-04
2.880736082425997512e-03
1.434376146894503082e-03
2.045935100854755564e-03
1.691609887463836311e-03
2.847041238310506987e-03
1.904309558054919195e-03
2.573304887812052390e-03
2.384743047638394030e-03
2.409913483155817077e-03
1.353925760683490987e-03
2.790132332021003862e-03
3.295436846294808216e-03
2.674804974617674136e-03
2.505615766296236200e-03
2.677992684936438862e-03
1.941879638872471073e-03
1.357920894754606434e-03
1.623736278525255133e-03
1.185390635573206185e-03
8.192364989767708053e-04
8.975383200317093831e-04
1.696596900314437887e-03
1.901814971650104061e-03
1.418706553307475622e-03
6.242799471544208025e-04
1.805554658959033837e-03
2.400674643614000847e-03
9.468096051401255712e-04
2.070048160445907975e-03
2.507688771780476871e-03
1.383505672262156467e-03
2.541212221675610318e-03
1.463286143849668128e-03
1.056751314693196936e-03
1.148519300074590365e-03
1.347515698106539674e-03
2.636363541440407340e-03
2.145225841681898827e-03
2.599762981234249922e-03
1.137282624597708933e-03
1.273947320810832643e-03
8.437224838527368313e-04
2.188905139104504495e-03
2.354425508738368974e-03
3.010773617609242402e-03
2.227626861515832109e-03
2.008410654739828730e-03
2.276928260169108591e-03
1.533522980220405115e-03
1.906463840044224671e-03
8.867998252646296011e-04
1.161817578316746589e-03
1.248504893090392545e-03
2.113026423873886131e-03
2.541220072521948366e-03
1.755086420080724649e-03
2.736526877522915853e-03
2.683365867540854748e-03
1.706918233581159600e-03
2.981034734064425592e-03
1.290598852789804707e-03
9.562360560638327863e-04
1.479551141070535418e-03
2.628336001283926304e-03
2.016963781474056562e-03
2.419471015139709226e-03
3.099687902342502209e-03
1.481558797198045431e-03
1.637323069508386884e-03
2.000318795918807919e-03
1.677089123352118547e-03
1.276406609252571031e-03
1.156906453187196400e-03
9.860739413281405068e-04
2.020362320376548147e-03
2.126981705469654926e-03
9.320702668789968871e-04
1.339845684963378650e-03
2.498724491250786921e-03
1.303279616460384979e-03
1.585111438380657888e-03
1.684939646517075217e-03
2.889904497902606728e-03
1.423476364789889826e-03
3.272370257518053029e-03
2.781234407427008413e-03
2.645865075307091575e-03
1.417968851817613543e-03
2.449949106321654482e-03
7.556435954456720058e-04
9.189677771238657185e-04
1.403397503445852302e-03
1.769058038698177043e-03
2.441766968291240320e-03
1.686425200799823894e-03
1.187934999213481136e-03
1.687012287031084334e-03
1.217792547365374473e-03
2.966255680763031990e-03
7.464645669899857379e-04
1.008884767216028811e-03
1.496723379246460558e-03
2.225047399184216027e-03
1.638871002870957022e-03
2.004619127860152172e-03
1.232211988675972454e-03
1.379558009441723791e-03
1.688028095830470350e-03
6.046188378503326421e-04
1.786307085627852681e-03
1.949098739107722311e-03
2.181907920687282780e-03
1.154142239658070444e-03
2.644135514697961049e-03
2.638911278170411046e-03
1.719696232773976034e-03
3.312840669653518456e-03
1.549668687019295108e-03
2.230457970983550434e-03
2.499152139571049307e-03
3.243568847201168219e-03
1.978771022207886834e-03
1.060482383096287727e-03
3.378620310986533981e-03
1.686050803825372068e-03
1.989514943114179587e-03
2.164262944181030799e-03
1.609259515583552017e-03
3.182189391199763320e-03
3.070349202578769292e-03
1.496678216239491358e-03
1.641109261107016187e-03
1.665568177105328966e-03
2.194385151286659501e-03
2.617280586881047706e-03
1.048274798177933551e-03
1.862215134372338958e-03
2.918200016568900032e-03
2.797420337227340351e-03
1.214012092265050842e-03
9.227452897587770739e-04
1.541374257341185990e-03
3.215580658995902986e-03
3.192609241743267229e-03
1.057252981418049754e-03
1.171229238122651348e-03
1.158605808796824488e-03
2.559874827433450926e-03
1.960048781246606295e-03
3.230349709281324627e-03
1.170387874735832542e-03
1.752484417363355147e-03
1.350953604685787342e-03
1.158054408423287102e-03
1.993432955742433822e-03
2.081772846259797877e-03
2.111427620274804965e-03
3.128881311910584623e-03
1.228411013083498910e-03
2.117136717649259828e-03
1.842774586166644885e-03
1.538894688794706670e-03
9.579188854019451060e-04
2.391233064658800003e-03
1.409916488652802674e-03
3.217786322172303416e-03
1.034851707927790651e-03
2.238672501842337362e-03
8.119092526201884211e-04
1.373824815197914866e-03
2.183929398872625285e-03
1.403381260085879685e-03
2.399985098074689308e-03
1.407303302955795372e-03
1.666499316057376556e-03
1.620673338358415280e-03
1.837719521094314211e-03
1.424045807462609231e-03
1.537869106016281776e-03
1.225468422675648561e-03
2.115599087380942451e-03
2.492169078660390943e-03
2.299440550649973786e-03
2.746798612452124554e-03
