6.701773793764071244e-03
6.597151838322851125e-03
7.518301032358317218e-03
5.901899752266322532e-03
3.960370492875830810e-03
5.233133794460390759e-03
3.884499641397714913e-03
3.012512256824764322e-03
1.429496647308916690e-03
1.296959967336016066e-03
8.056423237612657037e-04
1.483224382626606940e-04
1.033079779117040903e-05
4.988315199556696066e-05
1.705289641879550945e-04
1.284924864004556274e-03
3.090347224546509224e-03
3.592424518950508312e-03
7.408102449866740824e-03
1.170414793767169531e-02
1.901364351616816745e-02
2.634404569164588983e-02
2.874109670397601013e-02
2.521721025376555056e-02
2.123601505644167470e-02
1.155144114991580456e-02
1.061026872133549216e-02
9.308868576356666910e-03
5.809974834401719461e-03
9.667445423017550013e-03
1.301471513297106954e-02
1.616763603262716398e-02
1.927869879867604927e-02
1.925996397970019050e-02
1.852021611448999294e-02
1.612900708447300227e-02
1.228136528466998792e-02
1.293167797943592032e-02
6.240784942810851180e-03
9.212843351256409449e-03
9.740159439128428034e-04
2.291900233349276894e-03
1.247965881870413034e-03
2.181949144573968550e-03
1.593086558887623965e-03
1.127271299077288328e-03
2.091201817520049917e-03
8.455122650187656998e-04
4.011655241992574455e-04
4.492055771190282321e-04
2.926313417666442387e-04
1.210446315569564191e-04
7.043620841862320309e-04
8.669485614052026750e-06
3.031441464129188811e-04
6.203826364892853738e-04
1.444858132497061468e-05
1.319950794169676925e-03
3.725359942993278651e-03
6.519746241678093211e-03
1.090929549062589002e-02
9.544586048029400638e-03
1.080143273156742439e-02
9.029656924952573355e-03
7.494817230961876332e-03
4.437970351993154525e-03
4.258403407896050284e-03
3.703007663115931436e-03
2.594185372920165822e-03
2.224356140504315897e-03
4.502561687439771317e-03
4.967029850442919621e-03
7.865961792506228484e-03
9.275419406529912189e-03
8.259139249459160337e-03
7.451579434805693028e-03
5.834343706274691156e-03
4.641407572793505507e-03
3.117577609537782943e-03
1.003021687841518109e-03
4.538215784384128787e-03
4.026660974611381665e-03
3.199907553562632463e-03
8.607904052360434988e-03
1.013672511832996136e-02
1.322538504326845055e-02
1.378958710531904587e-02
1.057891610533496021e-02
1.438802247127199743e-02
2.053714442062007720e-02
2.564200868725426824e-02
3.297470166977454348e-02
4.075776830904870307e-02
3.700629583158976388e-02
5.424074405048336101e-02
3.465082797600949754e-02
2.914767231575176101e-02
1.623664726466155298e-02
7.290310753044216760e-03
6.185339590144946567e-03
5.050988091596988853e-03
3.339151266077292849e-03
2.528918675088403373e-03
2.760650499912290726e-03
3.014086274265434604e-03
2.738233938347627103e-03
3.372711295359756209e-03
1.383461807229375033e-03
1.701278123594350327e-03
1.765405907608973493e-03
7.490732428806686502e-04
7.358725892123757668e-04
1.657221779545468062e-03
9.103308124238095348e-04
1.122981492184376481e-03
8.230368751229909718e-04
7.452835475942851421e-04
2.765514453979554636e-03
1.673856850384377540e-03
9.179973732378813971e-04
1.645782068759229361e-03
7.113168858006515020e-04
3.166081678611378306e-03
2.893328654680144430e-03
3.447463571651464883e-03
2.234730436729623262e-03
4.251612681204579823e-03
3.348327806396341963e-03
2.342848027657453824e-03
4.287743341838624357e-03
5.402813811043759296e-03
4.711345003855999317e-03
2.988382244207860462e-03
2.017956746143096964e-03
2.916985937987987606e-03
1.210123663865050403e-03
1.476213070160317751e-03
2.623392333801649080e-03
2.200731148658359969e-03
4.233785899883402495e-03
6.817180808096347591e-03
6.213333316948706567e-03
1.991037981276240140e-03
3.604590508614204970e-03
3.950057683549512873e-03
7.435736590892119170e-03
5.206204155043187357e-03
4.362401012708287673e-03
5.478044779739788851e-03
5.973769639097778472e-03
7.404856416644506681e-03
1.001714958479774271e-02
6.923291464983297346e-03
7.094424987559323596e-03
4.799387195908830402e-03
7.473431928560228706e-03
8.047548289642634384e-03
6.256631108183185845e-03
6.052706752101007920e-03
7.366788766933790762e-03
6.971728914945268807e-03
1.357076262743651257e-02
1.394869534842289351e-02
1.118551721644920477e-02
1.037008672634281460e-02
7.598936808431451702e-03
1.034565849629221108e-02
1.302492113429310969e-02
1.298444655421239317e-02
1.249994743885738009e-02
1.210771568006440389e-02
7.609700318212402233e-03
8.503988790970593362e-03
9.046543977233808403e-03
9.639941503682563501e-03
9.849948831147181325e-03
5.225242854963692458e-03
7.418528502106040527e-03
1.107777768389531063e-02
1.222223255523160329e-02
1.161231173733586614e-02
1.072148447026897641e-02
1.278954188350512298e-02
1.269363077687314136e-02
1.574082455184432766e-02
1.875874480537335909e-02
1.766172145020995440e-02
2.424249275426216751e-02
2.444985305832916844e-02
2.855569960485154074e-02
2.473104489602803713e-02
2.668569131630718974e-02
2.239136047683221512e-02
2.451578909356388197e-02
2.489968501396118070e-02
2.648988311339340110e-02
2.250835069830389029e-02
2.671640429088145696e-02
2.508820955925294624e-02
2.794416186273647115e-02
3.155870659325769184e-02
3.042480283854042539e-02
2.683136926990085935e-02
3.463038744500784166e-02
2.196993757065259650e-02
2.546977918602433624e-02
1.794001492100407227e-02
1.951133922631582626e-02
1.485077742124230743e-02
1.897080475876085359e-02
1.648066992748987991e-02
2.166889718654469929e-02
2.546876386013254695e-02
2.338568649768668975e-02
2.271496986987970104e-02
3.169865378977280296e-02
2.875752582615780789e-02
4.057063169552860976e-02
3.697067489786096811e-02
3.235380649864057212e-02
4.084839888358926530e-02
4.014419225574861888e-02
4.365684473859082759e-02
4.020465959015479679e-02
4.590707921943372460e-02
5.041979682317710570e-02
4.738547255188139962e-02
4.710599020143948351e-02
4.190006131218239338e-02
3.947021965961518275e-02
3.951808845898219930e-02
3.748985751591937116e-02
2.648862092590804906e-02
2.717022568723111153e-02
2.498776596682137849e-02
2.632995182198998377e-02
1.784166178694955932e-02
1.731014989985340743e-02
1.769399466906642140e-02
1.736796985609323843e-02
1.447882475221058673e-02
1.674727889713396867e-02
1.736724404475336811e-02
1.620165693698649365e-02
1.809710714046997709e-02
2.072769809053505441e-02
2.417584587932480183e-02
2.400813443459956162e-02
2.205485583932367474e-02
2.437045374143614537e-02
2.556894270944805314e-02
2.336506383870611686e-02
2.322982158368360264e-02
2.736433988618523772e-02
2.981586889396530687e-02
2.522546210496030492e-02
2.451647622308207250e-02
2.039179970136855216e-02
1.495278595848188903e-02
2.225157299907773098e-02
1.368389665812246719e-02
1.099937863309902349e-02
1.466626326085004872e-02
1.356227461754263251e-02
8.584771473102983594e-03
8.377139255659015252e-03
8.015949217472161450e-03
6.239911327408277468e-03
4.201627444123969685e-03
5.095530603652669542e-03
3.005756390359098397e-03
4.852284010821850471e-03
3.920041395813287505e-03
2.988297949907858971e-03
2.216931622026540628e-03
1.061694560289885847e-03
2.471436474635483726e-03
9.362402245797947237e-04
1.878388747827153000e-03
7.346712106640259374e-04
6.854434714736225027e-04
1.356316048780465766e-03
7.792171136690635453e-04
6.531566988427545042e-04
1.893472048266007504e-03
2.212644333571357758e-03
1.180938402822318770e-03
1.218541986441194639e-03
2.151454794820131279e-03
3.008918255512276884e-03
1.524457493183613418e-03
1.250967399853817339e-03
2.319575327660763474e-03
4.200799126432798979e-03
2.534402819864917545e-03
4.426230961105773708e-03
2.422951980398643356e-03
6.780650649306129742e-03
6.761272328090732996e-03
7.998272099766038160e-03
7.523510442794146581e-03
7.791546369846700029e-03
1.412063148112405707e-02
1.165413665059914471e-02
1.393189283679141348e-02
1.526887703995163589e-02
1.666724126819421961e-02
2.286953486405522359e-02
1.886521559588956454e-02
1.366918933364853241e-02
1.731153665267424341e-02
1.697849520823164690e-02
2.515187426687266053e-02
2.975821403196897419e-02
2.523648911563598773e-02
2.477876756165276265e-02
2.653641784619491240e-02
3.378643529545977825e-02
3.385924801278331758e-02
2.615165682927488022e-02
4.001249900578557339e-02
2.696387149817579959e-02
3.345003178817523154e-02
3.144272794265345894e-02
3.030753482475236071e-02
3.153168432351123596e-02
2.940820065633781635e-02
3.501593632810603984e-02
3.419142482740824412e-02
3.183445997690664137e-02
2.909347600407501469e-02
3.230453012804280349e-02
3.359950222082998261e-02
3.165458427486673998e-02
4.010185652695801711e-02
3.422887253956051479e-02
3.079462617391626189e-02
3.451369619215946538e-02
3.207273553423507784e-02
3.104055277163231263e-02
3.833236607541074675e-02
2.826940510508884133e-02
3.269894659769440048e-02
3.324676613555945653e-02
3.638018553733381871e-02
3.370653717338456534e-02
2.835498688364832681e-02
3.120431884571653325e-02
3.435335601352040857e-02
3.061268340330510623e-02
3.684355917232354227e-02
2.815603649956330626e-02
2.664869053296011273e-02
2.879526221303559466e-02
2.917389795522038962e-02
2.722802451805955010e-02
3.165906624205422348e-02
3.084191255280094995e-02
3.128490728379781233e-02
2.569843593696407788e-02
2.483351295568273290e-02
3.449913132267523608e-02
2.802629252241738492e-02
3.181025309425906944e-02
2.288851858837430420e-02
3.116031387024769533e-02
3.071505353831775406e-02
2.174566346882378376e-02
2.436650317625437684e-02
2.606485126557340007e-02
2.481581476646088982e-02
3.092226751501279611e-02
2.853207530599470923e-02
3.100335481175178071e-02
2.416503244557037869e-02
3.260621548183069429e-02
1.940193890428584117e-02
2.867178072620675533e-02
3.039270924713316849e-02
2.700161959224176358e-02
3.654106164261968631e-02
2.876983983248508278e-02
2.477720755157754653e-02
3.111069645467215428e-02
3.096595992603914591e-02
2.790754747055797583e-02
3.054149965648339168e-02
3.120265834725509738e-02
3.440095690081105412e-02
2.839882701130851464e-02
3.425307471240895268e-02
3.523868330699258394e-02
3.916642126885930275e-02
3.583083575145124683e-02
2.807576963129604711e-02
3.366857015836919459e-02
4.221301002518816625e-02
3.438536231477640898e-02
3.512952503430338824e-02
3.252612305063577042e-02
4.222981576511938145e-02
4.069039728395513339e-02
4.426852548859604164e-02
4.666996384298338629e-02
4.820705956206686876e-02
4.397342223492378688e-02
5.106708156345798194e-02
5.311791384657777587e-02
4.112001876220670871e-02
4.534923649159702114e-02
4.860753308847563792e-02
5.212956040623661913e-02
4.976534367089060357e-02
4.814713967726045457e-02
5.318447440341351334e-02
4.801072657743674782e-02
5.781313475436408722e-02
5.091457236126029073e-02
5.181338407491665327e-02
5.159956521351576758e-02
6.045292121111191935e-02
5.444879297898707476e-02
4.774318450714326589e-02
5.945650715890596349e-02
5.628524994047728186e-02
5.808283754366188462e-02
6.739219230781355596e-02
6.145845787845918146e-02
6.121497631212074325e-02
6.461636328026287845e-02
6.475927821310781263e-02
5.956326715307851821e-02
6.463062720308664078e-02
6.561775273995164304e-02
6.539609999723053346e-02
6.508188231087592979e-02
6.078248038137942788e-02
6.453389315279632610e-02
6.385985044372789743e-02
7.556639078800488074e-02
7.114919461303000070e-02
7.111919658963945789e-02
6.561030399685179038e-02
6.873313135612481306e-02
7.552881562426012885e-02
7.484064277608840077e-02
7.202152406355617764e-02
7.370339330140095180e-02
7.531432023220542560e-02
7.542230382369000119e-02
7.376765869593158997e-02
7.071847431478300861e-02
7.879028338162340217e-02
7.319133573315875219e-02
8.554628077416985554e-02
7.191052846737053250e-02
7.381109769774836515e-02
8.096604302308034462e-02
7.970773733231231728e-02
8.003055946404094567e-02
9.422645064375209656e-02
7.984562564476040125e-02
7.924784594063805088e-02
8.376105103837280796e-02
9.090280683169206510e-02
8.578374904665923839e-02
7.555603819966233425e-02
8.250533765340573034e-02
8.662583958372839510e-02
8.139853440004882201e-02
8.658467592073128272e-02
8.071926738284328218e-02
8.129287151627993813e-02
7.520661788618170085e-02
8.561515015257888106e-02
8.242919243872801061e-02
8.532909443999606158e-02
8.491352043501007585e-02
7.877141731546073722e-02
8.809660970451849149e-02
8.461140740915812364e-02
8.375347520351687780e-02
8.583563514022733709e-02
7.764063885867203418e-02
8.185637747902922701e-02
8.586836696837552019e-02
8.405468433807163076e-02
8.033002856870201380e-02
8.344887542190322638e-02
7.915817476742914582e-02
7.787614704857341585e-02
8.399771810225230284e-02
8.018756800206737478e-02
8.405597430806925618e-02
8.173294538586992064e-02
8.431004191567285921e-02
7.278960130180764376e-02
7.977193957868548846e-02
8.480092483594725561e-02
7.944788967306695704e-02
7.427907390234146645e-02
8.178528352498343201e-02
8.744186593151412334e-02
6.699355366659463795e-02
8.480868844064706757e-02
7.973837893435330171e-02
7.779863264043865301e-02
7.485021446853019900e-02
8.423704920006692964e-02
7.935604847260510630e-02
7.501113646684839931e-02
7.473668358299091763e-02
7.969225133744556322e-02
8.921849695659818391e-02
8.356227116054736059e-02
7.490292772949792843e-02
7.365183632555256932e-02
7.733215979157460895e-02
6.855717720365477053e-02
7.319692296026419909e-02
7.682568943200394906e-02
7.342734760467621580e-02
8.612677879293055561e-02
7.797507092054727085e-02
7.780031790560466842e-02
7.556201956852529045e-02
8.075467301404644360e-02
7.290767741778050870e-02
7.427975769968839237e-02
6.514561427728912668e-02
6.687915939768891704e-02
6.805420837387539390e-02
5.908274063400350412e-02
6.240217437236963288e-02
7.032975505013459860e-02
6.578102611864498905e-02
5.884309528492941144e-02
7.127242040625102193e-02
7.519265394057006446e-02
6.723132889524846556e-02
6.093366387743591461e-02
5.834813633843886210e-02
6.734759027743605908e-02
5.938076463459090321e-02
6.785494094199560899e-02
6.461260366993422377e-02
6.542345209130435990e-02
6.330880766612273503e-02
6.492704578202096455e-02
6.187297916084650434e-02
6.245193116392152438e-02
6.367031102750340954e-02
7.572109273820404329e-02
7.000819177450440245e-02
8.371768788085987012e-02
7.209066350302704984e-02
7.083551285795196273e-02
7.445237012230482287e-02
6.763233718957437079e-02
7.902226341525749043e-02
7.760837693964706130e-02
7.326214101023356684e-02
8.372205260029942642e-02
7.452949310305180541e-02
8.747471379113246071e-02
8.420531751135867937e-02
7.910824794927613646e-02
8.239925220464101863e-02
8.777339032407735497e-02
9.337384189298694737e-02
7.214135409115671194e-02
8.154163639924365270e-02
8.879763889982182634e-02
8.009974948920943472e-02
7.740310257587948439e-02
8.728903812845487109e-02
8.654009649703697793e-02
7.872011506559507821e-02
9.339299202465095595e-02
8.256957618827646950e-02
8.524789440908989158e-02
9.039261577232002298e-02
8.435133112802357946e-02
9.052421588209602632e-02
8.403841844777228121e-02
9.086273133530688162e-02
9.258574713260475653e-02
9.200399012369156471e-02
8.544016959271699685e-02
9.252185952894823040e-02
8.702432450293091926e-02
9.333358633962596240e-02
1.011319426104994174e-01
8.841298872652482432e-02
9.048032326437904782e-02
8.231413240083812477e-02
9.252139652572066719e-02
9.466559290591475273e-02
8.209172359669018870e-02
9.562937335735720301e-02
8.972848039399816678e-02
8.261555507802441356e-02
9.403213227947952724e-02
9.462840349215970170e-02
8.697207801322728860e-02
9.480383667197696262e-02
8.929487053570051014e-02
8.538463460118247972e-02
8.894103042776273227e-02
8.829640086552621725e-02
9.199322610380188114e-02
9.254283997074837231e-02
9.261135199191547485e-02
9.156172268160023275e-02
9.427771628226050415e-02
9.119730353900996900e-02
9.280584635822909656e-02
9.675738418037826971e-02
9.951131443369422291e-02
8.176903088014003673e-02
8.777049273001420737e-02
8.619576743253264117e-02
9.463083739705249742e-02
9.380039021583309877e-02
1.027736536661715966e-01
9.248613355574412942e-02
9.402428303761464767e-02
9.081526467705094974e-02
9.173915293322652820e-02
9.255780318715263466e-02
9.449921020889352763e-02
8.931394727685612600e-02
9.599695275659811400e-02
1.060186490504466533e-01
9.101360292329761792e-02
9.831773563639553681e-02
8.955135393354746176e-02
9.065370315329154827e-02
8.958698883587785933e-02
9.055731200107215717e-02
9.635485068119657714e-02
1.031734014078047462e-01
9.324537732696026870e-02
9.586517194235294470e-02
9.538897679884185410e-02
9.735120563556662332e-02
9.328651597278346530e-02
9.650880655423904608e-02
9.631798719621459393e-02
1.019092172706343863e-01
9.965330597794694323e-02
9.019561381944865563e-02
9.764309593341129190e-02
9.258778943157411345e-02
8.895482748035299370e-02
9.107677464029392822e-02
9.400835495462529778e-02
8.761076633969933081e-02
1.008222871928090708e-01
1.063093571891402522e-01
9.488893764759527560e-02
9.485279089549680798e-02
9.800282342933248902e-02
9.411385246599135446e-02
9.442051780147094064e-02
8.995800804274058093e-02
9.406873177386529394e-02
1.011233529912448220e-01
9.067020745787902902e-02
9.395473759092330679e-02
8.723190663429220004e-02
9.624625719883593555e-02
1.032775560483364663e-01
9.336783694101846720e-02
9.501266173659864145e-02
9.252242546330076423e-02
8.579330067383385272e-02
9.544579561064879536e-02
9.279742821688943821e-02
9.720172435155757795e-02
1.045137996517669782e-01
9.160226986616153144e-02
9.340842878206227773e-02
8.879454339667763874e-02
9.487438658253645463e-02
8.709565798173059259e-02
9.188205815462825721e-02
9.233087037411844000e-02
9.122725905276220237e-02
8.771096594444434402e-02
8.240057637237371835e-02
8.993674849404498239e-02
9.229477986168556358e-02
9.795097214970745203e-02
9.619157941217112984e-02
9.124031884081221233e-02
1.006138975193931612e-01
8.296000274151832388e-02
9.343074292913755574e-02
9.420928068012578149e-02
9.502214785197497793e-02
1.028916553143425505e-01
8.888282474553588219e-02
9.671634491946190515e-02
1.074986252643960055e-01
9.359645847783437667e-02
9.853054736248711976e-02
8.578512314270499151e-02
1.007786899609754011e-01
9.706235704549032173e-02
8.393905419232969289e-02
9.768173091891556303e-02
8.904464966941388893e-02
9.616882771958987219e-02
1.023728858988843526e-01
9.728410856241813398e-02
9.367720554236523556e-02
9.167875685062117086e-02
9.132163794758701991e-02
9.924020879980040288e-02
9.961278365099905663e-02
8.717637184951933238e-02
9.175478337454671951e-02
9.141568220150617097e-02
9.092110171136973118e-02
9.711287172458116235e-02
1.024383784286696936e-01
9.250573260934613629e-02
8.681908679530080108e-02
8.757707472377659896e-02
9.880290645971841201e-02
9.801426455318804076e-02
8.464370265437475005e-02
9.556339255674593802e-02
1.073513417759803384e-01
7.903341993128050469e-02
9.426311739518666855e-02
9.306921882166603599e-02
8.468983899546350669e-02
9.944865865565585827e-02
9.529891032085868741e-02
1.017600697238153773e-01
9.332704379383133242e-02
9.154461964822811770e-02
8.753801934557607634e-02
8.618746611719806106e-02
9.187367444750627055e-02
9.927399531546859945e-02
8.620500186920750096e-02
8.900020512827218344e-02
9.478371648250426273e-02
8.483434637995479477e-02
9.320779739848855661e-02
8.246841528412592048e-02
9.258198762492919620e-02
8.711213754609331561e-02
8.006384202113243920e-02
9.712624864709233641e-02
8.984833087019268583e-02
9.583543535660830892e-02
9.396511114332091463e-02
9.564630103278043416e-02
9.210136268730353959e-02
9.452579501029938214e-02
8.505459039997613491e-02
9.294859218302398141e-02
9.042098402149338632e-02
8.240580708380380870e-02
8.975589243400008965e-02
8.443173535842529720e-02
8.460300764877737301e-02
8.649886963787607741e-02
7.744161348509458198e-02
8.199778383646601221e-02
9.413155287306142205e-02
8.165343843443999272e-02
9.341889663144818667e-02
8.404041447682712718e-02
8.653578985450560701e-02
8.277121497087489010e-02
9.112426552857606776e-02
8.353138851382037322e-02
8.622982076688764930e-02
9.670089049131212755e-02
9.266337992118195421e-02
9.168458418626515560e-02
9.045168553404618617e-02
8.973294695136645183e-02
9.093427095930194104e-02
7.489211301980742974e-02
7.989384585304769304e-02
8.357312516526946289e-02
8.038351027498812085e-02
7.871401403598235480e-02
8.279351861030473381e-02
8.844501046316620430e-02
8.251732211369258718e-02
8.953530208131607604e-02
8.461366912671333673e-02
7.629715380028671834e-02
8.255191181526785882e-02
