3.894141289300438041e-03
4.906096227731433085e-03
4.153571654522096243e-03
6.188524812451952871e-03
4.628536974802717648e-03
5.144525118415060362e-03
4.602678282340793778e-03
3.713201990825187697e-03
5.305424681600441443e-03
3.447912635021920490e-03
2.854761436088515923e-03
2.713005269581630127e-03
2.106148088084919528e-03
1.865838601972725011e-03
1.238650323887113087e-03
1.229037667241984419e-03
1.361387741942331664e-04
1.235804433735515455e-03
6.064252207267886892e-04
3.441020816572464957e-04
4.605112061642257560e-04
1.571147319558235510e-03
4.660258244517092251e-04
2.836335102423989370e-04
1.767989668240104286e-03
9.477191335877424008e-04
2.050157024267489428e-03
2.949781464396775219e-03
2.130172683698292480e-03
2.372221247876218995e-03
9.743572701207256145e-04
7.860545135254237963e-04
8.536976663626582446e-04
9.903091442244444341e-04
2.365864531163714107e-04
6.780755925311887080e-04
1.625666557865254646e-03
4.129997478184797692e-04
6.493780136242057561e-04
1.627094217203683578e-03
2.100266795443801043e-03
1.784550409922051146e-03
8.980031779923970539e-04
1.638868882411996910e-03
2.878311995208969638e-03
2.101780775378042729e-03
4.793039740318623702e-04
1.394810536485443543e-03
1.553336381917373374e-03
4.450109608170151228e-03
3.346422698929495815e-03
2.552013834531941493e-03
1.043358422614278514e-03
2.228323613941702534e-03
3.720148387736332569e-03
4.445810083540054775e-03
5.774591509382144897e-03
5.193668054678320274e-03
4.487939587474223599e-03
4.520421127129347141e-03
5.683601111708197311e-03
6.808251577189347072e-03
9.962242893885241493e-03
1.068148751217886695e-02
7.517274186600421751e-03
1.151068545039919330e-02
1.215974986351841744e-02
9.733453899462308004e-03
6.901513860721091367e-03
7.885890973672005436e-03
7.394478615941233249e-03
7.304942719957972612e-03
7.317419906751269042e-03
3.474152139721745341e-03
5.820985695854800739e-03
4.635519434205511227e-03
4.622045814428713678e-03
2.523706336360348555e-03
6.448744389938180013e-03
4.842422434697133196e-03
5.112221318422156824e-03
2.972258327065378011e-03
9.798124018614498901e-03
1.159336311811217692e-02
7.419586099429214578e-03
7.413376478349401923e-03
8.353122980157711222e-03
1.249165643049231743e-02
7.358158765541730761e-03
1.314603399893616090e-02
6.186830376057290276e-03
5.303634104399340514e-03
5.766313127739384516e-03
8.746341308334270800e-03
6.291688949367792855e-03
4.396684270089485161e-03
4.054000206470483383e-03
6.244276095539060163e-03
4.094268975937353366e-03
1.055333577354495081e-02
5.294420796497511378e-03
3.625129015853194563e-03
4.910046961155823710e-03
2.858782837146960944e-03
4.990081361014862479e-03
4.365747622528792088e-03
3.427017025726538171e-03
4.650352419371542659e-03
3.408327139768819406e-03
2.767241966489850536e-03
4.655965867704077617e-03
3.428341772738523890e-03
5.357678009863429784e-03
2.279920463777109114e-03
4.294171882273186205e-03
5.717537337329996368e-03
4.613653954060248016e-03
5.614566013035426559e-03
3.638506382975885065e-03
4.197223064771089460e-03
2.368300806505379240e-03
2.221648851269326843e-03
4.376179559989052531e-03
4.124676454395071780e-03
2.883654946361803844e-03
2.301768108582361895e-03
4.287857218326215566e-03
3.152055128239049982e-03
3.727541920774069852e-03
2.554657332709415682e-03
2.219808938876540513e-03
4.663852029731705394e-03
2.051666290887734206e-03
3.139240499446790955e-03
3.417514074834340082e-03
2.751236787742784851e-03
3.057640484159986332e-03
1.898658431631099035e-03
2.967572443420650376e-03
3.256776606127355193e-03
3.447916181416257105e-03
4.641466095976985382e-03
3.537774954166441211e-03
2.148916040729305192e-03
4.124112528642715630e-03
1.147395504215735192e-03
4.929388759346175174e-03
2.749978534641668321e-03
3.992753524974176904e-03
1.622035237365614113e-03
2.661305281111896875e-03
2.469156336265095758e-03
3.151352297452213527e-03
6.690391071623304035e-03
3.105167409429739501e-03
2.309129297391408851e-03
4.174393825652388673e-03
2.453175038255752446e-03
2.596397199374463408e-03
5.007025963196187757e-03
4.095651266983906837e-03
2.214389499359177907e-03
1.542316254342297396e-03
2.279167570381397407e-03
2.113741122180044004e-03
3.407219743292214196e-03
2.444851371430398646e-03
2.656967971158780660e-03
1.433541651219584099e-03
1.626954930650947265e-03
1.973856866828585434e-03
1.333463906315709773e-03
3.166726445988184233e-03
1.107082579421467088e-03
1.581293556442250892e-03
2.674787542618147548e-03
2.674258162666629402e-03
1.129866750100446153e-03
2.755828181943847238e-03
1.248016447426808506e-03
1.565540348361340456e-03
7.076704315804860628e-04
2.103797844075310484e-04
2.392594264559927842e-03
2.427057004516917048e-03
6.684298199528556196e-04
2.528183866383667319e-03
3.325144524345919478e-03
3.776508549012409354e-03
2.499840690438077506e-03
2.873538763745598149e-03
7.832323334453078489e-04
3.845830183264577293e-04
2.650287186942824370e-03
1.380125687686730102e-03
1.989441575215690830e-03
1.286543670981905039e-03
1.077277472868201158e-03
1.472376302012454174e-03
1.314379915285209888e-03
1.567533398948367475e-03
1.174292657464105901e-03
3.110525066925605518e-04
1.731461097283060570e-04
2.024125323263762863e-03
1.642487966919856665e-03
1.419814922662033727e-03
2.883287406687781110e-03
3.503812087633731030e-04
1.049036417184707071e-03
1.980312282692049588e-03
9.186406243770239063e-04
1.421910299454042046e-03
8.537652818287236973e-04
6.297343610206243775e-04
1.925448526048376260e-03
1.701646819771485304e-03
5.409431605306609225e-04
6.614358782983433818e-04
9.673140724628471803e-04
9.341531482928679608e-04
3.303263240007000678e-03
8.510548106152863350e-04
2.768001629321700623e-03
2.985037406578173319e-03
1.150418971323249754e-03
3.260581737749081470e-04
2.904194069049766472e-03
4.802883807884800052e-04
3.716840987134814546e-04
3.577107315976122380e-03
1.516193933290357421e-03
1.351471680932182090e-03
7.768937810446224952e-04
1.448556949261191069e-03
3.099358177697760994e-03
1.093507638261175105e-03
7.708577096208322653e-04
5.620704213072849750e-04
9.405924298139236792e-04
8.914189468027959367e-04
1.706420494244914252e-03
2.726030901751136382e-03
1.361961232263825001e-03
7.573463160193937005e-04
3.316225145042909009e-04
6.193421302265576670e-04
2.550582646812484997e-04
8.522460968668202005e-04
1.028350329150329963e-03
2.131802100830707198e-04
5.585517101833898648e-04
1.427450519310571788e-03
9.911986880170790652e-04
1.482899537558789779e-03
6.166561762600556362e-04
8.325846043503526764e-05
9.563509631500631937e-04
9.003830143007123497e-04
1.298407847949483752e-03
3.928243210024637104e-04
1.156122251510569628e-03
1.120496291047594784e-03
2.063271075645197340e-03
3.736105550138714730e-04
1.710458023156370038e-03
1.637831320203226096e-03
2.424414628338802166e-03
1.722602060953100584e-03
7.228200133307016630e-04
1.144305799799627543e-03
1.163775627652963163e-03
2.236612981978596763e-03
2.602465499483834488e-03
2.843723760437468460e-03
2.959202343525161195e-03
2.034648153372720786e-03
3.454474423701269729e-03
1.230307107164182838e-03
1.753956657102886084e-03
9.563680452559995522e-04
1.303271480884061464e-03
1.376454320663840361e-03
1.102650891761138832e-03
1.896507275974802873e-03
3.464018850120144551e-03
1.382735598762473150e-03
1.197122939972907352e-03
9.539566647472458001e-04
2.178090240420590702e-03
1.171928402904569982e-03
2.053364473955017824e-03
2.360589943526763840e-03
4.167068455913068049e-03
2.561188087652302783e-03
1.421245195552164539e-03
1.488593584880009302e-03
1.120300837741636550e-03
1.150618630047593261e-03
1.596153440075778231e-03
1.619538276555533259e-03
3.393438509397631638e-03
1.683069756419052539e-03
1.404115583688277233e-03
7.219400378790833501e-04
2.617718309009222505e-03
1.718742329508176703e-03
1.866464370626203092e-03
3.895621431298275784e-04
1.574558322422119593e-03
1.139862873822104685e-03
3.246951806722640603e-03
2.045981358702487953e-03
2.795398997510429445e-03
6.578129186152343591e-04
2.776916071017660435e-03
1.343030134817076822e-03
1.133749485442706300e-03
1.826697404394304891e-03
2.220456206397812462e-03
8.639853463981542496e-04
2.005101881786814483e-04
1.496811112324211365e-03
1.987408651857045742e-03
6.575259183732825360e-04
5.067972665595977654e-04
2.364051490260808339e-03
3.159826558238989017e-03
2.077432637159237414e-03
5.253522515415377965e-04
2.049335021646808697e-03
3.329367449230276853e-03
1.723529915464936182e-03
1.875018103440033229e-03
9.658430635729482044e-05
1.113396853885517419e-03
2.039748543168188894e-03
1.958704359660934195e-03
2.104401324120321829e-03
5.999784496310892317e-04
1.216453660454097597e-03
9.933440101318835678e-04
2.785862777138346682e-04
5.706635282995218671e-04
5.852489334477565001e-04
1.401793493260749006e-03
6.300333533337909402e-04
1.618237965421380443e-03
6.890410020593526258e-04
8.878354382974399132e-04
1.797941846940479937e-03
1.484882700672163604e-03
1.776962914965244181e-03
2.091062147578941991e-03
8.155168661603756988e-04
4.806990225847775945e-04
2.087462543248324795e-03
1.607097908522983013e-03
1.059287034617646542e-03
2.469825470594699097e-04
1.493384538251678632e-03
4.514870293998159514e-04
1.625841116752170046e-03
1.745601160431573462e-03
2.174334844691244023e-03
3.144274323677574722e-04
8.449632369414097509e-04
7.927680477203837527e-04
1.217624387496501950e-03
1.991874382480168012e-03
1.126965598463450409e-03
7.235453851959262883e-04
3.742558540250027219e-04
2.018573865441885325e-03
1.033124886635810192e-03
3.490552177783484179e-03
7.199777065960049141e-04
1.497103046743235430e-03
7.490460163416517297e-04
3.432045471851999634e-03
7.475659195174857562e-04
1.696757267122871908e-03
9.333150904968670440e-04
1.261891378650506143e-03
5.597132109126887753e-04
4.870841286476103467e-04
1.095441983302574730e-03
9.872989066290012092e-04
1.797339710614375297e-03
1.218854144113546003e-04
6.821278866336727680e-04
1.486190319886347309e-03
6.236431369119378471e-04
3.156301558688379659e-03
1.889872168838479995e-03
4.194581503644351987e-04
1.900275951142901517e-03
2.970534915821528357e-03
1.276751339172821787e-03
2.206340792443059300e-04
8.741331210800052081e-04
7.330387153610364503e-04
1.155458949225384975e-03
2.192101287075210077e-03
2.999814535131685445e-03
1.034399491479071715e-03
1.503643874026655775e-03
1.084895580541727972e-03
1.191740594177127365e-03
1.288504893709715386e-03
1.423697046277211460e-05
1.970722707273407214e-03
1.912031858094836523e-03
1.796411682524490521e-04
3.081271874741086650e-04
3.513298500709922945e-03
7.216993370354450339e-04
4.361425187125483232e-04
2.369199610723109455e-03
1.313955727838210172e-03
1.623382752082577676e-03
1.703514053010927402e-03
1.897381976270676130e-03
1.036830733060999224e-04
1.934880011719353936e-03
3.716016879625089501e-04
2.867433059387352852e-04
2.913293804979116635e-04
7.115959625183875632e-04
2.856246574648787541e-03
4.568376296273603168e-04
1.692931573930126450e-05
4.992636091031371843e-04
2.574703584960530878e-04
1.071130309183599078e-03
1.607251833158881375e-03
2.407084412691752173e-03
4.737938544380272438e-04
2.211470178744823298e-03
6.914734162713164194e-04
2.274525803895024231e-03
2.253953477293080439e-03
6.354239812251388786e-04
1.296799073896029225e-03
1.646276699338354707e-03
2.211286273132867530e-04
2.088375660603732694e-03
4.539245362849000324e-04
1.020800953773573017e-03
7.685810225720066070e-04
9.937089922261777876e-04
3.205868901978766155e-03
6.216204398039736501e-04
2.038940066020615560e-03
1.188666565941787906e-03
1.482021352030417002e-03
2.507242350287126366e-03
1.560983223220843664e-03
1.650603636670343072e-04
6.438348888342831141e-04
1.624440851086448277e-03
1.615289638718958153e-03
9.877790965723196297e-04
7.720484936397975550e-04
4.487793148123778338e-04
3.253443736893036134e-03
2.298275843434631504e-04
6.897592629067217504e-04
1.543369451457860843e-03
7.233232375685683330e-04
1.211473913058748204e-03
1.918471555635683015e-03
1.679767877103822277e-03
1.956655854882116772e-03
3.031062298056482005e-03
2.229946449758636162e-03
8.282240774693791279e-04
8.581622206130495173e-04
6.730813459908492136e-04
9.921261032672463922e-04
2.034441458940897552e-03
1.770744927909087335e-03
4.692723554226682550e-04
1.126056104587318685e-03
9.940931285114015369e-04
1.160243495683802419e-03
4.345797798671340202e-04
1.196565256502648894e-03
2.684769410407086832e-03
4.574850106541899532e-03
2.063059506920286463e-03
8.634675205377467279e-04
1.222089768097585740e-03
1.539489266960757542e-03
2.324910327925487023e-03
3.084630103972969654e-03
2.325496230052019348e-03
8.350965817088407258e-04
1.274995271320534087e-03
9.135652056111042861e-04
1.253534287247130537e-03
3.884587636508314264e-04
1.689070015266893850e-03
1.851568800572981439e-03
1.628952443266903135e-03
9.720790914588578902e-04
1.310467110630228992e-03
3.479644051970668490e-04
2.504750966527486116e-03
2.215304309568547850e-03
1.991840225636040598e-03
1.604962527139043929e-03
2.057592068636585579e-03
3.229105686950307745e-03
4.194180524757952847e-03
1.663055732687512746e-03
2.653290000573598449e-03
1.757771278846025683e-03
9.113249622133048336e-04
9.953454046251690012e-04
4.364180734412129040e-04
1.116551007654954276e-03
2.078427959365059061e-03
5.153813927179626189e-04
5.950726319040551071e-04
2.196900983068903086e-03
1.678954412922879129e-03
3.736613539073138732e-03
3.823241099208872680e-03
2.248773960682342189e-03
4.096886159301559895e-03
1.555415874038267206e-03
1.501366206291775401e-03
3.749861026685551071e-03
2.140142621133987819e-03
1.786305875086785988e-03
1.195641128057332641e-03
1.059238612722005835e-03
1.669135855058322300e-03
2.798983488433725870e-03
1.965376446037842093e-03
2.169531923278406136e-03
2.884835805444135523e-03
2.097187404990198852e-03
3.119240281452053624e-03
1.820912639870656512e-03
1.428821409745553717e-03
3.887356174897874193e-03
3.270577185058729398e-03
5.121723135663253101e-03
2.217616105457669885e-03
3.949310292044435657e-03
8.786051057605173903e-04
1.659892978240358561e-03
1.691300243351759065e-03
1.732087122454011984e-03
1.899917841638693516e-03
2.373686819849779063e-03
2.111807861272779058e-03
1.559683360934824422e-03
1.210373996986379352e-03
2.742328619177101124e-03
6.850241046421686342e-04
3.099024813812489322e-03
3.266299797598298457e-03
1.688982395291113540e-03
1.861322909069142986e-03
2.618896805029485679e-03
4.475840072316684785e-03
2.571060519173695800e-03
9.050161161856608337e-04
1.933139423645008565e-03
4.514686378071270864e-03
2.595646738840407756e-03
2.318726632149522519e-03
2.078199200275434016e-03
1.659489016661219599e-03
1.528781482407435503e-03
1.625524338816616843e-03
9.769407075521645712e-04
4.379781217157547712e-04
8.843369605919927743e-04
2.054369094907253397e-03
3.521092053186783942e-03
1.891091343759232143e-03
1.841723119634121591e-03
2.809179087323178392e-03
1.706784368389723276e-03
4.367859738804449020e-03
2.896869819262604638e-03
4.438682450745396087e-03
3.875330518523371990e-03
1.168401673836950115e-03
1.307177178333230423e-03
2.719954388535717176e-03
5.447167230575390750e-04
2.377391567628166225e-03
1.866615190381281340e-03
2.382823954781550322e-03
1.919931331534773748e-03
3.101954091216608460e-04
1.426303621181235215e-03
2.785242940746301878e-03
3.544797928882170539e-03
2.946449774190158886e-03
3.786721684687335311e-03
2.401937565364808611e-03
7.128383329897042264e-03
5.659075619140263103e-04
1.385124102552983847e-03
2.136919814714929779e-03
3.531495092324644838e-03
2.382069556894436495e-03
2.087612981771401130e-04
1.126800516450592862e-03
4.154251791817868515e-03
3.694408973228286742e-03
2.450126352621786324e-03
4.483292603841759413e-03
1.485760959508682826e-03
2.896385519433363961e-03
3.359611834452258788e-03
2.658807764028373564e-03
1.441997448748676657e-03
3.273089396330406287e-03
1.868020903013276101e-03
3.746441898233055737e-03
3.546605120871909687e-03
2.555313262197680697e-03
1.849794600333843925e-03
4.502345345479636697e-03
1.795642472934185592e-03
1.115449511105419400e-03
2.160399791461994380e-03
1.963999746498010669e-03
1.395127935205224155e-03
2.309897662271324145e-03
1.067393548530800890e-03
5.535997573489465952e-03
3.351028230405386863e-03
1.021492511778307596e-03
2.091332878205926383e-03
2.786514233211321700e-03
5.767479649736687898e-03
1.408279975544904318e-03
1.837351781354019551e-03
1.353535656169950517e-03
2.694181142511724997e-03
1.846353475887097971e-03
9.468551674073795443e-04
3.858463932116277736e-03
1.962247600897986180e-03
1.547842829752128779e-03
2.268610695780375486e-03
1.951994740786184646e-03
1.857891404537979473e-03
3.136005585512795669e-03
4.227578396263019858e-03
1.206410449918933264e-03
1.587905239879147494e-03
5.649128163092169332e-04
1.727765358695162795e-03
7.404420169184757448e-04
3.380929507047895390e-03
2.686121265149231212e-03
2.047136326861946545e-03
2.438935718338565428e-03
1.094356245278272190e-03
1.059728057748810090e-03
1.940734174705285560e-03
3.111055588122321833e-03
2.577652900131300814e-03
1.761821946146280684e-03
5.993429521770474904e-04
4.018907525316727999e-03
2.129101159085459213e-03
2.038384050805147271e-03
2.284228136001644534e-03
2.282692519505006949e-03
1.914768809780563637e-03
2.125648434781597391e-03
3.479809540787974238e-03
7.300768945460199078e-04
1.447968820915321612e-03
1.089229875336841791e-03
3.581368547472753468e-03
3.616054019111155423e-03
1.290301601565718020e-03
1.803217293103420195e-03
1.301743960347687395e-03
3.554108780207071092e-03
1.487788335095541247e-03
5.647911800237545099e-04
1.748725071062983425e-03
2.914309913394954200e-03
2.856339725151404475e-03
2.379108075278809232e-03
3.687471703574222862e-04
1.371639498202619151e-03
1.499749480007582817e-03
1.539940145772807512e-03
2.095683041020761101e-03
2.143819196780663745e-03
2.017449590861732957e-03
1.405253344148626885e-03
3.913185263904362353e-03
4.050896383121662010e-03
5.187013944920245432e-04
2.883372331058851271e-03
2.775653502423180638e-03
1.703857361491929300e-03
2.507641212422702815e-03
1.198875688665450041e-03
1.281592389364632351e-03
1.084404892069147468e-03
1.739600564203188510e-03
3.339218412390316474e-03
1.230481502075580179e-03
6.566767108369107354e-04
4.070567297239912133e-03
1.581581177764434555e-03
5.210081419158159657e-03
2.941597185621271614e-03
2.516662593914424824e-03
2.389936774954504704e-03
5.058372094464447547e-04
6.344785134864028720e-04
1.567432020124722098e-03
1.359540518571253657e-03
1.455652447032837601e-03
9.650081345645499875e-04
3.934271609086132694e-03
2.226557382691519201e-03
1.227692684038454631e-03
2.946411896492937953e-03
1.459611667599066721e-03
2.501801754150390251e-03
7.681213065586665542e-04
3.250378291116999812e-03
5.775855265381049262e-04
2.579101307771026097e-04
2.813933617509663428e-03
5.808519043382604852e-04
2.546872375775588535e-03
6.473032524149366146e-04
2.265256514433269634e-03
4.760663313131954441e-04
3.047554853923689633e-03
1.368840252017990968e-03
3.063203835004603241e-03
2.163190391375146866e-03
7.251866503786272072e-04
1.661212768163313630e-04
1.279445513722336303e-03
8.693854417995069972e-04
4.753432606864041910e-04
1.602472426155872928e-03
2.926505810448714901e-03
6.922155902363264337e-04
1.445565573364833911e-03
3.206484268478683626e-03
1.327977242545153383e-03
7.759532396449407348e-04
6.951840399833663937e-04
1.497329096960767908e-04
2.237398950386383992e-03
8.121360218994990105e-04
4.242285298935897890e-03
1.005094268950943543e-03
1.927158732959803958e-03
2.129410793180191649e-03
1.783011682783995720e-03
3.355022444547499112e-03
1.593005547684572592e-03
1.394722631391671300e-03
1.405967377977384355e-03
1.457057502594158666e-03
1.388239620179736221e-03
3.769685860720918308e-04
2.393922937604004569e-03
6.001481840888399843e-04
1.136949600475760640e-03
8.767212181483466198e-04
1.349467433662129021e-03
7.637126456357143205e-04
7.553201459473276539e-04
7.993478471644392420e-04
1.110943655228521917e-03
4.707959832154816684e-04
2.474438946704260803e-03
1.584762642169891024e-03
3.092928772604754475e-03
2.239509854269708996e-03
1.676392258843965866e-03
2.057615812957071071e-03
2.056286229345725188e-03
1.090171120289374187e-03
9.965694348071424315e-04
1.785814820701070189e-03
1.682986995141343275e-03
3.516664110279546420e-03
