1.917123216442573243e-03
2.149967502644232684e-03
1.863237429538179774e-03
2.765274059296580090e-03
1.729994946177504942e-03
1.619637294621206281e-03
1.568090948425054703e-03
1.702767115423923670e-03
2.434850383892300883e-03
2.317150346786300222e-03
3.084740791702141223e-03
1.511341729987150835e-03
2.596436961942694046e-03
3.060706468192551412e-03
2.588444788448154930e-03
1.875935396060358354e-03
1.961452827833360703e-03
2.339041260888508750e-03
2.249988064271398608e-03
3.251578714873480051e-03
3.566318982342030815e-03
3.184070054554660918e-03
4.960856033657756736e-03
3.631405876831454976e-03
1.580556361698246329e-03
4.295516062009004793e-03
4.264849246033714479e-03
2.473934322872807165e-03
3.953533216418362792e-03
3.688389809232898824e-03
4.074332811860065240e-03
3.208124851004061188e-03
6.245267285710562506e-03
4.193222067769333469e-03
3.240866556664446976e-03
4.719144029415789018e-03
4.656037337990730045e-03
5.781574906419922021e-03
3.026223911947129985e-03
6.246859696802437370e-03
6.396248234716804364e-03
5.873365778550319015e-03
7.776828196341838140e-03
6.030804921549315009e-03
6.582795877368105043e-03
7.342560048872071032e-03
7.775009215247754776e-03
5.948402708210648315e-03
6.952282351853160056e-03
5.478334862120306202e-03
5.751997383306279958e-03
5.524225617402309628e-03
8.760767397941121928e-03
9.731701469423433004e-03
6.874754260098044946e-03
1.137564309960137528e-02
7.544709076789877546e-03
8.605933278325358926e-03
1.011120372030266217e-02
8.563632256018924652e-03
1.213368992916986737e-02
8.041816496743072265e-03
8.064395015896688723e-03
8.269442294446767427e-03
1.080271976285424561e-02
9.592263847982744965e-03
1.108804763966361566e-02
9.177675181993655978e-03
8.769623831446422824e-03
1.046713896168132221e-02
1.044935295528070379e-02
1.003423176484080463e-02
1.087527719445796452e-02
1.138995014051634794e-02
1.270174251297078068e-02
1.212911466106423621e-02
9.492032488186490438e-03
1.011676054355113014e-02
8.514037142804790903e-03
9.956929058512349259e-03
1.219106681628206318e-02
1.354353020824975405e-02
1.072777342299391368e-02
1.370747208085967839e-02
1.249752131513866792e-02
1.382659745754025692e-02
1.120027885938434942e-02
1.478426763967642665e-02
9.130693240374429184e-03
1.133913203971961825e-02
1.378255133998900622e-02
1.117704192626176388e-02
1.399864742062056043e-02
1.397659577769065978e-02
1.268756526554698158e-02
1.018591527545020456e-02
1.407819866807191213e-02
1.276276568130075076e-02
1.155783111680787345e-02
1.802098123694658577e-02
1.074561185107298679e-02
1.405716013687254538e-02
1.084425565733953753e-02
1.133578122073666296e-02
1.382942336116716603e-02
1.078984014734751112e-02
1.006281110393986503e-02
1.139516284327607085e-02
1.308148625218636361e-02
1.562271332410759828e-02
1.285694383163751495e-02
9.137892487657959043e-03
9.156524223300705270e-03
1.080350825288603142e-02
1.162284053619469688e-02
9.624180776845773014e-03
1.020047860161559655e-02
1.235679228357254404e-02
1.182600857732655879e-02
1.042444430320890215e-02
1.083156518149839057e-02
1.121263972258346869e-02
1.336556285590172893e-02
1.062175233348533823e-02
1.256782342009867166e-02
1.064658314292182134e-02
1.014765417041937380e-02
1.201368500541768677e-02
1.253145210383447769e-02
1.619315681502464174e-02
1.099448135342964532e-02
7.203169133683535313e-03
1.194142642471060847e-02
1.041896098431383845e-02
1.160772682459891396e-02
1.088786932875327081e-02
1.221513072366713602e-02
1.210738468167731063e-02
1.170556412959188053e-02
1.159665577570665428e-02
1.170691007915848625e-02
1.203445643631104872e-02
1.046551470068795946e-02
1.128073263547753682e-02
1.321495348400066744e-02
1.176349588924272514e-02
1.074224853347346097e-02
1.216781903711656489e-02
7.999420342232855044e-03
1.088284988965932537e-02
1.375939278786415289e-02
1.529785155371822525e-02
1.365499995372612511e-02
1.064819611788568945e-02
1.477329025907554196e-02
1.110419802849285827e-02
1.452020096554078495e-02
1.285946372950189272e-02
9.665053007501547833e-03
1.075669126080714029e-02
8.629184355920574076e-03
1.158304441683291261e-02
1.422601589254976658e-02
1.119672483186727636e-02
1.355017474714417802e-02
9.029171491856153794e-03
1.093656950791858581e-02
1.209610932027570425e-02
8.786923648372899076e-03
1.044135283947291229e-02
1.247944184739206708e-02
8.716452634976360955e-03
1.005835176930629064e-02
1.221953473611860075e-02
1.436139883355348063e-02
9.416371117151938960e-03
9.466324244477667196e-03
1.201394787378918735e-02
1.040662266066149332e-02
1.286462593223164363e-02
1.210372664943436954e-02
1.135452754735093335e-02
8.787852272605135157e-03
1.025222886849586762e-02
1.322792594657388326e-02
1.351702203513945912e-02
1.284469637320246466e-02
1.071079032700757508e-02
6.451690018471818201e-03
8.998006109898735311e-03
1.420108355878130918e-02
1.148811909229459360e-02
1.238463337290127662e-02
1.163861805459330025e-02
1.161679097931411775e-02
1.296145267535042320e-02
9.878986379336547607e-03
1.350721509421150442e-02
9.010608297587464899e-03
8.338225241624667647e-03
1.019314658948448915e-02
1.466578885603934436e-02
1.077884293639519431e-02
1.077429144260915947e-02
1.153316070564530497e-02
1.485810299777771265e-02
1.203520994696111700e-02
9.935684543308901523e-03
1.015890780301771136e-02
9.486209913651578660e-03
1.412990805113274739e-02
1.267627372623574000e-02
1.292258902530050123e-02
1.110311480422870173e-02
1.166378529726305388e-02
1.330568636354940125e-02
1.568714158843350151e-02
1.107011903153554480e-02
9.921188396325031009e-03
1.358003124586643594e-02
1.059092643154526184e-02
8.114489510807613992e-03
1.212170360368286862e-02
1.142225423972093208e-02
1.314495615021910035e-02
1.009176524921098252e-02
1.178912179344518765e-02
1.392455197828411373e-02
8.524639528622719037e-03
1.169873309804119084e-02
1.572214061423526932e-02
1.314103120755809491e-02
1.090036070616740189e-02
1.134104938558978988e-02
1.193845565841336435e-02
8.091316387277756178e-03
1.237367910394529015e-02
1.058854689075793519e-02
1.436735909015004857e-02
9.474521937859704465e-03
9.866647867750953649e-03
1.043844899076664008e-02
1.143109800809410936e-02
9.224627413526840375e-03
9.903704151198330918e-03
1.204340404229839977e-02
1.305816835953662984e-02
1.183394930657800589e-02
9.733407452573393168e-03
9.792920496061230384e-03
1.415412040447467344e-02
1.343973483127673847e-02
9.774914045409957911e-03
9.409359552929905807e-03
1.075395008459182310e-02
1.110813764302430104e-02
1.117665031553901483e-02
1.264829932812963804e-02
1.224172435674884818e-02
8.743543984196546631e-03
7.377730794390014585e-03
1.131968356127624649e-02
1.162236712058442242e-02
1.428058211737611057e-02
1.177293818254786066e-02
1.258416911538358211e-02
1.318698113250741516e-02
1.505794507716241327e-02
1.136851642463103731e-02
1.126857735476323799e-02
1.099159414092931893e-02
1.249938345644832118e-02
9.129632690456251573e-03
9.412197558790908261e-03
1.107573961639498825e-02
1.032033578647604914e-02
1.550289524461390817e-02
1.289375954992362690e-02
1.139787776631442234e-02
1.087644373927517533e-02
1.108132282182309677e-02
9.976457636158071740e-03
1.270956546360238471e-02
1.318198729427239382e-02
1.107440658247577613e-02
1.031748213073764055e-02
1.241529573152384824e-02
1.146583316525713082e-02
1.278475289260151172e-02
1.192529090864572275e-02
8.694971976191475868e-03
1.132228150731984587e-02
1.191902485676216671e-02
1.081586024506881252e-02
1.204024513240655944e-02
1.045259966767897973e-02
1.243403553633353788e-02
9.681975069519298954e-03
1.013790227816542371e-02
9.830617209953741720e-03
1.128622537980668132e-02
1.112840703817733097e-02
1.309888449314087697e-02
1.144509548169515313e-02
1.173500453452713983e-02
1.126159912434298790e-02
9.215989136413678048e-03
1.117683681034716166e-02
1.064252508402574460e-02
9.732905749403339760e-03
1.234751603735116318e-02
9.422648980878424105e-03
1.088662672353086537e-02
1.241939320529801549e-02
1.251989138968042682e-02
1.056504888812834220e-02
8.817474818919280102e-03
1.278502397359870119e-02
9.731425663161636860e-03
1.144564484222953919e-02
8.829254467279942092e-03
1.152674254268822550e-02
1.177891312188062041e-02
1.154646800692201922e-02
1.073046300183316294e-02
1.136245731709131269e-02
9.891682748027465222e-03
7.695552921404630146e-03
8.362525087490271097e-03
1.085012876174086364e-02
1.036982819746507835e-02
1.262835283131129825e-02
9.258570772205964791e-03
1.276626611487468102e-02
1.216056982604668373e-02
1.017697128491095240e-02
1.145451825346451881e-02
1.408794524031336572e-02
1.322331742473190942e-02
9.188221768497284794e-03
1.371379966731411763e-02
1.148407192793386537e-02
1.268171973382730376e-02
1.134011007751590909e-02
1.287290683055371601e-02
1.228756827700888503e-02
1.043691343405491606e-02
1.081866175805393758e-02
1.446256945084295649e-02
9.674221526872138141e-03
1.142898597391900709e-02
1.147884644811963603e-02
8.361252864086307288e-03
1.345959559272489302e-02
9.063163795873945688e-03
1.167695485188632865e-02
1.244788920159954453e-02
1.309950741193167435e-02
1.102683331888698430e-02
9.655006954466888169e-03
1.037923742576696631e-02
1.197658440731333776e-02
1.239072391548299429e-02
9.930976535621031248e-03
1.183273851733670015e-02
1.400873140471904990e-02
9.955850953474485593e-03
1.145660177879339638e-02
1.005575243468810435e-02
1.245442132135898480e-02
8.420884823001373656e-03
1.131452841168164962e-02
1.010120596183714664e-02
7.317530049513795883e-03
1.007012016058307473e-02
1.317855974523832879e-02
1.169520121036561958e-02
8.642548135248406121e-03
1.342433735181039998e-02
1.118392441838512129e-02
1.156607668654020815e-02
9.365060189587577980e-03
1.111013112901249565e-02
1.120675378648882357e-02
1.311870262489976159e-02
1.267106956310494817e-02
9.669647426886895589e-03
1.366937656366113384e-02
1.331002668710570130e-02
1.048654000063593307e-02
1.473385754170920652e-02
1.045550941920004792e-02
1.343596759504400197e-02
1.293596689955146296e-02
1.043822428029181001e-02
1.035015733224842194e-02
1.342828360674758886e-02
9.100064429872529656e-03
8.668687581542851642e-03
1.060006045318221540e-02
7.516288745556883033e-03
8.742193122731518190e-03
1.262469815873898914e-02
9.685535175838822994e-03
1.109112549222630861e-02
1.059163110299469156e-02
1.366569422209778888e-02
1.031763787884175387e-02
8.222574861181126266e-03
1.408087543701194190e-02
1.083545704003563079e-02
9.991854201754742787e-03
1.062902143353625616e-02
1.208714579126688587e-02
1.171214230626206609e-02
1.212075071545860340e-02
1.050272038776932544e-02
1.255424923371534739e-02
1.119027257371303131e-02
1.131639552832650920e-02
1.216674167526192452e-02
9.295114324482409845e-03
1.045868171539816524e-02
1.256397270758484799e-02
1.105063054882914064e-02
1.099072240442698287e-02
1.203758407661464740e-02
1.326063305288881743e-02
1.227350304704863740e-02
1.232029851442189780e-02
7.366349418606450185e-03
1.114054010149322441e-02
1.118399813459912753e-02
8.626069422423183336e-03
8.942484885259316049e-03
1.207364543267311179e-02
1.369980702964825395e-02
1.011394998793670348e-02
1.019779300745784698e-02
9.969245549426075659e-03
1.158733697789988623e-02
1.160156985162349129e-02
9.131101762754584295e-03
1.157624522543094191e-02
9.714409425917096969e-03
9.215841862187150457e-03
1.195988059435228526e-02
1.320203310261305017e-02
1.150275098147773498e-02
9.335957383899889939e-03
1.192752869951658676e-02
1.105756668481500116e-02
8.686525049365144413e-03
1.141648705400256231e-02
1.327167746728769374e-02
1.104124403301234847e-02
1.201784080318352502e-02
1.162239718538870051e-02
1.071795969545329998e-02
8.879021842007662341e-03
9.334448458345141753e-03
9.575046229683057547e-03
8.246248406770928865e-03
1.096944892028486364e-02
1.288116393457523073e-02
8.907619956928089153e-03
1.032990650952696730e-02
1.084746149118931587e-02
1.213171913151133569e-02
1.314158474006785204e-02
1.071167965482940944e-02
1.051768562509227366e-02
1.519493688703291157e-02
1.038738594752900563e-02
1.332430865043342239e-02
9.903885988328378631e-03
1.109266510311868181e-02
1.079957904981928944e-02
1.360819483811825416e-02
1.169042028477397174e-02
1.421507517383396001e-02
1.420271319185756505e-02
1.167480298016780604e-02
1.279292741786572894e-02
1.401098355001110553e-02
8.769039129380694700e-03
9.389334836033954787e-03
1.088258198302778645e-02
1.213917956448084048e-02
1.116650942949022618e-02
1.019908422971290383e-02
9.737334981280475546e-03
1.280935088370538551e-02
1.433695508773368855e-02
1.281249267184715428e-02
1.068023252102387986e-02
1.014218594277545467e-02
9.643507086845066675e-03
8.442903489138613160e-03
1.161685023474595159e-02
1.249469007673879688e-02
1.121031122758263734e-02
1.053114960214065164e-02
1.418496476640040103e-02
9.941733653788056152e-03
1.149797916739310651e-02
1.315704723880621076e-02
7.852661163533027761e-03
1.118517331588181861e-02
1.155388358519819809e-02
1.091368263386493717e-02
9.958735138889424077e-03
8.930464791341933758e-03
9.394383256488145900e-03
1.083139345950536771e-02
8.449300240961131123e-03
9.890718407158159350e-03
1.243248560653316230e-02
1.049419270062351868e-02
1.132212603145157578e-02
1.042026069233872518e-02
1.042953696042919244e-02
1.292239164628500130e-02
1.231166304482972894e-02
1.149057522955893029e-02
1.215236426783991922e-02
1.084277026282867880e-02
1.340475674858944595e-02
1.274578020876246387e-02
7.058227458138667879e-03
1.385058964890168408e-02
1.258992796188668911e-02
1.388363549988752381e-02
1.344652045581351714e-02
1.008667767100296375e-02
1.546865025378094116e-02
1.362377070197847394e-02
1.004445389433381366e-02
1.097009499555978707e-02
1.265379066127265105e-02
1.096933273511972902e-02
1.335298919720017026e-02
1.033107892127037991e-02
1.308188893884598691e-02
1.189107257299086388e-02
1.001835651621388323e-02
1.115754247232854553e-02
1.173413607875841910e-02
1.266664582126063310e-02
1.003645121303537759e-02
1.073560969508585011e-02
1.141184228508492632e-02
1.018965698963525748e-02
1.228830419504936197e-02
1.036396536662420424e-02
1.270144803414819876e-02
1.122537222767571070e-02
1.081272854137248912e-02
1.020673139864226517e-02
1.062857102112649103e-02
1.113768893451176287e-02
1.185133007937297020e-02
9.910122605919438263e-03
6.949068994252261336e-03
1.211589501356895651e-02
1.274809636599156040e-02
9.962040524250368942e-03
9.642542166272423387e-03
9.078888520986254373e-03
8.449911077591437669e-03
1.440809616185368368e-02
1.080511850615445066e-02
9.780373313722582826e-03
1.135284757098533118e-02
1.154772819803469124e-02
1.175561651886910912e-02
1.150889705487771926e-02
9.845106295655173256e-03
1.075025897342867139e-02
1.396987187137072213e-02
8.788745754074109295e-03
1.058418100797587844e-02
1.063023467489151996e-02
1.071309696791295819e-02
1.128171376904011335e-02
8.935074439752497752e-03
1.173345009325101398e-02
7.847397187164852073e-03
1.028937248876881684e-02
9.687203853557696878e-03
8.875107770451787573e-03
1.057112445259107865e-02
1.269490171133460209e-02
1.373658779442644452e-02
1.033371656899712346e-02
8.995822460583315083e-03
1.266677539731032517e-02
1.146926630906647433e-02
1.191773924940245366e-02
1.154531264287327226e-02
1.205579736385257138e-02
9.205361815125868291e-03
1.573338864825151590e-02
9.446013575981465279e-03
1.047477090551108408e-02
1.004868760192996653e-02
9.518062499718765376e-03
1.442652030117759845e-02
1.173505203751029451e-02
1.215887758621487374e-02
9.757834103560595815e-03
1.372442094367140597e-02
1.132037836801591535e-02
1.362331387149917986e-02
1.061453269720427986e-02
1.009498135181140926e-02
1.178408876291170762e-02
1.569892859769583121e-02
9.544121852645392687e-03
1.072890422945734813e-02
1.309380536874321654e-02
9.829430684373582222e-03
1.027710043575554531e-02
1.240678790909193786e-02
1.250874827765569193e-02
1.002156454815568420e-02
9.322693216736956459e-03
9.044637056206518075e-03
8.729243067258534924e-03
1.300622121569666549e-02
8.791917356239020709e-03
1.065751314969884227e-02
1.304297030073558496e-02
1.313160060787795132e-02
1.134021638267297336e-02
1.247623275769270922e-02
9.271543814314763335e-03
1.033017566004409797e-02
1.332914437344539203e-02
1.022716471506114264e-02
1.410834137861820443e-02
1.311394010684661243e-02
1.231324171713870340e-02
6.614282135344591411e-03
1.133624725273991649e-02
9.649143801856640765e-03
9.699949440542303403e-03
1.003206517864636133e-02
9.188039567713140662e-03
1.219209580229982208e-02
1.212523596212999877e-02
1.087137822444045158e-02
1.022664268178907765e-02
9.979515029414449609e-03
1.095540793609360922e-02
1.349612409902553253e-02
1.029707962281515427e-02
9.710835866331318442e-03
1.006811719343476096e-02
1.105742107783612947e-02
1.131142753422724641e-02
1.081161489737811690e-02
1.183611459350253185e-02
1.013018046310210085e-02
9.491266335431262566e-03
1.304471879387654465e-02
1.118921224513496140e-02
1.154783128762737476e-02
9.909099479322417900e-03
9.756541623444999270e-03
1.439565821131574483e-02
1.046041930947861666e-02
1.279647049677632743e-02
9.562629260895318811e-03
1.147600689198888246e-02
1.116370876154743931e-02
1.014005464587118197e-02
9.008402227090778897e-03
8.762242825068999180e-03
1.100350920622657387e-02
1.284965864737708761e-02
7.284569232713204896e-03
1.043141421724164998e-02
1.119459528441165037e-02
9.410054792068708526e-03
1.200795955510410885e-02
1.380220490146437905e-02
7.837257613417322397e-03
1.279306718677847461e-02
1.093909979554378610e-02
1.138453089312029161e-02
1.388342242884973467e-02
1.389935934159986820e-02
1.094816867442516967e-02
1.226872858167569677e-02
9.906725301328632091e-03
1.220250679632014883e-02
1.161358460658964455e-02
9.534891152982654522e-03
1.170565702391680729e-02
1.108824326888628760e-02
6.532021808575877095e-03
1.155809745062657927e-02
1.401158201764117310e-02
1.112440661451294735e-02
1.335502638099757278e-02
1.091909942575567706e-02
1.135535750166060884e-02
8.988000389378251326e-03
9.952585807874012383e-03
1.417806054853088839e-02
1.192036570557566087e-02
1.080667647455538054e-02
1.198153923637770325e-02
1.356956431381445283e-02
1.256140674362640763e-02
8.929041304045906915e-03
1.171785287627898769e-02
1.301103712403677698e-02
9.331555428531640786e-03
1.118595653337652561e-02
1.064232736333484836e-02
9.196504351817033282e-03
1.125929432777181965e-02
1.532273961379038325e-02
1.144575559943223839e-02
1.370117259809389143e-02
1.176477704350873885e-02
1.264463044755198377e-02
1.124605293297739443e-02
9.621128098227923683e-03
1.176234416263904729e-02
1.132658350320856974e-02
9.759028363709712842e-03
1.088607680492060560e-02
1.048838657861508351e-02
1.168720574407040511e-02
1.295214114870431657e-02
1.545347703111223624e-02
1.135334399125824401e-02
9.940080665835574619e-03
7.964839491554675036e-03
1.016128354172720662e-02
1.049986256287066370e-02
1.040081578963790790e-02
1.456366614295553918e-02
1.275239541914262136e-02
1.012475428871593627e-02
1.219193254087943407e-02
1.108865054102383015e-02
1.035576844955180681e-02
1.046496622004751062e-02
1.165806172663397949e-02
1.141198075916481820e-02
1.229501727879483454e-02
1.147112852574520836e-02
1.258921907330725828e-02
1.296316731943191261e-02
1.228560185990175760e-02
1.134096005358268405e-02
9.195156102206055587e-03
7.558711930200882542e-03
9.583655430554156515e-03
1.013660510100315194e-02
1.181446263637042637e-02
1.131380465053209543e-02
9.834019218507869184e-03
1.089945993726940641e-02
7.341953916035389924e-03
1.247372912861340576e-02
9.894750971347891777e-03
1.218477060738940541e-02
8.575795415326943616e-03
1.031561242082786566e-02
9.135955642234454277e-03
1.307046403932480075e-02
1.408488549637314062e-02
1.063693028345419692e-02
1.291559526265548957e-02
1.182680746457659415e-02
7.969374410127204322e-03
1.241547235561217023e-02
9.008920358005210668e-03
1.132992681841822440e-02
1.004563387603218776e-02
1.052891863455397529e-02
1.261826746647794380e-02
1.201330608473401458e-02
9.595229941979924876e-03
1.033258428115856747e-02
1.184044310966556220e-02
1.257061187088747214e-02
1.272269570033053576e-02
8.836079023805945218e-03
1.356054242995365783e-02
1.230416621177106255e-02
1.054340992781943945e-02
1.134691700119025079e-02
1.083001374512202256e-02
8.214054269563796778e-03
8.905886607027313842e-03
