1.211447459535630296e-03
1.576950766475623995e-03
1.192287883393021268e-03
2.302182402534859451e-03
1.618061226940423767e-03
2.623814968639540893e-03
1.163992442125636644e-03
2.333625709820763994e-03
9.412458115574170309e-04
1.416584011816307944e-03
2.330072484450045923e-03
1.254222192915686830e-03
1.346176572568547839e-03
2.363025513341848564e-03
1.529045266248621601e-03
2.044894492290884064e-03
8.567237413842340504e-04
1.685099867022208818e-03
1.411382199937488745e-03
1.856984517903814561e-03
1.183337734537505924e-03
2.453859723349648917e-03
1.808944302134215480e-03
1.681112000929417582e-03
3.386591049173240560e-03
2.866456382013288055e-03
2.785346522636217466e-03
3.622642255517192610e-03
3.553461243948459903e-03
1.375072138111021504e-03
1.398627086686538533e-03
1.738910070208411979e-03
3.444036159630532896e-03
1.915198464050133723e-03
3.520603576196137431e-03
2.242921849058048412e-03
1.832192099502009345e-03
3.863896399176205889e-03
2.263201477765412577e-03
2.947105293153971361e-03
4.144092799302094392e-03
3.559683827649013244e-03
4.211444776547413997e-03
2.757519219911656102e-03
4.062775825596334593e-03
3.242468263724551832e-03
2.972779734801312725e-03
5.551290402713678768e-03
3.564009180258257900e-03
4.300334147053427869e-03
4.129401117483909311e-03
3.507967000375451262e-03
4.620022811725686337e-03
4.683671837657616376e-03
4.124041000419045172e-03
6.435553169690494402e-03
5.163312909749782215e-03
6.261330267608188928e-03
5.176706800869888304e-03
4.524166007966757067e-03
8.672240293843440362e-03
5.214088175046380572e-03
5.583102627237492357e-03
7.049136303043379570e-03
6.817999068133833579e-03
7.598283043715720227e-03
4.674103112042370806e-03
8.179828212469318280e-03
6.474836897412894303e-03
6.576027969479363890e-03
5.853100875641205347e-03
5.689597488344346095e-03
5.420857219762169679e-03
8.136689114859745747e-03
8.681152951473512097e-03
6.252454473938165794e-03
9.464764951052943506e-03
1.120440977824288531e-02
7.392492661326944235e-03
5.356980406892483150e-03
6.599667338045297517e-03
8.355022531414671091e-03
7.032665467334105885e-03
5.583125812284303602e-03
6.911994970910237054e-03
1.011463188508544310e-02
6.817453796113885113e-03
9.330708932550007759e-03
8.165862099654853240e-03
6.924532439499422702e-03
7.403400200341133525e-03
8.851101700127808267e-03
1.071618538204294722e-02
9.213790931957300742e-03
1.038040400088753243e-02
6.580988405398436464e-03
7.274116902762872879e-03
8.157889308426398770e-03
8.042448764705441983e-03
6.863001936879020194e-03
6.559706007519369025e-03
8.129236888832986133e-03
9.871157128882769236e-03
9.794575962565109026e-03
1.011805357739607031e-02
7.205975170284430534e-03
6.042955818921516564e-03
5.739612384888296420e-03
9.440038010228305604e-03
8.854908785028004284e-03
9.658944011640883606e-03
7.203445117325156695e-03
8.093250529618820771e-03
7.823232367894446954e-03
6.465387537204655283e-03
8.386669706715539629e-03
8.193054581944336431e-03
1.135649898570505016e-02
1.371987619385565266e-02
7.493231834203806230e-03
5.084759445909701851e-03
8.094300215153034730e-03
6.877151824873875552e-03
7.442942125374061961e-03
4.727051756749483732e-03
7.755671588343584361e-03
5.761583208172544983e-03
6.728396656511658608e-03
6.223581692010541483e-03
8.383767596821514387e-03
8.114527255926836866e-03
8.049348698396466967e-03
8.904897888295402672e-03
1.107569239862792390e-02
5.142278232475210216e-03
7.159947995431638866e-03
9.059015498940723929e-03
6.966995910256931594e-03
8.887058183347678816e-03
9.098063728972070191e-03
8.301354990180030355e-03
8.330077487374673573e-03
9.691779792121161391e-03
8.372968705065167438e-03
7.320626600194573945e-03
6.798249680238787306e-03
6.796238258159544542e-03
7.980909412000070785e-03
5.727073075406702643e-03
7.092817446976119704e-03
9.307312199918107987e-03
9.153926843180986567e-03
5.956158998020149621e-03
7.750383261056126814e-03
8.706631561428857663e-03
7.033876308536843314e-03
1.123084177685864000e-02
9.320294635529583621e-03
8.241381768644733680e-03
7.703471004698204429e-03
5.738442506215400175e-03
7.339174079895235785e-03
5.292429475251298789e-03
4.826213956674447331e-03
7.857986495589480008e-03
7.550709972444056770e-03
8.264307317103857312e-03
8.322013887932381768e-03
5.307001005308581258e-03
6.332764525547886734e-03
8.914835377225205360e-03
1.052625283575144358e-02
7.232333703315949394e-03
6.587680337462466229e-03
1.228648594005689147e-02
9.176409130180383789e-03
7.175471994689729127e-03
8.648912260583993539e-03
5.843828701735514879e-03
7.684005989033424432e-03
7.954235521572254608e-03
6.554131437535899371e-03
7.289274999291600089e-03
7.154444975590897385e-03
8.816001121684610697e-03
7.811091867803549547e-03
1.037889466854161925e-02
5.139635918588853457e-03
6.818749498563193151e-03
8.786601727523810079e-03
7.378991960316541240e-03
8.015770456677400943e-03
9.249443172251988268e-03
6.499557242783476040e-03
7.428618772577759259e-03
1.109793585886346794e-02
7.435810907138387139e-03
9.131709748375052907e-03
5.570379563729937165e-03
8.280882636705599528e-03
4.545622638119812230e-03
7.194268596743453453e-03
5.916786712773599959e-03
6.682308699052840438e-03
8.704884010329356700e-03
1.006790459566285142e-02
7.544698729214412668e-03
7.661491503982031763e-03
7.944561861314291748e-03
6.078652069835615950e-03
1.299879592932581644e-02
8.115392756026403726e-03
1.067513591246188609e-02
7.190868866077945037e-03
6.802614461480291710e-03
9.609428813702299704e-03
1.104824558453317528e-02
6.906229994555501163e-03
6.478788270940098563e-03
9.711971338958024641e-03
7.749967995161923320e-03
6.125124842917863133e-03
7.203179090696008521e-03
7.306973270785326047e-03
1.010095162494356949e-02
5.876194207400517282e-03
9.518065042615181381e-03
8.287274360397209327e-03
6.263968634281309733e-03
6.537054635640611802e-03
9.368333015920105034e-03
6.341302655339128500e-03
7.375516464655666737e-03
6.648380593418407904e-03
7.727385558624559614e-03
4.660595804564489700e-03
8.618058696909475930e-03
8.014384479979765399e-03
7.660677611518715291e-03
4.924400632783805173e-03
7.296687564147959736e-03
6.612139285494499086e-03
6.146669163659734640e-03
5.903079735240108691e-03
6.537377415299795019e-03
9.988565320931883096e-03
6.496800335632175322e-03
5.684896040029143241e-03
7.015654453001619363e-03
4.711379405548930289e-03
9.685569386823673563e-03
8.921172808750751915e-03
6.359564163365006260e-03
7.802540343903148316e-03
7.823791770748378394e-03
8.415937172655466383e-03
8.374255196010630189e-03
7.821854493781062526e-03
6.203702304357041480e-03
6.016256990269755293e-03
6.195607394153359801e-03
6.400428943366637952e-03
6.764504850542467362e-03
8.074934162360559650e-03
9.507010647855043683e-03
8.441081118412888454e-03
6.525674284093378567e-03
7.969764570227279299e-03
5.912086747957098591e-03
7.938714068353350251e-03
5.579811139809573266e-03
7.171538207840451318e-03
7.655825236143770120e-03
6.296789555323105761e-03
5.554342619133053292e-03
6.132513476961272587e-03
7.592653295555790334e-03
9.788119271964530396e-03
8.355476796411751353e-03
7.238677486579757174e-03
5.333336284951005653e-03
8.048240292719822248e-03
8.435931508721102381e-03
7.156653545191802961e-03
8.564724041003521013e-03
6.158575583822562677e-03
5.451887101557257274e-03
6.184570196727257226e-03
8.667661322490756437e-03
5.684894024438839205e-03
4.337174594846786475e-03
4.954210229135414326e-03
7.886216599341539651e-03
6.189271499774683973e-03
9.560672094823721018e-03
6.869098318310923323e-03
7.129686985724588422e-03
3.915164581582742526e-03
8.130845475118083157e-03
7.422506148507358910e-03
8.888641096660923266e-03
7.238930651166889697e-03
8.364652909911816231e-03
4.747686539871047266e-03
1.046570529585691585e-02
7.762055618292093215e-03
7.194984295280735381e-03
8.519107393067902601e-03
6.502422090221528922e-03
5.192641507311581209e-03
9.942751448142439497e-03
7.953342253510978233e-03
8.098703776648953981e-03
5.940761964791266975e-03
8.084782771313598487e-03
4.676895842747136323e-03
6.372178624908297027e-03
6.638668462917230936e-03
8.037003141758427074e-03
3.313417839617367310e-03
6.211475107052335035e-03
6.762008952106147303e-03
8.338464650644699869e-03
1.032121541625510494e-02
7.431425867798911039e-03
5.064154391128786008e-03
5.767041264709939392e-03
8.132335874221536393e-03
3.775340556390260546e-03
8.721885073822380902e-03
7.735612838651840899e-03
6.449301876497399132e-03
6.054520011385779339e-03
5.785012049038320246e-03
7.491158086700758049e-03
5.624522773368656296e-03
7.218531593458755481e-03
8.272302762606717833e-03
8.548998086937464533e-03
6.719919980743054889e-03
8.751436984664229951e-03
7.080974612048373217e-03
7.066738543907724775e-03
6.083580072462849847e-03
8.930321939986256979e-03
9.178931927046081810e-03
7.424425485346396007e-03
7.691273475668959289e-03
6.152382076255657681e-03
7.593934810524926790e-03
6.394561555952153233e-03
7.298845970806019760e-03
5.386873788085263202e-03
7.427460113162585517e-03
6.855606671068489172e-03
6.240924165880453595e-03
6.838596263453485327e-03
7.778718064405359955e-03
6.331299531684061663e-03
4.803987051031231338e-03
8.606451958556155662e-03
6.494566305588661374e-03
7.426837655442389101e-03
6.633321190486205117e-03
5.164711455412636203e-03
8.574121634208361695e-03
6.447986030760854970e-03
7.664655389172476616e-03
8.117494061363389468e-03
8.453585000579600175e-03
7.619099178579688200e-03
6.628100565800181497e-03
7.665158771085027467e-03
5.365976096870060316e-03
7.130737145886679312e-03
5.207460798337949261e-03
9.646572657913984536e-03
5.956243806047416267e-03
8.646311029328780998e-03
7.826484263910337899e-03
7.583069664469138139e-03
7.275767366828030450e-03
9.200772693809288957e-03
8.209465581816888929e-03
9.634989225574512248e-03
7.808629537233746296e-03
8.072740297489137615e-03
9.788352505336134213e-03
9.749979629309672713e-03
9.613878173876154107e-03
7.717078612936796415e-03
5.543283693650755302e-03
7.883893566000853281e-03
8.788516307692196064e-03
8.301138629664434748e-03
5.920656912134494507e-03
6.732940706893452386e-03
5.799531746187862498e-03
5.501131522911257947e-03
8.419827124437737412e-03
6.998513047760770642e-03
4.552279623675459588e-03
6.737502195414767948e-03
6.636083068135907592e-03
6.169429172638598441e-03
8.069488679432737163e-03
6.184367672160242038e-03
4.864448066331078166e-03
9.539168162942790116e-03
8.429889173159479249e-03
8.531565930810921031e-03
7.650809850028674787e-03
6.412933255383054115e-03
1.109447519337825039e-02
7.238958441842938303e-03
8.157976353732845909e-03
8.718869789676076884e-03
6.692255114160483402e-03
6.553817975968514314e-03
6.676398769746114993e-03
8.796164315952889265e-03
6.999882963931153453e-03
5.880949113055967264e-03
7.102608035285452349e-03
7.384697843941035074e-03
7.591863071347947425e-03
1.043865966670145390e-02
7.126952313549574959e-03
6.935602646914467220e-03
9.447056449388920724e-03
5.639543861398214376e-03
5.858274549218024478e-03
8.095210936319652273e-03
5.464965947793725028e-03
7.460528154378575152e-03
7.603335122435566154e-03
7.705503596292918519e-03
5.722929515142625469e-03
6.927667947278200525e-03
6.439524911876841687e-03
6.221681935828215874e-03
7.116505357558730420e-03
5.657427254753166941e-03
6.996978299018930328e-03
5.562390204739623215e-03
6.655880314370238478e-03
8.211532352292503015e-03
7.987057251018460022e-03
7.360932077740785749e-03
6.480278350032129923e-03
6.747511422319841731e-03
7.588030434750823831e-03
8.052170305561736491e-03
5.628467517037621763e-03
8.076032177082283214e-03
6.668064640975855314e-03
5.951652286181941844e-03
5.748139797436637756e-03
8.110747090259728259e-03
5.563772643318248314e-03
4.979416184435802098e-03
9.363335419959867637e-03
4.444989971697848805e-03
4.163573333490102127e-03
9.322073078406748273e-03
6.141162950083337013e-03
3.933943336174429949e-03
7.118303788903162718e-03
7.148766551088470839e-03
8.179836512745931876e-03
6.966805015213450684e-03
4.069595593969945781e-03
6.488903811891341342e-03
8.340119967631011780e-03
6.309313977359609464e-03
6.248809681888693214e-03
9.285749164396389990e-03
7.475688311578866305e-03
6.640670852771228191e-03
6.557330685079478493e-03
5.871688511238470735e-03
8.576215264214877287e-03
7.310918964978005072e-03
7.852828123624500459e-03
9.442475284038258712e-03
7.831273758752229155e-03
7.000071356082920165e-03
7.808068783335759579e-03
8.118583208659485920e-03
9.158945224907377378e-03
7.751506945488865173e-03
5.907553754572197544e-03
7.881513881276067460e-03
8.735101322510126567e-03
5.500079461281438126e-03
6.255120973355235252e-03
7.424412355150729163e-03
6.850150897823059984e-03
6.117920598721287608e-03
7.612581395247111291e-03
7.089393212110811811e-03
5.900306241492838874e-03
8.614999504065435146e-03
8.977403627357168070e-03
4.504211837591467690e-03
5.729143644486212571e-03
8.447807290529877819e-03
5.346192689515677672e-03
5.365909770968657275e-03
6.916178501043003350e-03
6.778445683258377090e-03
7.251120431766867706e-03
6.328755830857749065e-03
6.502683088539282230e-03
4.918781524245259724e-03
6.906819165705386718e-03
5.766773009292020490e-03
8.128595126056167852e-03
4.777376421298796909e-03
6.315066280678993324e-03
7.490960885855149284e-03
5.912581760458318798e-03
9.348454170930300261e-03
8.474421170882630305e-03
1.178846290563848910e-02
7.655750398180559066e-03
7.881443412400443785e-03
7.654212815731949518e-03
4.995029941890206243e-03
6.255847563855077356e-03
7.977571323055385535e-03
7.990635964927633728e-03
8.435506124350223428e-03
6.422912959799513544e-03
6.148740817394632643e-03
6.800399264124193377e-03
4.406786722482244380e-03
7.816336038710751735e-03
7.134213808520303152e-03
7.617291189552848236e-03
6.197309813430474691e-03
5.545662270709702732e-03
7.901262697122322584e-03
8.275775549546020640e-03
7.725532682574219601e-03
9.050703446034008559e-03
6.080308957616004269e-03
6.142469001730618480e-03
5.139983058557743602e-03
6.409717367620128455e-03
7.231667183242669085e-03
5.954071815890751677e-03
6.324642391622086433e-03
7.630770048386685545e-03
5.350548118799780886e-03
6.923347513689043393e-03
7.342675901561648150e-03
5.068774920024419345e-03
7.451410595086999968e-03
6.121544021905613205e-03
7.607425113748241853e-03
5.971794284773845884e-03
4.363261898793815638e-03
6.472037638842150116e-03
7.147043311693652284e-03
9.004778472876145967e-03
5.603685603000455734e-03
5.094449532149836375e-03
1.191009612619865071e-02
4.072173449748403562e-03
6.631207249809232401e-03
5.118143235353262398e-03
8.088710280135578620e-03
9.115596374913020883e-03
5.834858081260051697e-03
6.234354753310762838e-03
7.601341248289547950e-03
9.567151367229969824e-03
4.848618857484591864e-03
8.652281280607389269e-03
7.080494224408368301e-03
5.918153701282422539e-03
4.863654694305129256e-03
7.082159706552217104e-03
8.437970412202558043e-03
6.556894688872960154e-03
8.728059603132850772e-03
5.928577446806461600e-03
7.144041286129484102e-03
5.182075163179891870e-03
5.050922125963145520e-03
5.996415707792487546e-03
6.400281906378475598e-03
8.491912506878409803e-03
8.172263397322519426e-03
4.270447696855821443e-03
6.113184649810626120e-03
4.030081922841181538e-03
6.046412075624188476e-03
6.390258021342561622e-03
7.315325444586777241e-03
7.559191442253848821e-03
6.821052908192172699e-03
5.277991848718313617e-03
5.220884335417906412e-03
7.681326087574603424e-03
6.968851681927825704e-03
6.987978403987094370e-03
3.500019634089250771e-03
6.207412552486242345e-03
5.968170457130467232e-03
7.183275509158117828e-03
8.558594728475197796e-03
7.878505481167329128e-03
7.111161271730269753e-03
6.011878365861364655e-03
4.408450383518727582e-03
5.649105996707875707e-03
4.234508581953652477e-03
6.682252762884411529e-03
9.056914403260851038e-03
6.462782078330678130e-03
6.445275028837701634e-03
9.885188241124463759e-03
6.402581437448528860e-03
4.907255970148492047e-03
6.746751122742482461e-03
6.467499328365570663e-03
5.378341964641655641e-03
8.236625868594978084e-03
5.307578573553700489e-03
8.948810990982452099e-03
9.220038063263318040e-03
7.353711260696127634e-03
5.707208609034846065e-03
7.276265376460347781e-03
8.490682681841513202e-03
8.274303677188071457e-03
5.281560152666940101e-03
6.698784980235063420e-03
8.327702430077750517e-03
8.867320616865050076e-03
6.142250806407120040e-03
6.230799118824404716e-03
6.802248013645692537e-03
7.863170856086381527e-03
6.205240761843209933e-03
5.886099231785447278e-03
6.247056621615342496e-03
1.049984824559830471e-02
7.345731033014546267e-03
8.212017437629528377e-03
5.870789932923661456e-03
5.630241031540686100e-03
7.584771664476189917e-03
8.573715522753952087e-03
6.528467198306942519e-03
4.405817666444333119e-03
5.065055873319906574e-03
7.218674063691250635e-03
1.057640822859859039e-02
6.532228169234034938e-03
6.578012773485792178e-03
5.451387024080257132e-03
5.664408195936995044e-03
8.866023949971614179e-03
4.093215538289558635e-03
7.237173313572302195e-03
5.361493251869259118e-03
7.491087641314398728e-03
6.164460908134507776e-03
6.401247951943393570e-03
6.313457085711168815e-03
7.111389427246910672e-03
5.632331476403018566e-03
5.620601929069942750e-03
5.472581423665212087e-03
7.378786366738470347e-03
5.540307488255613415e-03
7.094384310566408981e-03
6.559024740843417967e-03
6.379786454756476537e-03
8.709096961239271711e-03
6.806887992188728927e-03
8.989345969462195565e-03
6.705488061363160980e-03
8.529578856724740962e-03
3.596279752677889168e-03
6.320684071298939867e-03
4.173431917472413162e-03
6.287496192118087121e-03
6.995050421579159655e-03
7.292304859043576178e-03
6.289248508993564198e-03
7.102445045855978502e-03
4.898708296056076238e-03
6.661790429785829221e-03
8.151680768218269937e-03
2.983778129511022864e-03
5.835861543980987338e-03
7.597257228094659101e-03
5.455471281589403636e-03
5.489638857222903581e-03
8.607776486019279652e-03
6.273614949854799255e-03
7.728697042357318692e-03
8.287256867429705978e-03
5.883084672185050906e-03
7.066126491834324834e-03
6.500791688924186483e-03
6.813689714027642078e-03
4.615867483780598975e-03
8.464861825890974273e-03
6.955007076594126904e-03
5.604500848174093566e-03
6.692781191077265199e-03
3.555780868294891421e-03
1.278332658781047848e-02
8.699644893563758877e-03
6.217690415850401532e-03
5.967501832562237089e-03
8.173182956863181761e-03
5.610381923344659634e-03
8.553402170753539660e-03
6.740085661235174948e-03
7.721751063206106803e-03
6.746826693817665685e-03
9.583152384688788800e-03
8.042400329170560497e-03
6.142309597331229928e-03
6.753049492646062517e-03
5.875296699808141461e-03
8.328505506143550619e-03
5.772675039773811530e-03
8.356631022942548684e-03
5.961916870343761735e-03
5.973555580448283372e-03
6.694134702652824835e-03
8.152684530959526665e-03
7.228069653219820409e-03
6.545162910480517571e-03
7.709342433216251171e-03
5.256026588888611933e-03
4.581498056960826501e-03
8.388581634341835125e-03
7.795434619590184237e-03
9.274682798090173180e-03
6.762519235870248502e-03
7.958393788535824548e-03
6.934058349438664524e-03
4.262095386268706723e-03
8.469497764266812473e-03
5.318849208150764479e-03
6.833425523245385998e-03
7.491911287709065309e-03
1.046451147637526141e-02
7.035801854245763917e-03
5.410003902780622861e-03
7.628485756392039234e-03
6.188115851779858560e-03
6.549391257858650991e-03
7.150725048762637294e-03
7.194800093838685413e-03
6.557148979538876717e-03
9.416893625186115516e-03
6.673354759994435705e-03
7.862903428716554524e-03
6.693157870155197822e-03
6.145257802401146718e-03
7.978581160304100070e-03
5.822894519248969676e-03
8.021500501930732205e-03
6.751733412331976068e-03
6.869753924393829855e-03
6.017552908395499243e-03
6.151106663915818090e-03
8.654007008112351088e-03
5.368204723974156350e-03
6.081553112188558749e-03
9.098983142426107090e-03
8.107276462443661555e-03
6.919292875357052099e-03
7.389825442226523669e-03
6.738109741403998029e-03
3.931126862431202906e-03
8.018530551546302829e-03
6.075265278979740183e-03
3.876061179275437467e-03
7.313474318213203547e-03
6.753589255361214759e-03
8.183839432098674593e-03
8.532040654808637284e-03
7.302963869456789540e-03
8.765079083973699794e-03
8.126870192962709627e-03
8.433474850605030687e-03
3.770424950213322607e-03
5.463175231202500523e-03
6.300224107281524044e-03
6.781937359989361272e-03
6.264022459163295226e-03
