1.369633481372986418e-05
9.931771834740989118e-06
1.089730281542578778e-05
1.569515059414816578e-05
1.066935926709577107e-05
3.307511228668305352e-06
4.784524627587903725e-06
1.627411854836931487e-04
2.190667348460019123e-04
9.460230978018899849e-06
3.937384089329026534e-04
1.576072774134388932e-06
6.938615885129233878e-05
1.788862319743564122e-05
1.614873686583011595e-04
5.488624334843559454e-04
6.186616322495202465e-06
1.444629393177794447e-06
3.881472478552610910e-04
9.096118979408151844e-05
9.266706121501606019e-05
2.442215428214222837e-04
2.396716085512884929e-04
4.258818871931345745e-04
9.313043380297692279e-05
3.405005870795445744e-04
5.155859524609283012e-05
4.823025636510195669e-04
1.174513843489424271e-04
3.855924963474876102e-04
2.388899907520127344e-04
2.771108481056050129e-04
2.683309135566090549e-10
1.921610747489378528e-04
3.747685884510211876e-04
4.030413181643421818e-04
1.768492091026690655e-05
8.907089413604492953e-07
7.748544270478969955e-04
2.295123682615804581e-04
4.266040060163063871e-05
4.394863903840729412e-04
1.345494109995074873e-04
1.917713145109802247e-04
3.044946460498456351e-05
1.585230979712649846e-04
5.346972264494425243e-04
2.626973803432526566e-04
4.793484574138636139e-04
8.739194069885980075e-04
6.178485796165245330e-04
9.025791907098651152e-05
2.639018566159150622e-04
1.247985412191449198e-05
2.889065117462023005e-05
1.021428916796717542e-03
6.622726112943285153e-04
1.669958923116472292e-04
7.960091770995078846e-04
4.209301383911883982e-04
1.136379043712385244e-04
5.066600503549665657e-06
5.063143282003243440e-04
7.609089939144274587e-04
3.607234760394059962e-04
7.050937262606844650e-04
9.516978854225767752e-04
6.783930135404712698e-04
2.518194644119189918e-04
3.730570612368511369e-04
6.023820126833232436e-06
2.007507795394741779e-04
6.493261731576306867e-04
1.447380546027156279e-04
1.307390114431156028e-03
3.752716341543942450e-04
4.767317090133034040e-04
5.459933714639919871e-04
5.434468016222390209e-04
8.892107773218200356e-05
1.109562915915980618e-04
3.886150288432422802e-04
7.391767268416294442e-04
3.855871177290227177e-04
2.069540809769847994e-04
8.892463304263717059e-04
1.080873116936830950e-04
2.138007060389242038e-04
5.793606585437791967e-04
7.065313592347307638e-04
1.186130475275843938e-03
6.733137530630293978e-04
2.989326807775101740e-04
1.570642171107742365e-04
1.536848616852398318e-04
7.952433369452578031e-05
5.090986511947484441e-04
3.780660947198487740e-06
7.288993659512348934e-04
7.355341065475713930e-05
2.326337489819332166e-04
6.691710242893521938e-04
2.944540148944578832e-04
1.293635129868162350e-04
5.118181407338836782e-04
3.879072449661684010e-05
8.828327732726366306e-04
4.599223019529664609e-04
1.534923394829801118e-04
8.043956101832007725e-05
2.453735047136453994e-04
1.315532840202955253e-05
1.963825974020175620e-05
4.515258361695201100e-05
8.312908122868424348e-05
3.358143524938574337e-05
9.181066869010651499e-06
1.264442428290438712e-04
1.237107634838960791e-04
1.349628091652266845e-04
1.028578917785212483e-04
1.401801123756485438e-05
1.158710722515921492e-04
2.647275121630993878e-05
3.238353681861241455e-05
2.149201119966364206e-04
1.892179817369868313e-04
9.654524927261940999e-05
5.224305813671673493e-05
1.333997011477919541e-04
3.275202708726056310e-04
4.618772117578277978e-06
2.338318575684349363e-05
8.936830747181659146e-05
2.613940224234425768e-04
1.321640226428225335e-05
5.743088836927434833e-04
2.208936187252388773e-04
7.716140574010065846e-06
2.118668917442393578e-04
2.798601103549073891e-04
1.655576224543483870e-04
3.535268899010128541e-04
2.529529572139543945e-04
4.963091725877564586e-05
2.376173549042364774e-04
2.759704429240688705e-05
1.985785417647904273e-05
1.865323580322822026e-05
1.306451441422045812e-04
9.039431436492870338e-05
1.906318352945991998e-05
4.678338457979544789e-05
8.438608081140011122e-07
7.330257707177062856e-05
1.373962019296383721e-04
2.020195399234526047e-04
3.058566066561857293e-05
2.312190141882112713e-04
8.639379198572179352e-05
1.874179935251813400e-04
9.700227727717389509e-05
7.622518511145585007e-05
7.161222258343000440e-05
3.505504028245801530e-05
2.784039904737539966e-04
3.632026591558845750e-04
1.408583598253165684e-04
7.486916056781750995e-05
1.091886768980751862e-06
1.841528357596741150e-05
1.915930393092846008e-06
1.185760146798184767e-06
1.866852673388409101e-06
6.666456114885253064e-06
1.847738741260650979e-04
7.480009023881224717e-05
1.223057392128801492e-05
7.928519482897834650e-05
2.478817348998199068e-04
1.039289447835599919e-04
2.867529429365150376e-04
2.910603722865500595e-05
1.007675093921088731e-05
2.288401648314977461e-04
3.006807643424004085e-04
1.224588760896341896e-06
2.626959394334619398e-06
3.770968826699157274e-06
1.080486385004957679e-04
5.996540682842156996e-05
8.055923178609449432e-05
2.854208351334001936e-04
3.445333193469001637e-04
3.709175385894585675e-05
1.093138896667858679e-03
1.768678570364572232e-04
5.430128342873020688e-05
2.446014022582804960e-05
5.321152882957349379e-04
9.141413461908567040e-05
4.740510200552142898e-04
1.902806152502486980e-04
1.375948837850868576e-06
2.534189131238199939e-07
6.327934155672748303e-05
2.103035369477505943e-04
1.296787756567320210e-05
2.621036411919280650e-05
1.282157317548637257e-04
9.504424009863183327e-05
1.050925607449803049e-04
9.887044879725414149e-05
1.681935049546354169e-06
6.266495017681632910e-06
4.553173039808235362e-04
5.789004817669555293e-05
2.153386690229096127e-04
4.659631813767153342e-05
8.526957424963011985e-05
8.334621375213063918e-04
9.359724058401691995e-05
6.622108507178962108e-06
2.997816156207919555e-06
1.794028525628419671e-04
9.972795641883525888e-05
2.011071112191809571e-04
5.676166777924826193e-06
4.616348530933216164e-04
1.546266570489441967e-05
4.287917281839194212e-05
5.668346135328004794e-05
1.173096433363033899e-04
9.497499717881870403e-06
1.609328846777069563e-04
6.188878563566524047e-04
1.250741595371709687e-05
1.288486786862336067e-04
4.041745369861414217e-05
3.208750230287471560e-05
8.082838929464111213e-05
1.294169314900322707e-09
2.117640675921575356e-06
3.230554205630252682e-09
8.320144001980686469e-05
1.325790889913203119e-06
9.839041543448597731e-06
2.295109878548934432e-04
5.136765696332169312e-05
3.857601786695385890e-05
1.891252918716016245e-04
1.837532849531972422e-05
1.064987367028637477e-04
9.375041600976934586e-05
7.497047123780741557e-11
2.330327514059975778e-04
1.403054449174353244e-04
1.539712339814124423e-07
5.388968276450203200e-06
1.689144798637142375e-04
3.133337592107106871e-04
4.557749778539333958e-04
5.372379326649271612e-05
4.733526886638377788e-04
1.082896196838932699e-07
5.684598060114622443e-05
2.465155271788936858e-04
6.864173883172582969e-05
3.839907149445324038e-06
1.121208325337899378e-05
6.823710359124254886e-05
8.102080913167426660e-06
3.808801040460350787e-05
4.198821612262055794e-05
2.060173713792227062e-05
6.364629643219760235e-05
4.083927487460326254e-05
9.468465371777160943e-05
2.145433188714970194e-05
3.503943800035456860e-04
6.429845320880334461e-05
2.302930477910736351e-05
3.274173559092822291e-04
1.761890874753420367e-04
2.821597139357655748e-04
1.750150837217467838e-04
3.937097398279371214e-07
8.279310841913881972e-07
1.635835690248720032e-05
6.215955967124565332e-05
8.558623700100820482e-05
9.494487955293516839e-05
1.766476535939590496e-05
6.965583778285491356e-05
1.775449285136660731e-05
1.259893263166587149e-04
2.755760451389357484e-06
4.495911459383211868e-06
9.752555227154405765e-08
5.023290783022363662e-05
4.018602715976505057e-06
2.292286338082821450e-05
4.405816090163945003e-04
3.114988393546537385e-06
1.566968966161028952e-05
6.710652650858332312e-06
6.990350032732838025e-05
3.234281765976353536e-05
6.746735064319881250e-05
3.428061931633559809e-05
8.177560795076202092e-05
3.270352275342188852e-04
1.054899283680167177e-04
1.363032621797141835e-05
3.971198791338592679e-06
6.070069812171247077e-06
3.904567727418446505e-05
7.368760343019436920e-08
8.442865606559269649e-06
4.425426126298992766e-05
2.429017856218765922e-05
2.947982102044879768e-05
5.779356027732158779e-05
4.810881660134155550e-06
5.736916150419456566e-05
4.828310732808482669e-05
2.034353807910310581e-05
6.559315199841777915e-05
1.901919781563016050e-05
5.812422173200778837e-04
1.201140896846521063e-06
9.534134186351910889e-05
2.796822304736902728e-04
4.809982359909861367e-06
1.416830718604121845e-04
7.798732535512335016e-06
3.107062475263696569e-05
1.162093143370851847e-05
3.464294835832145011e-05
1.466906475183607007e-04
6.400709802129988385e-05
8.866101982124293090e-06
4.386027600512250140e-05
5.498220772277051288e-05
1.079153356582249486e-05
2.058177609206492554e-04
5.116251380673495403e-05
2.160505609372660425e-06
6.931605659967774249e-05
1.194278624525673641e-04
2.931306274442601841e-04
4.890790515414435689e-05
2.545517643935154943e-04
1.821582138508791163e-04
3.815464779738048318e-05
1.907877122931902385e-04
7.377681160375681086e-06
2.041341416695975780e-06
1.245019850047787301e-04
8.747003006731351500e-06
5.132381407744197409e-06
6.721476574525056115e-06
6.692704299441002542e-05
2.813142272922925148e-05
2.008829993918578361e-04
3.638697807109659362e-05
1.305572042268835230e-05
9.345466155771875243e-05
9.878662427198349004e-07
2.201503551910472130e-04
5.119818652000266805e-06
1.354967325670736274e-05
1.015201775686377454e-05
2.328689403494846473e-04
7.510412408274239864e-06
4.995615653534183872e-05
6.345758076576188324e-05
1.469021705345426578e-05
1.177077209085629919e-04
5.798325421648042362e-05
2.594721162400364644e-07
3.652101576027825310e-05
3.324111856130720173e-04
1.757054419345959136e-07
2.236099108805415325e-04
1.396857779620790667e-05
1.693053320188303692e-06
1.348773543043501033e-05
2.784685737864779165e-06
5.228232396869378915e-06
2.208117155467509310e-04
2.601801915326371618e-05
6.565833011731059196e-06
7.689584903335657144e-06
1.969392222646114800e-05
3.310609018278688162e-05
1.073950230437904519e-04
3.446377003022619017e-06
2.090362158943606053e-05
1.158753462489781766e-04
2.358239796117076923e-04
1.149554279262570648e-04
4.357126556947029115e-05
2.283084654876302495e-05
5.919856872883247947e-05
1.313267732823851811e-06
9.930902394662432356e-06
1.100870887986160008e-05
6.987011108856654813e-05
2.660413088030792882e-05
1.524453114163470603e-05
5.408554312435279172e-11
5.506341621146803905e-05
1.253014039339699027e-04
2.715099490152143326e-05
3.861600110173548777e-06
4.022893021970093159e-05
1.435659943031418543e-05
3.541102640832429794e-06
6.226810216467359786e-06
2.140601350695866124e-04
3.088819979565467784e-07
7.948040320120161266e-07
1.874746084339181035e-05
1.041597171553921089e-04
6.504896469802123231e-05
4.533543865809700044e-05
4.267568616315315093e-04
1.543533637519052017e-04
9.361701625796819932e-06
3.587951252230434869e-06
4.155093038050535923e-04
1.688646196445619808e-05
9.986127581649205333e-05
1.795318484521099875e-06
1.913773577531965137e-04
1.152022741953432859e-05
8.399670193256570514e-06
6.278343310817852444e-05
7.799748970481678266e-05
8.699530229811075466e-05
1.136920236563307142e-04
2.136859782116725713e-05
1.980051044739155610e-05
3.825734641512770762e-04
2.316149134378671967e-04
1.387250132663874706e-04
1.505675366517068208e-04
3.835944756281357539e-05
2.902042611741723042e-07
3.107269571004884828e-04
6.588453488868305024e-05
1.256282403046647819e-04
2.156096102779571724e-05
3.890432379521664600e-06
1.314131632916873654e-04
2.186782875010130300e-05
1.401182296990325564e-04
7.488583098129767378e-05
6.350679115963200870e-10
1.801989460040711743e-06
7.209110968069596076e-05
3.911449421725935859e-04
3.642643624388231427e-04
1.953010606378458112e-04
7.147431835512054550e-05
2.218419742182591556e-06
9.731735555446850716e-05
2.943359008364945990e-04
1.888031808763616329e-04
4.682721524411502385e-07
5.019820239561339440e-05
2.735793013295349469e-06
2.984526465460067706e-05
9.708489242391698561e-05
2.221102661228289597e-04
1.372434225512749763e-04
2.367243941253726973e-04
6.988424284276915184e-05
9.126284690187960681e-05
1.856164102378518740e-05
9.941865507839756907e-06
8.896484210795475294e-06
1.689966088256437417e-04
1.047408097257033378e-05
5.256521480047967877e-05
1.029906082064877655e-04
9.822139122575989799e-06
8.759253828064994985e-05
6.360876373161552773e-04
4.602580326544369926e-08
1.832680978780273487e-06
1.596471790443146777e-04
5.189433808022678094e-06
1.860841296417870068e-06
2.843921052521504655e-07
1.626606772519796943e-04
1.370811438196243930e-04
2.883479280719225985e-05
9.509033703705919695e-06
5.655142815615343214e-04
1.623879161587289612e-04
7.809603396742054334e-05
3.294438232800015786e-07
6.629384222166403167e-06
7.954391601023494944e-06
7.012842633349350918e-05
9.103756816851640837e-06
1.456199653996457122e-04
8.357812503662233718e-05
8.409707359795629315e-05
2.411576665020859746e-06
1.319055613610362737e-04
6.144269836216984979e-05
9.555430423856152322e-08
8.936122401334480742e-05
2.166985526261158799e-04
2.951151283003331221e-04
2.043428634810972739e-06
4.618062967557950028e-04
5.398840212412354245e-05
6.964409593629477343e-07
2.213045929184551416e-06
3.957056107282382388e-05
3.071428853144812245e-04
1.380083591720638735e-04
4.172327080655836699e-04
1.087411450611223832e-06
4.732987481155888267e-04
3.084562035337617058e-04
1.333207715276686840e-06
2.663501606389453316e-05
4.635465862775864522e-05
2.726833574028818510e-05
3.714281816553620125e-04
7.355936283550626052e-05
3.610028751666234541e-08
2.233441477258721385e-05
3.293415323411881426e-05
3.559998242624606992e-05
5.261304868918615072e-06
1.258688740669189122e-05
1.105431368832019188e-06
3.655841611809471767e-07
2.179163120002687253e-08
1.406078429783833093e-04
1.156773186455450464e-04
3.562605070689734654e-06
6.802744299788313206e-05
5.132928238490578361e-06
4.023128630099294086e-04
4.892617720854479336e-04
6.121272515468260825e-05
9.936137740484378902e-06
3.541027366974555047e-06
2.288250521177574012e-05
2.904246952556645462e-05
5.756201286247780695e-06
3.487778083584407518e-06
9.046066386357340503e-05
5.191375486441365513e-05
2.454632796165390337e-04
9.754047736939813870e-05
2.565022604559010194e-04
2.470994764224282250e-06
8.043185600792458051e-05
8.864157478359340912e-06
1.286152098040923878e-05
7.880610122681146271e-06
4.863135314647259444e-06
1.355876352022941666e-04
3.854202913878887319e-05
8.767056748428351534e-05
2.900622553438970161e-04
1.654755291341022537e-04
5.891916723421919888e-05
7.817825143120131476e-06
5.874654285433380776e-05
7.121847219182367484e-07
2.096868958234139005e-04
9.121286392399070256e-05
2.139642165362597547e-05
5.555999868438110202e-07
5.165365005436210668e-05
6.615843693971847788e-08
1.351801906147900281e-04
5.793022758078906229e-05
1.708359106581818925e-05
9.038366865937370829e-06
2.864492470611572123e-04
2.022832650698784810e-06
5.712535021342361218e-08
2.974699735418988986e-05
5.994174833053945631e-05
2.108847598585059007e-07
9.646319590361537963e-05
1.447371957595648017e-05
2.379284214405065056e-04
1.250605243471803385e-04
1.952930818559608678e-04
2.791851568249688345e-05
8.878459740305457890e-05
3.663673774171939169e-05
1.339194347984243897e-05
1.520250272844268834e-04
7.383176141569513411e-05
6.472190122116845560e-04
8.507857309805887829e-05
1.490896098858025340e-05
4.648623204439278171e-04
3.605030897555492800e-05
8.352759720220366939e-06
1.131216955670157721e-04
1.099681980272534373e-04
8.257241862164431891e-06
3.705419701638434688e-04
5.090163035220073392e-05
2.391769975069363261e-06
4.194070934724025658e-05
1.560628638318531868e-04
4.856339250367837888e-06
1.580195643036254809e-05
6.428865431957018356e-05
4.409439430414254294e-08
1.307787928221192488e-04
9.521344531010569035e-08
3.696062520619670305e-06
3.489768364620607360e-05
1.775001948980801827e-04
2.929747316525655297e-06
4.134295059042017250e-05
6.100567646704888362e-06
4.739140271640566279e-06
5.393665663805374365e-06
3.854357562245580159e-06
2.380909531648086567e-04
5.062389073658670266e-05
1.611765000000133603e-04
2.305223294817148669e-05
1.123170132707116125e-04
7.043962455507712069e-06
1.399701227549454263e-04
4.160156039785896696e-05
2.851426200342767309e-05
9.444503824681479783e-06
4.918365940466283913e-06
2.182167373201302158e-04
7.564645899325699030e-05
3.556004495860762911e-05
5.664537380127163578e-06
1.144995030088284570e-05
5.482839010285154251e-05
2.408979692156046592e-05
9.034581605100018781e-05
1.222263466874462935e-04
1.395211303899623445e-04
4.588486843495979815e-05
8.110702385337367065e-06
2.195968663303103624e-05
5.565254267841594608e-05
3.545046937242557046e-06
3.169032363335218152e-04
5.996275876822114753e-06
2.803705152475755107e-06
7.607452542814309622e-05
8.757884445179292315e-05
1.670889461468650280e-05
1.258467578508496354e-04
2.243695153689583647e-05
3.936310331948707610e-05
1.852189629221605337e-04
1.041974568114048706e-04
1.921303347303262801e-05
2.591392205011668862e-04
1.240677352597688982e-04
6.863550207445144071e-05
7.886793159485089213e-05
1.734096236515559816e-04
2.553195935045361525e-04
1.028133168942337201e-04
5.685780277472703186e-05
1.262844197112277943e-04
1.777542835576292196e-04
5.522968938462190046e-05
1.441875264398419317e-05
3.721785920005010464e-06
3.303228444097478073e-06
1.660989756439513923e-05
9.862031614655496746e-05
3.974130604694215416e-05
9.783245125809704598e-05
8.471419489610712214e-05
1.191311585800337836e-04
4.732425255207853694e-05
8.130159608760788382e-07
2.691636539020428183e-06
3.024151518325719030e-04
3.610745348328224733e-08
4.986726298509871336e-05
5.006783585356423978e-05
4.796056327203798447e-07
1.471890814646005443e-04
9.539189176248619792e-09
6.989222716550630963e-05
6.470596171461954615e-05
7.358244454122793753e-07
3.024633091300597603e-05
5.353560392119679167e-05
3.837162750125816470e-05
2.925898563930265825e-05
9.282907689989075388e-05
2.396953490946549300e-06
1.460986876978467214e-07
2.611526927871346895e-04
4.646161187056030981e-05
7.604283537239668901e-06
3.570416768168504493e-06
8.856602032956834296e-05
1.675818324184502031e-04
4.505392376667256187e-05
1.905106415356646292e-05
5.996525830220486054e-06
6.146127354261027504e-05
3.339571715799448333e-05
2.237016502252418644e-06
2.824954131831375844e-05
8.858479524647686943e-06
3.254411007272175757e-06
4.420632791398402156e-05
5.773205783739866385e-05
1.012912680649447176e-06
9.376473851664867545e-06
2.624865073587424351e-05
5.105561527203265199e-04
1.343616473926318191e-05
2.777008393150883359e-06
4.110081610069354376e-05
2.690237310016660075e-05
3.417671891010518569e-05
9.526968374109940913e-05
3.024335350180623876e-05
8.325202889620530547e-06
5.740423646025755451e-06
7.062892176180577851e-07
1.047025737510467253e-05
3.484064427966470571e-05
4.876119268106601096e-04
7.646222416485896800e-06
5.896508832331155047e-05
1.781243981142327710e-07
5.964909072100369819e-05
5.237360716850498381e-04
8.421132870628829375e-06
9.437084073004574787e-06
1.194502892452824731e-04
9.985452472844014449e-07
1.991019979324330425e-05
1.932750762969546706e-05
1.488500748446096084e-04
7.710124324580087786e-06
4.082045988285628240e-05
2.703342889884858622e-05
5.927093972468009715e-05
3.537342453269168588e-06
1.348887949834205377e-04
4.963220184891187469e-05
5.542845544730786106e-04
2.817241679243854174e-05
6.179468354589983921e-05
9.497511872049322549e-05
7.331141183117176156e-05
2.027330019905073465e-05
7.417349814288217124e-06
4.064125777824125017e-04
5.702690230761492250e-05
2.777940435744040883e-06
7.853970628600906293e-05
9.743748036888712644e-06
1.337094294477698765e-06
1.176269270322810126e-05
2.957715008619409835e-05
4.641415896195089520e-05
1.086180183139983307e-04
1.215351325595537008e-04
3.841944025740657831e-06
4.973863840109785854e-05
2.424476251629623487e-06
2.520011932898859569e-04
2.112854769978486977e-05
1.623745244934006568e-04
1.432368066456538086e-06
1.739418196851554159e-06
2.877853162512761196e-05
9.733670594291918396e-05
6.718923123643210007e-06
1.107821635130721355e-05
1.251080565439874002e-05
1.106007190476791746e-05
1.146578234019030810e-04
7.504875386018473998e-06
2.194007101397993750e-05
