1.158934110546309265e-02
1.149050055079559561e-02
1.140062968078963887e-02
1.118003054284299851e-02
1.129488381886785756e-02
1.109397075762631746e-02
1.093176343316042132e-02
1.064023109686426660e-02
1.047595749005328890e-02
1.053479412566383881e-02
1.028350406730119300e-02
1.031938902682806407e-02
1.022710797723929387e-02
1.011735551007921299e-02
9.918515183118399928e-03
9.544781613421626440e-03
9.752511041462432612e-03
9.502872814437606647e-03
9.247950555410710052e-03
9.348724962592971574e-03
9.126479541434445730e-03
9.046109140083944539e-03
9.092301718988747561e-03
8.856821621126139202e-03
8.528709302547191062e-03
8.471414402596345178e-03
8.513524865298889577e-03
8.064627544699581874e-03
8.017956151224562081e-03
7.953881775960520983e-03
7.682353642703670937e-03
7.816536963635468960e-03
7.724915739454026389e-03
7.559575581503922073e-03
7.277617681200188385e-03
7.037880325838487966e-03
6.941688070231230231e-03
6.761519725822009823e-03
6.790299901805418176e-03
6.777673368680777431e-03
6.561214062987195429e-03
6.460582133364400556e-03
6.579523300345411184e-03
6.290532819336383183e-03
6.193957962742554016e-03
5.878031380391225171e-03
5.965727622117045041e-03
6.066389253787596129e-03
5.845015486293769422e-03
5.832060574009815396e-03
5.781321368993352222e-03
5.738247585519289443e-03
5.964027987291072030e-03
5.891146248239746350e-03
5.853202868117872784e-03
6.169138596426232413e-03
5.863701930945489776e-03
5.768414291592490091e-03
6.215165859433231972e-03
5.881467685162361340e-03
5.903934846689322391e-03
6.137326173759621514e-03
6.409809830582331031e-03
6.694705966445206428e-03
6.199474178555859291e-03
6.878648925812972520e-03
6.461199057570064103e-03
6.527383358741555008e-03
6.251166479095742953e-03
6.373499906252117105e-03
6.422699340886318768e-03
6.809094124869174806e-03
6.726659097039470493e-03
6.680130992580751367e-03
6.344973142115906996e-03
6.780607294808392235e-03
6.293572055359676794e-03
6.755763507321799720e-03
6.668806240703304723e-03
6.490611372578091072e-03
6.525769946033043410e-03
6.402416884335599724e-03
6.412360329104024176e-03
6.469161233659218024e-03
6.217670966979778162e-03
6.568735092660701186e-03
6.038411766337500007e-03
6.393642569984844641e-03
6.314764767252755741e-03
6.008196440638647468e-03
6.014691587952879920e-03
6.383035158712017931e-03
5.857261605016758806e-03
6.106634246652849728e-03
6.325316011333379645e-03
5.878349928679891395e-03
5.949922489560271512e-03
5.858790419854232982e-03
5.797913811102805605e-03
5.548694733565916193e-03
5.783730235400151576e-03
5.948366804600495675e-03
6.075941952335480074e-03
5.992274708419889281e-03
6.249627682310535115e-03
6.146273193319369034e-03
5.890700923772857270e-03
6.294200204291166244e-03
6.776233087033982014e-03
6.570450703675460163e-03
6.363916529248904094e-03
6.811355707861321482e-03
6.922108737443454993e-03
6.901961013374787249e-03
6.911681178203676022e-03
7.136614403786578284e-03
7.183740491933537399e-03
7.001140550455873038e-03
7.277966882082580018e-03
7.276363084274938692e-03
7.413882024423831124e-03
7.350865584282961253e-03
7.248622619102371503e-03
7.736414400602517789e-03
7.489267881117910378e-03
7.570424555237565203e-03
7.561941814235247777e-03
7.790652964899348262e-03
7.765042491379614727e-03
7.824320662759332717e-03
7.570486410865510420e-03
7.944527680529306357e-03
7.796627509107102380e-03
7.910359980035468197e-03
7.820316516686035002e-03
7.776339727496216214e-03
7.784032762812569811e-03
7.712382282636006010e-03
7.911291061962710119e-03
7.790406154558870630e-03
8.076134606171628955e-03
7.814636561100278891e-03
7.676559490046483761e-03
8.093860664601855784e-03
8.089732968717584100e-03
7.708738712857642408e-03
7.914347492638204931e-03
7.630549439333350441e-03
7.732490604057246780e-03
7.625696621997656022e-03
7.508874911431045671e-03
7.874208239402050863e-03
7.641499213271348012e-03
7.634783705578257300e-03
7.361120025158185073e-03
7.502342611826230689e-03
7.422381887699775263e-03
7.423158163529700211e-03
7.509558853711432655e-03
7.364801000284007006e-03
7.364602587673142395e-03
7.292448813231690308e-03
7.326342689630773071e-03
7.242634269583321342e-03
7.221448288997730364e-03
7.047156730783406611e-03
7.048292334095244797e-03
7.193749676244303760e-03
7.017228472051373171e-03
7.095086542027784215e-03
6.880534282592786627e-03
6.915175245791641348e-03
7.018008459689959767e-03
7.100160995196409114e-03
6.917181822272886610e-03
7.275921532797434074e-03
6.804493878222647382e-03
6.799451482313960231e-03
7.035129125360979618e-03
6.867647245357180047e-03
6.776281020299418714e-03
6.778482395240405245e-03
6.764397923798857841e-03
6.934392258931607218e-03
6.837127544091686770e-03
6.747418269251816841e-03
6.613222912679819938e-03
6.912632214935470615e-03
6.731717093430443846e-03
6.630732547866386231e-03
6.903818491660659168e-03
6.825338992213486090e-03
6.782032171045939903e-03
6.876457011786444966e-03
6.739206239346766554e-03
6.357960016745692680e-03
6.611021935691372385e-03
6.522561471485788416e-03
6.408716744335392866e-03
6.648922321152034472e-03
6.651118849562411006e-03
6.870888933361607963e-03
6.427000064365116089e-03
6.671783337603360772e-03
6.204754737058725510e-03
6.395378636438660627e-03
6.470306744569814111e-03
6.528900866070844189e-03
6.577709249235482239e-03
6.473439927338979147e-03
6.308487050749125163e-03
6.907399811843230493e-03
6.491094628275908066e-03
6.462057207118320976e-03
6.432774622355656204e-03
6.527994794303918283e-03
6.545392308874011141e-03
6.504139145765513302e-03
6.497801007789219888e-03
6.670766113789224419e-03
6.611396732772566870e-03
6.476780759277703768e-03
6.517102947382587622e-03
6.544987939412211589e-03
6.380126113480362113e-03
6.597160833193949948e-03
6.472404905577918387e-03
6.462537227085146663e-03
6.513554649254854265e-03
6.373234125403571398e-03
6.627066670754497985e-03
6.501859362003323609e-03
6.460606779939188568e-03
6.486367154032876559e-03
6.253132781230920888e-03
6.424201487427770065e-03
6.415429054006417664e-03
6.500960915368338491e-03
6.326725885491748559e-03
6.658063846272292349e-03
6.243780797562784035e-03
6.596667492388079597e-03
6.437557510040572278e-03
6.350467634108220190e-03
6.465133266444373153e-03
6.335437475361239273e-03
6.203706103462317510e-03
6.463795689638153485e-03
6.451378666269797814e-03
6.737305988062213501e-03
6.507828437130362513e-03
6.453357163826686435e-03
6.351044440153487576e-03
6.295382870384434205e-03
6.347421895934115751e-03
6.304905344427916281e-03
6.238627212367169050e-03
6.561155316446273637e-03
6.708850967575176807e-03
6.169540647651617499e-03
6.588061197162054135e-03
6.569629963681027779e-03
6.478142281846618195e-03
6.562419869762929972e-03
6.624272362094278666e-03
6.404753725499552804e-03
6.202322433609104048e-03
6.464499864585819891e-03
6.295386984320999746e-03
6.213185275344553123e-03
6.528701938837968774e-03
6.405069323468954093e-03
6.554902073154561006e-03
6.417308485782428212e-03
6.434750219252682348e-03
6.210021832193765752e-03
6.564468088527149539e-03
6.541295689726889240e-03
6.448166070499246165e-03
6.200626082800610867e-03
6.384547736592556012e-03
6.606254792560704338e-03
6.155638315160754000e-03
6.282764607847849889e-03
6.383270330722932463e-03
6.337721835292451679e-03
6.220635425482828190e-03
6.427141413005064106e-03
6.367532508192156292e-03
6.501988636577266806e-03
6.295077405279085082e-03
6.466600293416195286e-03
6.475388320153456154e-03
6.455479570742718790e-03
6.627251330291399067e-03
6.361259834595750333e-03
6.169756743967136359e-03
6.439756380259260317e-03
6.272700777878932252e-03
6.528937996467549382e-03
6.094586800418216009e-03
6.453587292640863143e-03
6.242946087094535662e-03
6.375715458658597762e-03
6.600067362140774226e-03
6.506029006077334795e-03
6.635806606291380985e-03
6.706537114995088367e-03
6.391354156128196441e-03
6.492028984372570817e-03
6.597064486277283771e-03
6.575414623009344546e-03
6.645003323676150139e-03
6.626942553352446579e-03
6.442272685922540744e-03
6.540607584986191797e-03
6.559148841103277193e-03
6.251228920255245437e-03
6.231994287282747319e-03
6.426457741507450930e-03
6.242767322689368042e-03
6.432411475977711096e-03
6.468505180057729405e-03
6.612947366665964180e-03
6.530195400942587214e-03
6.634826563836915443e-03
6.283936760417172321e-03
6.394844298776803868e-03
6.396836272850015513e-03
6.527256181095869580e-03
6.610539152671401041e-03
6.322501440792273678e-03
6.349261311703113982e-03
6.344875066189440901e-03
6.494803154822310735e-03
6.424200038924199503e-03
6.259096418009446085e-03
6.263680994230472893e-03
6.547027022155294494e-03
6.421199702215472233e-03
6.300391764574717578e-03
6.316804691410450243e-03
6.308807047524084104e-03
6.239720862585688456e-03
6.364974192299046284e-03
6.409967253145729127e-03
6.184466439135843582e-03
6.414099624842366579e-03
6.420938916341841982e-03
6.452875699531421781e-03
6.614472295240248628e-03
6.447223469492643737e-03
6.232144804154002293e-03
6.692778626908448686e-03
6.535841864090904431e-03
6.444561842760473079e-03
6.145570724240937560e-03
6.565577419511750383e-03
6.728688540549240815e-03
6.404505540375389841e-03
6.396566606486686624e-03
6.420262918747179394e-03
6.208022862911187489e-03
6.709640060503807915e-03
6.314597449929400079e-03
6.605349496897094594e-03
6.559028672627494234e-03
6.483872791008675127e-03
6.431129135476431127e-03
6.220978999110666867e-03
6.286389872657657807e-03
6.744475410723218232e-03
6.503681704604010426e-03
6.744554828577793010e-03
6.306404929271378426e-03
6.792792590751188173e-03
6.729724698683582640e-03
6.214972986861151856e-03
6.229203394570681680e-03
6.373168226326490771e-03
6.839576764210212462e-03
6.508890605457669058e-03
6.485747070287662883e-03
6.708993475358089598e-03
6.419100500383285654e-03
6.610299883511619803e-03
6.602962048920361232e-03
6.371068997654150828e-03
6.652826397402103985e-03
6.494361567311368599e-03
6.678405558931062996e-03
6.464342963230402216e-03
6.561774506483458724e-03
6.395025232877680176e-03
6.701099437840318980e-03
6.247573128702172372e-03
6.489826565943898271e-03
6.444069555477889566e-03
6.569660585465801443e-03
6.615317603084648959e-03
6.500904751645881011e-03
6.451005537292029551e-03
6.507106370989603102e-03
6.538718659792193758e-03
6.356922908128405901e-03
6.876203422373635202e-03
6.634701029884065501e-03
6.556896743480563998e-03
6.582879452253677897e-03
6.654546906341514759e-03
6.306579341204630179e-03
6.670347329213903616e-03
6.541063414326681209e-03
6.560957378119822853e-03
6.137985367365022399e-03
6.473495472522171681e-03
6.649968242087815964e-03
6.569623732219960141e-03
6.370005463052982875e-03
6.659148223326474651e-03
6.541754742253574027e-03
6.614014705552066949e-03
6.488125345159334242e-03
6.477020792834143822e-03
6.532072484856379750e-03
6.407023962773469861e-03
6.507686856791620664e-03
6.783971617091908574e-03
6.582668951283629846e-03
6.494600570944260298e-03
6.754426342727354315e-03
6.595541433465081441e-03
6.531737636150318320e-03
6.500424750101574042e-03
6.376575214921052955e-03
6.444379716083951763e-03
6.480210368224929851e-03
6.468721665487492563e-03
6.464043829497104730e-03
6.527413932162577301e-03
6.659741983382779125e-03
6.250897412593403937e-03
6.570060882534945260e-03
6.666617618070792145e-03
6.601899762268634980e-03
6.670867655929764092e-03
6.626228141668419683e-03
6.649529665621969378e-03
6.288340041675666292e-03
6.497908229525290423e-03
6.606648811712967362e-03
6.581282921647208135e-03
6.819192531509383343e-03
6.641269922179589627e-03
6.558030928947328198e-03
6.616880874966611648e-03
6.640483243419958645e-03
6.737048270900130274e-03
6.704104601785054740e-03
6.441262522271724682e-03
6.299166362746266325e-03
6.665472542307652321e-03
6.475266502448904019e-03
6.706835974225556531e-03
6.461444699201120828e-03
6.410176617863046385e-03
6.706650521773519120e-03
6.356169822160090931e-03
6.532746503175239187e-03
6.769216494805664966e-03
6.615089737067960697e-03
7.107978771211687433e-03
6.557580969115710777e-03
6.351544778829912655e-03
6.589633153578719309e-03
6.825025485534522499e-03
6.561363313599829009e-03
6.677453695240638358e-03
6.519716252169577807e-03
6.497794669742867381e-03
6.596084201267249716e-03
6.414762997541043760e-03
6.428043446789493895e-03
6.619032164673757657e-03
6.381152094758237893e-03
6.314373624695678727e-03
6.454595460796660848e-03
6.517889702960747572e-03
6.751693918284535668e-03
6.862868017500325241e-03
6.333372447409531605e-03
6.552131193130394590e-03
6.301346656083105582e-03
6.443454431733847826e-03
6.695494964771827283e-03
6.704080153026601221e-03
6.615206329903342702e-03
6.495779259223077168e-03
6.551848251205382757e-03
6.671395965528344012e-03
6.529629491896514308e-03
6.598320586987237862e-03
6.584116330393357738e-03
6.440478901362026165e-03
6.231406268470044037e-03
6.499266876915167288e-03
6.535214908579592766e-03
6.706656000227894168e-03
6.587898901773654899e-03
6.410321466963897312e-03
6.655256842358540578e-03
6.231519281442244110e-03
6.770973398639990384e-03
6.563157072068770241e-03
6.381592734921637602e-03
6.281942856035158985e-03
6.361951857293932262e-03
6.193159081928730457e-03
6.434034581198680262e-03
6.578318784461786861e-03
6.287869207655496714e-03
6.403084241492581000e-03
6.162435204167824102e-03
6.214125261743625069e-03
6.375548206423936083e-03
6.482574690467039942e-03
6.472641877651019032e-03
6.174354394425459261e-03
6.326315022727763138e-03
6.623698905245009941e-03
6.408988968932186232e-03
6.348938936445417021e-03
6.433165896082639751e-03
6.676110641739085340e-03
6.409249362120248393e-03
5.987028423362307158e-03
6.174688334711847873e-03
6.298522138666795903e-03
6.523966619452636721e-03
6.636069690415060708e-03
6.114398449362027678e-03
6.396251823192594319e-03
6.209285480216985252e-03
6.263244060675554267e-03
6.131456068292738190e-03
6.411939271804029117e-03
6.624874252670230439e-03
6.575872490026253916e-03
6.015876260957105613e-03
6.499530465691541643e-03
6.006136852058880510e-03
6.453571164156674325e-03
6.311834750354720740e-03
6.147659347812813035e-03
6.515577588864495187e-03
5.910837109866026381e-03
6.350366095187218868e-03
6.379206673509888598e-03
6.619174259718977466e-03
6.295137285280556251e-03
6.420525153132723359e-03
6.274335921453954613e-03
6.195215328279529005e-03
6.454405337427780893e-03
6.195762772419742374e-03
6.011240109805025475e-03
6.716410151876598886e-03
6.354981387948824972e-03
6.442143966072079973e-03
6.211145253925501666e-03
6.256391035280551086e-03
6.511476353629577427e-03
6.074928095333109734e-03
6.430197796216339731e-03
6.109148161412228210e-03
6.133767765343921957e-03
6.484988550694758581e-03
6.193591516497443800e-03
6.336545701864176872e-03
6.105795222087161828e-03
6.323570353000578133e-03
6.452961928122189460e-03
6.388585424851619607e-03
6.348157210409016704e-03
6.344321264811576301e-03
6.584159030176015351e-03
6.500490059562757765e-03
6.274476816946265162e-03
6.152240017602193800e-03
6.411958547221839610e-03
6.137831992408060086e-03
6.367111374139044350e-03
6.223217980480416113e-03
6.414801343012498970e-03
6.434162723028246864e-03
6.526902389328489811e-03
6.524175411928929448e-03
6.524460607337922297e-03
6.385891589900559266e-03
6.259093801733841937e-03
6.622839110080696451e-03
6.143489295624963986e-03
6.223232898732053604e-03
6.449486210935478220e-03
5.940924215490322839e-03
6.481076502885336349e-03
6.260593510548738763e-03
6.482279889509293992e-03
6.330159316664023261e-03
6.605771831356728116e-03
6.181550507010811005e-03
6.216164862760092252e-03
6.392813993375726957e-03
6.394845872722807779e-03
6.748079192725919134e-03
6.608496063900138814e-03
6.521215949229721212e-03
6.416680783652779080e-03
6.435553090672188614e-03
6.351170644015656508e-03
6.417026460816829293e-03
6.509661461887364213e-03
6.505227181265151037e-03
6.429496197556684375e-03
6.392339740867027803e-03
6.763309385980869129e-03
6.097455459443934175e-03
6.460927662511356528e-03
6.289662324115272499e-03
6.679739142530176539e-03
6.361384630928780017e-03
6.162314974867335628e-03
6.605362430474526723e-03
6.409079915451880785e-03
6.481154190448134081e-03
6.448137708405273297e-03
6.488437044385355311e-03
6.759481481485182797e-03
6.356632592279263909e-03
6.556433217772186101e-03
6.522995888088637534e-03
6.192343621660056224e-03
6.527084079807713227e-03
6.317155559569943846e-03
6.361168612233200279e-03
6.758733118454817411e-03
6.166526711887609057e-03
6.227421843286439287e-03
6.409647456410199652e-03
6.775576420808484580e-03
6.223005643296738131e-03
6.501006922628038351e-03
6.434470143447690652e-03
6.587915111589950565e-03
6.269145106089118666e-03
6.250312026611840391e-03
6.216937031708275399e-03
6.074516801217215260e-03
6.283948753012190067e-03
6.595441166023357019e-03
6.643744503613500767e-03
6.561996561591853377e-03
6.098548159822891543e-03
6.286209613423594973e-03
6.329633264423898016e-03
6.137623326963751250e-03
6.263770653464032986e-03
6.343295432176133085e-03
6.532681985974329343e-03
6.097108638325836154e-03
6.482703069590987736e-03
6.148564267475155332e-03
6.149057845735363126e-03
6.527162821949724844e-03
6.475593210605788859e-03
6.248480938762032352e-03
6.435714276448395790e-03
6.408043029425718358e-03
6.384425657489871571e-03
6.385579730677664809e-03
6.449143983751813580e-03
6.432125846302795547e-03
6.568253197800701625e-03
6.089579845927835071e-03
6.196136987748292538e-03
6.583442351548327888e-03
6.455488711182512732e-03
6.200426053863047036e-03
6.336940933865903985e-03
6.370809691699688693e-03
6.095803406788932732e-03
6.305483995290997803e-03
6.547292647396940439e-03
6.640666572563412411e-03
6.396456150965004403e-03
6.552027138109066916e-03
6.178245327139206960e-03
6.336642645830165357e-03
6.404673890300815325e-03
6.295265195231510187e-03
6.411457279576664517e-03
6.172541212219532884e-03
6.187264070683262673e-03
6.323673992600821123e-03
6.231804487969908046e-03
5.974938692194094528e-03
6.442430344338417013e-03
6.198005310057572853e-03
6.243319852592550158e-03
6.293693005542343004e-03
6.394054884551178541e-03
6.281412231262150161e-03
6.120843153862168609e-03
6.283810540434859107e-03
6.289686546727344882e-03
6.620250630341213520e-03
6.399291800672975497e-03
6.065143033500099666e-03
6.006133761982002973e-03
6.123211689593517637e-03
6.281213306661715019e-03
5.964265600911755963e-03
6.407093815015567177e-03
6.137627675664326238e-03
6.330687094896644135e-03
6.317257606999579674e-03
6.501587408224023673e-03
6.316552831647144831e-03
6.075323988295367947e-03
6.471670336890385060e-03
6.733925479878805076e-03
5.913694698252361034e-03
6.407392326182849429e-03
6.566025828637287766e-03
6.051634085266768652e-03
6.221639804886438044e-03
6.484497599444933452e-03
6.110347831695023095e-03
6.291180251646651816e-03
6.409503966928098775e-03
6.400811555355757215e-03
6.196818377596183258e-03
6.708091937000029009e-03
6.312711791394217016e-03
6.155142681395736441e-03
6.349974035457110755e-03
6.290035856945167848e-03
6.139417189848655337e-03
6.111496179839821102e-03
6.231164972728434233e-03
6.264514449356381638e-03
6.221356021249528981e-03
6.227820624747614116e-03
6.053585235139240760e-03
6.059854202949906815e-03
6.337707030397840210e-03
6.199403369681632560e-03
6.157598973610631590e-03
6.130262471320323085e-03
6.101728998240595059e-03
6.268016472897136766e-03
6.230598156578512695e-03
6.296803480616862403e-03
6.018363714821368428e-03
6.260435726154817658e-03
6.048249526515696826e-03
6.330602447581233638e-03
6.365758951766929165e-03
6.255993711742896014e-03
6.158490514498545301e-03
6.100065078370959029e-03
6.205559979768295389e-03
6.197671218731933690e-03
6.263884269657253069e-03
6.169089713124335621e-03
6.475362712339837422e-03
5.998043571071897881e-03
6.121732461559593885e-03
6.504976439939186630e-03
6.359766267419480860e-03
6.199289110625360623e-03
6.334655986638402722e-03
6.475416823126611474e-03
6.495521854070542347e-03
5.940202325103251940e-03
6.035336903773322326e-03
6.161521162984687910e-03
6.370946444273172665e-03
6.275290464819481724e-03
6.441758048885169036e-03
6.160097792445962811e-03
6.349524193410994305e-03
6.335393897694470769e-03
6.360762779187121782e-03
6.263128661606900092e-03
6.094790262141729434e-03
6.036390643908649475e-03
6.371597956840667140e-03
6.348927846585949650e-03
6.037141087782304204e-03
6.269754807439202951e-03
