4.534579577199566308e-03
3.422323243292026401e-03
4.853729749572969002e-03
4.094899439689053330e-03
2.786416834953071419e-03
2.540310553842062540e-03
6.053428638422602565e-03
6.485348328380825290e-03
8.308260575945176571e-03
3.795404448667900194e-03
6.081668965774189063e-03
3.299263446735416650e-03
5.915366339971603847e-03
4.227245539861743118e-03
5.317968949637826015e-03
8.821572876789420328e-03
6.698482967672871914e-03
7.312699927119124289e-03
5.989785483429973210e-03
6.795711617611918491e-03
7.222543863856620457e-03
1.006148748966244691e-02
8.830831697822744825e-03
7.405430454415396976e-03
7.647010338890983076e-03
7.368130507758120784e-03
6.887935093275232568e-03
1.173720608412229770e-02
5.808314867104156023e-03
7.737850826733239269e-03
8.286120502405994528e-03
9.277372828985315165e-03
9.151524758500510087e-03
7.270856824429173387e-03
1.240065779595791833e-02
1.130520178254214129e-02
8.282125001957069479e-03
1.059002562143267386e-02
1.409963102991855163e-02
1.037909020719945258e-02
1.328533060610216990e-02
1.487572971081482440e-02
1.075143359365903287e-02
1.525417522024463159e-02
1.097893202434215357e-02
1.337746340567248782e-02
1.086160371157232976e-02
1.379363471116727170e-02
1.562369858011622772e-02
1.647081528069243433e-02
1.495323070054068414e-02
1.421020686066728177e-02
1.838803255283042587e-02
1.571800059264144567e-02
1.358855799655813747e-02
1.797738847220923739e-02
1.840740396915110585e-02
1.462811843396660989e-02
2.104001136712172967e-02
1.532514958965538326e-02
1.557448239782057396e-02
2.011286160562698530e-02
2.077749617155592171e-02
2.014542871708696614e-02
1.966306734761537681e-02
2.214746564074007371e-02
2.205702583372983611e-02
1.618105718578378288e-02
1.947841048483398702e-02
2.088990938954023505e-02
2.376530583171718863e-02
1.841103367547280642e-02
1.646937715112635134e-02
2.184324236991239468e-02
2.301799628862285368e-02
1.893145596678238313e-02
1.897927535916093394e-02
2.200098364312408697e-02
2.036714452032773945e-02
2.261879265459845745e-02
1.314179077786242072e-02
1.998360119161088702e-02
2.205769138526140344e-02
1.827721803145366739e-02
1.632948706572841246e-02
1.855405463712480121e-02
1.851040063839508309e-02
1.616308090975062881e-02
1.327643153721825599e-02
1.770789151048879698e-02
2.044002480997803017e-02
1.745948758879227111e-02
2.020034311108215297e-02
1.854418411895981944e-02
1.827007209156169057e-02
1.507749783491720702e-02
1.924357717307932994e-02
1.258317736332325784e-02
1.397786542260297075e-02
1.783950695554259100e-02
1.574399220891191734e-02
1.533385916671973700e-02
1.282094611509480668e-02
1.515839032160734567e-02
1.411342284522418798e-02
1.422726874023725642e-02
1.548600893326488974e-02
1.161869854233300338e-02
1.185284067590176155e-02
1.023204770336696295e-02
1.138624965875464218e-02
1.009265297890666289e-02
1.108230568954070121e-02
1.125944812422640523e-02
1.072316520687527884e-02
1.151847734398098524e-02
1.216063944087047814e-02
1.217523259820968255e-02
8.699414712541151881e-03
1.137757661754522018e-02
8.681915473594606358e-03
1.233989003430387491e-02
6.516054846193081174e-03
9.142295876412041833e-03
8.276862027499911484e-03
7.823998811361667499e-03
9.176579010530058408e-03
1.006615333572164969e-02
6.567979147711409775e-03
7.042715294132545316e-03
9.269092683239705741e-03
6.085555288261894694e-03
9.550323698008712781e-03
6.482717549493016880e-03
7.431985797495236842e-03
1.015427505932561467e-02
1.166257290810486860e-02
9.339048902389455661e-03
9.460508103174296649e-03
8.250226052500234455e-03
9.929886625370209358e-03
8.958646958968028914e-03
7.533252899575113015e-03
1.092144359156915594e-02
8.715618998684639823e-03
6.985001677743815293e-03
1.180108774369245661e-02
7.798612146155909329e-03
8.951218905918862864e-03
7.060892209562707501e-03
1.177387664067215331e-02
9.988448653713580261e-03
9.073150926281576059e-03
9.265041809644667184e-03
8.236059430122347896e-03
9.570650631260608013e-03
7.229764759085309869e-03
7.959894021932633137e-03
1.053025662224229241e-02
9.982130840840427316e-03
1.013411252111155215e-02
1.130684654890005622e-02
6.183624020403242875e-03
9.316052921857973651e-03
1.067692685667064566e-02
1.038655938172808497e-02
1.029841784254198304e-02
7.001093510156408337e-03
8.541226330210146406e-03
1.163718209985107645e-02
1.078457425625712479e-02
1.206557388784418663e-02
8.671995666068412281e-03
8.464207897977461120e-03
1.036369728118590947e-02
5.397557843928967383e-03
1.076938501709206325e-02
1.008391676488479619e-02
1.135003788818821427e-02
1.011367935586495424e-02
1.192583646694279041e-02
9.620057002080226183e-03
1.047001906985427569e-02
1.200388152434999668e-02
1.328755683631230831e-02
1.240748383176088106e-02
1.076685794731709923e-02
9.960811141609007477e-03
1.251839758469579754e-02
1.167036029459958199e-02
1.213773735588088466e-02
9.811702267557264809e-03
1.300100549863617179e-02
1.192947488931493487e-02
9.727747145618371657e-03
1.182889516969410498e-02
8.873115693960575631e-03
1.075485591296466807e-02
1.083583689294350012e-02
1.156330060294031431e-02
1.393352891481281462e-02
1.270886402049747031e-02
1.067516285917324489e-02
9.676180089034791196e-03
8.095667723197065568e-03
9.092082717339376730e-03
1.128785798627583367e-02
9.336286250555585892e-03
7.286436632977346187e-03
1.230787368572593132e-02
9.183648293217170147e-03
1.069236545158808865e-02
1.072446151039690640e-02
6.468799562869942399e-03
1.195620976384961613e-02
1.214614761885302908e-02
1.138498245396260544e-02
1.318836048121309334e-02
1.081676702995499478e-02
1.317724346900403173e-02
9.112787075817028667e-03
1.209609396334777702e-02
1.011348224226883349e-02
9.343390591107846727e-03
1.261562368683829920e-02
1.202878274265014626e-02
8.486260461963367543e-03
1.004832753031737781e-02
1.169610388699053420e-02
7.854876645189017015e-03
1.181141159765882603e-02
1.299596008582008973e-02
1.029149990701886536e-02
1.026664178943057122e-02
1.105306688073380041e-02
1.606259882172619835e-02
9.100893138549486644e-03
9.583971893736437445e-03
8.900068123394826169e-03
8.333416170507822879e-03
1.229872381554659305e-02
9.304621160613469472e-03
1.577965382545348447e-02
1.080925220407254889e-02
9.623452877554613399e-03
1.048704919083892455e-02
1.220700364890601151e-02
1.261930776782596055e-02
1.153592118432871828e-02
9.190973686363505812e-03
1.147601416485114802e-02
1.535161289599076134e-02
1.305726710379579054e-02
1.029658460217599755e-02
1.194635638190360075e-02
1.038377620662978354e-02
1.118795863191320364e-02
1.060567103110628996e-02
7.776217480582189694e-03
1.148753821174940300e-02
1.351327777419108339e-02
1.337629236350034931e-02
1.433189805349231738e-02
1.316452832255004743e-02
1.078634423622694925e-02
7.463530897767672173e-03
1.187243470672965859e-02
1.102828771368638897e-02
8.930582770157907344e-03
1.119600089826528963e-02
1.040548948484930868e-02
1.055056931684635220e-02
7.141150679014900485e-03
8.257463099387706007e-03
9.474555048906192420e-03
8.692017550255760894e-03
7.915712004554112391e-03
1.089295198699609217e-02
7.923392326873484465e-03
1.118388210728908476e-02
1.373958247917650421e-02
1.226897214010752059e-02
1.068261935929290703e-02
1.042992933990241448e-02
1.423417401663502717e-02
1.433824112711233438e-02
9.204486086273873033e-03
8.596564126233705028e-03
1.069842246231440287e-02
1.151786202403738517e-02
9.508558293719790097e-03
9.028247477418923500e-03
1.343486010130105421e-02
1.272666126782907858e-02
9.965617022336304212e-03
9.247562260134983836e-03
1.113252720257766268e-02
1.010085993996761612e-02
6.001914235844867627e-03
1.007479258869352877e-02
9.731760238770549229e-03
1.594815880293667248e-02
1.197954549694485275e-02
7.115573325992584526e-03
1.109439932242544530e-02
9.189175314758045096e-03
9.172161549477354098e-03
9.493256410772626247e-03
6.830613491949882009e-03
1.069874684472071034e-02
7.348472214966327715e-03
8.236053362954562362e-03
1.318726668907082428e-02
9.971893648728368670e-03
9.038713891806963649e-03
1.091984315077147889e-02
1.082539296294677406e-02
9.929068361628830275e-03
9.592615021410722670e-03
8.265843158914909158e-03
1.552832498670695532e-02
1.056470461124388478e-02
1.280234703619498315e-02
1.135476919082964095e-02
1.011096077333745007e-02
1.036539413508714633e-02
8.003957180770317897e-03
1.103557718778612126e-02
1.165528151738780965e-02
1.157884660806233687e-02
8.866131321212980879e-03
1.073047330416132886e-02
8.761247390531927762e-03
6.664672278206185477e-03
1.176193776310424655e-02
9.159437032810351098e-03
9.977953425209781790e-03
1.295848776346746403e-02
1.278301566668217301e-02
8.482449571345189454e-03
9.968516557490656252e-03
1.318074777993257299e-02
1.039594143704530849e-02
9.420790436521496100e-03
8.305377583163731786e-03
8.507346454686556467e-03
1.008298266266158087e-02
9.436598279705894765e-03
1.066255688132588565e-02
1.032941695486878399e-02
8.466837586575653996e-03
1.000044230926611620e-02
1.040998197842381290e-02
6.815228028161536902e-03
1.198234466225836167e-02
1.411725894217030243e-02
9.080202324610257836e-03
1.108079387016122283e-02
8.710927902160646788e-03
1.002464726320443505e-02
9.029206292253460706e-03
1.119432837656756871e-02
8.415460772765314887e-03
8.645418444022915858e-03
7.511039546838387676e-03
9.546847032271640887e-03
1.119340174471873846e-02
9.226281888566379569e-03
8.552312805072757873e-03
9.588105594581416632e-03
1.023189034464699887e-02
8.544425204475345967e-03
7.737242002632136774e-03
1.086837288576819258e-02
7.062483295701645937e-03
1.010203573297581772e-02
1.009673090245432302e-02
9.718986359414469312e-03
1.237661068262167589e-02
9.609348723976693027e-03
1.529564262524828362e-02
8.645736947199906403e-03
9.143905062835669742e-03
7.793841724168250676e-03
1.012596103234476679e-02
9.373312446251174865e-03
9.713498995155176244e-03
7.762928869684038863e-03
8.216810522508468523e-03
1.021558424841280052e-02
9.120224913722087268e-03
7.309952851704015243e-03
8.211500357048552232e-03
8.543822183923657082e-03
8.122873209502515235e-03
9.737181831572263441e-03
7.590755127959859100e-03
1.118593099923695551e-02
9.293510539652320712e-03
1.189322391823726711e-02
9.173966341390100629e-03
1.047469024608784632e-02
6.797424753166070137e-03
8.127235594646653113e-03
9.172115489308687100e-03
9.776576938311878212e-03
8.692415244678968270e-03
8.789391660015450844e-03
9.618860577779790935e-03
7.253603968203194662e-03
8.292585129455612783e-03
8.557348625084676072e-03
8.726662488732071787e-03
6.458463004217783465e-03
9.518915003381671000e-03
1.084835280119710553e-02
8.586772992910125107e-03
9.630401514423448522e-03
9.462920188844337402e-03
9.621612578828033988e-03
7.791876216742119575e-03
9.538098635353969151e-03
1.035649659252516931e-02
9.878287873874814010e-03
9.097111498828309994e-03
8.394483760388964794e-03
9.579411926592890439e-03
9.072045729465667493e-03
1.027802604699959085e-02
1.389187758038478576e-02
1.124205326520100537e-02
1.049536991973566355e-02
9.404458751514965797e-03
6.997900724624795538e-03
9.156043749069142645e-03
9.840652453690226092e-03
8.369755992045828721e-03
8.414587576044125009e-03
9.768103303511169525e-03
6.870117824119410972e-03
1.002390934897376927e-02
7.018662276329888823e-03
1.023587483956393471e-02
8.081418010890902698e-03
9.559103479900859721e-03
8.677906566051423604e-03
1.099257559043041038e-02
7.823798152369236883e-03
5.942381202296545019e-03
9.782022567178964845e-03
7.152094310307431126e-03
7.895328932562820437e-03
1.308473853130705765e-02
1.067250678954489822e-02
7.650985796253348750e-03
9.887636733806052375e-03
1.101313567077999087e-02
7.985811868382106452e-03
1.055160863219100319e-02
5.785648544503583721e-03
1.181051695863002959e-02
8.089422523038835092e-03
7.028151579112295287e-03
9.883862087132367497e-03
8.823446644092021451e-03
4.773179529554036696e-03
9.765232617701612508e-03
6.968183584447402990e-03
1.216262783370633017e-02
1.012966900079520158e-02
9.509099767527470423e-03
8.873249024862375767e-03
9.263964994795216221e-03
8.987662366052095314e-03
9.425294140056484499e-03
6.912208372240598135e-03
1.007764411507650060e-02
7.869215129361586264e-03
1.135478978360304932e-02
1.067610391506646807e-02
9.218103717805715969e-03
1.076977428411133447e-02
6.589245939358895875e-03
8.280348811744967993e-03
9.668977502947430705e-03
9.036854701204766541e-03
8.812050727102825956e-03
8.490455966594484191e-03
7.556465315742974358e-03
7.781587053218199344e-03
8.208011036986056011e-03
8.671030404229371907e-03
7.996165910088261219e-03
1.137730983496785218e-02
1.005874360419129268e-02
9.195063664143453622e-03
8.800624948233481265e-03
8.032390085025039456e-03
8.150499202258017911e-03
9.902864110425426553e-03
1.013529295118254479e-02
1.019073912268858226e-02
1.062420792152894873e-02
9.830354001228171559e-03
1.136932248099414323e-02
8.696020170028422383e-03
6.860962222829979258e-03
1.120205929491212976e-02
1.011607436143480490e-02
7.828590262174230097e-03
9.750905328429419761e-03
8.280716664609617805e-03
9.636206263420141194e-03
8.798254620188704356e-03
1.236975379578420312e-02
6.587819771744398388e-03
5.103398821133986636e-03
7.704832049836029401e-03
1.220720604758715466e-02
8.286243327056805677e-03
4.999484024732646706e-03
1.039306637339608257e-02
7.360963826389546084e-03
1.004952791031677416e-02
1.120669854185843417e-02
9.821134775217748095e-03
9.374669391477569516e-03
5.579814275872847784e-03
5.526581701211731069e-03
8.903050619790036160e-03
9.146886347965536498e-03
1.163811377635326147e-02
1.068966037312260239e-02
1.092936181106589355e-02
8.966182544357102421e-03
6.663086271155704149e-03
9.392805190261352410e-03
9.544715160182572558e-03
1.031837109904575056e-02
9.077375970882985493e-03
1.064060786554079166e-02
9.335040157470102240e-03
9.764607763403387181e-03
8.889119684775825467e-03
9.058899697530065423e-03
1.062450659273673353e-02
1.127855268595669494e-02
1.306779990891746360e-02
8.501031829696871142e-03
1.039126994368003501e-02
5.812324972381740021e-03
1.036549025249901106e-02
9.933917848294272074e-03
9.152112262636218770e-03
9.001515739922751405e-03
7.744591970598527220e-03
9.535518904371015347e-03
1.046099781690346467e-02
1.017292974247217471e-02
9.216494364164620756e-03
1.040708935342874765e-02
1.134784958548154359e-02
1.284559414181744331e-02
9.116087563236492317e-03
1.110657206415169122e-02
6.699700863968895831e-03
1.240011889131101969e-02
7.445988011366317348e-03
9.265464643421593080e-03
1.022345608331955320e-02
8.557371876763456356e-03
1.210846302769946932e-02
7.115365353789830129e-03
8.431103502044257417e-03
8.452669120825304083e-03
8.737188988617564447e-03
9.745128200935242874e-03
6.610009473686176244e-03
1.126416776296375842e-02
9.125806798575816781e-03
9.058368987953322252e-03
8.104849870773341361e-03
9.244125621654542685e-03
8.589285913513775364e-03
6.450513345652728395e-03
8.882674404429708598e-03
1.105590767473907735e-02
1.066612571531076227e-02
5.902787832641658364e-03
7.615485756800852851e-03
7.477566901874032647e-03
9.349068782860568347e-03
7.753050099782141796e-03
9.879044712887776608e-03
1.033663618563335912e-02
1.003500070948500078e-02
5.274149307367928530e-03
9.761648550128024238e-03
1.093757425946256280e-02
1.005569739114177408e-02
9.694674538744363704e-03
9.212158872569221543e-03
7.597330881322400704e-03
9.579254995660275301e-03
8.301468148400810085e-03
1.204852686633849090e-02
1.043621921864978583e-02
8.128696107338568080e-03
8.250044789666701600e-03
7.457105027156293170e-03
9.174965854002750665e-03
1.074411088425474003e-02
1.289604620561734735e-02
7.173463343802426347e-03
9.407490187300271769e-03
8.289597160227356668e-03
1.151251446699555481e-02
1.022166657801972314e-02
7.862123772048658019e-03
1.107868511259028563e-02
1.190365081857474444e-02
1.334055019011135337e-02
9.554032519582129554e-03
8.935549146931055092e-03
9.599159883113380504e-03
9.307025693239098091e-03
1.056978265395443553e-02
9.061634685707352713e-03
9.071007548107851495e-03
7.831971652514667370e-03
1.099934134003122642e-02
8.285535484535385894e-03
1.003067742991832836e-02
9.003258513177646305e-03
8.575975736787101386e-03
9.009080663837234354e-03
6.531205249211493452e-03
1.317729018906438170e-02
7.368025087471329060e-03
9.691788139266197324e-03
9.222136727385196048e-03
9.797487835438446410e-03
9.665598285849322582e-03
8.916697689344223535e-03
1.149681486477987721e-02
8.967037709295739081e-03
1.023196074912126330e-02
8.110503328175285367e-03
1.117044112893146417e-02
8.377929192123420576e-03
1.080568410453924301e-02
1.002718621342607586e-02
9.974171851176608788e-03
6.104799350982358791e-03
8.663854331365881262e-03
7.844201670697666107e-03
9.508555212006102042e-03
9.090982950682178002e-03
1.329695285198400669e-02
7.491931110042741697e-03
9.102882402545538210e-03
9.109561666856497500e-03
7.406378389162551062e-03
7.591922409277598871e-03
9.826797563553375803e-03
9.375892567826282775e-03
8.520432271134355945e-03
7.606590814488408889e-03
6.406567142412810875e-03
6.073167266397106606e-03
9.492626844499639158e-03
6.326161290758167827e-03
8.675044992872905231e-03
1.015847466841104767e-02
9.059821246655941351e-03
1.017961443910141150e-02
9.164000087243237211e-03
8.365581535716063930e-03
1.071174214147185312e-02
1.187975451595039977e-02
1.195353850428967565e-02
1.323347797232271757e-02
7.717750534389996447e-03
8.782304836567191714e-03
7.867573995846543350e-03
8.540485984655043702e-03
8.211586357926375923e-03
9.061695001419884862e-03
1.000866895840763632e-02
8.817006060114757418e-03
6.979991431550024508e-03
1.088430749315284947e-02
8.448769988538376227e-03
1.031695376362440700e-02
8.749747009486122384e-03
9.685552628416412707e-03
7.118570504475177189e-03
6.824097688049950670e-03
7.612502520903750847e-03
1.005799094496299083e-02
1.063563810838027632e-02
9.583235558502810683e-03
6.968603204129457558e-03
6.398347733142649429e-03
7.984542673354185632e-03
7.543530229174798610e-03
8.713300065546427872e-03
1.097070732556087828e-02
8.553544483819201447e-03
8.574880319841781534e-03
1.092939510685412771e-02
7.380090990364683232e-03
7.060185259989399872e-03
1.017892654434794826e-02
8.245360608246236553e-03
9.674652550939348561e-03
6.882898372106598280e-03
8.334217743057502348e-03
8.908685833368666998e-03
1.092276361967250108e-02
1.088667847659807730e-02
9.131636341434587467e-03
7.220784375425262983e-03
9.231824918404662669e-03
1.006659482519240041e-02
1.273519560175105474e-02
1.254634946917816858e-02
8.410781451042089948e-03
9.129566035584697065e-03
1.131682334599238768e-02
1.105066805946776538e-02
8.851555526720150668e-03
7.998479380400727590e-03
8.955607737932719248e-03
7.302907141137467140e-03
6.999348833612356081e-03
1.118804523935769575e-02
8.961239404182844495e-03
1.064700734688025889e-02
1.066784967171838933e-02
1.296563571570896398e-02
1.106374423924371547e-02
1.344624068413840037e-02
9.791074195305251443e-03
9.900332921633722000e-03
1.219993052665430816e-02
8.830994480951676051e-03
1.198545125295689788e-02
7.765214351430667870e-03
8.470490627274115253e-03
1.283669132228953264e-02
1.079485613702901164e-02
9.991926390081154810e-03
1.209647741243324338e-02
7.702723249319001070e-03
1.033755903114893376e-02
9.614561910540258410e-03
6.942311868167325845e-03
1.144029061012283820e-02
5.183561521616189202e-03
8.839883502389655687e-03
6.410692188771282413e-03
1.197824836965865301e-02
7.028703790265111023e-03
1.168833306334766953e-02
8.697293274288359424e-03
7.963645976154022296e-03
8.944300454182235738e-03
8.917799798677874396e-03
1.048159312455817019e-02
1.149145786602388288e-02
7.354563393962641749e-03
1.270842895398375562e-02
7.371803875578098429e-03
7.878046027820011579e-03
7.718871252242920540e-03
1.010104432450504956e-02
7.865420032910111839e-03
9.214151126876790610e-03
8.075474667842582471e-03
7.212184254423331317e-03
9.391871444506533564e-03
9.972438154137064359e-03
8.339000470347019203e-03
1.149038052396942657e-02
8.015663962274880566e-03
1.034693207325037938e-02
1.191866235975122361e-02
6.527025313075335289e-03
8.977665339951253903e-03
8.921199584041123939e-03
1.016659048747211615e-02
9.477475842449401000e-03
8.835967221641767566e-03
1.092477066461531449e-02
7.022861019899094559e-03
1.052704883479969357e-02
9.296400328132016153e-03
7.748313747789318910e-03
1.056420931388171031e-02
9.958000156023423186e-03
