3.792011005835990017e-02
3.031180870617004863e-02
2.073128056782073958e-02
1.192548250636928271e-02
5.921323866948374239e-03
3.108528268021545221e-03
4.412004613583290699e-03
3.670513744640559965e-03
3.219368166065270705e-03
4.690858875521020273e-03
3.351752154743023893e-03
2.614025941635682478e-03
5.714432460121082052e-03
2.957621231399394993e-03
3.040540647602790834e-03
5.519113131023736102e-03
3.142541120614967230e-03
2.720122258580687409e-03
4.486074932076341074e-03
2.402225984686845103e-03
3.298901980107024970e-03
2.487974936562508971e-03
2.250469087711908216e-03
2.022531664973903354e-03
1.880418094343139224e-03
1.822929529406691271e-03
1.826755247630645158e-03
1.972310913929325137e-03
1.889967307979914133e-03
1.928683554284505493e-03
2.049273496814189941e-03
2.339666789707551316e-03
2.075219038793001038e-03
2.416670794397323633e-03
2.195399758263186403e-03
2.386917864962845824e-03
2.413607208282387770e-03
2.264724682166006919e-03
2.217713034729892202e-03
1.996664974961120508e-03
1.831223873855936275e-03
1.881081769679372045e-03
1.744025228261188772e-03
1.804193834010156452e-03
2.028448560650317808e-03
2.135653261519002144e-03
1.883484235866530240e-03
2.074161552618945976e-03
1.663576356927937237e-03
2.163718073394732804e-03
2.046748761525884162e-03
2.223288575864022613e-03
2.087228864791581661e-03
1.805252106071479753e-03
1.723075137843461599e-03
1.755110207757819025e-03
1.227530689243950222e-03
1.871526229813432482e-03
1.792699569322596907e-03
1.583719260522704030e-03
1.542936545234234891e-03
1.447720289264797875e-03
1.480905613224778273e-03
1.541382749702366588e-03
1.764428630280977977e-03
1.428080424520895191e-03
1.641698052228002984e-03
1.308620841349990684e-03
1.196749843439069445e-03
1.240610527795923566e-03
1.236957102020795791e-03
1.297433562161886666e-03
1.373280237799529577e-03
1.390878578192168095e-03
1.473104017944160300e-03
1.270803029672877039e-03
1.473303336802189245e-03
1.435637496460115447e-03
1.232222077358454109e-03
1.192476770377090068e-03
1.364650637080791571e-03
1.336776222716519729e-03
1.484008350217538765e-03
1.234534852337875648e-03
1.418749641135768139e-03
1.179795676823601914e-03
1.257712296821393008e-03
1.200069866813853556e-03
1.189853048220876558e-03
9.971529368502187775e-04
1.154350060534610695e-03
1.196859548011000064e-03
1.248855518655320618e-03
1.067040852378082182e-03
9.833775402257227856e-04
1.148318361185137523e-03
1.165272914774686521e-03
1.064563587040462606e-03
9.784285436364825554e-04
1.315542294725513149e-03
8.926793631310249878e-04
1.194961980151455468e-03
1.061945003438823565e-03
1.039620551363332375e-03
1.171025102426245454e-03
1.076162858596227834e-03
9.600930592638696071e-04
1.197204233255470818e-03
1.055243739451390940e-03
8.809874938087155572e-04
1.125017238139063231e-03
1.174258341468709717e-03
1.175408960645091001e-03
1.052499717204791576e-03
1.009315156515029448e-03
1.005411748963360406e-03
9.831613648305726275e-04
9.125380794660023108e-04
1.245303433663024015e-03
1.186909081537023325e-03
9.502579385940758665e-04
1.425342588942398337e-03
1.040649515757665136e-03
1.091224313997213010e-03
9.369285242719622812e-04
8.656580105270708040e-04
1.242173996687744985e-03
1.138190700234643568e-03
1.211508569479888189e-03
1.045004266977049394e-03
1.107199339449939195e-03
1.413813728919866182e-03
9.779418550534065176e-04
1.482685823673410806e-03
9.041013143520805354e-04
1.145940972266806367e-03
1.144127975740345500e-03
1.059558146009862128e-03
1.177601029032758744e-03
1.140629023193057709e-03
1.087859419856418777e-03
1.189391389421372465e-03
1.512826106769475740e-03
1.000908879552739241e-03
9.486777860268943811e-04
1.229874103252612564e-03
1.225444923539296700e-03
9.852219298707191528e-04
1.215441072075679890e-03
1.021943263112508327e-03
1.169624332485122084e-03
1.310388980830766870e-03
1.282118624503259061e-03
1.066176564551324368e-03
1.267387978823278317e-03
1.208724353458461064e-03
1.269542791305518529e-03
9.289814078531292551e-04
1.233745179593293429e-03
1.147462288506166141e-03
1.098021628326761520e-03
1.005247288931304574e-03
1.239237585680002564e-03
1.311486695900174453e-03
1.146685188377262726e-03
1.098469593928811652e-03
1.012535547678323654e-03
1.100141638849621217e-03
1.391050796721531209e-03
1.383465521331704107e-03
1.164574822100043023e-03
1.121749875118656804e-03
1.035301504965356612e-03
1.065614442275939064e-03
1.304015286714501048e-03
9.048581167346339245e-04
1.301327223344206536e-03
9.661767613114661396e-04
1.391415842887442798e-03
1.024596031192969011e-03
1.050626651323136517e-03
1.380126009907971111e-03
1.103191378478494966e-03
1.119599639027171224e-03
1.116507668897271212e-03
1.099857192456720574e-03
1.317847712190399782e-03
1.055841986168284041e-03
9.437985724622276109e-04
9.286223722666645843e-04
1.285252852702272689e-03
9.692750783303641328e-04
1.073552398284248650e-03
1.272626558486375428e-03
1.113272866062813048e-03
9.984731969547191825e-04
1.006718947227490000e-03
1.043124593338638512e-03
1.120520009726333087e-03
1.324210610997917335e-03
1.357989650848227510e-03
1.309854397105893794e-03
1.350216844011896834e-03
1.095730480077333410e-03
1.056270854562155626e-03
8.828126217554436430e-04
8.527996456774318817e-04
1.171078901252951051e-03
1.056196999779078017e-03
1.108434514752015907e-03
1.117093454092662336e-03
1.187219793964829637e-03
1.575173561816925905e-03
1.034298201008738418e-03
1.016097326253078683e-03
1.283230475940316676e-03
1.041703204433367096e-03
1.005070780148354607e-03
1.156852768361607293e-03
1.365971555665281261e-03
1.019930252897695679e-03
9.072886266412893324e-04
9.558758577069739314e-04
9.969885570513753806e-04
9.388612328192494838e-04
1.110222616413661118e-03
1.040880074427497255e-03
1.223602685172792267e-03
1.055011454743326341e-03
1.274492098895371175e-03
1.057333481092438601e-03
1.115154053405976835e-03
9.898920302253313812e-04
8.638410983806097147e-04
9.000877650742922665e-04
9.788327942216105797e-04
9.186155156078928746e-04
7.854956894327211857e-04
1.007919594850065388e-03
1.135651761078781919e-03
1.138864015828453414e-03
1.424216293477119843e-03
1.122673430229466666e-03
1.038242861887713744e-03
1.072942770772007540e-03
1.197563429547838284e-03
1.176215877007816615e-03
9.316006400163951177e-04
1.060309047182565745e-03
9.700690848261494127e-04
8.965469091986326324e-04
1.006127531881776359e-03
1.081719514929690333e-03
1.021710948866577434e-03
1.345832519481178925e-03
9.154121409209628295e-04
8.391069765840492500e-04
1.166378598445414133e-03
1.197446363224744133e-03
9.830995465721342058e-04
1.085120964947182453e-03
1.046398842072794773e-03
9.382538594228218660e-04
1.081900132741541506e-03
7.828016873625877076e-04
9.878224217194887195e-04
9.381307368703983764e-04
1.054272318411353252e-03
1.229220307969989840e-03
9.766226724584946110e-04
8.790258897678662319e-04
1.033933675435918251e-03
1.025418556731187139e-03
1.053940431087134911e-03
1.167138521205669842e-03
9.723304490598910343e-04
1.046563658555430595e-03
8.966658941981042828e-04
8.775049836267803747e-04
1.106881500933404880e-03
1.140857209143090112e-03
1.086092227835672294e-03
9.855591296309357610e-04
1.125280652733539949e-03
1.137437727349056025e-03
1.350404598669767550e-03
1.245784723055087806e-03
1.185503938544200551e-03
1.015975559567863741e-03
1.163740581589407189e-03
9.329659312527972164e-04
9.409950467567861857e-04
1.198767497367120901e-03
1.103112579444823563e-03
1.186697401502690482e-03
1.045977559418178465e-03
9.996879683615241853e-04
8.775574835431075192e-04
8.302931790683046320e-04
8.593767602624730051e-04
1.128863205809117710e-03
9.708093321213200240e-04
1.021350210322495827e-03
9.402347865685991776e-04
9.473142073762274001e-04
1.076455643324987933e-03
1.012515518463001120e-03
1.022400214999041922e-03
9.900238837788801882e-04
9.643115699058321926e-04
1.236119594332167181e-03
1.301399143828783911e-03
8.819873889050253548e-04
1.153702295606488879e-03
9.197641263149725858e-04
1.023192248322448350e-03
8.308834293896083219e-04
8.241135559977621691e-04
9.872924818180408343e-04
1.177500820009805445e-03
9.099005987150208651e-04
8.965876956920298220e-04
1.043341320717747645e-03
8.513001979782350813e-04
1.133972178448582318e-03
1.186785204140589512e-03
1.043321973226264384e-03
9.484583239891705665e-04
1.126746624930338898e-03
1.196178341718116909e-03
9.572271150030407837e-04
1.142826951253100376e-03
1.003619325214019642e-03
9.852456715787410134e-04
9.108184337280832675e-04
1.124762964092273533e-03
1.056329487901346877e-03
8.398358717571700709e-04
1.383357960930346568e-03
9.430103901747195587e-04
9.191985386644871241e-04
1.291184840181192756e-03
9.376848405283356698e-04
1.023989434575147241e-03
9.531656316629207124e-04
1.050986876879143796e-03
8.735068567251048346e-04
1.008372694283333083e-03
9.640536892551983608e-04
8.953965536081610671e-04
9.528193701208064392e-04
8.699473985181631688e-04
9.991105787973326470e-04
1.031393504370453195e-03
9.120257679824286378e-04
7.868004147638670660e-04
1.101605489367965063e-03
1.113454518687512045e-03
1.172892973359000637e-03
1.071715814446732272e-03
9.403893088131499902e-04
8.391568066998158614e-04
1.083756310628569046e-03
1.143115149157555984e-03
1.122096127696793188e-03
1.102796538876196341e-03
1.244445704970661114e-03
9.720399832666745243e-04
1.191723177134171915e-03
1.008148000736614706e-03
9.096802489542893172e-04
1.211973906489835972e-03
9.348448964700135618e-04
9.386770797037190597e-04
1.062092729689092076e-03
1.203007043356380630e-03
8.884558928545471497e-04
7.921063586674912099e-04
1.165091434641632624e-03
9.567996617605241307e-04
1.004305566578373235e-03
1.054848635568218437e-03
1.071630278977708187e-03
9.591566166061768874e-04
9.889576287536684315e-04
1.004398906743050532e-03
1.215358988526567610e-03
1.011570152992656135e-03
1.021850769989615399e-03
1.101071875030107741e-03
8.999865884938558318e-04
1.180367015419116379e-03
1.125093446582560615e-03
1.053969321333233112e-03
9.330998687664968441e-04
1.183044739584887322e-03
1.171556407360086881e-03
1.290505184516939005e-03
1.091848404522208563e-03
9.491322640408118849e-04
1.075814979588291150e-03
1.065747021781648885e-03
9.751362460508952983e-04
1.098110266712992635e-03
1.185864460434478320e-03
1.024884709969642749e-03
1.106406065644127386e-03
1.233794794176900755e-03
1.188350361572062131e-03
8.698568440057871491e-04
1.179566338452130853e-03
1.144938603727330790e-03
1.056947495561132416e-03
9.822082886163383333e-04
9.075109845936106794e-04
9.240940532174034446e-04
1.069478027842149384e-03
1.058221165613445081e-03
9.343826032816428349e-04
9.217917703282347240e-04
1.194823132645870221e-03
9.059575674563225857e-04
8.244188503465682723e-04
9.983263384516069192e-04
9.069344337870891221e-04
1.120604156246018815e-03
1.179677758709335878e-03
1.112549548752892522e-03
1.001647372825685079e-03
8.150252911986807661e-04
9.739768684415700539e-04
1.061175506225239384e-03
1.075213685780899943e-03
1.148524973601926669e-03
1.004374506062572208e-03
1.042988805559945473e-03
1.011445670329489538e-03
8.608917054391243464e-04
1.124064085424449338e-03
8.520897902704531283e-04
1.001766930182453053e-03
1.030838496686494951e-03
7.509803322912971760e-04
1.055580928733626652e-03
9.308090899771066015e-04
1.101310443422179926e-03
1.120719260762463544e-03
9.763551677378328863e-04
1.127701310582801715e-03
8.558842972638197946e-04
1.121788466567325004e-03
1.177081067191308467e-03
1.062148217267684268e-03
1.031798095487575315e-03
8.993838431859149879e-04
1.179387511791826857e-03
9.632197059116194907e-04
8.678378514927618170e-04
8.893475637548942971e-04
8.415181758568322182e-04
1.044831863698861968e-03
9.543081151237714759e-04
9.839043199437978726e-04
9.386804595852754401e-04
9.076538961181044359e-04
1.019449118476512851e-03
1.152036905731936012e-03
1.033881660140001206e-03
1.255894558133323000e-03
1.083349962405042322e-03
1.172654677271120017e-03
1.131311961241154244e-03
9.150153678682527124e-04
9.468909879274716368e-04
1.044165285353243966e-03
1.172509623210500965e-03
1.174947005963005451e-03
1.301608952888898534e-03
9.620530347804910273e-04
1.253664825430710148e-03
1.187326510652157328e-03
8.845550985010608002e-04
1.053352604642449628e-03
1.304484679444154437e-03
9.877114872456050319e-04
9.551616341893199268e-04
1.151558916760300278e-03
1.122155574308586479e-03
1.040057976502277957e-03
1.041317904394961852e-03
1.157690845223937346e-03
1.159754603750622016e-03
1.068775517835415930e-03
1.328486729072156629e-03
1.263090924918929339e-03
1.027854871189470744e-03
9.126876358142947936e-04
8.844166094615766487e-04
1.087712958790438330e-03
9.624975949828691634e-04
9.004973730742536677e-04
1.141961682186347707e-03
1.064373478397372900e-03
9.540121500020508870e-04
9.645500820223739183e-04
1.012042903602439073e-03
9.679699102374887372e-04
1.101076451415281552e-03
1.298029055173932503e-03
1.022503402002627277e-03
1.013273105581916772e-03
1.106102732652037429e-03
1.192864483459587328e-03
1.117010086659494996e-03
1.131866559429747354e-03
1.098828372349483322e-03
1.096726808379689701e-03
1.116220843871318109e-03
9.929231331185293767e-04
1.229958014297275566e-03
9.558773161717612401e-04
1.143418985151134059e-03
1.228429456911400491e-03
1.099529587142665781e-03
8.504886692388647848e-04
1.285407115352311816e-03
1.083443965474631138e-03
1.258793073375543727e-03
1.171135309448652481e-03
1.114207737404179256e-03
1.022495193682117871e-03
9.770596883852582584e-04
1.117283674726691134e-03
9.702766909096684038e-04
1.276676167482779624e-03
9.152107020915991199e-04
1.154875367595477147e-03
1.560804475206405313e-03
1.218026322562873638e-03
1.257253921113600384e-03
8.895932390407426497e-04
1.024229546164693314e-03
1.064720530830035863e-03
1.005060522980370276e-03
1.084389363196924848e-03
1.183320341371238643e-03
1.054249230018000248e-03
1.052898470313753899e-03
1.005553523672215142e-03
1.095676878632417545e-03
1.210152566279950812e-03
9.210974677692760661e-04
1.023701757542426699e-03
8.844822791426936804e-04
9.420420967677957391e-04
1.110645997774718048e-03
1.146609824196853384e-03
1.017551591303706305e-03
8.457231968141864153e-04
9.561090259907274909e-04
1.098640385005374056e-03
1.117342947664871173e-03
1.174046903503917503e-03
1.352641302468243073e-03
1.250048053089990435e-03
1.140916164130635797e-03
1.046849629483013544e-03
1.065513589968067158e-03
1.015934080616799932e-03
8.397501110104009601e-04
1.006328920623057082e-03
1.077679736541430067e-03
1.006502472889607295e-03
9.220781479496902629e-04
8.821744171994535871e-04
9.504399154338549933e-04
1.049451978470875143e-03
9.692895068085204124e-04
1.283894366049906149e-03
1.063786280834522029e-03
1.038369661061717660e-03
8.717065843045451561e-04
8.672155470249322522e-04
1.085731514545478209e-03
1.159690918139764850e-03
1.169753136320012508e-03
1.238588874786431763e-03
1.328104058196114250e-03
9.176745151327811000e-04
9.476008539740200191e-04
9.953316214383839487e-04
8.156107280248420504e-04
1.091827178155333877e-03
1.016271499565771577e-03
9.311181001033084397e-04
1.300016118516380062e-03
1.277441110183842772e-03
1.332392234834552363e-03
1.091723613795406818e-03
1.244014112203196271e-03
1.001206356702661259e-03
1.224018345440746214e-03
1.259155915539394814e-03
9.008934377464927496e-04
1.185631047151692631e-03
1.219846933659753368e-03
1.001760770812867071e-03
9.837153740314612087e-04
1.064962201282180186e-03
1.358596528675360109e-03
1.246552488234899505e-03
1.137098990087791715e-03
1.117394616132178550e-03
1.093135994727342450e-03
1.179434721044421690e-03
1.047690895220450280e-03
1.085403527866840492e-03
1.044990568755825187e-03
1.045609184481958867e-03
1.120407464932663029e-03
1.041460867348650713e-03
1.235784176301825323e-03
1.169697306716532955e-03
1.100072804941614130e-03
9.957716660535143212e-04
1.443126298398597369e-03
1.220854699287741377e-03
1.147835023490488679e-03
1.150845728577953777e-03
1.073005176206393799e-03
9.910820107156986282e-04
1.117436296986622874e-03
9.814230882213455243e-04
9.972413979078334750e-04
1.040952723319295238e-03
1.299990373275620482e-03
1.206539119061250187e-03
1.046721814089855880e-03
1.024849386057438173e-03
1.369750385701117837e-03
1.187203176687924447e-03
9.722271944600252179e-04
1.126154979433723882e-03
1.140389052054772718e-03
1.023708666497143193e-03
1.065409978832297785e-03
1.247105937026149469e-03
8.910774575397368853e-04
9.461469448016198922e-04
1.202170810331336555e-03
1.272370212485694936e-03
9.227774944909367550e-04
1.120083148501143256e-03
9.935074756617164222e-04
9.635302229560168069e-04
1.042017536227104286e-03
9.869956381989872067e-04
1.005514695788037966e-03
9.641535002441321790e-04
1.041719427401219429e-03
8.952879154307869826e-04
8.402435323708590514e-04
9.160848712821926133e-04
1.261124009041733043e-03
1.190661813451947054e-03
1.007706526216946676e-03
1.122728603526037226e-03
8.105832153531257684e-04
1.178371952115431958e-03
8.604415119808478916e-04
1.163052667260796019e-03
9.416873095636615681e-04
9.849415341908007802e-04
8.466795657600889808e-04
8.989807956004797727e-04
1.024372912081861816e-03
9.664894029864235913e-04
9.364973523920335245e-04
9.562855570531291795e-04
1.068230968648764588e-03
1.094157709860017020e-03
1.028280763784473074e-03
9.702600933538884460e-04
1.143083370997173987e-03
9.066513943536883393e-04
1.070695047785447454e-03
1.167979377977359677e-03
7.670182238151179764e-04
1.227250461336196283e-03
1.031479345862244303e-03
1.093292732050316031e-03
8.982669559775614300e-04
1.225771192022516443e-03
9.921586947703420981e-04
8.751600433821572853e-04
1.046762030567121443e-03
8.350010031256024619e-04
1.180466280757668223e-03
1.336000733100644591e-03
8.935145212289885563e-04
8.290492509657565283e-04
9.843713943959849985e-04
9.485454956020800653e-04
9.208711801307026441e-04
9.642857318242350562e-04
1.041973871829358564e-03
8.675482813139683176e-04
8.661040168365455316e-04
9.070434318337214060e-04
9.525923253744372895e-04
1.057688171870138768e-03
9.998486892545922159e-04
1.066598845981598775e-03
1.226121669844398203e-03
8.735335231282144799e-04
1.047685760915554329e-03
1.006366770482248606e-03
9.798547265961389963e-04
9.722568217802675427e-04
1.042385406532385286e-03
9.799827849213402827e-04
1.097245249653834229e-03
1.037854726590571293e-03
9.878130725273961271e-04
1.198756927968323100e-03
1.118287343994442450e-03
9.444811848370342948e-04
8.902965122563424351e-04
1.304812981331300754e-03
1.027346541718458231e-03
8.761111373988552612e-04
1.065011156759993480e-03
1.065456120131065033e-03
9.831964274354969193e-04
1.098517533400468135e-03
1.035148676667681364e-03
9.411376157831869045e-04
9.677733890443544632e-04
1.202816961347675942e-03
9.356828049645989553e-04
9.607738003855239694e-04
1.038880965552451633e-03
1.090507532639258979e-03
1.218641507670099010e-03
1.124545902558230209e-03
6.990262805886643350e-04
8.169674982925934255e-04
9.041975915317908112e-04
9.422810329715343566e-04
1.138498211653728338e-03
1.002709297340584728e-03
8.053728742413216422e-04
9.289893632442598314e-04
8.412446831709314990e-04
1.116319185864746068e-03
9.330967099235638494e-04
1.030284418593837561e-03
9.668593647235594396e-04
8.848693127208734355e-04
1.203203780749668387e-03
9.153698340852998213e-04
8.349888102875750425e-04
1.060270216865286021e-03
1.044548850111340875e-03
1.117586189116726893e-03
9.389961687106874490e-04
9.409825670703070907e-04
1.010366057578381688e-03
9.646535543147678011e-04
1.016985980523708215e-03
1.030020987474779878e-03
8.961083535469610822e-04
1.194761900541639436e-03
8.014629855618072597e-04
7.487943358765331838e-04
9.993991687980328335e-04
1.182510127240504272e-03
1.064078015244705657e-03
1.027059914517398313e-03
8.644372076606236322e-04
8.132117003276207552e-04
9.724757550729169406e-04
1.116917186145391025e-03
1.071086085847745969e-03
8.646931309566937684e-04
9.346563483346023368e-04
9.637381632837704101e-04
1.157265107492822138e-03
7.943935280108728805e-04
8.418529301600853783e-04
8.510235686324993908e-04
1.040202786336083540e-03
8.779967208083695089e-04
1.072644016743920688e-03
9.989224630652419282e-04
1.005483797431146881e-03
1.103931084798261781e-03
9.648490489393962005e-04
9.675591208971647808e-04
1.175287731586168935e-03
1.076515091436794445e-03
