4.096523817788017344e-03
3.847038077345485592e-03
3.999132932528026013e-03
4.807386683000688422e-03
5.519943925199439876e-03
3.303779184490961748e-03
2.854786402722203891e-03
3.656654023550304135e-03
1.949534843328603727e-03
3.395760283022237428e-03
2.790220184306899977e-03
9.370265634943042606e-04
1.155829944935944089e-03
7.683410580330945734e-04
1.061005528479308339e-03
4.298248187727845811e-04
3.555941659600692930e-04
4.132880966372819891e-04
6.439150026203132584e-04
3.453089701491834896e-04
3.354244603173172691e-04
6.988481253732077613e-05
1.415286677810059519e-04
1.061687693070693462e-03
1.636492266936930484e-03
1.513711142342757205e-03
1.998767726071220760e-03
2.628511985465898163e-03
2.617385824407691703e-03
3.227132551912421324e-03
4.002031715029138841e-03
3.563704127910228853e-03
3.138735401876801938e-03
6.262004620304804751e-03
6.324154008389364957e-03
4.445625653527273888e-03
3.601618966454306348e-03
4.060754190277283265e-03
4.566348257644120903e-03
3.575859378936695632e-03
2.859926114121031683e-03
2.459852905488362895e-03
1.987226117988827399e-03
3.050410549125415205e-03
1.878925830966558623e-03
2.562392583290949103e-03
1.055928345642445469e-03
1.044823176005944907e-03
3.053637719534283822e-03
9.309427137187944925e-04
2.045480291910115999e-03
2.659385059437755286e-03
1.813108408479046502e-03
2.036208034145384291e-03
1.418583483261075424e-03
2.966519084729891541e-04
1.692602507965625808e-03
2.234431058038105836e-03
1.269586023907815896e-03
1.172272948618961622e-03
1.875838516754869479e-03
2.517690522281412942e-03
1.811886783122662603e-03
1.435398940920578053e-03
1.831792956994702072e-03
2.272739243806467819e-03
1.660372384615904900e-03
1.103533169787287386e-03
3.115209460377002006e-03
1.463808568986496193e-03
8.702851670705880971e-04
9.587808076197222975e-04
3.762590070304195743e-03
1.242119033196938333e-03
2.453129970090253860e-03
3.153250478314119452e-03
1.354066079554213818e-03
1.096942147052794260e-03
1.335631214862057718e-03
3.417776484219938100e-04
1.323783662165947813e-04
1.298297493601707374e-03
1.419023448664717300e-03
3.684916504640472091e-03
3.032308588647576048e-03
1.642569987530476637e-03
1.053658402907266430e-03
1.783134716289721134e-03
1.182476267557768272e-03
1.250110316033552866e-03
3.559104622260757245e-03
1.108438095290363275e-03
2.514956860109186614e-03
9.607353701014286667e-04
7.455161133377647331e-04
2.654309465770585390e-03
2.708224407273698668e-03
1.460906586124199403e-03
1.716233173575191714e-03
1.507116258207379274e-03
1.512955918937807214e-03
2.400845795609849245e-03
1.324959438604063344e-03
1.574113191018925101e-03
1.250160470482807821e-03
1.660840335686856366e-03
2.440764784907150774e-03
8.519687161459467287e-04
2.178999802426897971e-03
1.151324264123187091e-03
2.522647954994805281e-03
1.153726362991261715e-03
1.759338096859868698e-03
6.493712130063165108e-04
6.359503396894123761e-04
1.991241410822767663e-03
1.226083759659234163e-03
1.691124553710201617e-03
9.524915776847810590e-04
1.074512938994906476e-03
5.917001095428168914e-04
1.170991634878674288e-03
1.359415312249596507e-03
1.390040998455679836e-03
8.876220429230874138e-04
6.225698385081250303e-04
2.096890173360437676e-03
5.130231450096948281e-04
1.978646151727121564e-04
2.547980575155300159e-03
1.462743069096961732e-03
1.328381916628825366e-03
1.524836900081830474e-04
1.136097543127089719e-03
7.105211951755234035e-04
9.241300565042413935e-04
9.624836323748444181e-04
6.739574948929301151e-04
6.835083804337962164e-04
1.038994422309002337e-03
1.584450938030538929e-03
1.743320880660820336e-03
1.422464749628241662e-03
9.619045821950594939e-04
4.209061328857786324e-04
2.185436053962298408e-03
2.864757745521525701e-04
1.618865092914330837e-04
7.922102711119777090e-04
1.355203900686501864e-03
1.207683161367067038e-03
5.260891078120255668e-04
1.080119769555097642e-03
8.191267276377687135e-04
7.254046977772540773e-04
1.865633509006595124e-03
1.176169710483063787e-03
1.798477970997480269e-03
1.105568066709031010e-03
8.017580241475508922e-04
4.851227659708588920e-04
1.444637574015057626e-03
7.411952836806162638e-04
3.753373215956792332e-04
2.407779066415825992e-04
8.702237204363582950e-04
1.252264573635798262e-03
3.027685876456441398e-04
1.406888941402243505e-03
8.446795869537035038e-04
2.788107338464479055e-04
1.512949144334289127e-04
1.419990677588496043e-03
7.786449176774088357e-06
4.950589840517648135e-04
5.363991393824181627e-04
1.481240155416359673e-03
1.205493116784154802e-03
3.232391416561787166e-04
1.628437377803433877e-03
9.766567064937075118e-04
4.757820477837449032e-04
7.280711538715831750e-04
2.434392589043463378e-04
1.602780353339265879e-03
1.057072097868956692e-03
6.410453789773802114e-04
1.182972460339481828e-03
9.468606121813296066e-04
5.487219015671456531e-04
6.718842048371441878e-04
2.357360571643651436e-03
8.805499880250812397e-04
6.370988432061222258e-04
2.123358117218521884e-04
6.196973122508019289e-04
1.308132428205650019e-03
2.333473822203737194e-04
4.107298884993100183e-04
3.310367043112337850e-04
5.158484031386225939e-04
1.673209489330851167e-03
4.210626184325627977e-04
6.694889075472204099e-04
1.803395017313567201e-03
1.795766691858470543e-03
1.251196401840255941e-03
6.034727113510086676e-04
1.573152833307601712e-03
8.350008059934413895e-04
4.974556356338999527e-04
4.965180469663671480e-04
4.389719582760405188e-04
3.924348779443782116e-04
1.327624107775781694e-03
7.032422357496454727e-04
9.448398194827452778e-04
5.153333421897485223e-04
1.309049047775470709e-03
1.310254510035235897e-03
1.237843117467532636e-03
2.062180229857500918e-03
1.009690107494481135e-03
4.903181710083849738e-04
1.264232593328421938e-04
8.247947658690176235e-04
1.425130383886808990e-03
1.501314704804410538e-04
3.876161300890390658e-04
6.092680130795189624e-04
4.096918671782953224e-04
4.219152220828672074e-04
1.435945780559225214e-03
3.842999929653905769e-04
1.196154152408708754e-03
9.868148707217467945e-04
3.536109939757376254e-04
1.122195081254583017e-03
1.119925479796514281e-03
5.926169128299046745e-04
6.895608423837573447e-04
1.701239024871829917e-04
1.238840721033992445e-03
5.708017446400670677e-04
2.648191543867881438e-04
1.716979607940093870e-03
1.061017577177819464e-03
7.151181315897658236e-04
4.737262370626610028e-04
7.748314577545027280e-04
4.613977560368713463e-04
1.175902793105197339e-03
4.847861275224225430e-04
7.074927264496649578e-04
1.942339006915601296e-03
6.784647817648418143e-04
8.210550158255164668e-04
8.128981204236145975e-04
5.075648078874133882e-04
1.235466141955812941e-03
3.121271623056007510e-04
4.161464880765982852e-04
3.436916266595092502e-04
3.315489462046873332e-04
3.070313348023654462e-04
7.562398367504338283e-04
1.609904298736742159e-04
2.542563506879665807e-04
8.960937757064967989e-04
1.355176711140040121e-03
3.091945193133252470e-04
1.908284522490162681e-04
1.108597515262687780e-03
1.504864355635895370e-03
2.006864040178759267e-04
2.403899347203441268e-04
5.229995064175434367e-04
3.697574931079814398e-04
8.266761341385079568e-04
8.798005652042384730e-04
6.178929438259490219e-04
1.451965964308470905e-04
7.044829963090004784e-05
7.071301168036531627e-04
9.564228096073042239e-04
3.963361610105412794e-04
5.922986608765940094e-04
4.828419294685548234e-04
4.270969714854006070e-04
2.632659591977372371e-04
8.326732607611501144e-04
3.398748599975265399e-05
6.991425788468978047e-05
4.214962153929050544e-04
1.897304106625031091e-05
1.286373778349606878e-04
1.649466758913790141e-04
1.281638558734367458e-03
3.866639232874659934e-04
1.096870792620554849e-05
3.237285444574075589e-04
1.591888515731736792e-04
1.153815475716991228e-04
1.162636421452511656e-03
3.718844572192740033e-04
4.149228296449612610e-04
6.922507079422397368e-05
1.303446841263481866e-05
9.944035235699276876e-04
4.335735986826304929e-05
1.812542044209341965e-04
1.565562952490227909e-04
4.253184133120838811e-04
1.545191003245827664e-03
1.885978427582023730e-04
1.142650387701025843e-04
2.846200783592696165e-04
5.568240399103430768e-04
1.837623490891086874e-04
2.486088597882196130e-04
2.446452240089838203e-04
1.928538676903920895e-05
1.346563513490866439e-07
9.384775686420226405e-07
5.374992613956632373e-04
1.775261295252253781e-04
4.279587083278148842e-05
8.882335386116179711e-04
3.470368484120525286e-05
2.651887192258092492e-04
2.116104329878284681e-04
4.049475885510596244e-04
1.169327527612370224e-04
1.335793882703941512e-04
2.095175036282463318e-04
4.971063998104424371e-05
8.732999633615218910e-05
6.158797146442391071e-05
3.400416150272658972e-04
1.034818438944682967e-04
8.406908141874808388e-05
6.154296871005530143e-06
8.436411748948841938e-07
2.714081237473335142e-05
3.188884751363842574e-04
5.907005029740548677e-04
2.522316605988707895e-05
1.232746045607154397e-04
1.753604939718148088e-05
8.495503101637461095e-05
5.235705289924599705e-06
6.411480475410410041e-04
3.323904042175639421e-04
1.016427343469837889e-05
6.786471624772277137e-07
9.801719078704666886e-04
7.284487593317354312e-04
8.891893822295763596e-05
7.836236309556969884e-08
1.325682078754910603e-05
2.431479651711840385e-05
2.313466177136008143e-04
3.923054839987220233e-06
5.799126420787565776e-05
1.772432769215952165e-04
1.828606081089769660e-05
1.893101854348801266e-06
2.572831621868046050e-05
1.988064223906659759e-04
1.527315795952453046e-04
4.429088846119033776e-05
3.209312603507861984e-05
1.565537295388320449e-04
7.189159604877401076e-05
9.930593746518105724e-05
4.927178850761759158e-04
2.088482257468139255e-05
6.281762938327926352e-05
2.671470780897996434e-05
4.835023863811897994e-05
1.326619258059567820e-04
2.003778715076994584e-04
3.431915629677616698e-04
1.247491269593292880e-04
1.292867581519190339e-04
4.527714996416693253e-06
2.952400448168829579e-06
3.710625005282087432e-04
5.242554853074507483e-04
2.388423740970931346e-05
1.892065078815253327e-04
3.711923284085529625e-04
3.364818395455768396e-06
3.591496560018909512e-04
1.250876496193723095e-04
2.237341520886688238e-05
2.210018426988301509e-05
3.121063202929946377e-04
8.422941739460290586e-06
1.662511801140207011e-05
2.802282710339312476e-11
1.254507735022566441e-04
4.938042788378372910e-04
8.325211066730430864e-05
1.805003708725936524e-05
4.524747994991299229e-05
4.064005393108337152e-05
5.793678493139288894e-05
2.010695459876708975e-06
1.489047706227066210e-04
1.213575618940487215e-08
3.588704602303472329e-07
1.156471069708545773e-05
4.495619012126842731e-05
7.725881217010346631e-05
1.097351597433588560e-05
2.814861473410303015e-05
1.476023235741506658e-05
1.478354033681418902e-04
2.240227958545207362e-07
3.158929643123428309e-04
1.297243571681125297e-04
3.777375550961186801e-05
1.236535223269531130e-05
1.129976456521994047e-04
5.974847914085110455e-05
3.312464665791729410e-05
4.635367194723370287e-06
3.131663382549464895e-05
4.321091521498994156e-04
4.652435184392526867e-04
1.819477259933532009e-05
5.486440488272128222e-04
1.328324722415702586e-05
9.370454126400347558e-05
2.599633405617730549e-05
1.577967908368769199e-05
5.180966206572205451e-05
1.880520528473658009e-04
5.799351006777233973e-05
1.411964278346182927e-08
9.597891714133276327e-05
1.441604695067504017e-04
2.784281869279092388e-04
2.609748179979110098e-05
3.302632172881279259e-05
2.276351129081295333e-05
1.486595147748515577e-04
1.694466586851111240e-05
4.300540202813058497e-04
1.455225839676549740e-04
9.076657713084491621e-06
8.553219428856553548e-05
7.322084796006880824e-04
1.099722906564233919e-04
3.255704339125125441e-04
1.624925638417205756e-04
1.526853915153824303e-04
6.147941667621856959e-07
3.148844666080125525e-05
4.692616952585115889e-05
1.191074004508249623e-04
5.997274818796842938e-05
8.356578447168259050e-05
9.813711722674460693e-07
5.787556886978832926e-06
3.700473246471197775e-05
1.481008305378238159e-05
1.830095790727376663e-06
4.403767556695095784e-05
3.179346559195780198e-05
5.223191173512674139e-04
1.538497411971976022e-05
4.093947164129104719e-05
3.894807552368398682e-05
1.138853170397406770e-04
7.039683036778073130e-04
7.049345660776093550e-06
8.497397195686675806e-05
7.666462469128982270e-05
2.419286179775846375e-04
3.304497200698806956e-04
1.548528305148852310e-05
6.663096514351011948e-04
8.156766899753611013e-06
2.224061659908907354e-04
7.524043236491154608e-06
2.659328555419424064e-05
2.513851737494698504e-06
7.049165749178588284e-05
1.415624320995058487e-06
8.155142849077888880e-05
4.408382328644486133e-05
1.468702769101200322e-04
8.807342015193824631e-07
3.285742603990528677e-05
7.108056649331235990e-05
5.955911648200401136e-05
5.635079667026845194e-05
1.623190492516105436e-05
2.561470182174942372e-06
2.865527585484316177e-05
7.286115674217045059e-05
1.685082261854166421e-05
9.421895612496168648e-05
7.115514647442288776e-05
4.832714607490169136e-06
2.218294707760318341e-06
8.604061461511484769e-05
3.153141967033380528e-06
2.678393159894181251e-06
4.280682349295516511e-05
4.552505650881541906e-06
1.537867866423177669e-04
1.357762134880045394e-05
1.460091671096152903e-05
6.902394584909866211e-05
4.272781131660211614e-05
6.058460167550958726e-05
1.974107085332659284e-05
3.446779952023162744e-04
1.757554793345349686e-04
9.909518657876724640e-05
4.350642983117163873e-05
1.975742592311504914e-04
6.813580215974873798e-05
1.237753339460177401e-05
2.041983115177921381e-04
6.278107653601853794e-05
1.380072691252063310e-05
6.071553983524860309e-05
2.411988671510751587e-05
3.025222441510523110e-07
5.621182479939923172e-07
2.824337781082841966e-05
4.075227540636593116e-05
1.075542780934590753e-04
7.480143375117812196e-07
2.426387373882571749e-05
4.826967778741430974e-05
1.053325834078773878e-04
1.432827981937111336e-04
4.033160535539969395e-06
1.490897467020801948e-04
1.466302855553270281e-05
3.963977536698131153e-05
1.531198381420424171e-06
1.389513717484246884e-05
3.114570623218667798e-05
7.960503034486840710e-06
3.119091086533027973e-04
1.045039018714951674e-04
4.364465715578283168e-05
1.517162688879456842e-05
7.445065659151376986e-04
1.444041188108639064e-05
1.970350468783329753e-04
9.190528974681839796e-05
5.582402505042600711e-05
2.604753857989627387e-04
2.067609348270719322e-04
2.944682100354268969e-05
6.042222350302482232e-05
3.893095553479487572e-07
1.543397689646897216e-04
1.310268016163209014e-05
6.184552409082184909e-05
5.207130038457039744e-05
8.804771378576748020e-07
1.172094659978497867e-04
1.034508055196574670e-04
9.269619533365679631e-05
1.397972858309458159e-04
3.427011931877519936e-05
7.091454885871277917e-06
3.134012675607785901e-04
8.435639623756413570e-06
2.332175780270584822e-04
4.519411271875689977e-06
7.012961245204583048e-04
1.576426038867558064e-05
1.093007505087286374e-05
6.640716816709245059e-05
2.062532829189171970e-07
1.017433702817624778e-04
3.331784281642961599e-07
1.793916482131981295e-07
1.846169946322254780e-06
1.652892495693276427e-05
2.876745706957114360e-05
6.780494037485155904e-05
1.232851246717882429e-04
1.022021631825178675e-04
1.298002870799186588e-04
1.715201324564061466e-07
1.737154241278539442e-04
4.516305850775073952e-04
9.328127902047616095e-05
1.121454939670744868e-05
4.851597539888399416e-06
3.971447676394129094e-04
1.213864110720704054e-04
5.586191785411368980e-05
1.786496864521475289e-04
5.070894364669864237e-04
3.519156297734867315e-04
1.881889796030875065e-07
1.324483167070892274e-04
4.981868116705988901e-06
3.037675310269800184e-04
1.960757179434083935e-05
3.681652750038570579e-05
9.543749361624759568e-05
2.384499980844411924e-04
2.022612646643773081e-05
3.741906345733374468e-04
9.535135874642932112e-05
1.727674304398019059e-04
8.272433166040473623e-05
4.735165665022707431e-07
1.374423604449283428e-04
5.239178872704820534e-05
7.901477718030898586e-05
5.635878090904219897e-04
1.299187745134137600e-05
4.028514317881277772e-05
3.711846392584300337e-04
5.552556024608396208e-05
3.428400805794196734e-04
2.022388022420741198e-05
5.215874290720495565e-05
1.929961128670471633e-04
4.953742966426555528e-05
1.961094210907763799e-07
1.467386018002437968e-04
2.502742403725637753e-05
1.580041221982830953e-04
5.463910820142109951e-05
5.041420377250868879e-05
2.518745954759068747e-06
7.579993531094422778e-06
3.557307780009458469e-06
7.862883827695230858e-05
4.210318385121953728e-07
1.939835679212899679e-04
4.604446962714744751e-05
5.730279550308084923e-04
5.570831600921551552e-05
1.048725936051803857e-04
2.349662960088245208e-04
1.823780283083916698e-05
2.411569059626277728e-04
6.213790495655404755e-05
7.746799965880301725e-06
2.077613162826684229e-04
1.810581666589263243e-04
1.884723476613107582e-04
3.149065020497196108e-05
3.457823126156329023e-07
2.357352461562839367e-07
3.641479115638122623e-05
3.472750201446619917e-05
2.163597331529217070e-04
8.720944504223931927e-05
2.506673091367082879e-05
1.570211315977063104e-04
3.458479455853845757e-06
4.078101793358869748e-05
6.641233830991418549e-07
8.920847715525101061e-05
9.637586946446628604e-04
5.541141907977010849e-05
1.534820564188476646e-06
4.721994861786932480e-05
2.818992833939405361e-04
1.058124265655779271e-04
1.374080775201049343e-06
8.052043041205839922e-06
7.928384143132998689e-05
1.685348308815847222e-04
7.876256606731021589e-05
1.559575882717868718e-05
4.539264066932562243e-04
1.486409140526285763e-04
2.505808584280222316e-05
7.231214957537301046e-05
8.025381478830719646e-05
4.033392980679654735e-05
7.955688048480760407e-06
2.671075023320255133e-05
1.938837681797004058e-04
9.059081108189448960e-05
7.138297549315063452e-06
2.442930573683970612e-04
9.228324738046918816e-05
1.674343706808576618e-05
9.601067241812658839e-05
1.042636465489728086e-04
8.579822557176102534e-05
2.102481840367066778e-06
7.819046244316711516e-05
1.238001926720022953e-04
2.889307430994093444e-05
1.502060276620419057e-04
8.496994688202937410e-05
4.587056171301381635e-05
3.921233921008291133e-05
5.213080606115736657e-05
7.059473611808184980e-05
7.602766389192170630e-04
5.886464388666103314e-04
2.172120179059966503e-06
8.255184297569233189e-05
1.162368833857724028e-05
8.187537218131434350e-05
5.519791545671347348e-05
5.841174799900949977e-05
1.796431693950618742e-10
6.113356346441745754e-05
1.286097207063673759e-04
1.713826535372933802e-06
1.905026097217342898e-05
1.812003793683284654e-05
6.374315273376181127e-08
2.951112944513120478e-05
2.127391231225035278e-06
9.640950475125409033e-05
3.144286462466147397e-05
1.142409282467197139e-04
8.356918815900466903e-06
3.689189649122886409e-05
6.604736725126527340e-05
1.045143175974641250e-04
1.004593309222049962e-06
6.415743678779969796e-05
1.238132568433269838e-05
1.574803478010104480e-04
2.444419925492533172e-04
2.118593354233181411e-04
8.298689732541126272e-05
5.028888180532517396e-05
1.451473971625359433e-04
2.797911428590963754e-06
2.914192922616358241e-09
1.225908931117505472e-04
3.252994476402870785e-06
1.636485445403745864e-04
1.960849346386550325e-04
1.954106465605609104e-05
3.788770669239937563e-04
1.351369433948912879e-04
7.198907391476738980e-06
1.978018093105716320e-06
3.912839923216752979e-05
1.167432383998287445e-04
1.985211072459476832e-06
2.557064923937205246e-05
1.533183855640791700e-04
2.347023743897278414e-04
5.208837266048174175e-04
3.348212475700202850e-08
1.312857545377451923e-04
3.489092876585370250e-06
2.011898610469971569e-06
6.727779016195494668e-06
2.213027907330824900e-04
1.837208594825449318e-04
2.637128695839576148e-04
1.265165586070857650e-04
6.463706486786143632e-06
8.192432048299967305e-05
8.364823907668505031e-06
8.401711640117783236e-05
2.113587491591787076e-04
7.914837888710185054e-08
3.870527101128883252e-06
6.714146406133239770e-05
9.090629453760669311e-06
7.760298218602626995e-05
1.418346966381034836e-04
9.907134379891682622e-05
9.881805243873255699e-05
8.874082558348488756e-06
1.524005722463238311e-04
4.627659996428615350e-05
5.244344549599328463e-04
1.063840075767464244e-06
1.189275298842093981e-05
8.661632947803788254e-05
1.267418009069454579e-04
4.325858450552775100e-05
2.521975651637733767e-04
2.014674432225729156e-05
2.000058552518587068e-04
1.040036349164744671e-08
5.803220854057906123e-05
4.076416979243704594e-05
3.179746987778255676e-07
2.394996173155037060e-04
1.482412722883193899e-05
2.162883828459467308e-04
