7.688223468388562243e-02
8.338025244051307239e-02
8.700604852842011572e-02
8.480724599536222652e-02
1.018662974481127498e-01
9.379651117754352063e-02
7.051380159110282042e-02
7.262328993602094884e-02
5.908581577094784015e-02
4.030831440474920424e-02
3.785557349138558847e-02
4.837782786368068078e-02
4.781627311690362508e-02
3.754246464195118427e-02
4.051912758582659063e-02
4.942634997244083755e-02
5.201630063449792091e-02
5.696253833249288745e-02
5.879492005678803312e-02
6.305783753078532394e-02
7.285430630383410433e-02
6.586688623229094985e-02
7.406832364573051608e-02
7.673141957287481218e-02
8.174317363572654316e-02
8.922577789913510582e-02
9.223835255418402768e-02
9.613583702381335583e-02
9.297756341302197691e-02
8.210432153215857509e-02
7.339518043468121200e-02
7.076138199119370864e-02
5.684605912967170827e-02
4.949534323042139444e-02
4.759187093974198007e-02
4.295062236596060984e-02
4.401448346507851744e-02
4.649301226533485848e-02
5.210667829818654839e-02
4.725948475793007725e-02
5.860798159247653655e-02
5.403130880377868955e-02
5.211561709836138451e-02
4.796950499414887048e-02
4.362678963990280351e-02
4.483046617223642588e-02
3.624410840567051512e-02
2.586585770727151123e-02
2.256265517999327466e-02
2.128870274620347364e-02
3.071675942964458353e-02
2.851251312094714441e-02
2.909060806499930846e-02
3.032957641591655165e-02
2.859196603773541540e-02
2.235763672593081217e-02
2.156025257551750021e-02
2.498999555409488899e-02
1.850883281087358986e-02
1.646165814572871089e-02
1.908378912801676416e-02
1.579268169685212747e-02
2.371480647546512013e-02
2.159245142901647027e-02
2.184334733883005336e-02
2.154152246039256827e-02
1.738638603551788744e-02
1.429224966200553018e-02
1.451792692842423550e-02
1.484908034620444073e-02
1.404629361368761251e-02
5.946587047799894825e-03
8.201611253074248334e-03
7.347391501996066235e-03
1.087844354263032935e-02
1.042306212768547360e-02
8.137618927898392779e-03
8.921461724105763519e-03
9.065185377377554463e-03
8.865018765507284848e-03
7.884181240563408258e-03
1.271258001482062153e-02
8.091965175368439830e-03
1.493882860881489034e-02
1.027877152276527976e-02
6.202237394183066597e-03
7.775142214479568298e-03
6.762991858170345864e-03
1.045756264293033061e-02
1.004245093440044034e-02
9.597650591341726559e-03
8.901959753996355890e-03
1.062966969264827165e-02
7.783210773677730863e-03
6.861541660498654549e-03
7.476296925779538430e-03
5.309030902811727459e-03
7.663096325482002778e-03
9.143285468353625975e-03
9.157094285518667040e-03
7.871274534299079959e-03
8.256570691169745971e-03
7.800279332365244941e-03
8.684881660159323238e-03
1.187636333980718328e-02
1.252299582137352506e-02
5.080294287475179901e-03
5.868437274077315316e-03
1.103138559002401521e-02
5.070350839020817610e-03
6.351717522512965834e-03
1.037163104113712764e-02
6.732027713544385707e-03
3.306605558578599828e-03
4.621526574142424508e-03
5.886691350117532508e-03
2.915693377644841631e-03
3.328554760891912039e-03
7.228592786632699781e-03
4.039809479299895020e-03
6.357208421947400240e-03
2.923595799033147560e-03
4.079474766976172277e-03
6.044456285332269231e-03
5.891827100134645889e-03
2.533417110338473215e-03
7.348885794837574544e-03
4.860961972805237855e-03
2.840157723731367642e-03
2.116385148896862429e-03
1.812059039242550594e-03
6.333189219951099354e-03
4.999152749591985467e-03
2.711812208985099702e-03
3.223627792631238165e-03
3.584775783729342823e-03
6.040932187593229738e-03
2.676737219895271910e-03
3.224839380840947931e-03
2.689705483333300600e-03
3.580940012240638529e-03
2.140867757978714807e-03
5.186236343119746475e-03
3.325725362640159083e-03
2.467039875199795746e-03
2.490743569812855010e-03
2.510686334208667072e-03
4.255749621144677870e-03
9.894391167822374697e-04
4.921215414947376424e-03
2.682948234849898746e-03
1.884075495413996097e-03
1.173930254572022863e-03
1.646300667898872123e-03
2.180179797509733137e-03
1.960047870483180247e-03
3.780951644567705043e-03
2.935769059218953057e-03
1.886074066035367015e-03
2.698559880263862350e-03
1.576700511923393756e-03
1.903229748026771372e-03
2.343172094943312030e-03
3.781680213521784392e-03
6.111913231112398384e-03
2.894031093212460787e-03
5.941678673835645418e-04
4.241544126066076718e-04
2.445286964076029586e-03
1.965976787513249412e-03
1.064429733708486528e-03
6.725683797228763135e-04
7.807411883862982582e-04
1.203364109008093303e-03
3.731094604607188871e-03
2.140694932107289634e-03
2.244904810331944597e-03
2.862211127107440380e-03
1.724518384269379959e-03
8.463498077396105872e-04
3.085929015264000409e-03
4.485715344401164958e-04
1.551854069056920853e-03
8.411342106992209834e-04
4.241090837230462353e-03
2.014403138468703197e-03
3.103224741917150892e-03
1.272389054198891541e-03
2.263543511756407021e-03
8.964445442812972627e-04
1.540343936656504101e-03
8.882578658251407940e-04
1.954145514692760648e-03
3.192644415543597486e-03
1.747802523430093229e-03
2.182273148026422915e-03
2.318982651283101916e-03
1.299743034529518906e-03
1.571834406210301759e-03
9.161102096422138897e-04
3.162609141381951539e-03
3.752368941066861439e-03
2.221984562253266279e-03
3.206415626455610263e-03
1.726565027742479538e-03
3.093552034930045248e-03
1.959078904195221248e-03
2.269607747867986598e-03
1.798874498929670367e-03
2.994699130055767343e-03
2.138734084835780969e-03
2.621171822097442036e-03
2.683873594856850658e-03
1.245665075749192909e-03
2.751836387850540872e-03
1.018120220755607333e-03
1.006354641131022940e-03
1.182427352759670867e-03
1.174467066894949651e-03
1.890410265414114435e-03
2.685050290867249580e-03
1.194936369389182395e-03
1.684842426530008125e-03
2.107772120330644698e-03
9.734039027892426319e-04
2.667046901111827691e-03
4.263410006985585317e-03
2.082516248732603058e-03
1.188175373876720897e-03
1.481141328164900690e-03
2.161635521505066854e-03
3.296658830492901499e-03
4.327688013907375793e-03
3.481306855263895713e-03
3.175438366393693642e-03
2.161262318398439290e-03
1.914754790585178551e-03
2.086428463807850613e-03
3.448733702507380226e-03
4.014002516128432549e-03
2.575793796600549680e-03
3.714718473148057726e-03
3.617035658104741924e-03
1.653430287207569580e-03
3.251582633811037331e-03
2.260066916256651959e-03
1.399662976716032573e-03
1.254048358152176981e-03
2.589700528591389744e-03
2.336299023652645395e-03
2.856622492896112447e-03
3.150553524187243038e-03
2.729918976365954247e-03
2.979415687966359676e-03
1.969034677907781708e-03
2.931077095581914160e-03
1.400654406417040521e-03
3.200461677983695158e-03
2.165308827705496059e-03
1.361647765468735390e-03
4.507154665852490527e-03
2.833502040721253522e-03
1.389306355430929571e-03
1.015040415661225964e-03
4.510420822007741616e-03
1.314022360432052236e-03
3.283294219360280344e-03
2.467162355221279649e-03
2.761282133717829230e-03
2.642720008553246531e-03
1.685188855227242547e-03
1.908351681119048286e-03
1.571508190234231035e-03
8.827795754068195081e-04
2.424773148245749303e-03
1.602545842227973052e-03
2.744453034264569911e-03
2.223356279196104721e-03
1.519093278328945400e-03
2.477016046335175567e-03
1.981541774335366518e-03
3.088489498505811968e-03
1.533142236709542300e-03
1.363166224183041562e-03
2.599346044563104283e-03
1.361460061621396454e-03
6.125644686900764968e-03
3.963296538309787204e-03
4.378848800934446658e-03
4.211854660352251298e-03
2.402962029076506200e-03
1.996063414110017722e-03
1.159276298266999090e-03
2.391284071261416937e-03
1.344778953949090977e-03
4.239412470896013717e-03
2.247757560840141656e-03
1.542070964910259535e-03
8.501817407099465955e-04
1.564654369940006754e-03
3.324752144269029278e-03
1.052912432171292274e-03
4.999022389621882384e-04
2.694610355136995393e-03
9.814029242174822018e-04
2.144309711984408121e-03
8.742392910987806763e-04
9.782005320867206370e-04
1.198145783533604604e-03
2.684576509610404806e-03
1.257242139675861367e-03
4.065395156838299585e-03
1.874587676952736313e-03
1.418758659461194418e-03
5.051987255160714577e-03
4.892603261206587319e-03
2.473822737154960857e-03
2.739118718605172784e-03
2.412814845424576804e-03
3.186464531259427038e-03
1.046509841370483421e-03
4.677126489033012202e-03
1.644932029506511809e-03
1.126103305969407622e-03
4.056211201851202958e-03
3.206661358010794161e-03
3.181901027882560410e-03
1.898319059693946275e-03
1.909968945719774797e-03
3.049681501792987203e-03
1.104183438786603957e-03
1.788555797887425233e-03
2.614500868714385220e-03
3.461407989898609375e-03
1.436003084002222862e-03
4.572890305265273699e-04
2.452832530885324259e-03
1.534863763446861311e-03
3.475684213862323402e-03
1.988957318055716277e-03
1.852629644638192387e-03
2.813859990253875579e-03
1.411051334718940904e-03
1.169963739098263920e-03
1.268346445681343667e-03
2.181225481793701900e-03
1.992330014676709556e-03
1.538998460761682036e-03
1.963682972844199744e-03
4.818276696385066934e-04
6.101696035454253668e-04
9.253775479614403422e-04
2.220706234872714836e-03
1.237100908273378909e-03
9.872237493088594981e-04
2.276861512195961675e-03
1.689542838298662081e-03
2.504089334469585416e-03
1.992847280354511589e-03
2.078071782231225451e-03
2.825561131963886738e-03
2.079731045221094692e-03
9.204971536041993939e-04
2.100436824141848745e-03
1.481049034497593925e-03
2.151640579221510401e-03
1.191696523831344522e-03
2.277151974753140011e-03
1.671664576744902927e-03
1.638308938939878317e-03
3.376665737270640420e-03
2.830502934906645087e-03
2.800230865120404040e-03
1.369135829189018503e-03
3.050279275101562548e-03
1.198095774315494685e-03
5.213576636545643600e-03
1.031940103099532238e-03
1.163183001347776416e-03
1.779156905795916625e-03
1.411977618366286368e-03
2.771626660531091319e-03
2.320162026243827169e-03
1.786720381699139848e-03
1.893985368166139225e-03
6.819151250321416015e-04
2.118179623760147248e-03
1.471958074953936060e-03
1.873020593869112070e-03
1.805391160330107204e-03
4.239901156796865443e-04
9.708470259095925564e-04
6.690934924642426155e-04
7.288147102983469870e-04
3.103556467269423611e-03
4.110101111742928181e-04
1.182263248125527740e-03
1.248134477792812612e-03
3.150948742472329048e-03
1.829652985664022595e-03
2.020676791129092688e-03
2.301151938071921334e-03
4.517117819891109179e-03
2.276321313958845020e-03
1.525367954720676777e-03
1.085600551827129280e-03
3.027495651187071552e-03
1.439731123830749124e-03
2.183795403191459046e-03
1.403112697373412468e-03
2.953071486465710417e-03
3.340817858777761409e-03
1.702352617524876145e-03
8.736349073500485887e-04
1.606322211322650222e-03
8.752813523390929034e-04
7.383197237467226852e-04
2.075831473290322936e-03
2.278744158196227901e-03
2.359136556932622808e-03
1.659834272642423184e-03
2.650639207436924615e-03
2.418806110243268848e-03
4.225504175149772876e-03
2.099531759305154743e-03
2.529018748246431025e-03
9.888657397052326263e-04
2.474800179392431989e-03
1.402195205539674434e-03
7.746803900125697959e-04
1.590858166035851850e-03
3.267694322499241962e-03
2.952313997502411212e-03
3.676039228199218505e-03
1.589848568495853950e-03
9.905169522968454258e-04
3.741307466909713940e-04
1.289108490925251153e-03
1.988024702687592269e-03
1.258570036487976357e-03
1.162899481887486085e-03
1.934984894744606800e-03
1.302004276686779226e-03
2.224120915973944266e-03
2.552301141876534701e-03
9.299529173607743154e-04
2.560855334459049767e-03
2.696951676845032227e-03
1.722639523336657198e-03
1.363478157464271872e-03
3.308131224248895674e-03
1.526417261739995311e-03
8.454595291350572870e-04
1.661340473996836438e-03
2.690160643987267626e-03
2.529273351946400693e-03
1.456980713342697926e-03
3.344921671677296513e-03
2.805624475275879902e-03
1.661763171742873524e-03
1.653841965948091557e-03
1.816866765181629310e-03
7.980467195528792579e-04
1.691690274345716101e-03
8.239835393469477744e-04
2.716963991021315982e-03
1.091301975123468333e-03
8.473990519422420478e-04
3.275236268589156070e-03
2.348800578724070248e-03
1.482518504897094129e-03
2.611495477533087861e-03
1.463235379024979493e-04
1.395110949505921341e-03
4.866315656548763561e-04
2.035565862616568484e-03
2.248966452298050821e-03
8.398694810319213590e-04
2.643216670969188511e-03
3.060875785077514077e-03
2.600491535528534626e-03
2.044458544323891382e-03
1.667814097847830201e-03
1.640153432601211244e-03
1.847995985576276687e-03
1.698800661275310210e-03
2.184000784570986915e-03
1.889343503363129749e-03
9.544325328861627804e-04
2.351410674266371428e-03
1.527322512599095560e-03
2.887576499094079638e-03
2.824254215607029193e-03
1.898782742018780088e-03
2.474123591798443639e-04
2.008132636993066513e-03
1.376402997336652161e-03
3.545816379075320858e-03
2.051030684825360176e-03
2.317060258509117884e-03
2.101486706436366935e-03
1.130590543647036136e-03
2.378585937135957278e-03
1.746474178718416181e-03
2.490093359917625732e-03
1.428135692901694002e-03
1.213711855934056618e-03
3.290317968430825617e-03
3.166850241290056645e-03
1.836553097788055314e-03
2.404043596097317145e-03
2.944322164796767897e-03
2.037373422497928879e-03
1.339615236301246529e-03
2.232868137814123227e-03
2.185832911550534673e-03
1.373702053252231700e-03
7.038474094680959980e-04
1.490545442778517865e-03
1.595872866561838261e-03
1.791800841377911863e-03
5.184538556919653443e-03
3.823449369782588262e-03
1.285596947211327347e-03
2.205896557483750294e-03
3.343842660826571063e-03
1.659145972467683527e-03
1.455654491226279074e-03
1.226327304133431476e-03
1.586962753774968362e-03
4.429492579602541135e-04
2.393041670915222949e-03
2.122468147533554568e-03
2.077659977046129262e-03
1.201994048207176598e-03
1.445501606544690636e-03
1.826508045050092904e-03
2.314822771673147057e-03
1.819700715793761336e-03
2.265002759763594820e-03
3.080612382611883082e-03
2.666509819055038703e-03
1.482689900101417154e-03
1.971587335589337475e-03
9.278413817412062411e-04
2.667211128027824948e-03
4.852549764244576858e-04
1.621853123253943650e-03
2.710910558537281065e-03
7.890057942113253529e-04
2.550762958821722361e-03
1.261600138777008205e-03
1.357829966825557831e-03
3.648493910460320032e-03
2.367656281598736184e-03
2.521975993713552501e-03
3.716247575109667568e-03
4.096557750129498250e-03
1.353744802387989643e-03
1.183023342073835681e-03
3.620348641490455602e-03
2.668428258088315942e-03
2.173089280316461459e-03
3.380776023972687817e-03
6.432376753728554679e-04
3.314927735465888342e-03
1.077685424246363185e-03
2.905407399180824288e-03
1.108348451764304020e-03
9.028785521162182746e-04
3.268227120342098550e-03
9.605926702904565156e-04
5.254872824447198720e-03
1.390841959306568943e-03
1.199152011631699280e-03
6.792202245136317717e-04
1.272656489110830878e-03
5.534365323049363810e-04
2.147884780079208772e-03
1.672402901948316948e-03
1.271270552986953663e-03
4.593048767284466831e-04
2.354547676351002351e-03
2.802938490464280345e-03
4.837205995206933160e-03
6.455071280543479666e-04
2.181101502456538142e-03
1.282578827446306498e-03
9.224332446169330015e-04
1.939356637076282072e-03
2.597180988457529083e-03
8.083815179662925217e-04
1.665003373389242454e-03
1.773350409643788001e-03
2.000701562151458758e-03
1.425177043060205052e-03
1.230837539724166001e-03
2.165522101667931472e-03
1.519581030460083124e-03
2.589533923658361800e-03
1.757932645407721435e-03
2.046458377461906914e-03
2.030868436905388080e-03
5.260724287707277316e-04
3.509690294745747979e-03
1.619022172235753130e-03
1.488072595942778421e-03
2.043875618661542687e-03
2.210760859644482750e-03
2.496308948256547536e-03
1.295206426896966263e-03
3.177362790194366085e-03
1.570379886193125395e-03
3.185334593915964321e-03
1.379089957485063900e-03
3.360853565968587118e-03
2.272691714287473214e-03
2.880074301783610083e-03
2.000589858173176718e-03
1.790554113802519031e-03
1.192857815946597472e-03
2.033626535209442920e-03
1.246315445842564049e-03
2.255881617923899494e-03
1.604533907736372831e-03
3.286994132649692559e-03
1.545000497684676606e-03
1.434745733828826338e-03
2.694423863031339579e-03
4.411234447660917872e-03
1.674948484509938352e-04
8.175779373088386129e-04
1.379818365938570348e-03
1.790389019688598060e-03
1.305995271284176879e-03
2.507940027045150577e-03
2.615287021733464414e-03
1.906405683672813796e-03
1.457702577162505462e-03
1.226783376895851938e-03
2.189721136283337855e-03
1.792683757009170186e-03
2.175763446582323034e-03
3.157794308502179757e-03
2.112776099310276386e-03
9.583308883032342143e-04
2.077763062633987239e-03
3.740973060299928438e-04
3.363354708803800198e-03
2.647714211877351398e-03
4.119018752413467800e-03
1.716766512522242740e-03
2.705461232616402853e-03
1.512251966877016648e-03
4.688453550155680973e-03
1.935719689415179266e-03
2.285059525916859416e-03
2.849892278078189085e-03
3.184266763444496690e-03
1.376861351735249707e-03
1.578516357670925723e-03
1.428100472116855665e-03
1.836394008923262827e-03
2.280207078015876118e-03
2.559805257988570677e-03
9.923511118927858757e-04
2.334597598809174009e-03
5.676660982121187584e-04
7.409416421987150567e-04
8.714729196471000978e-04
3.621544261344699766e-03
2.752692788975731695e-03
2.134808877160780400e-03
1.948821523362408419e-03
2.317082522939369147e-03
1.763550744531127519e-03
2.194737685531366039e-03
3.063996688359014141e-03
1.916301064699857479e-03
1.188760746775255426e-03
2.133022143794185369e-03
1.579197975776059845e-03
1.160372188641477882e-03
2.569585049031860701e-03
1.502274875717055785e-03
2.245266041030914879e-03
2.048026748397178097e-03
2.759825002161871415e-03
2.084592295976184662e-03
2.146125325895519801e-03
2.539144384518794099e-03
2.459299725370652293e-03
6.883386748056736148e-04
1.408103747680271170e-03
2.915115848669363758e-03
1.401052626619946973e-03
1.257911278617153666e-03
2.925473794276407715e-03
1.554560075205699493e-03
1.594623643651789727e-03
1.001389743845485522e-03
1.750121787940704752e-03
3.657473396870783260e-03
2.468893857007047141e-03
1.408197540976800386e-03
1.879456594528837237e-03
6.735159486006051487e-04
2.197286889395312290e-03
8.791850734964306137e-04
2.829834004918295193e-03
1.845788791460906911e-03
7.417837864260684545e-04
1.965604238513773538e-03
1.599337635526239428e-03
2.498998849880616074e-03
3.473262873703399090e-03
2.980755186756092658e-03
3.078014738632336295e-03
5.061967838545020212e-04
1.270875428651946490e-03
1.208163077212957110e-03
1.628795409094305679e-03
1.757014918718572240e-03
7.694923991765909629e-04
3.245949752584993166e-03
1.583688997173942790e-03
1.749178839611558334e-03
1.451894426546367686e-03
2.467982852205864979e-03
2.675270018748167073e-03
2.092888247606739579e-03
2.269768964787181268e-03
3.474513245756042073e-03
1.669688884318191709e-03
1.491380979101927622e-03
2.425698144534807303e-03
1.881342109743588823e-03
1.340658373422422755e-03
2.089202993828312687e-03
2.583446388771412725e-03
2.350550225400713580e-03
2.022072510962431846e-03
3.245324013195983754e-03
2.959929492268204530e-03
3.374931598412646110e-03
9.004402227979407597e-04
8.981663946684330727e-04
1.280153580421031787e-03
3.050760727660297052e-03
6.030312429267674270e-04
9.981434409811443427e-04
2.741846778173843112e-03
1.361759542388392159e-03
1.125329080175414484e-03
2.564055000421937205e-03
2.874171892010572195e-03
1.486731900499593112e-03
1.938418219740157622e-03
1.433874860925907517e-03
1.112595436342279876e-03
2.116610100351492846e-03
4.885997474042256400e-03
1.122303169318470111e-03
1.121504267892535142e-03
2.229352595562686824e-03
2.198910386159222321e-03
1.212145139260553369e-03
2.665291281865907105e-03
2.664413411344160147e-03
2.686588033035571844e-03
2.044159791965738035e-03
1.082368199812832081e-03
2.773655771103459167e-03
1.623275095760786215e-03
1.750599478859143562e-03
1.363673869000146506e-03
1.518015918371156629e-03
2.426299929282795063e-03
8.703269058028643979e-04
2.888825212230824308e-03
1.073615214719771463e-03
1.021685482427425740e-03
1.825359692951312139e-03
1.797354421341418491e-03
1.605526310997752639e-03
4.863527562097564433e-04
2.586371753665599616e-03
1.772910466693246052e-03
1.337508887412221237e-03
2.692682942105747643e-03
2.242987349298810901e-03
1.120579754435894202e-03
1.421209019456744693e-03
2.702191612749648818e-03
2.713536973086714838e-03
5.018646316743840012e-04
8.278801130593948761e-04
1.629733008121909358e-03
7.051122588329716920e-04
2.995630828612515836e-03
2.774337982248870765e-03
