4.056326819475807380e-03
1.926707229205904676e-02
4.152927273654128532e-02
5.258366391094898562e-02
5.149465662875595678e-02
4.098879256164238150e-02
2.479398031618257683e-02
5.855257342254233631e-03
1.491029154167520545e-04
4.087222540069515749e-03
1.491094912029151780e-02
8.307486968455736823e-03
1.226899802691716941e-06
7.000207575504880340e-03
6.679600762727514775e-03
3.686499037937329259e-03
3.107689429679864196e-02
1.239982082218322838e-02
2.856430404254539805e-06
5.472426275767902290e-03
4.723476053461028571e-04
4.433527877243335739e-03
4.093932889536321985e-03
3.367442322764559442e-03
2.497855455929531322e-03
2.279645755003777011e-04
3.634287949609060157e-03
3.939127309846058266e-03
9.029154091053648301e-03
6.970013692401851729e-03
9.542846507626516137e-03
1.503801861156110406e-02
2.061926405059539419e-02
4.005687512191700300e-02
4.004738967771198643e-02
5.016923988541609203e-02
3.942756314084281538e-02
2.688120065108939166e-02
8.203381556550247769e-03
5.764301633653291264e-05
1.546928451495065333e-04
2.289601907222776553e-03
7.818180034448913435e-03
1.089180686409840781e-02
1.278176403175880493e-02
1.255040872226891729e-02
1.654536729911081777e-02
2.098429939018090287e-02
1.773562509845620291e-02
1.508600314707735611e-02
6.729118554714567761e-03
2.002156362636514295e-03
5.911805331243090910e-04
1.149040350895839122e-03
3.056166043484035300e-03
5.432375443004540741e-03
1.282416016600410047e-02
6.572648425992591407e-03
9.295843655510473841e-03
1.059050320073843914e-02
6.675742107931530167e-03
5.405135002097894055e-03
4.823470016828787662e-04
4.569249313232918064e-04
1.676809997507398497e-05
9.005931256415698359e-04
2.114837640652165486e-03
3.453268684743488696e-03
1.856479044774547857e-03
1.046996628850506731e-03
1.568401430420445896e-03
5.325945123708042406e-03
6.126111548325229895e-03
5.552728325722917219e-03
8.487531633652453189e-04
1.069635670864214428e-03
8.320460652191572458e-04
9.637759321504951867e-04
1.601464732662141385e-03
1.519753783300709657e-03
6.602452762896125586e-04
9.080309995744477274e-04
5.822300990013206648e-07
1.328155546781912633e-03
1.075236710975530216e-03
7.005003112224031869e-06
2.814243161369340217e-04
1.052213551924177995e-03
1.208179962403398925e-03
1.216276155270223404e-03
1.973752215572789658e-04
2.360583979482160813e-07
5.464965609496848621e-05
6.484685212712413399e-05
3.792840029856064683e-04
3.655442279311011787e-06
6.906195179758643310e-05
1.025259442618727928e-04
3.150189301513639972e-04
5.240186776016542668e-04
5.540935499176017666e-04
4.009651384271353813e-03
4.216489742022251283e-03
4.372942900705261565e-04
3.289949465768065629e-04
4.949582848276402739e-05
1.368906138050432260e-05
2.054506545199663014e-05
5.765256858075921260e-05
1.114683533816307123e-03
8.624713480075919987e-04
4.580997092475210712e-04
1.787044406095920131e-03
2.403123092312098134e-03
1.382332796636757000e-03
1.422910901647675246e-03
2.336870412870680359e-03
1.434008720578177493e-03
1.620230042067490343e-04
7.174554140880986867e-07
8.565911178139726332e-05
4.157669981800981240e-04
9.474193561743156442e-04
1.935615652334733879e-04
1.759498980172799552e-04
3.851999027033214040e-04
1.817161709897178543e-05
1.044205598946614400e-03
2.128817877630777687e-05
5.983266206143870742e-04
2.267314715920104866e-04
2.314433933249553012e-03
7.470853082071300449e-04
9.557420284892004583e-04
2.351397765330533131e-04
8.053295894908358654e-05
1.251047894626619914e-05
1.809386192015934895e-06
3.555785910292223653e-05
1.364177841272268320e-04
5.770904986294712419e-05
5.504720781965398576e-05
9.905091379486382838e-05
2.485754110543526223e-05
4.544401532370319021e-05
5.065048021820888358e-04
3.977341915238190588e-04
2.344031924616467972e-04
3.463211408757626815e-04
3.061734801837792517e-05
4.625891299025067325e-04
1.003595003003679461e-05
5.852497828234717696e-04
5.806569407698969126e-04
4.579533034408735407e-04
2.245584882006098758e-04
9.148269219768068432e-04
5.229279971942840319e-04
3.676279613705550316e-04
4.334605164340575058e-04
1.491606548448624057e-04
2.391632432769486352e-04
6.385238173354205885e-04
2.258797005354470661e-03
5.469338631892025487e-03
1.450015063727948077e-03
2.485822922112289377e-06
1.645875356182077267e-05
2.869353127595763243e-05
1.857047245741811139e-04
3.352468477703237585e-04
3.916530469254591229e-04
1.472227649162314902e-06
2.117953047027791764e-04
2.179184400987408668e-04
1.472894737558913665e-07
2.394057332165931262e-03
1.547946486981725258e-03
5.623681655279839453e-04
3.502969559445577331e-05
3.953855361134693699e-04
1.410613118090872273e-05
7.505873730765411653e-04
6.989535246733529286e-04
3.610882107377620404e-03
2.825166294659275761e-03
2.409154838262967443e-03
1.010766457091959950e-03
2.313613959385284712e-03
1.918047645183830984e-04
1.466898260984116596e-03
9.934958478923876224e-05
2.147640420075431177e-03
3.046519329762989187e-03
2.043117362972706255e-03
1.522423865617992178e-03
1.817736789671356001e-03
3.233983718784667373e-04
1.007454487381637728e-04
2.320260484252988499e-04
2.984006502488140315e-05
2.530349055139714397e-04
1.504468647126505068e-03
1.108451578350873150e-03
5.508685204475391624e-04
2.801254471603735404e-05
5.400938235453907983e-04
8.935756044698869817e-04
6.739477859482234309e-04
9.010565610980162624e-04
1.225867346742118150e-03
1.563449642760643930e-03
1.899462289961098733e-03
1.298345093572572662e-03
3.096424921139678387e-03
1.724803503097172225e-03
7.802138088530492961e-04
1.007413011497752375e-03
2.020582214235144749e-03
1.913525428214827217e-03
1.422519882078944519e-03
1.412321578849316909e-06
4.103527166372097429e-05
7.341815213453987737e-05
2.525697515071460776e-04
1.277892110475427291e-03
2.923641045259209835e-03
2.065671706502666093e-03
7.102299533945413126e-04
1.677157939456528713e-03
1.259216928842230411e-03
2.265148610659320234e-03
7.752684409727614171e-04
1.249858080956333176e-03
6.275505124605970089e-04
1.809813821747916851e-04
1.469594320421941215e-03
2.381050806699341448e-03
2.002375908458385156e-03
2.358455775392833407e-04
8.794937456076437317e-04
1.019378282837005807e-03
1.083841900784796464e-03
6.552338308455704771e-04
3.697274331578877379e-04
2.034085749113632817e-04
7.217898136302012960e-05
4.225463093066316204e-04
1.666553461473692247e-03
1.851440675908387623e-03
2.866628119969445807e-03
2.412047754018196034e-03
1.303524146610028720e-03
1.880454328116358889e-03
3.555231398621312017e-03
1.960899366146591234e-03
7.161069609566293650e-04
5.994408187829232100e-04
1.845127463134385018e-03
2.265253827020108867e-04
1.412233667794642435e-03
9.221959748514635532e-04
6.919924226627218768e-04
2.897375941713913020e-05
1.535203059269173783e-04
1.540082509356526010e-05
1.886526234301767681e-04
1.892991616466433412e-04
1.212700514665545357e-03
1.702416642235404667e-04
1.109559504514707985e-03
6.315842936445689769e-04
9.951265542107309500e-04
2.432577840061300961e-04
3.691315493691336332e-06
7.381928850219226460e-04
4.373677524977747433e-06
2.117751786820937091e-04
3.087212440077534838e-04
2.689181926020852909e-05
6.627614320998680315e-04
2.875644620773951999e-04
4.957288579265878119e-04
1.576125732310481187e-03
5.532820813005001788e-04
7.919942178408725855e-04
1.061417556568623483e-03
1.511646976887532409e-03
1.104058729288635117e-03
6.546707796715344656e-04
3.294433594748688273e-04
7.027509827176232383e-04
3.030970135334723047e-04
1.218138773122165583e-03
8.384509725999310641e-04
1.141818514678907088e-03
7.138640936185928392e-04
2.505875436840808608e-04
2.580447694068163552e-09
1.743080393998451956e-06
6.987045290969030875e-04
3.803898577655146293e-05
6.327772783421983869e-05
8.404217347994124470e-04
1.472455256485182061e-04
2.966059621632389717e-04
4.432673496116981086e-04
3.968143892352232619e-04
1.668624771989513772e-04
1.187599547858773008e-03
4.856661708275290920e-04
1.012256692426058338e-03
5.361860694967885517e-04
4.526237058014117068e-04
1.310889093704803009e-03
1.553083841336856110e-03
3.067633392687020978e-04
7.861043591822396495e-04
1.015710641756291084e-03
2.668388893722718823e-04
1.106845844701203944e-06
4.712685433739669709e-04
2.363256832353297608e-04
1.067699915981091402e-03
6.413391098393433432e-04
3.212690178781075264e-04
1.890225209342230931e-04
7.992938169971174121e-05
9.100370843619948354e-05
1.941073768293843472e-07
2.783541524364924907e-04
2.358538730125486521e-04
4.933518917520355500e-04
7.243258706392043415e-04
3.206179712535006231e-04
2.145235804119028581e-04
4.523280141938538796e-04
2.210338703428714859e-04
6.654173044687466173e-04
5.565033487276541428e-04
4.143729399864607213e-04
6.832839446761699957e-04
1.530775464269452750e-04
1.736790279067905007e-04
3.140664919395955027e-04
2.189087482437680234e-04
1.041408966764087798e-03
1.371402425863357897e-04
1.243802747487126464e-03
1.199945669583050550e-04
5.619310670178584910e-04
3.862584279295988208e-04
4.743490867112323188e-04
2.218326226783156555e-03
2.651754025349398235e-04
2.817825690434640489e-04
8.192350072578157396e-04
2.713688050117092783e-04
1.104609784736896661e-03
5.929914232088653739e-04
5.067609847429377801e-04
3.779698305742315969e-04
5.602354060775663943e-04
5.893440402538017032e-04
5.771784938555173756e-04
3.439589762076473273e-04
5.127334079402494230e-04
2.256902230858286889e-04
1.086159418913911975e-03
3.396316979604177208e-04
3.854568073417393641e-04
6.658712008729942991e-04
7.981340482291129088e-04
5.435614081286131759e-04
1.541459253854872685e-03
9.090736357823143163e-04
1.298454890623538345e-03
4.518248465874966416e-04
5.981492096099358353e-05
6.236150221200168625e-04
7.268363550862438471e-05
1.837048243439710427e-03
1.189598375389514656e-03
3.076142177662411826e-04
3.918960600960121814e-04
6.909887923061713193e-04
2.129455394967542925e-04
3.121817025844227946e-04
3.306730859350102167e-04
9.326854949471033137e-04
3.255287784852571245e-05
4.797608688840769120e-04
6.140187118435431243e-04
4.792949735867239446e-04
4.337705233737434757e-04
6.929589615621166345e-05
3.515265675266485688e-05
1.620386584972023322e-04
8.636124846633511576e-04
2.903631494345425106e-04
5.661363246190353625e-05
3.719392769346543037e-04
4.024194943360114127e-04
1.467223273937212733e-04
2.678590941879062924e-04
6.030766621427449957e-05
2.853395678529532581e-04
1.300168151116094881e-03
1.247116626955891382e-04
2.706218647432129963e-06
6.852675739439481779e-04
7.559061357788836701e-05
1.448061427224818726e-04
9.710959733810674245e-04
2.475438472366411121e-04
8.869218150252797023e-05
6.917650973549433358e-04
1.454999906195201945e-04
5.056500904775401315e-04
1.100432790711830143e-03
1.320256288574191790e-03
4.385002597677164853e-04
8.361745463935885440e-04
5.385677450423124535e-04
3.627409680434184425e-04
1.251457976053141829e-03
4.121042720118672679e-06
6.440674941158551232e-04
2.512084351876857987e-04
1.131244402995902816e-04
7.530830705404063200e-05
7.878398739321467326e-04
1.040054820303573007e-03
4.396065085480615098e-04
1.456263122817150180e-04
9.312270754157043551e-04
4.406891147842918483e-04
5.517569747946923743e-04
8.311751540058785487e-04
1.204767669364020842e-04
1.117406114956574249e-04
4.224979005258546545e-04
8.279135284325583443e-04
6.136327805913873411e-04
4.015399478459791868e-04
1.477988446585335835e-04
9.929732703465724616e-04
9.760543829395242369e-04
1.299429269824164263e-03
2.727970172862525860e-04
1.473174077767063460e-03
9.295292477506699250e-04
2.120196252642826351e-05
5.289291261921049737e-04
1.752627099190223617e-04
1.263291430380315307e-03
5.321354199938721323e-04
1.209095629696466529e-04
6.223138767108771707e-04
2.363023670188541935e-04
1.082197796555999295e-04
6.519557806303675996e-04
2.125591894326812881e-04
3.298950416970574534e-04
8.830905820642061092e-05
9.349232454684269908e-04
9.400986670100863751e-04
6.126362428785129904e-05
3.144364021533496527e-04
4.624376650403901664e-04
4.151659075893585939e-04
3.432220170123551897e-04
4.130601934841445412e-06
5.328379809774120212e-04
6.227728469944025184e-05
5.630184123693651992e-04
1.214692352862452789e-04
2.050504236566760217e-05
8.478536448836738884e-04
4.626573143822607288e-04
8.520067530528434860e-04
4.278633574608799129e-04
6.044156533366742501e-05
1.788126361801607516e-05
1.215289315229475158e-03
9.608075544885429900e-05
1.027688876615009196e-04
5.035105360406263650e-04
1.574807553025593101e-05
1.273630481643628180e-04
3.775451046289795979e-04
4.527947160746175316e-04
8.186529090155385225e-04
8.821265828693032824e-04
1.488568526147228822e-04
3.914883046676162796e-04
1.103076212000908644e-04
5.249321634959035372e-04
9.048155176566234073e-04
5.850554217676681148e-04
8.765328119390379926e-04
4.091866067560849594e-04
3.028946144340698707e-04
1.417555889699726032e-03
1.026978564697657130e-03
4.866303442058554900e-04
3.713907264475760101e-04
4.162052569401364886e-04
3.333136714561824423e-04
2.480989020335442355e-05
7.783373046568838527e-04
4.377765397733224652e-04
1.206057957788667133e-03
4.281300810925119191e-04
1.089269633314515545e-03
9.142832320442890581e-04
1.290791162417669708e-03
1.192517972973574899e-03
6.224220661237813345e-04
2.213817903265203821e-03
9.247047886537698280e-04
1.876479467208003096e-03
7.423864823385534738e-04
4.211152786242483028e-04
4.823285281399229837e-04
5.301970621947410490e-04
3.734402421410669653e-04
1.363616098466530668e-04
4.635773663023461588e-04
3.771700048527774365e-04
3.393594795331771790e-04
5.204283272481854440e-04
7.857071506062352374e-04
4.873136972149074049e-04
9.050580198466236329e-06
3.228713986918976039e-04
6.360471974495786503e-04
8.967937631990850972e-04
2.658468680450600690e-04
2.343298109918500903e-04
7.660777646027217306e-04
4.444552041214513082e-04
2.988242498958920625e-04
5.982909537909264670e-04
6.773406837736403729e-04
4.904726173751518042e-04
2.845853723143014187e-04
1.009226941068177381e-03
9.646990000187393105e-04
4.598637010668189351e-04
6.484121764918287590e-04
2.281135326098576960e-04
5.241843610551954742e-05
1.362335065753862207e-04
4.023628866627759369e-04
1.181345824983613988e-04
3.489572557134307902e-04
1.107307585202788438e-03
3.583399434774073105e-04
3.884895349056870727e-04
1.811354910802115902e-04
1.408577908849903155e-03
1.615863065043243838e-04
1.866755272519230813e-04
5.821247485264510394e-05
2.211424532720549180e-04
5.265023330138937857e-04
2.012123713814096583e-04
1.207176890228531669e-04
4.795119920697642397e-05
1.007150942992851182e-03
4.015778317785540950e-04
1.065335245036968300e-03
3.079764374541839951e-04
4.643349706933872184e-04
1.872531923939096054e-04
1.920490514555163247e-04
1.507938232308726084e-04
4.197338734886404011e-04
1.846474668194425810e-04
1.866819985846841637e-04
3.530452017985308939e-05
3.720173253017352417e-04
7.791956434045383025e-04
7.370113371834147425e-04
3.809673672877970864e-04
1.093150939812577785e-03
2.702130694540163733e-04
1.486047227940116161e-04
4.682866969099165437e-04
2.644788695908186892e-04
7.007527735969751228e-04
4.924363304354666945e-05
1.800980117699673344e-03
8.756903321577989190e-04
7.664576837666007506e-04
6.490428011591160016e-05
7.403847412401842135e-04
2.422741172652374288e-04
4.702304722510528001e-04
7.060209742566753545e-04
2.728344159297732725e-04
1.159780945681258358e-03
1.620023918563164500e-04
1.743839278435431028e-03
3.614546007115479812e-05
8.559539516851562540e-04
3.873406623679994938e-04
5.350783353670804897e-04
1.315806508547627280e-03
6.886312080543151911e-04
8.910080590678920616e-04
4.147605783584757893e-06
1.459491990882838498e-03
7.225418118497949028e-04
6.319090198492785223e-04
1.324646631981321783e-04
1.701680566264031933e-04
5.223229361414147981e-04
2.937170439659352018e-04
1.742346482765695778e-04
5.490072953537428841e-04
4.426498236407280318e-04
8.334742482572509749e-04
9.523873330793965978e-04
4.038613807332675464e-04
2.186962772401901097e-04
4.144625469434646300e-04
1.992426200204177125e-04
5.262450019368151294e-04
1.316290222059132383e-04
1.938414335161721955e-04
1.211819694493849155e-05
1.216674223445655018e-04
6.973981078409848466e-04
3.440659269683325034e-04
3.795577828936146406e-05
3.063751788985175344e-04
4.854764763140564324e-04
6.124009303118205585e-04
7.787572456958950372e-05
7.479479552923359582e-05
9.153532682839055513e-04
6.441132409443777081e-04
4.581093755765227368e-04
4.641267063335824243e-04
3.069633154460563694e-04
3.326656529382241594e-05
1.077964495574933136e-03
1.617607415143460967e-04
3.230029912911611578e-04
4.889291338375514277e-04
3.352447209421362349e-04
1.305572034474635238e-04
1.680395078281329472e-06
5.035485411239361709e-04
3.951506950004873191e-05
1.450756467819326069e-04
5.554386370777459215e-04
3.971490092620977232e-04
2.684645495219716515e-04
6.419677857432108269e-05
1.600110630926321082e-04
6.254302269779477561e-05
5.011698834336173695e-04
6.229639699118468362e-10
3.494018292087111869e-04
1.299186056764001287e-06
1.127432390702593721e-04
1.405568200415176423e-04
2.212903167417152033e-04
6.041493757823449169e-04
5.674352161943182300e-04
1.189722207127121223e-06
2.478730321728570603e-04
4.164536842549634052e-04
1.833594678888795409e-04
2.716024718652550597e-04
3.195762006257256860e-04
3.227333989618864376e-04
1.310904733046325813e-05
6.025437681458486669e-04
2.254568269983441163e-07
9.881538128420895323e-05
7.501352026808870848e-06
7.836673015341437268e-04
2.512467494853231416e-04
7.971755676537362013e-04
7.626217151694533638e-05
1.829037118445254843e-05
2.945600347954187965e-04
3.609585681397910542e-04
1.335848337245765054e-04
1.122242527038464008e-06
7.448654519771805540e-04
1.283151487322502237e-04
3.813649529494061816e-06
1.237904172997002748e-03
5.772131461861463911e-07
5.990764366168433016e-05
2.416132797382169984e-04
4.501967438274239006e-04
9.630149204666644429e-05
6.696619869130371848e-04
6.069781447625539287e-05
3.607723571555726213e-04
3.354686216062322879e-05
1.101301230770681405e-04
4.564250895338604907e-05
4.394974891739540125e-04
6.282758235131066359e-04
8.711701225036500148e-05
2.812401842476361206e-04
2.484748020694395039e-04
3.009123703641325052e-05
2.781413369280059272e-05
6.835042317417244773e-04
5.160274308070921054e-04
7.561003518960176433e-04
5.063660909598159969e-05
2.510142297503609540e-05
1.301593389361365338e-04
1.905463695490665203e-04
7.833818533814273588e-05
5.331526254372582520e-04
1.231670372608893152e-04
1.638410761949986533e-04
7.413581762924921189e-04
8.633480402779363698e-04
9.205011650062163743e-04
2.966662053188282998e-04
6.848573164836421149e-04
6.116058970476954395e-04
2.017211287658257765e-04
3.421137588763199203e-04
1.020070626166503505e-03
6.692996903620255112e-04
1.099112460962966111e-03
2.762550701876367800e-04
3.587791918127421101e-04
3.527857004328601950e-04
1.810034957790165617e-03
4.553696633714399703e-05
1.358924275772376792e-03
4.326918917145949808e-04
7.048649927949911137e-06
6.660744455748291012e-04
1.769275498530394107e-04
4.312705576237085836e-04
5.168057176487462654e-04
6.408781808236027535e-05
7.116723106530758536e-04
1.613751235448074604e-05
1.004102238776700748e-06
1.381709532656239219e-04
5.022948542552419556e-05
6.097470480253030286e-04
3.329648387692915362e-04
1.168347400318601103e-03
3.456671437160914050e-04
1.944463811813669626e-04
1.450952199587919903e-03
1.188937511080189391e-03
8.896757716218888163e-04
5.663740975433425662e-04
3.407708481394372134e-04
5.539083975558615862e-04
7.081666005010417778e-04
1.897182923820916437e-04
6.413516279149752974e-04
1.169788345936796734e-03
1.217407398653798687e-04
8.972698274162628019e-04
3.675200100541006504e-04
1.328268235564478726e-05
5.946743551075494639e-05
3.344906986685461988e-04
8.504771829200884550e-04
9.791398680988750293e-05
1.550562790542742934e-03
2.499739742013521707e-05
1.781689625736491102e-06
9.107783211918260926e-05
2.865536079785760046e-04
2.390884296667105074e-04
7.028083350992973813e-07
1.802516433613373552e-05
7.657401244716352800e-05
1.387686062261365343e-04
2.167120869005818449e-04
5.993715602370993517e-04
2.081754633293190083e-04
2.394319684550727469e-04
6.730929547626311781e-04
5.649953709346516948e-04
3.030861502043483672e-05
2.388110576722437856e-04
2.583600620579030462e-04
6.171532138765542215e-05
2.042413061296147116e-04
2.250199886372478272e-04
