4.385778765807209906e-02
4.533581050433400234e-02
4.995787221404541373e-02
7.064657957223177687e-02
6.302245276291933151e-02
5.874494187231148190e-02
1.201262720596620037e-01
9.667481286853647771e-02
3.776085204164417175e-02
3.814383069052876968e-02
1.005490068998274866e-01
1.272812726538168904e-01
4.377152826828033944e-02
5.401566798796374885e-02
4.479942990042275197e-02
2.492540668350000377e-02
5.336252903065132752e-02
4.556779438330418180e-02
7.406353451074246599e-03
5.261054629029130684e-04
6.197462659457891009e-03
5.747831529020562547e-02
3.537330621458690399e-02
4.623046910069209675e-02
1.503279274611294125e-01
1.348908277913221376e-01
8.039856925142745137e-02
5.907539031519129513e-02
4.112551219728712015e-02
6.194851957336432180e-02
5.697567472087048529e-02
2.597999598527257065e-02
4.688710447583696594e-02
5.366601582217562366e-02
6.139554888676543309e-02
6.541308207513966966e-02
6.146155016680400485e-02
4.402190723231011460e-02
2.685155900945026056e-02
2.278086593606300919e-02
2.240649700037573508e-02
2.035366866526387014e-02
3.703505202678667590e-02
5.014365539755678836e-02
9.053105966749061539e-02
1.072349024225766750e-01
1.126769863813093797e-01
9.431286858929455175e-02
4.625925269582289306e-02
4.882709852745609203e-02
7.015775688354160267e-02
9.419374760908895416e-02
8.346756102737100391e-02
5.861019705441433691e-02
4.262415377558837620e-02
3.503721623062498042e-02
1.834901965507294494e-02
2.714213077616489320e-02
3.606750911036599172e-02
4.339984275821250070e-02
3.880412885036614579e-02
4.385436064465433881e-02
2.737089334876547861e-02
3.788408961048005813e-02
5.494409054208185261e-02
4.198713472345403513e-02
3.021272130531176686e-02
4.682063183383040200e-02
3.896000435520827893e-02
3.885778114077177020e-02
6.180166765803406237e-02
6.744693402988043152e-02
4.498383928185686886e-02
3.305051065523044451e-02
2.490463013883649143e-02
1.148490651634560128e-02
5.224323390873676426e-04
2.191580887845673113e-03
3.229825562558724834e-03
1.557617735555114589e-02
2.765250819148764444e-02
1.978684844791610623e-02
1.232354080028719157e-02
1.855688201262122993e-04
2.579858256883795029e-03
6.200202696678045258e-03
2.427953072269850316e-03
1.605279765995145714e-04
1.645640273571052220e-02
2.808869648968923688e-02
3.325487047407705427e-02
6.532422290059503034e-02
9.825047451821014577e-02
1.441407789367551429e-01
1.291120583564554225e-01
1.086416916975848357e-01
4.947609197018613958e-02
2.072212329740617462e-02
1.316497208930062814e-02
1.471956691094196933e-02
1.218797785531842981e-02
1.668188197004541115e-02
2.747486348423602495e-02
5.097309194327707266e-02
4.509776439314577834e-02
2.637443679881347480e-02
1.735599328022115542e-02
1.814635062985157227e-02
2.055940716753628869e-02
2.006299491603182397e-02
3.503959537284535158e-02
8.419110038014201991e-02
1.391644853938404369e-01
1.080454867792683543e-01
4.928716445867729889e-02
2.184360213390845046e-02
2.376149577510420705e-02
1.663716543771869352e-02
1.455471565293300516e-03
3.884459047099629906e-05
1.253373653686286207e-03
2.235802087063106132e-03
1.432627465308027037e-03
1.582821974970004264e-02
2.225737902548487884e-02
3.751944896548905367e-02
4.664854334484659637e-02
5.914472540447492099e-02
6.947322943882226765e-02
5.869409451530657740e-02
3.998545899344007476e-02
2.832902632867769291e-02
3.151465298471746446e-02
3.973463176330031821e-02
6.864051964431340525e-02
9.135697670299262885e-02
9.309416990325775076e-02
6.629412992273038541e-02
4.024895493938576013e-02
2.986556485948372100e-02
4.701679927988546698e-02
7.244575312526962962e-02
9.194062405202740873e-02
7.462518600099321553e-02
5.991366251848549707e-02
4.471142226734312747e-02
4.216454533781034686e-02
5.403339159611005721e-02
4.732046237386532128e-02
4.677018440798860754e-02
4.253851338914601404e-02
3.620297908240657087e-02
3.676606245174576099e-02
2.513935735623652398e-02
2.579789190616395972e-02
2.784639611591025257e-02
2.516319674926470462e-02
1.656999832150358662e-02
1.875779887564074655e-02
2.337853481991019819e-02
2.076306439831649212e-02
1.992776314103446300e-02
1.917063128786649501e-02
1.561123956637317997e-02
1.494438485079664126e-02
1.710821162635745019e-02
1.469569743120901009e-02
1.421783308457153817e-02
1.610961827456687534e-02
1.011360068220337402e-02
1.183340786672026392e-02
1.170213596507071324e-02
1.220481648659994985e-02
8.601485879834627757e-03
9.129143937623256100e-03
1.155885961095185280e-02
7.406704891986117846e-03
1.180894390005682651e-02
1.181627196418311501e-02
1.617541535095267866e-02
1.644166558706487702e-02
2.431296931833977493e-02
2.054848647903233586e-02
3.216770237940683175e-02
3.869015949704842500e-02
4.233735892767209047e-02
5.140704813836898673e-02
5.494048894617337836e-02
6.078202650699641996e-02
5.595751239557869572e-02
6.124607421283233266e-02
5.463510341762828348e-02
6.575999858318457014e-02
5.048909140644859683e-02
5.627621310100087287e-02
4.950674806688043494e-02
5.106563090329481469e-02
4.834788235073392282e-02
4.366266707057009366e-02
3.882756229699452916e-02
3.944843168495481417e-02
3.428470769682603891e-02
2.735348885473057323e-02
2.843650560985986134e-02
2.698297115006336247e-02
2.087714898043887754e-02
1.638351753666465391e-02
1.220140057769117728e-02
5.479674768476935215e-03
7.987267888574432068e-03
3.358353373002651888e-03
7.534107443055516710e-03
7.575554303145031615e-03
1.609304022040641130e-02
1.980125261474843801e-02
2.343839841417641456e-02
3.584665875893328774e-02
3.800378277930056142e-02
3.395033735321352497e-02
2.858334383784792015e-02
3.210291246788191111e-02
2.721741191970937501e-02
2.426019827849786037e-02
1.768589342662922961e-02
2.269769681574112727e-02
1.790931443609108248e-02
1.566362911891374179e-02
1.651145485558637438e-02
1.542689065284775889e-02
1.296281956279032692e-02
1.293522794204027444e-02
9.679094733006050888e-03
1.182624468227844172e-02
1.269592128297746501e-02
1.346885500800461266e-02
1.268670652546793724e-02
1.412663907560336024e-02
1.095050161023832132e-02
1.539088607939834846e-02
1.594268182599360359e-02
1.545419009140850883e-02
1.427805534964536258e-02
1.267472333090609825e-02
1.383986447770155226e-02
1.559574517226908555e-02
1.281882636448869808e-02
1.531457377598421932e-02
1.447091207778861653e-02
1.619160474365570479e-02
1.467885618349937249e-02
1.429278097097364496e-02
1.275056838705031052e-02
1.591111087778647806e-02
1.626292476750539062e-02
1.768491396139354813e-02
1.598914828638187471e-02
1.607670369481734723e-02
2.060312200816069583e-02
2.027148652011928967e-02
1.274025623192138329e-02
1.440285973443766222e-02
1.688986959224257275e-02
1.460255940395056330e-02
1.528447341667208206e-02
1.664654524863453527e-02
1.752631442943741388e-02
1.495482166530996519e-02
1.363944722492268190e-02
1.248867085852430926e-02
1.469905614720889812e-02
1.730128923941571042e-02
1.409301408656388546e-02
1.328590098030995974e-02
1.346549482185944134e-02
1.367380405568163412e-02
1.061227155918360518e-02
1.231417465897979673e-02
1.313312265567178477e-02
1.719030021234787056e-02
1.461630545223173427e-02
1.406366916111866441e-02
1.167244206539714939e-02
1.316478645181319400e-02
1.620958936414202550e-02
1.587415255819061774e-02
1.257496580265185862e-02
1.468097973614561520e-02
1.339720088283976457e-02
1.384363798517481044e-02
1.463899015620010423e-02
1.488288519408092689e-02
1.462530186709741151e-02
1.137338083282766685e-02
1.180685749707619317e-02
1.181637218328751918e-02
1.336599933352098681e-02
1.326493672506029627e-02
1.597897432209915633e-02
1.360905877770136017e-02
1.438347350239556170e-02
1.202683619867216981e-02
1.209633052781248011e-02
1.228911639211978900e-02
1.558672283212619511e-02
1.569355040581355346e-02
1.538495652213138151e-02
1.398582548662695088e-02
1.356751525443874486e-02
1.660023738206336391e-02
1.722481053368886059e-02
1.633988406673334004e-02
1.447835448533212402e-02
1.445488832010615593e-02
1.509738229566278886e-02
1.490686500366365276e-02
1.560710883616276724e-02
1.738228760800580169e-02
1.450725784041709092e-02
1.527761409306559529e-02
1.481497826179365568e-02
1.620757432195747347e-02
1.381234765245122238e-02
1.222764378785363981e-02
9.772160395845880601e-03
1.134221455072808270e-02
1.092173235931625901e-02
1.133830871206113929e-02
1.017531122506064138e-02
9.937150842307987744e-03
9.822891446229031417e-03
1.132885682970509629e-02
9.961308841251155857e-03
1.366647866682973306e-02
1.205628369051206863e-02
9.096367057887647101e-03
1.176609910865606366e-02
1.184987630184479272e-02
1.446399232537654879e-02
1.351031297450570358e-02
1.361423156117804768e-02
1.185782166389371360e-02
1.511566336692685662e-02
1.426173870762334310e-02
1.351235067788377799e-02
1.420653011009265741e-02
1.332627758405526865e-02
1.359809659212963227e-02
1.190623530393616382e-02
1.228014306272935674e-02
1.285236721577068947e-02
1.139887896150207011e-02
1.266373603560376655e-02
9.769623480782448424e-03
1.169887945945745876e-02
9.894128441504957891e-03
1.104696591323000264e-02
1.024756362100009109e-02
1.106620504709057706e-02
1.379662975342639715e-02
1.061619869664913798e-02
1.106572861873308250e-02
1.089497503585069513e-02
1.156063486339881791e-02
1.294703443793066878e-02
1.476534598168471879e-02
1.048276734957545239e-02
1.068018637395918083e-02
1.059075972134995193e-02
1.192037755123176619e-02
1.003460644807403941e-02
1.357578767122722893e-02
1.567700997325625206e-02
1.422721435318055269e-02
1.108332225613705736e-02
1.392095901109029546e-02
1.275605958821149181e-02
1.305188186822539911e-02
1.468856566922105596e-02
1.130242903662278392e-02
1.299985731124577056e-02
1.527201207651729571e-02
1.398754212438428277e-02
1.679759531849672402e-02
1.170789228544451624e-02
8.752919811899986108e-03
1.398007109258727482e-02
1.065414467500392336e-02
1.731629168475709232e-02
1.244282138968685891e-02
1.427952153814710315e-02
1.162040866340228323e-02
1.264601195890648760e-02
1.000792461270771927e-02
1.130112768146165035e-02
8.334732312574484603e-03
1.206493877187930601e-02
7.536851484423826367e-03
7.648247473963058415e-03
1.137052063576498261e-02
1.336516946926351139e-02
1.081836865415794838e-02
1.065938764375975491e-02
7.539903981658619553e-03
1.349076557161449016e-02
7.124846659532117939e-03
1.230887620860211806e-02
1.345935028399455197e-02
1.046974602345797714e-02
1.276538423149079816e-02
1.177649296796168081e-02
1.223178571185262048e-02
1.292187036176907500e-02
1.278007620716222620e-02
1.209574893523779164e-02
1.131909120605319348e-02
1.302544402425731551e-02
9.856767606534070150e-03
1.053070142611629151e-02
1.073338529059668540e-02
1.205259119652274738e-02
1.369768833504055906e-02
1.454520486619148394e-02
1.062808806401640931e-02
1.059055202499011548e-02
1.050799846590286420e-02
1.029948959725888839e-02
1.223501687307057897e-02
1.252805194295202387e-02
1.384303550951405774e-02
1.292048070586667395e-02
1.128746074001769906e-02
9.944759977002112089e-03
1.147005785009207017e-02
1.219792000854618905e-02
9.832704643871757397e-03
1.287798796783688575e-02
1.169159858787362921e-02
1.055811909119722287e-02
8.118080825546594367e-03
1.113994781499702373e-02
9.896788654912455976e-03
1.133301707120325068e-02
1.088157299263712609e-02
1.034336012348796054e-02
1.118622995337696657e-02
1.398243829750607514e-02
1.206772877944507945e-02
9.435873293212680701e-03
9.780590087686179962e-03
8.858399439815298204e-03
1.161771831980018196e-02
1.238672866358929078e-02
1.408760106340808949e-02
1.035634726523184529e-02
1.163782521876494981e-02
1.458347102917994728e-02
1.796653852770235468e-02
1.015183017526728737e-02
1.340757311621603408e-02
1.069335581433754866e-02
1.102613690169952816e-02
1.580019856316942570e-02
1.661663906147250319e-02
1.321300025075877564e-02
1.112629899581388943e-02
1.168982299749012077e-02
1.070219770483825383e-02
1.171024668087866649e-02
1.380501150542828327e-02
1.042270783969028759e-02
1.052001053590862108e-02
1.314931417332200134e-02
1.143574672050501340e-02
1.229865617242862849e-02
1.442696919035667789e-02
1.390218256048538284e-02
7.966604393545328663e-03
1.045357132720055836e-02
1.067680826441821072e-02
9.757651173893286053e-03
8.696510752108213560e-03
8.750089848672971266e-03
6.848210527219041402e-03
1.076885161276576464e-02
1.022752295299264591e-02
1.259569196025482445e-02
1.171552898581600111e-02
1.243479299311381868e-02
9.982307540842243546e-03
1.154212495894226496e-02
1.148256542285071638e-02
9.609058167295174424e-03
1.008693108873592349e-02
1.052300547795776038e-02
8.968021799289538701e-03
1.157893780413649619e-02
1.279954919173922033e-02
1.393777846201050240e-02
9.855602840862268468e-03
1.321145166632535679e-02
9.983178389250804002e-03
1.157018659011899500e-02
9.478782671408317664e-03
1.253951465096841619e-02
1.158194830288262166e-02
1.265874752397673150e-02
1.406676799901299298e-02
1.008359161574682097e-02
1.588933703938290656e-02
1.049605170930690418e-02
1.038743225947504067e-02
1.036211585781460567e-02
1.372758537561062121e-02
7.636705153693043244e-03
1.096943753676695235e-02
1.239473436400979726e-02
1.352585666742755349e-02
1.186492295481655912e-02
1.327729580056373829e-02
1.291667885813179220e-02
9.088426256467782918e-03
1.037764367340480477e-02
8.832807208687105602e-03
1.001338247680852098e-02
9.532925111718625055e-03
1.202093069781327503e-02
7.880636224642504142e-03
9.087354174752449235e-03
1.052728092999128014e-02
9.928539483671519617e-03
7.191669596818555873e-03
7.230962464728040405e-03
8.027457610002487753e-03
1.059541683540977941e-02
1.168838401223407271e-02
8.595774582393966856e-03
1.006553604791599055e-02
1.238622238355466254e-02
1.136314747772219393e-02
9.438948931306315876e-03
1.320598472434497510e-02
8.731795020728617268e-03
8.893664175576920100e-03
7.717817765236029137e-03
1.233283765399488183e-02
1.124604061005130690e-02
9.453438577871786652e-03
1.298524778870550379e-02
8.383497486781856314e-03
9.532098342969060403e-03
9.361820055049178621e-03
1.073524982571045193e-02
9.680417461762853837e-03
1.062863903921616900e-02
8.755803697109978620e-03
1.340379260767606516e-02
1.100184362709198845e-02
1.109205869908538866e-02
1.094066421565402167e-02
7.214076230209767737e-03
9.424062246979645480e-03
1.021938212245864473e-02
1.323317982313223194e-02
1.179227258229599042e-02
8.052578639178069320e-03
1.083490554817170479e-02
8.925373054372529383e-03
1.024878316938477793e-02
8.329231339911790863e-03
1.279945682423694678e-02
1.210142121662989567e-02
1.435451708319170593e-02
1.001718446459962282e-02
1.054625450875443411e-02
9.404858836971261710e-03
1.091481953814848506e-02
1.074397841085997056e-02
7.605143631067760521e-03
1.268494185450299606e-02
1.094164150460486852e-02
9.842811820605179216e-03
8.056646111455725498e-03
8.920766007198717429e-03
1.214885545982261408e-02
7.413254572212266483e-03
5.839173429545141229e-03
8.380223655380549322e-03
1.046243912840835212e-02
1.083690330182711034e-02
1.377887997164129949e-02
8.807175801022373851e-03
8.837068253078476585e-03
9.840880207255422660e-03
9.222322623782116049e-03
1.094058189732174773e-02
1.142175148060998839e-02
1.186800849437318235e-02
9.179711113363778555e-03
1.197103933092302612e-02
8.796659547951566141e-03
8.906943273111965834e-03
1.165698742234556363e-02
1.029203420018106122e-02
6.994564277786293957e-03
1.087280575421207054e-02
9.375792619281638970e-03
1.039549106067865457e-02
7.773536050782314279e-03
7.179597248053851133e-03
8.115435229251273183e-03
9.344392842460887486e-03
8.616622157940840090e-03
1.014682913008165856e-02
1.058225402548961143e-02
1.183806450375193831e-02
7.984463742731474217e-03
1.180292752973127746e-02
8.956336961598554761e-03
1.011953425366781366e-02
1.105727603721987778e-02
1.017162990089661573e-02
1.268426555609664975e-02
1.246902759120498312e-02
1.202576465204058948e-02
9.640879654337838889e-03
1.016502149669790134e-02
9.452140430594955026e-03
1.229586445146909138e-02
1.158884678390179404e-02
1.330942029006694852e-02
1.243809222327632927e-02
8.444783676990041260e-03
7.986505934148128288e-03
1.200058800373550449e-02
1.137780226940665780e-02
8.761217793787674443e-03
1.104840142539743539e-02
1.076806694611047964e-02
9.647521914462123260e-03
1.156134208750622325e-02
1.022976697207401628e-02
1.060610055475834021e-02
1.106253841882409543e-02
1.323096198120351195e-02
1.485027810871361771e-02
1.031061966511921148e-02
1.201076198544613095e-02
9.801652521221764641e-03
1.164547388975973111e-02
7.449243193613354005e-03
1.155080418531126592e-02
9.666395805211686759e-03
9.441749226009281751e-03
1.039044537822099955e-02
1.070310387803432954e-02
1.269485814153696775e-02
8.403213680619844861e-03
9.367124257447290159e-03
8.407627596278019130e-03
1.181422090188690398e-02
1.256925727260757401e-02
7.552134166534591950e-03
8.194009128905999084e-03
8.159615518218353916e-03
8.715468899154553417e-03
9.644705882727595825e-03
1.037741356577772875e-02
7.914341857087066334e-03
7.979173957488426214e-03
8.618662120852242300e-03
7.171866916701568652e-03
9.375887386776183413e-03
1.025296715430262101e-02
9.301638476024720603e-03
7.776036219375484851e-03
1.159766723992378123e-02
1.122608809620639393e-02
1.173570707236597406e-02
9.023287921608910342e-03
9.069235015056662658e-03
1.057934436482542429e-02
1.136349550914793512e-02
8.583508595710352684e-03
9.443721996604582253e-03
9.954684206915071984e-03
1.033976892178396258e-02
6.754892732412089498e-03
8.789512762337418211e-03
1.073550230157650602e-02
7.638895785489271430e-03
9.609522190336306294e-03
7.908153996962185781e-03
7.232688030271098266e-03
9.133837806550615043e-03
9.058191731733439625e-03
1.130595497605006890e-02
8.561587380739634975e-03
4.918295490336433394e-03
6.580865442930888126e-03
8.179965890725917482e-03
8.182047066456700837e-03
6.749213722293053927e-03
9.492079654091970312e-03
8.115116346359974031e-03
6.013721309132138808e-03
6.991473828402514773e-03
9.882830818592954272e-03
8.620709627253211882e-03
1.132356985365228462e-02
1.076512049376583853e-02
9.075381785823498706e-03
1.070061101494832259e-02
1.218827341756628137e-02
1.220102050270471285e-02
1.068976139512425004e-02
9.502783166053076561e-03
9.399375892106712899e-03
1.121948439691131290e-02
9.516479418641358989e-03
1.528276245882244366e-02
9.896806762113605910e-03
1.044944719802481242e-02
8.171812496693214856e-03
5.899626809901865887e-03
9.449435919487282273e-03
9.771268740902840436e-03
8.211492309756420957e-03
7.479262659083625760e-03
1.091039182081101656e-02
9.230074610642513555e-03
7.488214008288809724e-03
1.219044601730767501e-02
5.677683638703708187e-03
9.488282780397584021e-03
9.660999079578895532e-03
8.648574962828736029e-03
9.880773244328818275e-03
1.257364760345616207e-02
8.950817574281975941e-03
7.654118341941111396e-03
9.493892428774044351e-03
9.014031529520965744e-03
8.358755289716343628e-03
8.910568175333793278e-03
7.354624078720952210e-03
8.692409852177189825e-03
1.000035699544257230e-02
8.482037623760187162e-03
7.264888817330030640e-03
1.055870702105380331e-02
9.104664070422435404e-03
9.419234113100008812e-03
7.784530214675448867e-03
1.139356957916182536e-02
6.154398892121943319e-03
9.335074202591943718e-03
8.298984343289669829e-03
6.529589879196225077e-03
8.679273580906319077e-03
1.315951547152076177e-02
7.826302698531259136e-03
6.789227408068597251e-03
1.038504270971784930e-02
5.939944472169885609e-03
9.136963904660781732e-03
9.083944833820615031e-03
7.534967184242362739e-03
1.046252708897599248e-02
1.111910270403468175e-02
8.015939682936370353e-03
1.101758635315387529e-02
1.132354526253340904e-02
7.822422035725473677e-03
9.138629859076687068e-03
8.484191492445083277e-03
8.154370803679431359e-03
9.798996267975066538e-03
1.049567924136281423e-02
1.090624528271178992e-02
1.142598788870524337e-02
9.523867705174547324e-03
1.105938867685624626e-02
7.166952804439279817e-03
8.682582709849390526e-03
8.534157231825300824e-03
1.031061828026786503e-02
8.004053423392228084e-03
8.818752939320396653e-03
1.168655061056313692e-02
7.994114369023324132e-03
1.001857652303580169e-02
7.629133193760731166e-03
8.971985992143024016e-03
1.086532804924503735e-02
8.750150398389161879e-03
8.880962083437785384e-03
8.106538951441094251e-03
1.039814957297074786e-02
9.170770057388290264e-03
7.700258853691420262e-03
8.967647262880686435e-03
