4.441028491139691753e-02
2.795724975687556568e-02
1.200439652882007158e-02
2.614564211313456094e-03
7.408692278208143731e-03
8.403796293443156762e-03
6.365238651488610948e-03
6.945454237996944412e-03
5.514962420553335201e-03
8.172908455443675391e-03
7.764679013985319872e-03
7.402942959922061139e-03
6.699254129207723486e-03
1.030993758167150082e-02
7.966595981331470872e-03
7.519470051264006381e-03
6.205366751664875662e-03
8.545764646252418731e-03
3.190588277417322899e-03
1.360856827902430684e-02
6.080027178787298335e-03
4.712001946555160158e-03
9.432272326645004673e-03
9.431459479101999069e-03
6.967479303392155529e-03
3.022698787640813560e-03
7.108120242920396362e-03
7.119886081076073556e-03
8.790492047108843313e-03
4.049664027092433026e-03
6.827778416970147271e-03
8.466112534672526335e-03
3.778582318455396549e-03
8.910302694139086641e-03
1.737826547358473778e-02
6.503401156971043602e-03
5.411185057189370207e-03
7.081202391433000579e-03
5.511858698141841768e-03
1.223339606921898699e-02
1.288588129533585133e-02
2.547814805564702859e-03
7.486713114748488364e-03
9.630606138892739213e-03
5.036765418908026662e-03
8.434204819491964572e-03
1.325460216407542413e-02
5.530551008032494678e-03
8.426320659407337058e-03
8.344046701869386323e-03
5.936069125919280626e-03
6.836115903491356630e-03
3.772161680390404177e-03
5.937620430692642365e-03
9.171225553949252651e-03
5.907774351602484292e-03
5.673428935700971891e-03
7.637194797977205074e-03
6.762142687761336229e-03
8.810133396325988894e-03
7.351638561387914203e-03
3.281830375062393806e-03
6.904333081143708417e-03
1.488042917099606510e-02
9.334575412616358953e-03
2.614506310561252444e-03
6.732929499096720893e-03
1.035154303275076168e-02
9.342475672506803108e-03
5.132505702926032365e-03
6.109781906723042028e-03
2.227039165848532058e-03
6.512280420852985773e-03
9.806167737348226929e-03
9.894041715054160968e-03
5.173707278530740618e-03
7.206509095607845257e-03
2.011065928746435388e-02
1.394625667712535294e-02
6.107755183581209564e-03
7.883845799637799120e-03
9.779832194391248346e-03
8.568355609889194424e-03
4.027516478768549194e-03
8.212103691155828861e-03
1.796893282249596366e-02
7.912969056794057904e-03
2.875520092673940035e-03
7.461914335966047564e-03
9.839256714404978968e-03
9.246168002030881461e-03
5.278533419440167677e-03
6.975585122917913120e-03
1.556040546618123709e-02
8.963163140778239446e-03
1.772961109869115523e-03
7.381217023938787397e-03
1.007167402536184378e-02
1.141725257748813296e-02
1.128707092202291783e-02
8.076930294742261374e-03
3.528874057768065491e-03
7.652285836146795021e-03
1.834714994110618266e-02
1.588616397137999556e-02
6.401373045010884041e-03
3.816383578659005710e-03
8.274950933517159074e-03
1.035612023699911816e-02
8.574338489325710952e-03
4.743696324295644529e-03
4.758623603208346139e-03
1.158049126465134603e-02
6.519092639310167941e-03
3.893501666250162412e-03
6.820461796093913766e-03
8.433275832114508000e-03
6.323474568849451853e-03
2.633887015858277919e-03
5.509505238718870671e-03
1.033520273469180559e-02
4.043777890968220344e-03
3.101546939647353580e-03
6.017508921357512391e-03
7.958019067419207573e-03
5.898564036421416468e-03
3.671442019170626479e-03
5.897768354279516595e-03
7.943021128863667762e-03
3.832513586904288255e-03
4.736827468603891679e-03
6.947252915164764397e-03
6.623082570996982957e-03
4.233756021534997721e-03
3.810530344079037738e-03
6.295625166354207325e-03
4.753919851703924081e-03
3.631295534990057125e-03
4.964551791479690154e-03
5.824563190064496743e-03
4.483150625129863655e-03
2.830812654843355581e-03
5.182379070491006240e-03
3.465462387999752869e-03
3.054991428708415946e-03
4.798594683447244755e-03
4.860351844618481659e-03
2.513755168904400344e-03
4.768487120573291008e-03
2.593342110269459579e-03
3.653550796459945939e-03
4.274247795524192643e-03
2.730195736193214394e-03
3.859373231847840115e-03
2.627720330157414051e-03
3.227477888618778684e-03
3.291388159518008304e-03
2.823793452542828521e-03
2.658300880021236164e-03
2.788462090458357183e-03
2.607896485878119161e-03
2.539222251847802862e-03
2.674030686319345089e-03
2.662713942178550602e-03
2.570045855769282229e-03
2.469551468403296136e-03
2.492900801573892482e-03
2.332403379866138798e-03
2.583484782804699575e-03
2.460810757386793814e-03
2.621049886362616411e-03
2.485663844880703095e-03
2.489918712355110916e-03
2.562941778073405188e-03
2.631378534215579081e-03
2.544719367279680167e-03
2.672534137833781562e-03
2.679295450470752654e-03
2.657482892306438013e-03
2.620185359075669507e-03
2.583807385506987908e-03
2.281307519680467709e-03
2.211957346069266632e-03
2.048067166755616030e-03
1.563062947452115506e-03
1.353539166551564381e-03
1.284591420363945333e-03
1.225317321643699811e-03
9.932161655899136334e-04
9.653174793464446317e-04
9.520542544722516770e-04
9.199184485962953479e-04
1.037046074674388869e-03
9.495305522330462628e-04
1.106753137972592152e-03
9.219382707400824474e-04
9.000410001230250414e-04
1.039198559715798741e-03
9.495357941489590992e-04
1.059494075891587736e-03
1.118983699465816040e-03
1.169954942654222001e-03
1.192454948892331373e-03
1.274399114543501264e-03
1.299202639957309537e-03
1.492335201536708778e-03
1.403798512056954719e-03
1.445262881066657675e-03
1.445248861276562762e-03
1.489738825239261691e-03
1.625095468959540049e-03
1.425496913502317248e-03
1.592824922433225569e-03
1.355022763204503065e-03
1.174084194108236581e-03
1.033610938660468057e-03
1.012115600567023259e-03
1.058036147794595835e-03
9.261390474647572535e-04
9.690616070900453464e-04
1.032272817122671486e-03
1.016825257519967003e-03
9.912624201405572429e-04
9.500061433985057275e-04
1.101768657572047092e-03
1.077341264358155481e-03
1.265038779002827752e-03
1.274698313175606649e-03
1.288800450824276449e-03
1.181371385696550940e-03
1.298049893623818077e-03
1.267969020555483398e-03
1.667897302093063671e-03
1.361408356627472494e-03
1.522132574596934962e-03
1.428933640235334436e-03
1.468484053108555249e-03
1.352177616032483468e-03
1.632556027548756096e-03
1.359974218343157695e-03
1.332906423861248205e-03
1.327038843031963251e-03
1.327612203617353380e-03
1.153449748100788749e-03
1.111830036525868768e-03
1.230240250059257655e-03
1.376339484186586085e-03
1.372760830108940133e-03
1.400203472680991174e-03
1.308894905381152111e-03
1.240355107671551422e-03
1.401886175416536956e-03
1.194674592269138417e-03
1.297352530761763413e-03
1.207923905632513062e-03
9.576174809697594794e-04
1.139808616708432552e-03
1.232067396606717838e-03
1.293259536170616531e-03
1.238410147657652283e-03
1.198261186675894305e-03
1.262916503463763079e-03
1.199350673401122693e-03
1.173925710857350773e-03
1.123162671296281832e-03
1.187939881432569129e-03
1.082657995553292472e-03
1.262957722383649525e-03
1.414693239724294739e-03
1.207955314441262230e-03
1.415448243931505343e-03
1.301431804973047883e-03
1.222566278379440610e-03
1.262978045879065408e-03
1.225746144362568121e-03
1.278224098491387035e-03
1.099992866663985960e-03
1.099272886561264602e-03
1.142443959844666353e-03
1.157617961491649861e-03
1.183209346652634719e-03
1.042937189158761428e-03
1.248603058951953167e-03
1.163132503631592474e-03
1.149900962115066793e-03
9.975480479492548208e-04
1.396797103426103588e-03
1.235471146390706553e-03
1.188120108819899247e-03
1.073361608775981555e-03
1.071756049167340002e-03
1.243293821050957173e-03
8.177558079637229239e-04
1.012950239016605861e-03
1.247550670316393802e-03
1.209075294682300473e-03
1.217210087364735275e-03
1.157441160166799033e-03
9.972655394179259086e-04
9.730401790217523862e-04
1.145825685483813647e-03
1.216241756648212685e-03
1.125280779912383143e-03
1.114379399438688483e-03
1.131082685046135104e-03
1.035461853090585043e-03
1.057815675241830476e-03
1.137852237915317616e-03
9.584251921905842476e-04
1.057043778222585681e-03
1.103893565017658417e-03
1.075283814745295330e-03
1.233539077846576701e-03
1.304514402097259676e-03
1.215363856993373305e-03
1.611146888678052086e-03
1.132003046189302732e-03
1.000477880428460439e-03
1.119710075866617131e-03
1.283610339652162865e-03
1.204685791960099540e-03
9.873600516680097750e-04
1.352562097011366466e-03
1.308983338147245556e-03
1.254548619938121532e-03
1.064707213216696492e-03
1.259697681326326247e-03
1.178757828467864302e-03
1.159932322797482991e-03
9.376164671363233869e-04
1.154582457809092202e-03
1.208800528700637198e-03
1.048991234942185918e-03
1.302453253194272480e-03
1.275498621991015893e-03
1.084258228985741229e-03
1.027071519517421330e-03
1.722914369902505414e-03
1.024813194447949565e-03
1.164180883201034779e-03
1.054267849952248131e-03
1.127507587886805891e-03
1.240945703732951929e-03
1.276506163711058333e-03
8.467641414838412029e-04
9.359954551730637496e-04
1.297613604142740804e-03
1.092498367083666322e-03
8.702201695943514743e-04
1.302960512664863395e-03
1.192395649278148347e-03
1.120960863857366338e-03
9.778448672617772158e-04
1.067861446624467905e-03
1.179467214117001055e-03
1.086056728054360246e-03
1.395479542253278121e-03
1.042172719748215518e-03
1.121519821519268486e-03
1.025704634817450455e-03
1.176588123635164719e-03
1.366033650796566815e-03
1.117566722232132348e-03
1.133597282337682607e-03
1.193803590233678564e-03
9.750657185771812677e-04
1.133812274148002144e-03
1.088322857256707101e-03
1.202684840187082105e-03
1.046754211422319973e-03
1.040739852410676927e-03
1.131658676025850980e-03
1.013531262588574606e-03
1.235004708349688200e-03
9.541389639450051884e-04
1.027163030664593685e-03
9.763556253827488816e-04
9.699259136801995952e-04
9.611356575674909154e-04
9.937625996058723626e-04
1.044288957325684424e-03
1.058222794023504654e-03
9.751815397808445739e-04
1.103366178607866066e-03
9.987796012516339701e-04
9.549571228236329763e-04
1.017493306974800353e-03
1.159250223632214217e-03
1.119629179678223929e-03
9.350736949696119389e-04
1.153535563676183007e-03
1.026391526233008753e-03
1.033223563790544195e-03
1.076460096159820344e-03
1.118496983704584877e-03
1.311058734182213217e-03
1.125085348952476567e-03
1.043262036094226878e-03
1.078661280360084830e-03
1.114111024373190626e-03
1.147799819917584042e-03
1.068928460934407635e-03
1.032203094005727014e-03
1.174339199112226211e-03
1.104300264885736509e-03
1.024514032370249300e-03
1.004509071528154711e-03
1.321449867149847085e-03
8.488971769052454852e-04
1.042954070121603852e-03
1.114857122925794674e-03
9.394072229587332491e-04
1.128508522072934651e-03
1.070539463927404865e-03
1.048266255372300518e-03
1.255815389566514867e-03
1.369492979596891383e-03
1.297648943405510166e-03
1.057296051474842504e-03
1.030912587079706828e-03
1.182415918282239339e-03
1.014553103575103858e-03
1.059300091191412710e-03
1.027067752051244193e-03
1.140421324753735591e-03
1.151526779992905055e-03
1.171998211347672486e-03
1.146114841641877879e-03
9.007343004166295467e-04
1.181714362896359172e-03
1.056820391549965826e-03
1.072724740153192802e-03
1.090066289536204469e-03
1.014495560113914908e-03
1.032613002918286640e-03
1.004236192029849851e-03
9.715708788557934211e-04
8.873282513719085848e-04
9.333420631604136221e-04
1.082729734132095766e-03
1.166880074669165296e-03
1.465101038598779892e-03
9.532337769052473282e-04
1.110294037083929628e-03
8.791389564596013102e-04
1.037310911997653450e-03
1.087381063594733107e-03
1.141461113966113321e-03
1.048925653221020925e-03
1.098050846591447707e-03
9.899874873533077817e-04
9.246347160058062103e-04
9.747110933444335951e-04
1.085265329866952951e-03
8.649308762424818674e-04
9.701080852801298709e-04
1.127608884334579302e-03
1.141006216324900449e-03
1.107711072749128708e-03
9.883858593523495249e-04
1.064628900235962570e-03
1.050381356120516727e-03
1.141210686951293733e-03
1.151679507306307710e-03
1.179162541185734990e-03
8.664618747177210093e-04
9.660421190323514309e-04
9.386335860885765660e-04
9.112725621215585822e-04
1.141774969006445744e-03
1.066383123724785149e-03
1.049251068513669524e-03
8.553590692744775193e-04
9.886492701163219696e-04
9.853016389660856130e-04
1.123650090116252043e-03
1.029360323076350826e-03
1.081588174515689523e-03
1.162154038838939538e-03
1.058063571301009250e-03
9.413373097940253833e-04
9.824847787663791229e-04
9.945950243672391569e-04
9.641508260016574700e-04
9.495688210822756563e-04
1.123406290822250584e-03
1.131200833989487019e-03
9.295400205045103829e-04
1.284829355629085561e-03
1.020618600831390329e-03
1.318731018008402565e-03
9.593824204990366840e-04
1.025675426025887942e-03
9.087616952841044964e-04
9.809881866192744163e-04
1.070165862250299464e-03
9.845176481446189960e-04
1.002144619807677573e-03
1.025127386581265289e-03
9.757389222516013420e-04
1.051037918657927615e-03
9.975694354005964527e-04
1.037322500280292697e-03
9.210313237753060432e-04
9.130474342002718215e-04
9.493501637892966423e-04
1.151910878545171638e-03
9.258172295901421480e-04
1.187778523930410786e-03
9.862093409188966726e-04
1.107271329885343818e-03
1.031016086771380930e-03
1.014063326375729338e-03
1.377988779217075325e-03
1.072108187090393093e-03
1.116071907309514142e-03
9.738491499693675921e-04
9.523234021324795875e-04
1.307121973001959883e-03
1.032834253030035995e-03
1.100811238812351338e-03
1.266838393165318176e-03
1.224264159104372120e-03
9.872366178905599577e-04
9.975027271739759192e-04
1.046302645089558850e-03
1.098686997508965596e-03
8.513484745715433396e-04
1.031941511077189011e-03
8.186055086398286336e-04
9.198760704656453900e-04
9.600621063070433796e-04
9.292466370685072141e-04
9.221403797139769536e-04
1.030372627877012854e-03
1.128919867641411338e-03
8.656136409992460810e-04
1.198840152149381263e-03
1.125794435729021064e-03
1.015524152567776842e-03
1.059218717215471483e-03
1.014408665071262232e-03
9.357733128584082207e-04
8.196145522764397258e-04
1.005666261480407751e-03
9.689005792201145495e-04
1.237145946930326293e-03
1.005901505698333920e-03
9.599073515732974623e-04
1.008827812519478249e-03
8.400057477314221404e-04
9.657583692347752879e-04
1.025208773869612164e-03
9.985886593637859163e-04
9.982442494935049766e-04
9.753508382770230368e-04
1.093011163996313127e-03
1.023529937765410049e-03
9.221506320975930704e-04
1.058422256415295516e-03
1.047821094520360501e-03
8.274383616159403185e-04
9.665042353719158338e-04
8.923196180872703092e-04
9.899996653483181946e-04
8.750952395557337529e-04
9.985100584968169615e-04
9.531551881707684814e-04
8.382155609315963211e-04
9.932689642321848242e-04
9.494424436555231207e-04
9.574394498896621241e-04
1.042199231362749869e-03
9.368878658734851794e-04
9.837859870225279871e-04
1.064234658539001382e-03
1.119030748057039948e-03
1.025574747634552157e-03
1.019276065078839185e-03
9.082591358622623236e-04
1.032333779981507412e-03
8.569668323815301516e-04
1.070555916864252433e-03
8.859289977658060854e-04
1.023538645409537064e-03
9.156516664260787829e-04
9.946232563594146342e-04
1.178568349574534314e-03
1.010068104179854230e-03
9.720496917661896902e-04
1.285655490187130601e-03
9.320029810745097433e-04
1.019248552740615590e-03
1.080632271869294211e-03
9.286620833179337359e-04
1.068218290277350669e-03
1.249593532399227583e-03
9.960621636205563723e-04
9.367998369825165927e-04
9.883803953731470568e-04
1.199035308378566160e-03
1.075601638711404977e-03
9.871687076735400669e-04
9.429982593275977121e-04
9.635955616070975569e-04
9.929035095263038027e-04
1.382216756520899875e-03
8.829442615672254344e-04
9.427085470887625312e-04
9.726162264521299831e-04
1.102328498780812734e-03
9.155599416190780999e-04
9.501178771381571346e-04
9.261233144831946358e-04
8.725693781749271514e-04
9.016769188666319979e-04
9.338149076652515947e-04
9.006418867631814243e-04
1.144433740857308916e-03
1.035166455772649347e-03
8.733698305576930755e-04
9.459047784788390248e-04
1.179209089851614937e-03
1.014994790625341420e-03
1.076636424093460392e-03
8.608455934813061478e-04
1.074840292965669169e-03
8.413985794664352678e-04
1.161023033129928448e-03
1.114084451769150946e-03
8.716163059551381483e-04
1.049565142422611815e-03
1.110965851136738996e-03
9.943248937195458409e-04
8.633045304594094303e-04
1.146172912157939015e-03
9.148340708096268283e-04
1.003959287327985637e-03
1.076737441289688088e-03
1.178535160398497738e-03
1.184155590986465814e-03
1.033009810065747217e-03
1.138700885766618992e-03
1.029324417577906579e-03
1.120327128821482516e-03
1.048075940940320760e-03
1.178636865487184358e-03
1.116585488619807175e-03
9.514591065002850302e-04
1.001133403317189079e-03
1.092348629673657546e-03
1.184329063942762134e-03
1.009743941246102339e-03
8.131159793994854456e-04
9.567448498688099160e-04
9.061668227697550204e-04
1.184928188761136736e-03
7.768912960422109677e-04
9.897825245209490586e-04
1.063218423731177639e-03
1.015958041447424234e-03
9.406713496715940004e-04
9.955877499526781180e-04
1.000577959190989113e-03
1.003782251523307328e-03
1.058930900168973677e-03
1.144349429552899561e-03
1.043843362964660742e-03
1.119854112726929342e-03
8.915216540378983210e-04
8.902293627165897049e-04
1.073732838728868244e-03
8.764774284875350222e-04
9.586501127495511421e-04
1.150192198917604361e-03
1.172979434207284052e-03
1.093632023533330430e-03
1.238844832069990612e-03
9.233055576916920047e-04
1.183941417556564832e-03
9.991305622799840584e-04
1.178349146319097006e-03
1.025246402843047605e-03
1.008166886107677695e-03
1.040029821114111207e-03
9.221934116984251053e-04
9.178321670138816103e-04
8.390343360424549340e-04
9.173632579711242041e-04
1.012134594040925211e-03
9.520693520403383358e-04
1.033945806201483483e-03
1.061253184869224812e-03
1.173891917518826147e-03
1.335822757494145498e-03
1.248460288213322196e-03
1.088061723259241102e-03
9.953828848346865914e-04
1.010624343598249359e-03
1.083116847065298616e-03
1.089040475931198635e-03
1.214820028688364754e-03
9.980818590641738017e-04
1.012262794324114397e-03
1.093378258547093775e-03
9.429289593169024953e-04
1.018852460238241176e-03
1.060714282926531957e-03
1.054458603306092238e-03
1.026598901547836045e-03
1.076883813154843857e-03
1.264934385466422347e-03
1.012996557321962400e-03
9.968393427159339890e-04
9.819004413876813563e-04
1.244350402589203264e-03
1.194895591672336414e-03
1.096214103036036820e-03
1.055385946911477010e-03
1.183989113580638909e-03
1.338797912825655202e-03
1.051594336778831264e-03
1.047870971847027557e-03
1.048679884851555152e-03
1.224086334778822817e-03
1.001801120999914595e-03
9.726686873990144375e-04
1.091302147676556254e-03
8.798721694365105794e-04
1.015353736822131175e-03
1.124102632505765299e-03
1.031490458396867264e-03
9.400849655543225790e-04
9.775602609290185568e-04
1.095925029159142746e-03
9.780556479226504545e-04
1.063264738042805002e-03
9.514675478852991980e-04
8.478634069807938160e-04
1.134153481383540175e-03
1.120072407003731667e-03
1.058083490731961170e-03
8.959749174298819660e-04
9.261672467021336407e-04
9.857204731478887497e-04
9.359519007647989835e-04
8.993547429731654080e-04
1.048770503890295675e-03
1.112093603602524496e-03
9.908231208357559487e-04
1.048324737221181021e-03
1.018031161003281424e-03
1.227031478538883388e-03
1.231084439637040659e-03
9.763734967193379681e-04
9.630422383241402616e-04
1.134126120797237505e-03
1.443713522834851482e-03
1.110823503905282667e-03
8.825803994295018402e-04
1.136374958315920216e-03
9.898329285588241839e-04
1.068909382081507107e-03
1.105786784579788819e-03
8.629323979442094427e-04
1.205181129072636090e-03
9.419764238090009905e-04
1.052844240278551658e-03
1.263311926079359934e-03
9.547671957317382463e-04
9.645197141244929917e-04
1.123215460346651748e-03
9.161414233163161190e-04
1.270509176151814017e-03
1.071664688808760414e-03
1.342817139011950444e-03
9.858543395869293069e-04
1.218121700571673550e-03
9.773307495375667744e-04
1.196868370004043050e-03
1.390297076278721594e-03
1.140220138399584277e-03
1.166027966756565462e-03
1.186803937865756140e-03
1.131207548158614812e-03
1.089707539591833326e-03
1.106808494276338532e-03
1.047281785659437414e-03
9.996958474822782454e-04
1.098937311974725051e-03
1.134438755449818570e-03
9.544930382857412738e-04
1.117803677370078110e-03
1.053143965046112775e-03
1.092227155894282811e-03
1.107741919350308532e-03
8.329796775078640147e-04
1.022522714713656631e-03
1.462565270619402410e-03
1.145749458430566020e-03
9.772266194236830118e-04
