6.368268802272492209e-03
3.526295048197142928e-03
3.829706992782860257e-03
2.693060755804685055e-03
2.813719630347471818e-03
3.319956416265813694e-03
3.448419236201425483e-03
3.991520471750395938e-04
4.561221092986100442e-03
1.005546900977835438e-02
5.287534770339014784e-03
1.260891211290715488e-03
2.188176554817255082e-03
3.998072246603356743e-03
5.963968744689952979e-03
4.298209885811699917e-03
1.297686615994671656e-03
9.726743498574669765e-04
6.115704116501606558e-03
2.314742013741685409e-02
8.903319650770057450e-03
1.468830817065522841e-03
1.423017153306447083e-02
1.990953550659367924e-02
4.886738733653853660e-03
3.743526938255528885e-03
4.069141813289136635e-03
1.381455915514659231e-02
8.078914968829111962e-03
1.227563391234788798e-03
3.016291248326450486e-03
1.922971806684393992e-02
4.331748998065794790e-03
5.424747449639090663e-04
3.339087733278369905e-04
9.813285239096360048e-04
2.884319006146207013e-03
2.636432937323660280e-03
6.333500177539209860e-06
1.395801224259280804e-05
1.403898901374994171e-03
4.673755426754993246e-03
6.127396550484809877e-03
2.109141809106644672e-03
4.638373032968005384e-03
1.907749599028650501e-03
1.092314695435149183e-03
1.888842969465260842e-03
3.557140236991196934e-03
4.841465585159598385e-03
7.416298440437844169e-03
6.087225888621654486e-03
3.227378926423069266e-03
1.455532472098777113e-04
8.632530504478566364e-04
6.909769606164483042e-04
3.076972762964215111e-03
7.889313485001391707e-03
7.795363563023962120e-03
3.547032332199950583e-03
4.061299615971684235e-03
5.149218928974059681e-03
9.445103439675644683e-03
7.126227914554829172e-03
2.745096568641318315e-03
3.989840277119077391e-03
9.175499437427792060e-03
1.250714510517852290e-02
1.472372051023507905e-02
1.026328639818897652e-02
3.848559182394266885e-03
1.886726309105203701e-03
1.027787053620000425e-03
8.351867746547140961e-04
5.265207931431443306e-03
1.541186200170045068e-02
3.389881117012036316e-03
4.254919060455026312e-04
2.751705215200391593e-04
4.287260678591099205e-05
4.185664179971456539e-03
3.069700684657315076e-03
1.893755970737051510e-03
4.968070489961429062e-04
8.221467285339895906e-04
3.866516830979882090e-03
7.522705682910296211e-03
7.858760763063112054e-03
5.869649129040050567e-03
3.417595409628486781e-03
6.149730539724805600e-03
7.505678290668085957e-03
9.026717789550038271e-03
4.389959086973344027e-03
3.895619672090516825e-03
4.163713684617770770e-03
1.922754991086552930e-03
4.399903293071537672e-03
3.760047776176899097e-03
3.752124965181566959e-03
2.502273610336220970e-03
3.378678905637693720e-03
3.951522489629426260e-03
3.281854623736597809e-03
2.823072775915431987e-03
4.843739517844963642e-03
3.562312666074738971e-03
2.650394587231807379e-03
2.867876028722724392e-03
2.483424684604977877e-03
6.405566953532683709e-04
1.823802461366627646e-03
3.117039429392450683e-03
2.357754790124968591e-03
1.287285490073906795e-03
1.079627867752145417e-03
1.632530658476783175e-03
1.489916254282734392e-03
1.342406699830877908e-03
1.820876338244975783e-03
1.365424363589613343e-03
1.098244150102207096e-03
1.657436357357483210e-03
2.717248524132602136e-03
3.069221835594877594e-03
3.176776807095509428e-03
1.757383818181355297e-03
2.995027609280458483e-03
5.153969405502715172e-03
3.585311554490421774e-03
3.394153107041468585e-03
2.814413105439408491e-03
1.349669389859172244e-03
1.226033547666468670e-03
2.043448228834580851e-03
3.514332149637555604e-03
1.696606290522675387e-03
3.455808648410147507e-03
1.983347606912304155e-03
2.065570737197682319e-03
2.935450917240073430e-03
4.091800695382950478e-03
4.454402016465699131e-03
3.946868899763246626e-03
3.288948171584205916e-03
2.032366878784924898e-03
2.282266941661405344e-03
2.195984205654257296e-03
4.753835558717237932e-03
4.091507586665432683e-03
2.949065081350068455e-03
3.968984237841179964e-03
3.391579553394349911e-03
1.781524425323869698e-03
4.779277324654745973e-03
3.924184642100211375e-03
2.239853635598043798e-03
4.308902216408055409e-03
3.066130914650572973e-03
3.759123885235300493e-03
3.263976616023288400e-03
2.292941314708586611e-03
2.674821354805573780e-03
2.647851188250694224e-03
2.153067026719190057e-03
2.873966762341209624e-03
3.605258191297052491e-03
2.634326492378358340e-03
3.687882561097296195e-03
5.720031153873534127e-03
4.108320200197418046e-03
2.329618137450667915e-03
8.061273056179784225e-04
1.675798632097243949e-03
1.854117685027303290e-03
3.103245676825924868e-03
2.435653484287635898e-03
2.472189934454728510e-03
1.599461706213072335e-03
1.779028127471408201e-03
2.950375258056645369e-03
2.220710612453741239e-03
2.730613373182131688e-03
3.225693952179051714e-03
3.089903183531851789e-03
3.025166626774060310e-03
2.555914223346776679e-03
3.176310185384324108e-03
2.976333240644942184e-03
3.321098554421599101e-03
2.853934764338956088e-03
3.114055552596505568e-03
2.706735911940688806e-03
3.238293792788438791e-03
3.184570110009425029e-03
3.538033112464919645e-03
3.776858685143099498e-03
3.484553180628958448e-03
3.886344377859315795e-03
3.412698195292863945e-03
3.499440623152933697e-03
2.186426539151757088e-03
3.413307909415571034e-03
3.698892574924773653e-03
4.396106483173288157e-03
3.129963323674150345e-03
2.763760298467613126e-03
3.712397536213468685e-03
4.439933737559745991e-03
2.249381355280642529e-03
3.756107409093390088e-03
2.493138281311443969e-03
2.564932904080747134e-03
3.988093517177142971e-03
2.219694610133697392e-03
2.791717810176660118e-03
4.110659827108465933e-03
4.160794946117624127e-03
4.320356700684034254e-03
3.475964842576973694e-03
2.505651170107799173e-03
3.987489872297978952e-03
4.616381393125721343e-03
4.632866035405365512e-03
4.110280214791382607e-03
3.599919997702370408e-03
4.326764755146301697e-03
3.695397524212085203e-03
3.474200891604533898e-03
2.805657606765647304e-03
3.464361419545266586e-03
3.294537721936766170e-03
4.766251461427886346e-03
4.311642378408662990e-03
4.405513805524919994e-03
3.105157451918239258e-03
3.116461879365303288e-03
3.070124610529460785e-03
2.055611795651402993e-03
3.040937996618619295e-03
2.501891877554643547e-03
3.938092755672533037e-03
4.482018682812030815e-03
4.364291567431723314e-03
1.648082823798540601e-03
3.253549723804381125e-03
3.249374222285096765e-03
2.637288724869227795e-03
2.562516211414926290e-03
3.968726634918690217e-03
3.875194225928279331e-03
2.362298012842697480e-03
2.468860612886252838e-03
2.722021960029354440e-03
5.176949020616490420e-03
2.352331607319768734e-03
2.951789885247824499e-03
3.272106212826537529e-03
2.244919309238903749e-03
3.161804723069071461e-03
3.709530531958819821e-03
3.875138747931658207e-03
2.540034419484329259e-03
2.748205367103899455e-03
3.941494539650227530e-03
4.599235685593061618e-03
3.143481345124117705e-03
2.329767475124938474e-03
2.459284017729739067e-03
3.053941904431494228e-03
2.996403599055228514e-03
1.730793845689821125e-03
3.452870374096520499e-03
2.551055219978717523e-03
2.359766427858690438e-03
1.917364730246379819e-03
2.679884405916629735e-03
3.452654544385533059e-03
3.622378490879000958e-03
3.703396387385773057e-03
3.639240504177111701e-03
3.684245239941189801e-03
2.724942611875866109e-03
2.714514057246022929e-03
2.959831827508150985e-03
2.306810748176468112e-03
3.179136600730895525e-03
2.194754669551621760e-03
2.137298362215466971e-03
2.945433608238474683e-03
3.044180629920605324e-03
3.571693513987765026e-03
1.715703699238927023e-03
3.056070775246175122e-03
4.118216792669305258e-03
2.329793819402046356e-03
3.074950630642869429e-03
3.633961190392435547e-03
3.163362323251160940e-03
5.044025940101838114e-03
3.031931490831738830e-03
3.471565580635314376e-03
3.085091718227668620e-03
1.776826810701062718e-03
2.545759939613625056e-03
2.988262064936971375e-03
2.957417423251625967e-03
2.759706377884074517e-03
2.799288271546311949e-03
3.347121042870943551e-03
4.210104131839383264e-03
1.942008001896693148e-03
3.895090129731030529e-03
4.951676880663878101e-03
2.027621305818188332e-03
2.462774371174153085e-03
3.303820854890774338e-03
3.722521009661248267e-03
2.330036103308450509e-03
1.689508022517223268e-03
3.220150690459904277e-03
2.643405145826613085e-03
2.210267719579248752e-03
3.392269456562218427e-03
1.409047826236410747e-03
8.934632429611268512e-04
1.520194530999261591e-03
2.255857419276482891e-03
5.255306935495218136e-03
2.694545783540456488e-03
2.469112904826201681e-03
2.081637322540011957e-03
3.167819648714439041e-03
3.103927862868532516e-03
3.255576731738448089e-03
1.823355378700467714e-03
2.084915792559733239e-03
3.657633670357158650e-03
2.952111318479328731e-03
2.563034311814811443e-03
1.524548904243460627e-03
2.954628373158568657e-03
1.731948379685856621e-03
2.767651311647463357e-03
2.783888539024729786e-03
2.920619512603517959e-03
5.287728359439399471e-03
3.273248547469523578e-03
3.380931033344593793e-03
2.865371542777230950e-03
2.772971774184950899e-03
4.088129450276267902e-03
1.959611557811209541e-03
2.963454244563116634e-03
2.336341483502732234e-03
2.436995223725803034e-03
2.967860378785370807e-03
3.577461220926664645e-03
3.250432423647589379e-03
2.168341993599200591e-03
1.984176345467590554e-03
4.338872736349998899e-03
3.039753688814937019e-03
1.992505981200072031e-03
2.658501699296871024e-03
3.146911949502033054e-03
3.427046316911853963e-03
1.662069479679071163e-03
2.229885050010715214e-03
2.443472763486820559e-03
5.233352409741198578e-03
2.389100467550302198e-03
1.895194772178103578e-03
4.046451759166371648e-03
2.821801175474275818e-03
2.766517548026588107e-03
2.938047911216760087e-03
2.310829575075414727e-03
1.522576976361639635e-03
2.630089844961211194e-03
3.011086523452933400e-03
2.712773558988771424e-03
3.970362858864985925e-03
2.175760082030853571e-03
2.535845588712897988e-03
1.611427788116232560e-03
2.364260517219906200e-03
2.242014481218396801e-03
3.057375338615187302e-03
1.329654277997890542e-03
1.084907069087076960e-03
3.233250018949165600e-03
2.289515565298928974e-03
2.402984307267677384e-03
2.212207760138992872e-03
3.983523742143146515e-03
1.628683550569900561e-03
1.604981072138601849e-03
3.139857138078917028e-03
1.801377965251676171e-03
2.509508869732253802e-03
3.466665718495869422e-03
2.912897194596496264e-03
2.195144049596955017e-03
2.217793264614901193e-03
2.151257070767440688e-03
3.410063824208672302e-03
1.448529154626896623e-03
3.590190793660020131e-03
1.021167422384757504e-03
1.739565109709399759e-03
4.021752977904752800e-03
2.203828486495004561e-03
2.470751106959587651e-03
2.711549390950719878e-03
2.142164703840872091e-03
2.796418087238277100e-03
2.126273759921212033e-03
1.684394825291048690e-03
1.468806363203894495e-03
2.884730931164943609e-03
9.627675175360968837e-04
1.419470440838898739e-03
3.617249246213683888e-03
2.101442808149031442e-03
1.479161118232967575e-03
2.454417417852898086e-03
8.032300539643367349e-04
1.841426115601320357e-03
2.696683922580787006e-03
2.709803203343120765e-03
3.725697758004354199e-03
2.074123615628870564e-03
1.501714645127628098e-03
1.560577371828119567e-03
1.696343234921440270e-03
2.437437395365779809e-03
1.999729629266647907e-03
3.293340534433494057e-03
1.135256134216309143e-03
1.992677211809492244e-03
3.463910247421127589e-03
2.555247951725658426e-03
1.073510923695416121e-03
2.424328467102080872e-03
3.764096023512092642e-03
2.086333130137487269e-03
2.107011906136954313e-03
1.524323122595764440e-03
3.763765698877388332e-03
1.524939296820456997e-03
1.829278105883110593e-03
2.796672392262590946e-03
2.546356439059118109e-03
1.921439226746765290e-03
2.990154695243538163e-03
2.983345749955940325e-03
2.524684906315841949e-03
2.779672819103852846e-03
1.917264150098917574e-03
2.500727610511308072e-03
3.216422581757630815e-03
2.791496228386754902e-03
1.852834758505182309e-03
2.275716492035861818e-03
1.624221410278765517e-03
1.808500011908601920e-03
3.339268489333545309e-03
1.619622825088437492e-03
1.506716292507641330e-03
2.836394631566009454e-03
3.507873481402995920e-03
2.499562754830323124e-03
1.724587162104517825e-03
1.993645666859302206e-03
3.503998313858568397e-03
3.136140789586366710e-03
2.837346571899516164e-03
3.004230669453566895e-03
1.011476737316545360e-03
2.146753234993711932e-03
1.983291815214426219e-03
3.144394520000479750e-03
2.749133050283621843e-03
3.682072423281533297e-03
1.527981088660710371e-03
2.491272013068990872e-03
2.618595536559768008e-03
1.356401300377184848e-03
2.918952567514431547e-03
3.161668783049862222e-03
1.653640630358740090e-03
2.642527034522518942e-03
2.985349697950869397e-03
2.185678366829897114e-03
4.590555428306319734e-03
3.008595159510758094e-03
2.808108238147451110e-03
3.917442869146602058e-03
3.680614066444380401e-03
2.046313681688613235e-03
3.133382679507341548e-03
1.680373597947429397e-03
2.212491156788064760e-03
3.172945881419005857e-03
1.938075941492424644e-03
3.012761368158787395e-03
3.399682414661247404e-03
2.702082127736481296e-03
1.803291430160646738e-03
4.823451168029368498e-03
2.380087055833134905e-03
1.895446203013176215e-03
2.400434820443186380e-03
3.505556404867918655e-03
2.545934416666731630e-03
2.246714739564144650e-03
1.219747289755862942e-03
1.913865138699691977e-03
3.118289464906657659e-03
3.503875558915121695e-03
2.206920004633659577e-03
3.922042338238782185e-03
2.625839573862914691e-03
2.574426543956700748e-03
3.245951308751922858e-03
2.060500240789913447e-03
2.279219235912822994e-03
1.996402038283588091e-03
1.933100318048939928e-03
2.161411191274014657e-03
1.091292191959671466e-03
8.367893154022696236e-04
2.184126916404931749e-03
1.922238207893146649e-03
1.923015268597135126e-03
1.785401819040287026e-03
2.337645992734812064e-03
2.698464185635067892e-03
3.561299847686382001e-03
4.320246717952536640e-03
2.236458983158994517e-03
2.687270381812105220e-03
2.825249558881240495e-03
1.270083512974767024e-03
1.780210974775931583e-03
3.232681549848084868e-03
1.896503927701388920e-03
1.876682052694787729e-03
1.501224268391206833e-03
1.698031557388390237e-03
2.959683389722719219e-03
1.607103843325530419e-03
1.461585492095426961e-03
2.759540568834350279e-03
2.361499532565620486e-03
2.606976490286949059e-03
2.284598462832320310e-03
2.095422407000003141e-03
3.884536187123052361e-03
3.769934817987212212e-03
1.314969432567404022e-03
2.070400929599354109e-03
2.153698291854760742e-03
1.959519592203025611e-03
1.650700930853569526e-03
1.012980509448459243e-03
2.226683363559158607e-03
1.401992922207972656e-03
1.237717451796836862e-03
2.563688029488736704e-03
3.199695260107780596e-03
2.589354676681769954e-03
1.369073346817691267e-03
1.427509015710607928e-03
2.278320394979061522e-03
2.764798845904141607e-03
2.137286849692738439e-03
2.818417202906564525e-03
1.394981272995002687e-03
1.531719091444478688e-03
1.103275604146203032e-03
1.232705565298884264e-03
1.494615280519937493e-03
1.248720231610172269e-03
2.732021384648591032e-03
3.238506777689447065e-03
3.505288357285166363e-03
8.515349190489030981e-04
2.016182224649267114e-03
1.293805774851220598e-03
3.167660568214347196e-03
3.044247190659728382e-03
2.168523327979230472e-03
2.544923716008579400e-03
1.470935085985496972e-03
2.511950842799462805e-03
2.762048469441522568e-03
3.786990436088316994e-03
3.678106531013687879e-03
1.588559193243068270e-03
2.503386359701942950e-03
1.839627178851953575e-03
2.373780765920084548e-03
3.276793507242319829e-03
1.343014101321438232e-03
3.161519678079622187e-03
2.947526070120093118e-03
2.314565617046058111e-03
3.031060002164341974e-03
8.500651165971870923e-04
2.922355933843967610e-03
8.859332391010303056e-04
4.064221525519157510e-03
4.033719269878797975e-03
3.215718170472582019e-03
1.678267804964323059e-03
3.272844142599118725e-03
1.224652251342845093e-03
2.227815196055119365e-03
6.915167730447448462e-04
2.009718398415301366e-03
1.734268450319295706e-03
2.014172126806150487e-03
1.600671600075036227e-03
2.200210978822910498e-03
1.608588369010100242e-03
2.579943145517435681e-03
2.730600212283437918e-03
2.208064529290415350e-03
1.424605370695005736e-03
2.309130275440418687e-03
2.013301107827753129e-03
1.667998982799315851e-03
1.891320424990837381e-03
1.209754404997470190e-03
2.046333073376188812e-03
3.129921598201101419e-03
2.040030472817568486e-03
1.679882284430434230e-03
2.038476894767677055e-03
1.129442167900529884e-03
7.829582090085685300e-04
2.650806392973357756e-03
2.713422689491545945e-03
2.467774931683182262e-03
1.506956830285803919e-03
1.590115427490756354e-03
1.337234494001368103e-03
3.549980240810880240e-03
1.446650089297167163e-03
4.314491281283746454e-03
2.721073307768241082e-03
2.439928427406633585e-03
2.414764471160652827e-03
2.178467925546534283e-03
3.491360316490581348e-03
1.649164525626121459e-03
2.168361075696313093e-03
1.382581881849852604e-03
1.375993785538448793e-03
8.539548164378672670e-04
2.572854673779819117e-03
3.363113710513011747e-03
1.734871073266932694e-03
1.796984774439884134e-03
2.664803813436695916e-03
1.483784704782742945e-03
2.118958145609813049e-03
2.270772643264783348e-03
2.269894488862932505e-03
7.450557946945821682e-04
1.992930435373939553e-03
1.169726762168891640e-03
2.608683008366295165e-03
1.716547112913119951e-03
1.754202415959607748e-03
1.540993428007931881e-03
2.314543100841450277e-03
1.889308837771743604e-03
1.472380159316944099e-03
1.454669223042477730e-03
3.021968794687310191e-03
1.547695395811470162e-03
2.867303298046878710e-03
2.955838179498575420e-03
2.588698493468672129e-03
1.447303884171911945e-03
1.790943972689143125e-03
2.331677969019304349e-03
1.076691351786938618e-03
1.783177766731655536e-03
1.765628819242092340e-03
1.785904022303738767e-03
3.429549442688049898e-03
3.026186632489698790e-03
2.489465394527629050e-03
2.553030552799985878e-03
5.514997308742168331e-04
1.542953901710177999e-03
2.537133654367262642e-03
2.399010261905098768e-03
4.151957210392119915e-03
1.555882853231576506e-03
2.512407932285751558e-03
1.577780766183079202e-03
1.609589394430839581e-03
1.370758137654633701e-03
3.252035361159123349e-03
1.062855464318657444e-03
1.783947292307014451e-03
1.702144007554023215e-03
1.566701086223842940e-03
1.489520123688032726e-03
1.298003940117950766e-03
1.555109046695401067e-03
2.130655498819043758e-03
1.696640982979854976e-03
3.031419030254585336e-03
1.949721601681959210e-03
1.098819279220187130e-03
1.123880455378038941e-03
3.624518340783317548e-03
2.255707983502407143e-03
3.218355110637547735e-03
2.491885351349335583e-03
2.140050984560631486e-03
2.603869806116367643e-03
1.044806149435774422e-03
2.077963045418949363e-03
1.916501322048594748e-03
2.447218543106739839e-03
1.902940198838413066e-03
2.184824053434794491e-03
1.750981126083710291e-03
1.933458827433823376e-03
1.587926024210712349e-03
2.478045204655175086e-03
2.215720452912316174e-03
2.922523365399163839e-03
1.374499335417998878e-03
1.810971011068309875e-03
3.847291119219973382e-03
1.219513435225873547e-03
1.805933851925362738e-03
3.652798701183592595e-03
2.756118274351320417e-03
3.111061863357564294e-03
2.697869934108569016e-03
1.970350289735509509e-03
2.624690427215048329e-03
1.855086577465129682e-03
1.630549849274444624e-03
3.593984704128271902e-03
2.787259784342431546e-03
9.348084002779148433e-04
1.691537658509271753e-03
2.261237898886641479e-03
1.902084796208436054e-03
2.010479032928773335e-03
3.978008540262401548e-03
2.478596845459446387e-03
3.064410073066397601e-03
1.698719663756349590e-03
2.185644451715410344e-03
2.431844980090743652e-03
2.317496404395335413e-03
1.368557064745781499e-03
2.037304757790397037e-03
3.084981262180732948e-03
1.420073437685008240e-03
1.945508408507573344e-03
1.430493556072520408e-03
2.307310921789000081e-03
1.479238554296202377e-03
1.899710398471612244e-03
1.661858436651300836e-03
1.335185470450277277e-03
2.714906151987497244e-03
1.559551240844037371e-03
2.184025798079729068e-03
1.314819099032732376e-03
1.502197630937703813e-03
1.829093402603127437e-03
2.008422311607354228e-03
1.821259854740444857e-03
1.828964676870605986e-03
1.945246738331571530e-03
1.288074520379565990e-03
9.618781813377296581e-04
1.703377043123267386e-03
2.175650384720898261e-03
7.902652576091746166e-04
2.709450383652821717e-03
1.685986802004328829e-03
1.281410792309740573e-03
1.657329327292928357e-03
2.442961375779123534e-03
3.467896933655395010e-03
2.213311050437781913e-03
1.219824386938718258e-03
