2.511628145519803797e-03
8.910378018759494440e-04
2.772750565383979692e-03
1.388745670700593845e-03
3.122148524407393749e-03
2.020592470770519230e-03
1.807659825514290695e-03
1.790406711119376304e-03
1.418362624825221996e-03
3.310538729591244646e-03
2.145987253098498131e-03
2.876457520023908716e-03
3.006149674267048506e-03
2.152823593992797546e-03
1.845983062588560462e-03
1.516864217465370944e-03
1.643101789916044794e-03
6.570858350726989936e-04
1.203751789488859570e-03
1.299338426166575695e-03
1.394271154936043691e-03
4.850706531725521129e-04
1.398815031617760361e-03
1.433777032239804588e-03
2.991777169666713122e-03
5.297070787638999455e-04
1.019891856889084845e-03
6.954938049154393582e-04
5.651385532351063494e-04
2.040113389307192902e-03
1.146442975039130936e-03
2.085969942093405909e-03
2.728160986294640884e-03
2.548084291535946799e-03
4.590199842595543570e-04
1.680445390217114292e-03
1.596071528228948768e-03
1.079994831824523027e-03
2.049314651992879821e-03
2.018102090388397205e-03
1.404427357945377524e-03
4.728896020826805786e-04
2.606384806397143289e-03
9.124176229629105345e-04
8.855994508418258294e-04
1.239395979785593710e-03
2.440831155443800703e-03
1.533122617449099705e-03
1.462653697272435060e-03
1.172783017886206130e-03
1.809726198239576447e-03
2.270956204954427318e-03
2.328115950355076277e-03
1.044480857178076757e-03
1.233985345887944748e-03
1.944198077112700837e-03
2.045828295667566788e-03
3.987109006283740529e-04
1.866362864200973252e-03
1.697203871148598130e-03
2.856404518277580896e-03
1.834379524529103226e-03
2.078285522018123634e-03
2.840696238129783446e-03
2.255997139115613597e-03
2.648713451360426487e-03
1.948454770003203197e-03
2.445525894720972267e-03
1.265922702596045850e-03
3.058037055489824536e-03
1.539958764432084815e-03
2.265509505914612906e-03
2.441244542947143374e-03
1.591550211601127198e-03
3.080994637915405922e-03
2.732084784597557138e-03
2.126431834567222429e-03
3.119978211108940906e-03
7.703121654964967084e-04
2.715933774679647056e-03
2.137304899415616230e-03
2.130593765324559439e-03
2.272305263759356875e-03
3.882106477093002876e-03
2.827936708721058914e-03
2.375892091039880170e-03
3.140343339297471930e-03
2.583771109921927794e-03
3.346737269932233919e-03
2.883292198444627891e-03
2.336745398487966030e-03
5.548227424609125831e-03
4.537346232780905056e-03
3.502545601392917807e-03
2.515824222197322445e-03
2.668069774821704102e-03
2.019055490941490220e-03
3.354662030231260646e-03
4.039407731593488982e-03
2.463601754680001810e-03
2.376617025857044943e-03
2.035871513113538499e-03
2.427876235301145141e-03
4.744069817739978226e-03
2.439298744974602740e-03
2.603803340907445522e-03
2.408286063637747349e-03
3.240462311684697960e-03
3.777690915129599484e-03
2.219563207586712928e-03
3.083675451842415611e-03
3.910830093171203080e-03
4.943374356996236771e-03
1.701178254795418076e-03
2.334478584503405386e-03
2.169392108137167645e-03
3.815457990162848811e-03
3.578028428352936045e-03
2.765185286445124430e-03
4.947099478195511775e-03
3.378480052007149567e-03
5.009521374316373322e-03
1.580144592040396648e-03
4.903839457192222563e-03
4.253841621057606777e-03
1.798449860242957304e-03
2.434164198521789231e-03
3.522265253963302763e-03
3.036055847107716615e-03
3.227419372336599954e-03
3.020279285161930373e-03
1.708024142319408472e-03
3.076670167925089731e-03
1.669709721163457634e-03
3.519236397083618829e-03
1.136188253301312215e-03
2.634218683395540481e-03
2.849976654278583293e-03
3.700264186899764746e-03
3.051491356529928336e-03
2.104270434871666120e-03
1.776102882753483481e-03
1.991744925096605810e-03
1.682854389881083918e-03
2.370439075423537434e-03
4.328825323585708262e-03
2.216940177615417309e-03
3.019670760108833420e-03
3.272348823993176219e-03
1.892017818210847777e-03
3.088474693694854504e-03
4.111999398844500692e-03
3.555990985545997869e-03
3.348752705480399772e-03
2.224882850936043058e-03
2.649829159765042155e-03
3.481122903894822828e-03
2.345356139438173077e-03
3.301311656285070908e-03
3.123183420857999788e-03
3.234960519274653924e-03
4.317071784556736867e-03
2.981143863523870799e-03
3.338946217683626087e-03
5.273305358306606440e-03
4.738580813845883095e-03
2.684332604843792883e-03
1.742190213716221167e-03
4.514873455344492123e-03
2.667630715712506449e-03
3.613263758292016656e-03
4.244411026218049450e-03
4.133365666117373022e-03
4.842005638529120991e-03
2.564248250413308020e-03
2.438260551354235525e-03
2.859303430391689407e-03
4.234593384916380925e-03
3.561114516642943043e-03
3.600731612087361942e-03
4.786723535747212759e-03
2.023321150672917953e-03
2.237460094691475724e-03
6.097447799811344521e-03
2.808803216141865598e-03
4.753309453158099419e-03
4.951674990754411330e-03
3.749068767057697673e-03
4.510374907861050379e-03
3.143110193268260077e-03
3.333193985110329601e-03
4.696111453307007591e-03
4.386115178516036481e-03
2.656176901033774178e-03
4.871568679353023221e-03
3.617021126449087524e-03
3.741191581987012883e-03
4.495690730968102122e-03
4.438032771658481646e-03
3.803560958575832960e-03
6.158553001072548071e-03
3.342173802179161570e-03
3.187665278091860420e-03
5.148342589675192552e-03
3.924112417233080984e-03
4.241378060463655425e-03
4.544892692910959542e-03
5.134892028218322919e-03
2.099975063725581688e-03
4.583669285828002177e-03
3.612128824664739314e-03
4.133186044209877577e-03
5.373127213310530809e-03
2.966792892755998248e-03
4.395625196333735087e-03
3.228908622645249981e-03
4.820897956595958898e-03
2.302980829394491932e-03
2.875193792863497359e-03
3.274669362481172699e-03
3.067270939725576847e-03
4.488080036740294161e-03
2.429431231416050510e-03
1.951415985768404368e-03
4.789005498977661097e-03
3.767813894486275912e-03
4.807646896593740712e-03
5.967041756979993630e-03
3.952350438721827404e-03
3.835157490696901577e-03
4.135484719932583202e-03
2.528064198652526726e-03
2.811372022037513657e-03
2.872549879882949336e-03
2.521144147671236686e-03
3.599569155646820465e-03
1.460172051796150734e-03
5.528244972991033096e-03
4.924047869742678891e-03
2.059037562808522983e-03
3.545468535626737378e-03
3.165958062799212411e-03
3.450855904882176202e-03
3.293927664688399252e-03
3.791841744362440397e-03
2.851124081859456299e-03
3.509632376300986841e-03
4.816495164984112808e-03
5.101206106572522998e-03
3.294940934649206662e-03
2.705371723602889664e-03
2.972183657831416279e-03
3.302860397802391632e-03
4.715949765736780937e-03
3.689017299130849161e-03
4.083997338362822804e-03
3.016876519448793374e-03
5.303507822982086832e-03
4.309166818826011026e-03
1.670786280529262639e-03
4.268923927385324772e-03
3.978156920645586729e-03
2.813080460541361044e-03
2.932673827361757888e-03
2.698160144351571723e-03
2.934280765441246892e-03
3.606865016877128065e-03
5.207190100166871755e-03
2.791895861680995621e-03
4.297977805291474697e-03
2.624791406451934192e-03
4.868294455237317901e-03
4.582713935947394651e-03
4.867945545066241532e-03
3.547442026151198871e-03
3.975177900673008274e-03
3.066650171621398274e-03
4.284347151812948479e-03
5.288856467313765575e-03
3.449090053416343105e-03
4.642244436632634794e-03
6.172173894512893860e-03
4.199122238715905994e-03
4.606816877682036113e-03
3.119028680125767155e-03
4.701930303537929165e-03
3.793371501547698581e-03
3.565653214467629211e-03
4.282137789726144818e-03
3.756211552342228130e-03
2.862601440927603231e-03
6.182136933553278486e-03
5.262246588643723112e-03
4.561938233198691017e-03
5.473048223030379210e-03
1.951164083672566945e-03
3.272062610348327929e-03
4.168181864777269728e-03
5.349357159582678566e-03
3.826872792219036291e-03
5.216308456460189320e-03
3.671931846615460703e-03
3.341590995179969433e-03
4.704936010821091259e-03
4.328141408318959132e-03
4.106740335205793895e-03
4.410555476508496754e-03
2.598256407506488799e-03
3.885819424983885748e-03
3.298012968593102764e-03
3.793623325281627028e-03
7.874563787148288613e-03
5.700644766727030327e-03
4.896261707868206602e-03
6.114479017104509570e-03
2.998713436765721753e-03
3.395448263784814000e-03
3.491720805617886010e-03
3.203139050082877328e-03
4.941654055370963208e-03
5.176481370300464908e-03
3.453283199817793088e-03
5.185143739758368842e-03
3.401370281196478777e-03
3.883424372328570223e-03
3.035385214738858025e-03
4.771919499933874147e-03
3.217995449141414568e-03
3.538620395800821505e-03
4.390306288709789652e-03
3.180911857141368974e-03
2.240410309113824352e-03
2.963138951100239074e-03
4.970571392457258549e-03
5.800621675582907921e-03
2.805074159044737298e-03
5.761860952868436657e-03
6.581920074360492375e-03
5.974351169540279526e-03
4.941697693912827476e-03
3.074917860481852366e-03
2.612069388280512626e-03
5.540616658570567815e-03
5.845973878846019364e-03
5.550582642151607148e-03
3.826810069033760413e-03
2.436820839655016221e-03
5.065125133851922784e-03
3.514029073436404204e-03
6.358543337821659890e-03
5.677168997734639497e-03
4.976659197280616787e-03
3.661741873231298509e-03
4.470049168611672612e-03
3.499647949729410828e-03
3.035796941250583879e-03
4.254001705586083794e-03
6.023259602142472594e-03
3.969925305412203356e-03
3.914801856351319588e-03
5.161033629106126334e-03
4.360476344727672905e-03
6.950575692182949482e-03
5.329044941277407375e-03
6.116794866855565678e-03
4.037023251704201579e-03
6.974814433000623391e-03
4.678364332085341824e-03
3.542129669980223407e-03
3.058267269423367227e-03
5.547018395488612259e-03
4.380481388039374376e-03
6.418674233481701935e-03
4.006379003907266020e-03
4.403043267457803882e-03
4.748136875538462066e-03
4.190999052683702826e-03
3.910656752541609091e-03
3.605849470103535473e-03
4.741261801442246855e-03
6.419973312371378589e-03
3.557468555321473529e-03
4.762625341630973876e-03
5.323204459794357753e-03
5.811381130137076474e-03
3.781835059006161820e-03
3.168613148735801265e-03
6.338428896317472618e-03
4.230694941318269113e-03
6.611393261558013226e-03
3.352026213619207096e-03
4.580570080805720576e-03
5.077265852692127053e-03
5.927588914401241485e-03
4.843006151605791683e-03
6.157627369674761007e-03
5.199912273424025719e-03
5.760352337971542079e-03
4.961335545828643445e-03
3.264026096089828535e-03
6.213156105558352051e-03
3.689633104754940288e-03
4.021966145177159439e-03
4.258533388223722377e-03
5.267245927656385995e-03
6.092592836921367251e-03
4.360292735224181870e-03
7.523986497843476381e-03
5.989934402076384917e-03
3.447761316288171576e-03
3.099505280782991271e-03
6.697787686428367457e-03
5.761601221467912461e-03
5.042741190559735416e-03
5.110456914132061913e-03
3.533593059123333203e-03
4.065511614257857204e-03
4.978317560544787135e-03
3.633983326621749530e-03
6.246066033447059997e-03
5.663929962258896535e-03
7.418660003416305097e-03
5.307556691244886583e-03
6.109736464985861606e-03
6.576657551478945485e-03
3.479824809177022981e-03
4.977612989072042332e-03
7.745324733526048541e-03
3.658396204542499214e-03
5.293869765999295769e-03
4.029869602255722015e-03
3.134118547127028118e-03
7.102899806746826653e-03
3.627462019441643308e-03
3.461254672700652540e-03
4.455318726967910994e-03
4.020375618739760459e-03
5.754853115683805295e-03
5.601061305156193777e-03
4.607144959186596118e-03
4.375383806075554445e-03
6.055936221628985608e-03
5.048238352755553097e-03
2.971940255298882033e-03
5.238784745038051020e-03
6.055600403921086207e-03
6.473256721873909755e-03
2.822937311047848258e-03
6.243502518236178529e-03
5.749548027950522264e-03
4.982113152588962986e-03
5.639836281655261248e-03
5.351774106323481384e-03
3.777103179844082306e-03
3.323444640526666046e-03
5.634430069444830262e-03
6.156748852912093464e-03
6.200936928812175383e-03
5.167911337201457588e-03
4.582559951406004264e-03
4.413047590550710567e-03
4.674848717215942563e-03
5.314509422452749245e-03
6.457352608797970774e-03
5.373829813507533144e-03
3.276282807001847010e-03
6.405770892944507265e-03
4.887246238706689436e-03
4.283524774857079900e-03
2.389431055056331476e-03
3.382235717520749776e-03
4.066482945732846806e-03
7.408197560911956685e-03
5.656479855434723772e-03
5.762137309804110825e-03
4.627485826357506486e-03
4.968743273488280057e-03
4.524102256841375756e-03
3.852931635475434838e-03
5.630981196685598544e-03
4.346669875236722561e-03
3.396345905713093766e-03
3.723091368045661643e-03
6.107021125707448594e-03
3.246837967341651473e-03
4.090129662032203003e-03
5.462297811567082273e-03
4.581341796020432788e-03
5.272028644731479793e-03
6.461583691612681965e-03
5.055678535615730669e-03
4.765490428525427646e-03
5.113082570881227404e-03
4.443005274733839716e-03
6.001854922219639239e-03
4.923379240078054955e-03
6.492288751875388911e-03
7.423260592099583006e-03
6.717420528698567553e-03
8.802020446512397178e-03
4.808805855091194230e-03
5.762842783694144093e-03
3.771127392683148571e-03
5.733636575805456555e-03
5.879762368810971529e-03
5.357487150676556488e-03
5.526094955081637533e-03
3.448212962638995838e-03
4.583517057641313223e-03
6.798278915364132195e-03
7.736270528931926856e-03
7.189038551956079826e-03
5.523015572328091212e-03
3.922160458721793246e-03
4.316997722404364995e-03
7.789510394046622946e-03
7.288602542972675430e-03
4.183811310964850178e-03
7.138330618646540268e-03
4.245216710439465510e-03
3.874858098179212711e-03
5.066009103468570307e-03
6.352539679085533394e-03
3.021282032908827273e-03
6.235399845608496396e-03
4.677637836945822657e-03
5.805183798899626359e-03
4.224479050052051647e-03
6.155518452518616776e-03
5.403146539537178120e-03
4.907125179936423429e-03
4.824230735705953288e-03
4.186255869698866580e-03
4.405668534859665843e-03
4.774390505932267319e-03
5.803443193064565346e-03
3.660282505003458701e-03
5.229523377681301842e-03
7.872133066256514072e-03
4.373720510792326183e-03
4.772768068526454625e-03
5.503241633722811936e-03
6.673684565222839059e-03
4.324422123570836364e-03
3.171340719521296633e-03
4.811873368875879860e-03
5.188427142144683840e-03
4.593796804966893306e-03
6.849395007393198342e-03
7.438327881877349577e-03
3.946259485354197509e-03
7.484552428809429156e-03
5.363484582375368376e-03
3.297543829681754291e-03
4.924559289123459777e-03
2.268318196953653110e-03
4.947839823000402953e-03
4.610719193684897216e-03
4.307174792686524478e-03
6.845865347730940853e-03
7.025660882388143867e-03
5.918956548316705799e-03
3.269138301744841345e-03
4.474708106515463968e-03
3.355749191694017315e-03
5.579283355387978580e-03
7.328513418238659892e-03
6.767966082085175722e-03
6.735887414185891611e-03
7.562445804777241480e-03
6.569641757055156607e-03
5.683108885817086432e-03
6.249624460808827359e-03
5.571441064184985345e-03
5.704432471560193403e-03
7.201807999339517562e-03
4.223321749972607821e-03
2.786891735643874917e-03
9.486855545163182593e-03
5.477622520754384626e-03
3.830561806961992142e-03
3.844261233873942207e-03
3.876825903958903367e-03
6.403828114281344235e-03
5.343979832982257393e-03
3.860885575859339912e-03
3.977611266567332264e-03
5.545286192180487635e-03
5.266978795518517664e-03
6.214799063661948994e-03
5.083422720356447870e-03
5.881510633364539151e-03
3.619417354209880384e-03
6.505693532536415032e-03
6.027465572714898155e-03
6.245166831610953623e-03
4.765303314447946227e-03
7.984793456789049740e-03
5.361789956406763299e-03
5.110826713238447207e-03
7.690845091309032357e-03
6.553177987309619784e-03
4.856735427278418421e-03
6.646655530834287562e-03
6.740113503074580091e-03
3.298029658136255194e-03
5.693338662673381491e-03
5.417137876502096418e-03
3.539028214592461041e-03
6.675720185744050787e-03
4.957403823151449763e-03
3.041267778975769581e-03
4.417944183890792388e-03
4.370866630586138155e-03
4.546385546276052181e-03
6.877995447092698396e-03
6.013886423042914472e-03
6.453632353133291651e-03
3.906319670783055947e-03
5.878774872186653434e-03
6.051476410029647465e-03
4.295770957666413155e-03
6.734654210649472332e-03
7.044646483991275770e-03
7.330957548866035012e-03
5.561071486432052520e-03
4.522444142465493859e-03
5.764789881295692871e-03
5.145037922132996572e-03
4.680414220174489680e-03
4.374970468424386680e-03
8.033513106130164491e-03
5.292532106781961711e-03
4.387035215811590887e-03
5.157586132532131565e-03
5.631011824497093865e-03
5.057189154779808023e-03
4.554076675097482041e-03
4.513322424276756256e-03
5.478054415876518549e-03
4.697897555299191535e-03
5.750707767249493840e-03
3.741139479415703847e-03
6.258504371261639290e-03
7.312163213252779147e-03
6.937811856207769939e-03
5.345754382832973092e-03
4.055439437837701951e-03
8.759382927382871470e-03
4.469201551629394843e-03
6.411849252360682545e-03
3.883646383385002277e-03
4.908420308856333882e-03
4.854127787356046428e-03
6.393384512766726001e-03
7.152884043674469401e-03
5.414031678483549430e-03
5.383827480068671331e-03
5.305272321131666163e-03
4.441113174554076060e-03
5.086608471807297499e-03
6.591547242365532709e-03
5.271696069091850491e-03
5.300551473190460473e-03
6.639708074112341506e-03
6.804766782132964584e-03
4.713424146457846631e-03
8.844635235839958670e-03
6.410386751702239205e-03
6.062220247937418101e-03
6.359325488910621063e-03
5.808487074570261623e-03
6.448846169175619959e-03
4.424234316063490463e-03
6.146630626904587419e-03
5.278480698539412402e-03
6.756275021489237427e-03
4.468154458304695632e-03
4.452158430453803141e-03
7.133348476098179403e-03
4.816079904310573492e-03
5.660104178277702500e-03
5.714701778792356975e-03
5.972859721533821907e-03
6.716376746755734969e-03
5.317140045883764383e-03
6.486006912062450627e-03
4.010664047644663978e-03
4.805937620830176039e-03
6.928866584741784178e-03
4.639872575600396086e-03
6.719832729290696645e-03
6.789610382010399618e-03
7.945741535328036328e-03
5.560572195736081594e-03
7.455172550367583466e-03
5.457182849334019439e-03
5.082724823589435635e-03
5.246652055804722041e-03
5.855893175867994682e-03
4.540384269978572224e-03
6.510258264586035910e-03
8.293582471772637313e-03
5.173048365218774897e-03
5.300641749674212498e-03
3.129082503522728764e-03
5.500935034916300086e-03
6.881124236723688142e-03
4.516965836832244514e-03
4.870132213935045133e-03
6.502193067460120685e-03
4.842289096071670206e-03
5.147513062014402556e-03
5.218055844324377864e-03
5.718835637928657185e-03
5.710760397864327043e-03
7.522640659917333161e-03
5.949955247562718416e-03
7.210691208323512062e-03
3.959293559582285904e-03
8.512500607725209667e-03
4.295372304221447939e-03
8.666453076163755168e-03
6.278003963837332745e-03
4.688726488865983984e-03
4.363612910838783089e-03
4.765540471693995028e-03
4.087274632124743290e-03
4.298419646728840991e-03
5.647724976479509031e-03
7.126864637629677472e-03
4.541822873459808001e-03
7.539538162312474368e-03
5.340726830247873556e-03
8.097385819259041162e-03
3.553171699186490756e-03
5.453021849613924089e-03
7.087521272348335129e-03
3.923940127144409477e-03
5.069806498100262911e-03
4.283611145441577721e-03
6.342800946816321526e-03
4.536638427669664395e-03
3.268679510904411254e-03
6.394650578287311253e-03
5.761423324622081711e-03
3.902771272570454246e-03
8.816558191237453337e-03
5.034631067403132904e-03
6.944469130673773007e-03
4.265274021825758537e-03
4.911408252945756274e-03
6.294411586588323677e-03
6.985412629467622862e-03
5.398082719242508661e-03
6.352927868792804592e-03
5.839056704296028202e-03
4.615602734949168263e-03
5.300723356047747949e-03
5.814856944780317539e-03
5.229328678637745927e-03
4.892426728008000304e-03
5.523736917859374887e-03
7.586914913981131388e-03
3.859395681666065014e-03
5.786357752334650092e-03
4.055060647389636778e-03
4.813507662336817192e-03
5.144370597439709356e-03
6.128451242985936964e-03
4.973885895548173751e-03
6.571825016346887274e-03
6.003970429267178194e-03
4.535912523582534550e-03
4.952342255090046511e-03
4.761644465115581239e-03
8.119235522700165089e-03
7.145642758354026937e-03
5.081180453015607910e-03
5.897219810810103505e-03
3.302120765480935985e-03
5.982509597533746011e-03
5.995794563231810620e-03
4.900694974472626433e-03
6.125765507505298232e-03
3.864888237880225851e-03
5.372202004992342010e-03
6.990824451661030274e-03
7.319401841794439395e-03
5.691812411907869011e-03
5.370741501251639211e-03
7.578200148398712803e-03
4.587844879921130527e-03
4.972677913631528938e-03
6.135256707829640777e-03
3.419815842762739030e-03
3.393554907211450075e-03
3.783842122672370460e-03
4.696892402846414467e-03
7.012694548356066156e-03
5.851686298921411969e-03
