5.359656661313139635e-04
4.427672228451379026e-04
2.111215230201397169e-04
2.144369782395327861e-04
3.504508988347178120e-06
9.067954839378358030e-05
8.803125824591529820e-06
1.470809786104380179e-06
2.054146635002274186e-05
1.088034074774203087e-06
5.986698144182970129e-05
4.407540030098997282e-06
1.378779641947694072e-05
3.882056892247610994e-05
1.605374531359136629e-06
2.174652348284955355e-04
9.707585168993717041e-07
3.313735969699031710e-05
3.087041054206406186e-04
2.622783447873276458e-06
2.773258519558105000e-07
5.069480117794564780e-05
6.226810704211758183e-05
1.562299903260955207e-06
1.321954532533620521e-04
9.663480778723942542e-05
7.928505526945955212e-05
4.078354714580852461e-04
6.286407589422741233e-04
3.326345004542122512e-04
1.952243052462853876e-04
6.431741234144372444e-04
1.048137140858230662e-03
2.111719662140178536e-04
8.715336738016201497e-04
5.244096019819429041e-04
1.647686379248479395e-03
6.482891624887632482e-04
1.048703632617783901e-03
1.668197265284662029e-03
1.198034994696330676e-03
1.836458181437936087e-03
1.707983766321995818e-03
2.350062315659568347e-03
1.716338558025452430e-03
2.821438939891358216e-03
3.606326764087745742e-03
4.624694296013724323e-03
3.765860369582287731e-03
5.106545049669008150e-03
4.214249798276562681e-03
4.127427169479782124e-03
6.898180505765990136e-03
4.179197982574220718e-03
4.189665303058783333e-03
6.525400687598637527e-03
6.556379729180955400e-03
8.160345661522148963e-03
9.966337878802647432e-03
8.651597604582502571e-03
7.876354310798659719e-03
7.717590364136110020e-03
9.229135499077551277e-03
7.889375925273989926e-03
1.022050513385435594e-02
1.049027119226087455e-02
1.470684939751910718e-02
1.507599455834199471e-02
1.294766416333783046e-02
1.765597864808122336e-02
1.847051454425315334e-02
1.627974061180878160e-02
1.754440918797298479e-02
1.696384557611023414e-02
1.303150640944293441e-02
1.975213100317675316e-02
1.461673624138368731e-02
1.962517257902889056e-02
2.091679282863360620e-02
1.933432332649642760e-02
2.142396876992934407e-02
1.619398978903272349e-02
2.283539558986140069e-02
2.377600893341776447e-02
2.100207444743701357e-02
2.506122270177857034e-02
2.308132011753398494e-02
2.476340793686056252e-02
2.333850570035647318e-02
2.537332057069819138e-02
2.573181397679820057e-02
2.884026030566512119e-02
2.974422549551045472e-02
2.194183661670432231e-02
2.585978138943424362e-02
3.068901283545949488e-02
2.539967793853334030e-02
2.036833687410475116e-02
2.788072830208218611e-02
2.603167107587328263e-02
2.616789013248288845e-02
2.610003605569089988e-02
2.402828173858952837e-02
2.785775425725040347e-02
2.384072855083157333e-02
2.275301582248641721e-02
2.740880506270324674e-02
2.439767763383769716e-02
2.532672749992358197e-02
2.382543657713613594e-02
2.125009078083520478e-02
2.331801819195458009e-02
2.035763388305433103e-02
2.069498886679635441e-02
2.226292836893828744e-02
2.332585225662395581e-02
1.703940741631515196e-02
2.324970622659448816e-02
2.434676263166775725e-02
2.427613876388822964e-02
1.989413187298293487e-02
2.219333661965707319e-02
2.301741700361845805e-02
2.039036388271681446e-02
2.020347161997336841e-02
2.127448398322597314e-02
2.404814172797679894e-02
2.287065334822871790e-02
2.498703680838830488e-02
2.187926885041138053e-02
2.573944820241229683e-02
2.291062971378809640e-02
1.872136459576440037e-02
1.764496343604563672e-02
2.319911480741941590e-02
2.010574579885347768e-02
1.517880684344712246e-02
1.488303768814319174e-02
1.590370238064460484e-02
1.732688933244767165e-02
1.882526355119441830e-02
1.442499948091759479e-02
1.486254892758516639e-02
1.245136421212002416e-02
1.425124845364612695e-02
1.315178462133865731e-02
1.321680239105158493e-02
1.158600269576214384e-02
1.010150469205177252e-02
1.001893558359674870e-02
8.579330640501342531e-03
8.572989930507035616e-03
8.717472331698009752e-03
6.845898922502251238e-03
6.434542228404307312e-03
6.869863666452544551e-03
7.523726674485562566e-03
8.090805091709549202e-03
6.808547173762473891e-03
7.352128189884586662e-03
7.062480308442272911e-03
7.280398557465904592e-03
5.927625951256120483e-03
6.298753332102165897e-03
7.839036457421450291e-03
7.388425914527282576e-03
7.368814072936399548e-03
8.714517074681793485e-03
7.508248286252274840e-03
8.059921766712510593e-03
8.029784201524701320e-03
9.866512957518055321e-03
7.715502562414011146e-03
1.031664127454873410e-02
8.263823195013545245e-03
9.751954381076927136e-03
6.992980920108094953e-03
1.029618037121325658e-02
5.950822018358727442e-03
8.015879896145694170e-03
7.449369906395723190e-03
8.345832955162694675e-03
7.590772145481238138e-03
6.629360904945388530e-03
8.588041275420930237e-03
5.929435153058238220e-03
5.801017563321390728e-03
5.584162568069437997e-03
6.344063253402011660e-03
6.613972979227304358e-03
5.286175355707726023e-03
6.447184367241401252e-03
6.822340665143097373e-03
7.319585805763498439e-03
5.150778949211521837e-03
7.444395965033131016e-03
4.716558823530407098e-03
6.491744568368325308e-03
6.004630471892064003e-03
6.260879759281889542e-03
5.180464498865079530e-03
6.488919284630635144e-03
5.147328334188116909e-03
4.849523865503472392e-03
5.751807808403300304e-03
6.397354115285822616e-03
6.110955015651889886e-03
4.677186070937071165e-03
4.955256795926897204e-03
5.559795511745410992e-03
6.221097244318306123e-03
4.661579562107902655e-03
4.522388388568235329e-03
6.005386706651538210e-03
6.169410932011228782e-03
4.759393069039338266e-03
8.285787755250986070e-03
5.672797449996248853e-03
7.163086093686029353e-03
8.151096370852591727e-03
6.960901045091457719e-03
5.478186104879484777e-03
7.583608224803256234e-03
6.229986726239454715e-03
8.831519949136433859e-03
8.205974315974910727e-03
6.841823493231894045e-03
6.076449210176059108e-03
7.476006886181361250e-03
5.883682485762039421e-03
7.143270399395274840e-03
8.415020865297856423e-03
8.058426627448999485e-03
7.343490069068933992e-03
9.650656872261950681e-03
7.613839496480178867e-03
6.063435003263044180e-03
6.468513694062044336e-03
6.340654577902509956e-03
7.556977296957049541e-03
7.791111634523631424e-03
6.121121998153567813e-03
5.270941770357805665e-03
7.146688308514210705e-03
8.650616403518860548e-03
6.439545320227701639e-03
7.336246950400117373e-03
1.009264962701523702e-02
7.491314807598976194e-03
8.379243219341735507e-03
7.426414566579804880e-03
7.290790253883262621e-03
9.791043980400955873e-03
7.440754647401231527e-03
8.018550011016385010e-03
9.349549936063813668e-03
8.751034414327984665e-03
6.688375246302799212e-03
6.929891299689558415e-03
8.898469266401538846e-03
7.766890774902128827e-03
7.576453400749388022e-03
7.044934582842540816e-03
7.929994926091112756e-03
6.877766827525959650e-03
7.440530179527156916e-03
7.260867470015175927e-03
9.046171499455584950e-03
8.517809694998622339e-03
7.239576403734418464e-03
5.619068898374841164e-03
6.468113708580932805e-03
8.442408795346328931e-03
5.571941522798280755e-03
7.275862131005936262e-03
7.829040222906456098e-03
7.756535004659700742e-03
7.105351631615289786e-03
7.000701204112129775e-03
7.821080976923765193e-03
7.426411457625035038e-03
8.412807918071777899e-03
6.695622326493753940e-03
7.242294412464060117e-03
6.977505397685115907e-03
5.480002446403489137e-03
7.627987394376888920e-03
8.487606395876645671e-03
7.499095751930576724e-03
6.207150107000589632e-03
5.370741163070188486e-03
6.275604372495290420e-03
6.223117794002666799e-03
8.071711995133288783e-03
6.290952982689760990e-03
6.486668876780531112e-03
7.881655310288457686e-03
5.713951572443254356e-03
8.592668608823449475e-03
4.904632501970406996e-03
7.983650434805861576e-03
6.824320917733683357e-03
5.479425061756422466e-03
5.548517383677044335e-03
6.776732668255893051e-03
7.098016001784487883e-03
7.282225188347431211e-03
6.166515193244452575e-03
6.773610741856132302e-03
6.577403122544056395e-03
5.958697447950419591e-03
6.347730984474310445e-03
5.870721864272953304e-03
5.875583422936447343e-03
5.386738520555300544e-03
6.931935492543805401e-03
6.457205347009865870e-03
3.987976785812547692e-03
5.823760303507360611e-03
6.563816152343683770e-03
4.853688674935609237e-03
8.527552020304177485e-03
6.255904053752219321e-03
7.196897640762310241e-03
5.761316794401685759e-03
5.613602831142900686e-03
6.222454286923026663e-03
6.278427097285465761e-03
6.536042432465202258e-03
6.439514245775605945e-03
5.350576830267423506e-03
5.294202728348639669e-03
5.374767943863163755e-03
4.931530091320239506e-03
5.656325766226181703e-03
4.659315156119421888e-03
4.958871716163433356e-03
5.267456983115982073e-03
5.542992901440633134e-03
6.232637144805277217e-03
4.866012426530518659e-03
6.307935599870773472e-03
4.650306558182234692e-03
5.001186094025512549e-03
5.557660003930405337e-03
4.500206050868597180e-03
5.740418672840988390e-03
5.483594796938848735e-03
5.273549196613163022e-03
5.614696810324660420e-03
4.454706031104589507e-03
4.558536267833919291e-03
5.723999491712056069e-03
6.570356014686874399e-03
4.893460268521192778e-03
4.801008670162088855e-03
6.129852187594669703e-03
5.196252492881089403e-03
5.257174753050112594e-03
6.502244732856570474e-03
5.645150090390058106e-03
6.822461091007464735e-03
5.607536309358202888e-03
5.752129376180040166e-03
4.845482885154156483e-03
7.433380651859348466e-03
5.634533028535342221e-03
4.642670378311017712e-03
6.131649206717073447e-03
4.138504448735787558e-03
5.725253785236600161e-03
5.427227176921759107e-03
3.470288339388041734e-03
4.943594137995755387e-03
4.991152081497378726e-03
4.942499107797489188e-03
4.024513285217729171e-03
4.948543996876204540e-03
5.634718047014172435e-03
5.216688675277724070e-03
5.546358710949732609e-03
5.049829560492321429e-03
5.043902924154851884e-03
4.687417469893019606e-03
4.983534990958755559e-03
4.317867020603861905e-03
4.604622718487882092e-03
5.021043580431945770e-03
5.276771162401361001e-03
4.951611101662202821e-03
5.225595706532549026e-03
5.632807172627319649e-03
6.028936252439805535e-03
5.318748505543143684e-03
4.426720202178970921e-03
5.765111775986665396e-03
3.916825489317449054e-03
4.387550672640705765e-03
3.745090900866315971e-03
6.628417902588851912e-03
4.928301368537524665e-03
5.178096135789528147e-03
4.166614034382766507e-03
5.931207274851611061e-03
5.871536916679830249e-03
4.763947025913220501e-03
4.415370559949772372e-03
3.024461461768340569e-03
3.798829929183876204e-03
4.015945005282899050e-03
3.516111713691775532e-03
4.006002413693940910e-03
4.217482230223035776e-03
3.296161044267512542e-03
4.139772558135737177e-03
5.103560711773830021e-03
6.203773063327780619e-03
4.399175569807699249e-03
3.911128828363632723e-03
4.560664616976228651e-03
3.713954996789536108e-03
3.665574133767149270e-03
3.726618210574391375e-03
4.151485323010553966e-03
3.958456960278937918e-03
4.469491354095711869e-03
4.201872977230308552e-03
3.978206945001035513e-03
3.807196201293418236e-03
4.841022181466215699e-03
4.274910788828635046e-03
4.844573945954992744e-03
4.316817528478098659e-03
4.873559952433248986e-03
3.838011431405260153e-03
3.025374398741274753e-03
4.453224070061709457e-03
6.016438173640864528e-03
3.403077411284585393e-03
4.023142784807141534e-03
3.663514784344437149e-03
3.297340438997771895e-03
3.787134804737889767e-03
4.137599551408576402e-03
4.232064605937187370e-03
4.505458964892104096e-03
4.905252240501159489e-03
3.775599953749838797e-03
3.843983808326405845e-03
3.216456457168853037e-03
4.829126331890427025e-03
4.342182731552135695e-03
3.047302106739054224e-03
4.149267780030110701e-03
4.371115116369282336e-03
4.211610593157194549e-03
4.846815147359908107e-03
4.655673438742333192e-03
3.329809997030027530e-03
4.147383247110350557e-03
3.555610593868392243e-03
4.280593316918344937e-03
5.155891962684916278e-03
4.455776891744109812e-03
4.308582011493190117e-03
2.956592573837621158e-03
3.483229639758453258e-03
3.522927133486731133e-03
3.040483960300833718e-03
4.412795482643637468e-03
4.099460736795699188e-03
3.640355928255387553e-03
3.348693040671240490e-03
2.998339069627911548e-03
3.020874977901979661e-03
3.242251194323948673e-03
4.025302071795321124e-03
3.279069636527829051e-03
3.447672278273567533e-03
4.337790757083617374e-03
3.479436078529617518e-03
4.495043039907113853e-03
3.469725135393783751e-03
3.106557549964791831e-03
3.839378387005288554e-03
3.449688973657045413e-03
3.158010651942322333e-03
3.579482533776063864e-03
3.759601655149020540e-03
3.658151030744566726e-03
2.936520978871509212e-03
3.215931920557137894e-03
4.256495869999031914e-03
3.799523133515081332e-03
3.310170236351489027e-03
4.381088465841813905e-03
4.052057371313331179e-03
3.049563902204278660e-03
4.060937020886595979e-03
2.981352479209042720e-03
3.259564156395561383e-03
3.865789809228665531e-03
3.913050636462022357e-03
2.743108289979429536e-03
3.117531958864767309e-03
4.043517442747477514e-03
3.106970214054225431e-03
2.313999005942768156e-03
4.005539273919097275e-03
3.093849163163613775e-03
3.368078584402554605e-03
3.062417844005720351e-03
3.000198441318587504e-03
4.007489784523843822e-03
3.750135183194336363e-03
4.011469417764957322e-03
2.989826201150521702e-03
3.700340752117187420e-03
3.004510775659679014e-03
3.034240972044525714e-03
2.444483793974377029e-03
2.157875121576480724e-03
3.047623523303489255e-03
3.269440222196357427e-03
3.332075240563508664e-03
2.690468281975546758e-03
2.968687692896957928e-03
3.276663089408238163e-03
3.438010172817757091e-03
4.159906880671328938e-03
4.071905839569434603e-03
2.839845718894804492e-03
4.019774462842649020e-03
2.921132107597570506e-03
2.875660686296462303e-03
4.092824208525436616e-03
3.087781328237297531e-03
2.039030222833896136e-03
2.858067401699264289e-03
3.274772612339456497e-03
3.445353729828324468e-03
2.647207454850894742e-03
3.274270817295342646e-03
2.937452306715041504e-03
2.301252002439402138e-03
3.428345410388148121e-03
3.160430595251313615e-03
3.283660583623322724e-03
3.080057760478256083e-03
2.753870712578807001e-03
3.584182927659684739e-03
2.693978040364161317e-03
3.690896621916447528e-03
3.509827457674289178e-03
2.387477449373389456e-03
3.293134699696668739e-03
4.811443019774222507e-03
3.351641256965452211e-03
3.469893272357948630e-03
3.127138520185925811e-03
2.108953428370268293e-03
3.641109646769569337e-03
2.270804639191146158e-03
2.507972929385707088e-03
2.577276924967209469e-03
2.554832870057636551e-03
2.232008757260615928e-03
3.350258387107229140e-03
2.051253218397773668e-03
3.361031324487335006e-03
2.759394950044206148e-03
3.019833695407981612e-03
2.745741317504326543e-03
3.404172168542971260e-03
3.409000577037596662e-03
3.948057333689601600e-03
2.342541805217353366e-03
2.317909789524409334e-03
3.011079385858810888e-03
3.429187843429191279e-03
3.118528927730406138e-03
2.069849317338491763e-03
3.387010114189847876e-03
2.802965710403507432e-03
4.638258443272677382e-03
3.318271263518884472e-03
3.141764110422425125e-03
2.453543304473461504e-03
3.496811851267978260e-03
3.785682735221519365e-03
3.241832177224833814e-03
4.352810702864032960e-03
3.073395215039037391e-03
3.937505403492082626e-03
2.637711416420187444e-03
3.266376438638808957e-03
3.190175419580380377e-03
2.538153857075515184e-03
4.059517110558145438e-03
3.289789688380302841e-03
2.436835220249665337e-03
4.601277560676308304e-03
3.734977188259879909e-03
3.745978227303511585e-03
3.214571044881401815e-03
3.877620158316690945e-03
3.248946756127450534e-03
2.852672943512983995e-03
2.748527924436757787e-03
2.578961897048625759e-03
3.111308892440658395e-03
3.420537821840232123e-03
4.361326143152947400e-03
4.084511030640555936e-03
3.255958634473466156e-03
3.809700104995092547e-03
4.404208347137556281e-03
2.641829129871374558e-03
3.308265295416055237e-03
3.808682847565233575e-03
3.590411234213613731e-03
3.695623108143383882e-03
4.171519063533207609e-03
3.623098432090773261e-03
3.932805668672521154e-03
3.237573118539250564e-03
2.876212368788254661e-03
3.165855661146908893e-03
2.354964046771039488e-03
4.566083960623866338e-03
3.751279405591938666e-03
3.952473305772588423e-03
2.882548399265607957e-03
2.799684656876761085e-03
3.207852809947472992e-03
2.927765350079758293e-03
3.259775516012068056e-03
3.899963291477377171e-03
3.144820972028901374e-03
3.778074744432635950e-03
5.017248655620440076e-03
3.685721241667155781e-03
3.766734370533894247e-03
3.705242803674837701e-03
3.644623061456835327e-03
4.044780984792936858e-03
3.284688073293041792e-03
3.508692231484596136e-03
4.323805950191829742e-03
2.653508881912442548e-03
3.928796347585796107e-03
3.017480848959020173e-03
3.158586982115278979e-03
2.414278202839950302e-03
3.840666325926845367e-03
3.567734204534135645e-03
3.748062384377754373e-03
2.631376965634770002e-03
4.321113055109127021e-03
2.359148815108964847e-03
4.270522228076040379e-03
4.051503207418844822e-03
2.574031738888661255e-03
4.343582722958524989e-03
3.866238926813063068e-03
3.104663503356205369e-03
4.213324112764332656e-03
3.492429568611344660e-03
3.313565787648378030e-03
3.157570136906308941e-03
3.555703067008062195e-03
3.540392149992876471e-03
3.606030263234849802e-03
3.701451319959786664e-03
3.412067631266932355e-03
4.068234309550138560e-03
3.303459701788722530e-03
3.613634389724811134e-03
4.886800384830705668e-03
4.630054289122164345e-03
3.957017243613016218e-03
3.912571556097123315e-03
2.594004737406825287e-03
4.254045100551881627e-03
3.822300798278945380e-03
5.013059165759283300e-03
3.908729551211033958e-03
3.278336705065760300e-03
2.659088416737029423e-03
3.872120611921590384e-03
3.901980069954413561e-03
2.648600345196517290e-03
3.281792689771361946e-03
3.153172973248445903e-03
3.415159997371866162e-03
3.076987697669039071e-03
3.848063900468032261e-03
2.727712368224041294e-03
3.742045820570043604e-03
3.159353294409807458e-03
3.645797525257073613e-03
3.914616328125725478e-03
5.186876117137634648e-03
3.345988131596481802e-03
3.473933783371325936e-03
3.027079256311160024e-03
3.551242611876323074e-03
3.575197065617940779e-03
4.631101481122425201e-03
4.453966976636268560e-03
3.943840047959832826e-03
3.937993279372949129e-03
3.963218752591521343e-03
4.112414218913412571e-03
3.480030832080213167e-03
3.493779981769813258e-03
4.208135582480239389e-03
4.756967159246236823e-03
4.319749254661013962e-03
4.162685003991598021e-03
4.207906148935049162e-03
3.472575074615923130e-03
3.568511692957260922e-03
4.067090227864812724e-03
3.298627613107893604e-03
4.390314886253460572e-03
3.046737090568278454e-03
4.470850205173822547e-03
4.909838552165322716e-03
3.641088527448971008e-03
3.504737139449181759e-03
3.067758572266012212e-03
4.711359054856954949e-03
3.205869816474691755e-03
3.926837577192746585e-03
3.671196514254388039e-03
3.366876562217784898e-03
2.944384314336875516e-03
3.246298835201675941e-03
3.474507392632744836e-03
5.224705061733996014e-03
4.071138881666978328e-03
3.504126594130095151e-03
2.962371005191031734e-03
3.525826759078242671e-03
3.383186303146770539e-03
4.046695293362392865e-03
3.559968551049863018e-03
4.093771125187543013e-03
5.263513656829592498e-03
3.169492479614351155e-03
3.422109253175052539e-03
3.389000296267085169e-03
4.578050180394161589e-03
3.664750743939588357e-03
3.866600358644604885e-03
4.381849912991606089e-03
3.508021845115668474e-03
4.175633322534574345e-03
3.535363209019755631e-03
3.392020954853534713e-03
3.187075753473496420e-03
3.855603654193577329e-03
4.495065498830507628e-03
3.347330362593312070e-03
2.970249163029837786e-03
4.362202317804799757e-03
4.362023943655948983e-03
2.745617068837351293e-03
3.530956202627497272e-03
3.532846053669220186e-03
3.165266813309871186e-03
2.802500143933725051e-03
4.196146263309078091e-03
5.410433687799907389e-03
3.323175749265707465e-03
4.520426700611891550e-03
3.770718123046732251e-03
3.025019682267395676e-03
4.474222535730908341e-03
3.423868968968343980e-03
4.004912485230375206e-03
4.126660430445213204e-03
3.644404153294082682e-03
3.682328729871703343e-03
4.222630113320461308e-03
3.722731616960803149e-03
3.226438115807691871e-03
3.758686831685610370e-03
4.572311000193150961e-03
4.543853932259387350e-03
3.498533159509527833e-03
5.101350391085576405e-03
3.154435359140678272e-03
3.212351810420423486e-03
2.705559802886080712e-03
4.734186452955038531e-03
3.543631785798020181e-03
4.632382702034349917e-03
3.696919106880350390e-03
4.629557536342777772e-03
