1.866605913967105124e-02
1.796221797392120317e-02
1.814825229193228404e-02
1.784089361248515637e-02
1.731548016865418899e-02
1.699610938067906002e-02
1.663209117141781213e-02
1.650424075113024122e-02
1.602278070912199759e-02
1.613922769449667449e-02
1.517507616675803535e-02
1.535290555148921543e-02
1.474841221378038296e-02
1.408291534842427868e-02
1.363071051569392060e-02
1.335935767926882921e-02
1.330274637092562773e-02
1.326823724443393186e-02
1.300348974987805203e-02
1.225350784621648086e-02
1.200417211458738170e-02
1.186658895851676679e-02
1.154651489270040396e-02
1.101551945540556188e-02
1.073013624095460125e-02
1.047965189465793930e-02
9.657085261787433025e-03
9.473743437307943077e-03
9.500975413961320129e-03
9.445404723302764163e-03
8.832804826637268708e-03
8.702412897901015340e-03
8.425601684877498040e-03
8.028030613356516854e-03
7.958064252360995752e-03
7.816127374643024039e-03
7.428802497341385931e-03
6.958224819776851269e-03
6.902719593866164446e-03
6.524990233862650209e-03
6.664844267050207965e-03
6.421925317293772188e-03
6.126634422765283444e-03
6.038126533530751260e-03
5.788636068046096317e-03
5.710531586415186836e-03
5.298856892946411483e-03
5.480367988461708195e-03
5.361203489268661325e-03
5.039969051056873185e-03
5.014794611234153071e-03
4.780806491238936105e-03
4.585860755214931153e-03
4.700741452210697308e-03
4.501846562553047867e-03
4.293130227003037931e-03
4.403268382572643816e-03
4.319870010201135903e-03
4.249180721944227461e-03
4.262909002117723153e-03
4.027991601539594041e-03
4.139998227019246919e-03
4.333472785404857142e-03
4.208225889267097793e-03
4.286894358802726540e-03
4.366013768261938627e-03
4.524727253811270701e-03
4.578229913809250123e-03
4.564022643695105075e-03
4.647191056936887665e-03
4.851297504726226166e-03
5.000452993056548300e-03
4.911754283031300600e-03
5.122467309960879352e-03
5.239686479797242211e-03
5.330678773870471329e-03
5.443121239453434929e-03
5.443456034452902499e-03
5.577356365039741817e-03
5.739279621411645139e-03
5.677627414006728400e-03
5.782334915308183498e-03
5.943918372591805790e-03
5.937318190996493383e-03
5.977858650418460366e-03
6.112420657504315236e-03
6.146593018559867727e-03
6.244509362453288387e-03
6.198396744000121174e-03
6.145881867062291497e-03
6.323178446840729827e-03
6.470901926910997866e-03
6.393753203304319843e-03
6.526458332534785037e-03
6.407721055550349813e-03
6.563111453534876266e-03
6.562062280613756640e-03
6.589020645011392507e-03
6.586988784444111449e-03
6.705762641567468950e-03
6.663079496542828259e-03
6.677715184941808262e-03
6.647643386542525373e-03
6.714207142354901986e-03
6.723262965378083711e-03
6.676800507431846637e-03
6.754762821983712959e-03
6.722634240932163011e-03
6.796991110354652990e-03
6.719944483468683755e-03
6.748530284706280233e-03
6.751424780220288344e-03
6.819320644773991386e-03
6.657043658419996984e-03
6.818212389251687884e-03
6.732024063618970849e-03
6.708427507883486449e-03
6.762487355793656875e-03
6.647058026663243621e-03
6.739571817961965278e-03
6.512475888526626615e-03
6.615856080290999364e-03
6.557270280162413693e-03
6.551776534955318365e-03
6.601027601266505965e-03
6.547875345138699614e-03
6.561289946078987384e-03
6.484738509182554934e-03
6.356655999161676257e-03
6.486848749676411147e-03
6.346085854060799086e-03
6.342108950284711978e-03
6.358881406240472940e-03
6.110962274428514800e-03
6.138943327741563059e-03
5.993309314677819875e-03
6.033034010933572243e-03
5.925812370820335295e-03
5.775347650594485523e-03
5.724969035646561982e-03
5.739980206102508753e-03
5.570000404727526097e-03
5.482215314448484096e-03
5.447563022878453357e-03
5.406191869204528960e-03
5.267004325693774511e-03
5.179209700303794711e-03
5.090265995725873349e-03
5.073522390722052383e-03
4.923256206956430278e-03
5.041548044869583606e-03
5.044762027675509831e-03
4.967743266029910933e-03
4.993550669183445881e-03
5.013821437235875013e-03
4.985125781054386071e-03
4.951986715763036749e-03
4.933299257105128351e-03
5.159613648669873417e-03
5.095580396387107761e-03
5.181721967845116794e-03
5.177416147562697094e-03
5.310105875812974954e-03
5.433575527109768544e-03
5.291698933055540011e-03
5.396571723270678772e-03
5.474997724554862832e-03
5.516022566334155552e-03
5.507791914658168378e-03
5.483758383124731628e-03
5.596838349453564856e-03
5.596691403559284940e-03
5.489376166615698473e-03
5.686753147711838541e-03
5.549579053413418450e-03
5.753705718604034368e-03
5.745300813662812534e-03
5.744437333495290218e-03
5.810833034442733878e-03
5.816456736561012066e-03
5.803691316248900042e-03
5.867182802741427450e-03
5.875053314602562624e-03
5.885040552905090872e-03
5.912449109124397195e-03
5.980272256256421483e-03
5.967354966728954935e-03
5.916011956722834302e-03
5.969413728370529491e-03
6.129772851062997331e-03
6.027893027887322973e-03
6.037961381618089235e-03
6.048589874237643264e-03
6.132764666398946192e-03
6.210682281300920413e-03
6.330721273137300195e-03
6.210891723228894809e-03
6.083671917320640152e-03
6.224361770277059454e-03
6.121600997044725039e-03
6.100093310662945897e-03
5.962850120628612575e-03
5.852958543186683252e-03
5.919147404135726223e-03
5.706920307211729021e-03
5.691333724932674462e-03
5.637298521027397230e-03
5.674873206053577396e-03
5.420217613636068785e-03
5.347566694987359107e-03
5.148857448662674460e-03
5.149633343475649647e-03
5.144328824003644926e-03
5.018233140995205510e-03
5.116625168234137204e-03
4.793229175012908225e-03
4.822488889371698458e-03
4.684797810158920946e-03
4.847711154157814326e-03
4.555607898201158995e-03
4.554061826823821088e-03
4.555827202588768818e-03
4.515903472347356472e-03
4.341861624026470065e-03
4.253620879531666739e-03
4.267589456889380947e-03
4.129473668571572928e-03
4.114479868477102613e-03
4.021434217286002505e-03
4.021776720364704863e-03
3.820997163081082948e-03
4.124775256512240931e-03
3.975833792320987263e-03
3.897150163503482721e-03
3.933196999693736561e-03
3.883954273931180048e-03
4.158205985859640338e-03
3.977173584528164232e-03
4.169740577012650239e-03
4.071083806797674322e-03
4.139036539450169881e-03
4.146636203716734873e-03
4.179826030105160753e-03
4.107790413473973862e-03
3.939447684310224372e-03
4.075248125844204046e-03
4.124680107647983769e-03
4.236460160202890068e-03
4.225462014311474890e-03
4.314560542211317781e-03
4.317547116841563906e-03
4.405622058052194659e-03
4.322218693463976413e-03
4.552259728929156091e-03
4.460639018797497163e-03
4.376515183855845571e-03
4.533591035438546205e-03
4.365183100834729366e-03
4.475379938216379402e-03
4.379505510011464167e-03
4.464791137498170040e-03
4.465411711622084036e-03
4.405839792824733751e-03
4.393666484006913606e-03
4.523700978951734203e-03
4.612178884618740003e-03
4.610997223853892379e-03
4.709523846244938888e-03
4.858433599773695662e-03
5.085750596916148447e-03
4.900455330015089650e-03
4.904718616884184978e-03
4.846427041841860212e-03
4.817238155783862101e-03
4.907327569375329393e-03
4.827322385173084610e-03
4.866854401592357778e-03
4.920393207206969800e-03
4.910430304837514956e-03
4.963628920409783422e-03
4.826270901686306909e-03
4.900631949339939036e-03
4.811468346618491022e-03
4.843562278864457608e-03
4.813936039652668732e-03
4.895534779506258150e-03
4.811920550204954426e-03
4.945942421967441938e-03
5.017284593992365170e-03
5.138912281545624308e-03
5.187098540273159773e-03
5.099703160898036783e-03
5.271191146252436968e-03
5.472929503569517323e-03
5.395808479603653000e-03
5.520062774379374052e-03
5.549651272037724008e-03
5.673605100309592197e-03
5.406189697022729945e-03
5.568721564188684053e-03
5.641120900585865766e-03
5.611080144959100340e-03
5.540417287170469433e-03
5.512717886928322764e-03
5.544734622184577244e-03
5.628887298308717091e-03
5.805740125361202528e-03
5.829039164247797056e-03
5.942488772787280459e-03
5.986169638927223147e-03
5.719670019805524024e-03
6.005983247398657444e-03
5.846551745880839909e-03
6.037115513761678182e-03
5.911343748478969234e-03
5.844020262698517570e-03
6.038055443683144549e-03
6.186794860851895644e-03
5.997711349544891483e-03
6.092448250172054387e-03
5.966053522199751130e-03
6.078743846130892081e-03
6.060028711331651857e-03
6.339176137001028763e-03
6.083411987381989912e-03
6.151276362354824757e-03
6.177880291103032481e-03
6.257856331604678621e-03
6.188090261111976915e-03
6.349917012600063415e-03
6.213780425902348456e-03
6.379629377617114169e-03
6.120542815898114344e-03
6.230901560960159895e-03
6.283607275028956288e-03
6.356985508332715223e-03
6.345254078862914288e-03
6.479178951280473164e-03
6.227025890713315352e-03
6.630023186291128003e-03
6.467757626619916739e-03
6.488312474519758108e-03
6.450676882574128169e-03
6.406565057344008364e-03
6.487886256026734536e-03
6.457951705337139359e-03
6.569077825733913960e-03
6.356466825422123733e-03
6.651815004110410087e-03
6.378102791744439184e-03
6.566317973902714017e-03
6.496769469811687278e-03
6.746957206065433421e-03
6.693382422794584390e-03
6.717478611492460651e-03
6.652617989031932300e-03
6.768780650539117649e-03
6.610969260109484692e-03
6.741121311087896854e-03
6.924863176406376337e-03
6.823192092982939549e-03
6.726652696860361581e-03
6.793243805275380257e-03
6.940819499441257430e-03
6.851117155600834618e-03
6.835044577706647466e-03
7.099516017393985717e-03
7.016692799009956009e-03
7.195708344657000301e-03
7.238357231749157142e-03
7.191281293636915019e-03
7.395121652651893626e-03
7.516892806083777696e-03
7.478368226718834673e-03
7.527660805227180327e-03
7.482762657179892543e-03
7.668167023208696288e-03
7.603367865759913177e-03
7.727451496835474436e-03
7.621660126173643302e-03
7.670969536311881762e-03
7.652889871956407644e-03
7.580625193691868657e-03
7.749829069745157312e-03
7.740075545780242955e-03
7.627206112058320178e-03
7.809928232343743039e-03
7.735376547279040199e-03
7.834412186743982057e-03
7.580902474154330856e-03
7.772419716661102887e-03
7.757739445532569646e-03
7.562952891682950089e-03
7.731219646719390826e-03
7.842659030317401456e-03
7.750046294127420354e-03
8.004935958981685210e-03
7.934800419426277229e-03
7.934101534500082042e-03
8.101412969170482259e-03
7.994523221271558275e-03
8.050609883092319993e-03
8.034309642336395774e-03
8.030853337446431164e-03
8.175051385251380295e-03
8.055253261578233098e-03
8.139745582296582793e-03
8.180056666720092115e-03
8.189684452865357220e-03
8.380348164549236353e-03
8.299069642581754364e-03
8.462496536287193380e-03
8.380303189648836970e-03
8.313611550938227596e-03
8.411698265041220313e-03
8.442649115869928222e-03
8.448452104183724540e-03
8.407717981096938381e-03
8.498847328036457718e-03
8.580035390180915100e-03
8.601389354705455195e-03
8.511628524575296645e-03
8.585427727210484181e-03
8.530784293209735594e-03
8.729821725082093781e-03
8.628507534008454313e-03
8.544571894989441002e-03
8.533361465129195300e-03
8.661952425136671199e-03
8.624847962498793930e-03
8.717132319239729102e-03
8.652322750268618551e-03
8.611592442900902963e-03
8.715385276809357526e-03
8.716011779503114038e-03
8.648535447683649430e-03
8.797807155131984885e-03
8.637856641332705004e-03
8.941370388629982929e-03
8.726906037195626339e-03
8.758196107631783037e-03
8.793278772446943073e-03
8.769309756064401495e-03
8.790005737784115092e-03
8.831004195788288297e-03
8.735115320944621467e-03
8.864047098385310214e-03
8.882669921971559149e-03
8.921694219862120676e-03
8.902039647779910053e-03
9.032740272865585202e-03
9.000842130837983027e-03
9.031345752597653986e-03
9.004946915292624463e-03
9.021671114701779529e-03
8.938684406285930806e-03
9.010522555088964353e-03
9.034362814839642583e-03
8.926367116825966591e-03
9.008777955236472318e-03
9.207138775358078217e-03
9.049765461785961446e-03
9.125866538688088767e-03
9.049542701975919062e-03
9.112859110554656639e-03
9.040825321536161141e-03
9.122419215703033227e-03
9.168806250545271860e-03
9.110032628899920534e-03
9.181457731252343907e-03
9.111831682136875554e-03
9.244868747665427669e-03
9.108745356232584786e-03
9.200308895505162135e-03
9.176887785939969247e-03
9.328798943065215454e-03
9.425295755522356683e-03
9.271080019961712090e-03
9.347673041096427396e-03
9.435975902757881562e-03
9.280939595222548535e-03
9.387635998145795260e-03
9.346408362124438568e-03
9.281217000562457659e-03
9.411637428943612008e-03
9.315534668561296916e-03
9.527250521491968660e-03
9.427493411442189677e-03
9.366934352170210032e-03
9.407125498026934485e-03
9.535974559354563548e-03
9.499379667247476525e-03
9.493401381988208695e-03
9.495691910214950834e-03
9.462793421826579468e-03
9.532315467573521106e-03
9.413301758796767393e-03
9.511082893027399121e-03
9.538060040623555849e-03
9.528935092300539270e-03
9.456602117936951588e-03
9.636037219415400853e-03
9.646772349928467785e-03
9.577742404938301840e-03
9.570012720869998379e-03
9.505134052499758165e-03
9.578480396919436882e-03
9.779903784660691837e-03
9.609963796292782592e-03
9.541716371787483178e-03
9.748270031090454715e-03
9.734199929680697680e-03
9.675063456576753207e-03
9.676018734678628469e-03
9.752105906933995413e-03
9.723814238045261349e-03
9.659328011964219557e-03
9.621553288911536758e-03
9.823635114298363141e-03
9.747883417577048182e-03
9.583939064114376655e-03
9.768855616170420142e-03
9.866414241895547430e-03
9.742060685158633257e-03
9.762544299932039010e-03
9.822987316172331410e-03
9.789287423026992591e-03
9.883419955267706142e-03
9.784750326693717262e-03
9.933781012146722031e-03
9.964114484369682861e-03
9.733442782441229998e-03
9.825081824790134893e-03
1.001052512280176283e-02
9.857740419332896784e-03
9.925779215656819685e-03
9.729484316630430257e-03
9.856997204033258325e-03
9.944370978450059809e-03
9.872985477758326744e-03
1.003753880766573153e-02
9.940081967267165586e-03
9.927023444270047930e-03
1.000597806674143921e-02
9.994983178995438949e-03
9.810992276079837093e-03
9.846701597100689443e-03
9.869788189068036399e-03
9.937076586744425163e-03
9.985141746135739460e-03
9.983420970713913559e-03
9.981177233414968708e-03
9.988434173377818207e-03
9.920622586757740086e-03
1.003334689647271752e-02
9.964820983312149688e-03
9.901753393767529984e-03
9.916563569153040436e-03
1.005210085160539515e-02
1.008111072995770269e-02
1.004114929274860235e-02
1.003411002694915531e-02
9.979857079835634595e-03
1.003647804761939773e-02
1.003520657505754116e-02
1.010547743917540944e-02
1.003373044182330129e-02
1.004436874416080906e-02
1.009669780131733884e-02
1.016482242401242110e-02
1.000013308391003303e-02
1.010975821209070952e-02
9.824653102611746389e-03
9.972282458058090437e-03
1.016117296464738584e-02
1.015501222823887197e-02
1.013555785377602374e-02
1.006652421557707039e-02
9.981651197180136173e-03
1.012049330086843557e-02
1.010668872366635683e-02
1.012394329186976083e-02
1.004495144296439595e-02
1.013309634065264267e-02
1.001136065318354237e-02
9.939648589565629536e-03
1.005211920772042765e-02
1.006741752436408899e-02
1.011817789274517543e-02
9.952505249884679300e-03
1.010377890147852627e-02
1.003846172848043249e-02
1.000919328462145097e-02
1.012167984869751826e-02
1.003978062846172525e-02
1.013406660291254341e-02
9.985119531242505481e-03
1.011310246761510864e-02
9.952039180421123551e-03
1.011529590140237272e-02
1.005386513266131460e-02
1.009617432304047227e-02
1.010503318264305284e-02
1.001056235163857132e-02
1.020261832221155615e-02
1.026494295152994250e-02
1.007266534355179960e-02
1.011067343031005726e-02
1.019695250084860783e-02
1.002309476044018627e-02
1.007467281769453861e-02
1.020597162431282311e-02
1.008491936852790559e-02
1.017413768924008838e-02
1.012392397609447603e-02
1.003689166952434486e-02
1.005402354305280632e-02
1.022090801006474842e-02
1.003864473598539697e-02
1.018170807392551440e-02
1.000655165006011926e-02
1.011008073450286003e-02
9.972779009489736446e-03
1.000996281222755677e-02
1.009686058286017075e-02
1.003740354811031958e-02
1.019510275489944606e-02
1.014055372105029593e-02
1.018568420530185925e-02
1.022547044289210880e-02
1.009512725655815207e-02
1.032872021152321518e-02
1.007733904759420054e-02
1.021683058826745177e-02
1.023660985338191963e-02
1.009557051505124807e-02
1.013298260638271706e-02
1.013729774861070812e-02
1.002473033144453927e-02
1.024993066656048300e-02
1.010445752422367907e-02
1.009236015094742631e-02
1.004662474574596204e-02
1.029130157995614830e-02
1.026659537282008372e-02
1.014561691309651993e-02
1.017767888699497650e-02
1.004123485676492247e-02
1.024678672465090083e-02
1.016139245713936282e-02
1.011402561322412991e-02
1.015876872363833706e-02
1.006294280660240299e-02
1.027626472917854243e-02
1.001105250821876687e-02
1.019092830566575847e-02
1.017289863407015542e-02
1.025595597717217887e-02
1.014229109028523881e-02
1.020572216628841226e-02
1.015979847843108061e-02
1.002031389948790027e-02
1.011445561297373910e-02
1.007073045022310182e-02
1.012121733629049378e-02
1.013949517561734716e-02
1.029506966302877122e-02
1.027022553350186510e-02
1.007966554176786475e-02
1.004421775905352775e-02
1.019909829537893158e-02
1.001112502055405418e-02
1.012686815973908722e-02
1.011003692466403217e-02
1.015024088047927764e-02
1.031738095010659335e-02
1.030338291529180050e-02
1.015681128429509264e-02
1.008879714682829262e-02
1.012192737535516293e-02
1.012508734636719671e-02
1.015996564107672639e-02
1.018975187249569064e-02
1.011778787203425518e-02
1.026393790470034664e-02
1.017621397047920387e-02
1.015027629423989435e-02
1.027140162522364314e-02
1.031557614693896438e-02
1.017120337044196896e-02
1.024205745975204432e-02
1.014981577575790016e-02
1.020041867534693218e-02
1.029063422341111242e-02
1.007105577669238639e-02
1.033627471313379800e-02
1.018954171474964303e-02
1.028674712162024746e-02
1.019134694453025479e-02
1.025315610382751888e-02
1.033132552175689521e-02
1.040015564003659090e-02
1.032073743400323262e-02
1.020953722866263860e-02
1.027911535594211272e-02
1.030152014120124492e-02
1.029158540765570500e-02
1.028734993656308695e-02
1.023961203420668299e-02
1.024018074837965489e-02
1.030421257486170174e-02
1.016026556562058848e-02
1.027375895260319687e-02
1.041660981250625874e-02
1.029668109467988223e-02
1.029898879002534053e-02
1.036606219636802308e-02
1.029148592247185537e-02
1.026642003068716294e-02
1.038599983871113519e-02
1.045688117319541581e-02
1.051019533871225785e-02
1.031997474278041962e-02
1.031321715479306678e-02
1.034294223017787062e-02
1.038952796361377814e-02
1.032769820919981346e-02
1.036320827606822779e-02
1.036092036123620157e-02
1.034295993358709358e-02
1.042032831379978604e-02
1.038801548147432960e-02
1.038142923169688148e-02
1.040132688637156709e-02
1.042359538241743530e-02
1.040256118203063823e-02
1.042815170353748530e-02
1.050901390483420690e-02
1.047151454002071685e-02
1.066630578497778682e-02
1.033852012302451974e-02
1.057460498130489632e-02
1.034809786517634257e-02
1.046928471764658163e-02
1.055561775914171802e-02
1.050079601127399190e-02
1.050506353593231613e-02
1.043914223880539754e-02
1.047525320966621529e-02
1.044578898742625113e-02
1.076574742903473395e-02
1.059376236347049811e-02
1.059400657784187461e-02
1.052649668652468062e-02
1.061899918495265611e-02
1.070951169248707951e-02
1.056887534661980418e-02
1.051820617701936661e-02
1.050025866419458664e-02
1.064436499770189150e-02
1.055550101764111959e-02
1.066285450199552787e-02
1.058833462082507150e-02
1.056392142714033221e-02
1.070335433779383803e-02
1.045060105772933207e-02
1.067406676359850676e-02
1.062712110141990872e-02
1.060802220015147693e-02
1.064270299009172083e-02
1.059549503592342040e-02
1.063461422064554754e-02
1.076667042601396271e-02
1.065864854244831517e-02
1.053648578535453136e-02
1.056052151275532064e-02
1.059497892096806539e-02
1.067544234578510914e-02
1.058707704557851001e-02
1.066647034733564717e-02
1.065902071168289486e-02
1.050401162364411611e-02
1.058141483923457325e-02
1.067815142004369805e-02
1.062119196375082425e-02
1.044200927731756511e-02
1.061372909047540898e-02
1.061845785133254914e-02
1.057800482399414745e-02
1.050473943581004509e-02
1.051108142600719157e-02
1.064113419327824411e-02
1.045863480809969617e-02
1.054936553562000473e-02
1.062754728150932040e-02
1.047338008134745570e-02
1.061167253585003183e-02
1.051841256874417110e-02
1.045247694208651518e-02
1.055246178381682824e-02
1.062162330106677932e-02
