9.310858733682961588e-03
6.174210801004849543e-03
6.077947749733421390e-03
5.468228491884549042e-03
6.755136312017306216e-03
5.722363482712276676e-03
5.322032583497918364e-03
5.970659507523096154e-03
6.062754051562178198e-03
5.749678581599815437e-03
7.909026548569959847e-03
4.811064509067587008e-03
6.751394247609734771e-03
4.532450567274472555e-03
7.154619009730025896e-03
4.267322995673113878e-03
5.198454799383734476e-03
7.117047709208409491e-03
7.904833969528356902e-03
7.362108598327337348e-03
5.380426792569065718e-03
7.183948909503527942e-03
6.425533360501596222e-03
7.742515076439833790e-03
7.404586402751336081e-03
8.784588945506972488e-03
7.499195977668861833e-03
8.691746233528174423e-03
1.106232192631179806e-02
4.899202785562206501e-03
8.441042335337281544e-03
1.136162023151793266e-02
8.845828193435923553e-03
7.600335889314116869e-03
8.586437378489863298e-03
9.407535445946088939e-03
7.699996937519677960e-03
6.253727467777887329e-03
9.266783280443694967e-03
1.018867788149144596e-02
7.960424937293422362e-03
9.112266453941938668e-03
6.785895827246020938e-03
6.416067662263962544e-03
7.430122498395992821e-03
8.617354065684399572e-03
7.098241532659243028e-03
5.247698001570021316e-03
8.644849064044217435e-03
1.290487291564099311e-02
6.121455966589627387e-03
9.331670968612496009e-03
7.785869204402862641e-03
7.862702357854241958e-03
6.581520477875133120e-03
5.311797560311226282e-03
6.687708748445336630e-03
7.182919426555659133e-03
5.436598618588171089e-03
5.832249878010230780e-03
6.932087264282288733e-03
8.681670220067759861e-03
7.030460739699238154e-03
9.535999482695633328e-03
8.315395651366202026e-03
5.670036496091893086e-03
8.481181109434896004e-03
6.307266719922666361e-03
7.226106579659326984e-03
6.262204604501405911e-03
9.864336866101480056e-03
6.078527976871118087e-03
6.561128945636040231e-03
6.860435366488473047e-03
9.993337434391231025e-03
8.890133192312755714e-03
5.705228090363633799e-03
8.306773786226870002e-03
1.023683677376218543e-02
7.974363025076773928e-03
6.866684815943966541e-03
8.045641544130966924e-03
7.508518019778982755e-03
6.660570971395126001e-03
9.173838234528518265e-03
5.235154317983770067e-03
6.365929400469077376e-03
7.716944156202629711e-03
7.845490248967187247e-03
6.592698386666142815e-03
5.562475720827368166e-03
5.980183617695119906e-03
8.606990653215591119e-03
7.126288412389296043e-03
6.210753273795343449e-03
6.713659386045246411e-03
7.246169226907392402e-03
6.345930742652946578e-03
7.795535407571169660e-03
7.294731561695916820e-03
7.061951886535265677e-03
5.113123553277799244e-03
5.102083141378199391e-03
4.874136266528840931e-03
7.174407073492585982e-03
5.997471222969808294e-03
4.409619230631731633e-03
6.415966515712310039e-03
3.783621074445319300e-03
7.126899426744764433e-03
9.932012153929248299e-03
2.886953600573501349e-03
4.524497129999029491e-03
2.193723039102894387e-03
4.387784368950746298e-03
4.620124602744516383e-03
4.346615975457802927e-03
3.500715183200966280e-03
3.833261826545316265e-03
6.392962373930672314e-03
5.049804243122014459e-03
5.250972138887720353e-03
4.321878846590507250e-03
4.269077135649201535e-03
2.901735020677133955e-03
2.270108917715795999e-03
2.055405138946921843e-03
2.011430777664745349e-03
3.573025534326845429e-03
1.651309874863011789e-03
1.924672734299891393e-03
2.143066470271709489e-03
1.096753391891164492e-03
9.803571872303491232e-04
2.379384525527286631e-03
2.841768722579577928e-03
1.549779623903666187e-03
2.089841849052154373e-03
1.309014727179369942e-03
4.032652135548193181e-04
1.577412006094766877e-03
1.603884196929896300e-03
1.346038051226708344e-03
5.431230086443769459e-04
1.691075561447186052e-03
1.160398544301693112e-03
1.158538450212614340e-03
1.734750831351435573e-03
1.242292845430626640e-03
1.107135436892656361e-03
1.263763152674512351e-03
1.175937495754153603e-03
2.122893254051008358e-03
2.760839180341196145e-03
1.903360846777663604e-03
1.654130250220052544e-03
7.512037005169207131e-04
1.703927372271965904e-03
9.417960862528615765e-04
1.436428103147794570e-03
1.382190171414864662e-03
1.547149981076769787e-03
1.845471572457659621e-03
2.498886587041896940e-03
2.626171552869317662e-03
1.185785015043230948e-03
1.266363519299709738e-03
1.666437704151849455e-03
2.497534292993952923e-03
1.256048506550861647e-03
2.944768896725482882e-03
1.410676683709599167e-03
3.641229532365479558e-03
2.771752367136224356e-03
2.410432367448282851e-03
2.871298713207308742e-03
2.956454950075273948e-03
2.332539389793586090e-03
1.431624802493619347e-03
2.748656110270308872e-03
2.587650708588517222e-03
2.594112697033043244e-03
1.512674358583745255e-03
3.036009266612693831e-03
2.037126846851537894e-03
4.117211883589305850e-03
3.529313321010906293e-03
3.406868346379690517e-03
2.791163614887706874e-03
2.993368062530091505e-03
3.164039190890462726e-03
2.833393394481232858e-03
2.621863211032299593e-03
2.098018532073854265e-03
2.857362313375445828e-03
2.586442234424154996e-03
1.690852075347297045e-03
3.263332110038276532e-03
3.072473001820946216e-03
1.299883178450518843e-03
2.212993290305398115e-03
2.970595058162804353e-03
2.191689271756122517e-03
3.626170843700119925e-03
1.893449519895652527e-03
3.309045217403373124e-03
2.748520254028078043e-03
4.028329360077868328e-03
2.644641614607117462e-03
4.689963921837686164e-03
2.909084888864538546e-03
3.464798576763186960e-03
4.589015836702676869e-03
2.966423753173528469e-03
4.141508674648598613e-03
2.715672286889262484e-03
2.789770579741773695e-03
1.337124253725068381e-03
3.031148681313014688e-03
3.836488982637954823e-03
1.828484827694043741e-03
3.511628215123899308e-03
3.232754212849065206e-03
2.293720022595303193e-03
3.688201515044375097e-03
2.458070917222636084e-03
3.782783355250569045e-03
4.937878956628227733e-03
3.652969931870978654e-03
2.221216037107971025e-03
4.392275865960373026e-03
1.407705812989016149e-03
1.933728724699497470e-03
1.355971572241205028e-03
2.174411037486988999e-03
3.901597191459007640e-03
2.598002045319233472e-03
4.642754046194759628e-03
4.214555508372792685e-03
1.899643343926267795e-03
2.196787162428752698e-03
2.502463698077654185e-03
2.284281737587546147e-03
4.170292707925977310e-03
1.771595435951173973e-03
1.930683901389436494e-03
2.330346857303580623e-03
3.993778575485754448e-03
3.196740509941910311e-03
3.156762016538752595e-03
2.745596416224938517e-03
2.421977184583241557e-03
2.868741536821904810e-03
1.588283752948279910e-03
2.400388416381518068e-03
1.702240073688703189e-03
2.117554508631641370e-03
1.522343348882572141e-03
3.265731406650791181e-03
2.294801647774139843e-03
3.718022967918001038e-03
3.090985372579192845e-03
1.771626509554393358e-03
1.291971495345095935e-03
2.077815378243677048e-03
1.192407072690154172e-03
1.337053139714563426e-03
3.278302455133345807e-03
1.812246329456604571e-03
1.454250035969605580e-03
2.708934299929799394e-03
2.004835565484828618e-03
2.369211825683094352e-03
2.975568295155019832e-03
1.637040517102442225e-03
1.805601429518460723e-03
1.330246372697275808e-03
7.205015138159178920e-04
3.410626823715775212e-03
1.582049594497455906e-03
2.916966852416877105e-03
3.184419196220496413e-03
2.463248141656992039e-03
2.626154710982169741e-03
3.515606135323925355e-03
2.792900495641881340e-03
3.247031928047498274e-03
1.176941013135081489e-03
2.215351811086849979e-03
2.008321299960716833e-03
2.615166558478297827e-03
3.132395269123747650e-03
2.495543419281947509e-03
2.228898759882673702e-03
1.569450205041163313e-03
2.090081531230248302e-03
2.493024120491606644e-03
2.241081365042891984e-03
2.860122489841064944e-03
2.034294007456094629e-03
2.745561954395792960e-03
2.742786725804403219e-03
3.104869214597932858e-03
2.370437488338558805e-03
4.399900710894470018e-03
2.829356985597887043e-03
3.360591331081165100e-03
6.144757857985039175e-04
2.176749768431623846e-03
1.877257756649854115e-03
1.656201469944823014e-03
3.066429144720875764e-03
1.820385524344100142e-03
2.364933335045800618e-03
1.593929145368193183e-03
2.293821416449387269e-03
1.932175565997963293e-03
1.910728633145715753e-03
2.882733512635674098e-03
2.367353650491638411e-03
2.602695116112531837e-03
2.092299414101264285e-03
2.203722733651041800e-03
2.296958937585605060e-03
2.887708035282834061e-03
4.159209508426521019e-03
2.052417325894117205e-03
2.816551357194490169e-03
2.567751938547304606e-03
1.538877462937824703e-03
2.993049095805498747e-03
2.082059660820631108e-03
1.958368819625555188e-03
2.214001423402002424e-03
2.888075498397906643e-03
3.411584913077364209e-03
1.890818946880211881e-03
3.295079726910602694e-03
2.090350637498891717e-03
3.745052006012892024e-03
2.181479332441216539e-03
1.699841794963130809e-03
3.503901566127114609e-03
1.585956552089788944e-03
1.961812633828084913e-03
1.162362049197525077e-03
4.600626504668184000e-03
2.312868838571672213e-03
7.926682199003794345e-04
2.502996935503327535e-03
1.642877102112409293e-03
4.291532502733356493e-03
2.776797806956526459e-03
2.117481109915982183e-03
2.487856461302388744e-03
3.277539584815818488e-03
3.742871819054125349e-03
4.461675879819726638e-03
1.823126780116798634e-03
2.538967794794758266e-03
2.181520131593298918e-03
3.569075597405706613e-03
2.681733713071858885e-03
2.735351049067945902e-03
3.582810535329460089e-03
2.673441690248341916e-03
2.500434147921167232e-03
1.559538313470207110e-03
2.757711486923281139e-03
3.144105730603482564e-03
4.454819823225346885e-03
2.012295849937369933e-03
3.497677199471441352e-03
2.359803651737431545e-03
2.023388496911895842e-03
2.012963921052528943e-03
2.010661610456373344e-03
2.942852200201598063e-03
3.903748092523671304e-03
1.960905306716587658e-03
3.006742203785265754e-03
3.469117289854792372e-03
3.631981543538653160e-03
3.173920974085237597e-03
2.865986144841167760e-03
2.696320728727919034e-03
1.049525902186309321e-03
3.867366620707035369e-03
4.163400621488916147e-03
3.850322207949716680e-03
3.330053449768261616e-03
3.473537668041863646e-03
2.275505920922331164e-03
2.423953544695716875e-03
2.184588763702854756e-03
2.192865438608185800e-03
3.371848072752728093e-03
3.004679148397139312e-03
1.913789720599904341e-03
2.953679773140918761e-03
3.088051679784559449e-03
2.105894973788129641e-03
3.199917675507570926e-03
2.291725775861414710e-03
2.284764103672013574e-03
2.386032893361987855e-03
4.164110701209892615e-03
3.331080270590798618e-03
3.338286330947846589e-03
2.408021550400216929e-03
2.570666960827810640e-03
2.732206596686835836e-03
3.999243600972253281e-03
2.669670984850985775e-03
3.258463450145192460e-03
3.150615663030439852e-03
3.288164939173381530e-03
1.787067564325694503e-03
1.048766242955748423e-03
2.043753373918075905e-03
2.472621794353939331e-03
3.073653654625967992e-03
1.749230216933273701e-03
2.669134411817921434e-03
2.889149215049678730e-03
3.230323382685307710e-03
2.910238086421588089e-03
4.044954932611615449e-03
3.484239634199546264e-03
2.723211775993527369e-03
2.311022117844613658e-03
2.515030315072063188e-03
3.006235459949293393e-03
2.563466889005204443e-03
3.454060732544489160e-03
2.963764763191900544e-03
2.573571286116818364e-03
2.691196012124248520e-03
3.007522692409178491e-03
3.727775378484257402e-03
3.806575067755270554e-03
3.425664080125638469e-03
3.078276006283763022e-03
3.619299192265387505e-03
2.989265722160602216e-03
4.975197178906575965e-03
3.148773497506589421e-03
3.883903978103016297e-03
2.943419428758709596e-03
1.911898253699094484e-03
2.706828117776249355e-03
2.138971863988421533e-03
3.092437034925907182e-03
2.567145421934390048e-03
2.270320995525157252e-03
2.868578300185380559e-03
4.375993003060254204e-03
2.654119617852457487e-03
3.067129557069629611e-03
2.603440760080571233e-03
3.293852923733298077e-03
7.224263650346181721e-04
3.870369281140618838e-03
2.819928317880710661e-03
2.982693754713273884e-03
2.936653740816151485e-03
2.987581642942897710e-03
3.793383725578842666e-03
3.739398552296832080e-03
2.152993397968478231e-03
1.271600889708320806e-03
2.009385240835381402e-03
3.512304278678414927e-03
1.901923471699660043e-03
4.555889251175520085e-03
3.943860305175257014e-03
2.532674226115806150e-03
3.145881642427731783e-03
3.526520492221833173e-03
3.003017037349459215e-03
2.744027039890416068e-03
2.238186901392715759e-03
2.832929334675111065e-03
3.266009179830674930e-03
2.489215815049203827e-03
3.662264398377065421e-03
4.047477567287184955e-03
2.155028029930936440e-03
2.020230315955229890e-03
3.553149339178529251e-03
2.969748595718341329e-03
2.083450789609011568e-03
2.609948940928119663e-03
3.318509894764785570e-03
3.734259228004196442e-03
1.235028279214932202e-03
2.204027380191570396e-03
6.465393740295631055e-03
2.036264470188024669e-03
4.199159121481513268e-03
4.636883994326548679e-03
3.725012280339158339e-03
4.304772789073401350e-03
3.864386059795501486e-03
2.469036992783189399e-03
4.095931967486254877e-03
1.760273565741362961e-03
3.619118359452675685e-03
3.262308562248267263e-03
3.380716430522116844e-03
2.907937871547168398e-03
2.303832471419907466e-03
1.853968561655376613e-03
3.348377633345083881e-03
3.489621601257635736e-03
3.428946167025963797e-03
2.803853089820357563e-03
2.583475118491738130e-03
4.104225683056462494e-03
2.273804204307042134e-03
2.530322391446748059e-03
4.660599319931950368e-03
2.915592340325654647e-03
3.946457096206872767e-03
2.008188654858722531e-03
3.111718298707009944e-03
2.901350925611489821e-03
3.217698193844123217e-03
2.389292956083041621e-03
2.648684019738258011e-03
2.680500550238015898e-03
4.646177793309174894e-03
3.280487838440487077e-03
2.796055184601930511e-03
3.815178091886999977e-03
2.850864020017274559e-03
3.254825156317137005e-03
3.837986016979434180e-03
3.984334969511621125e-03
3.110174495036075338e-03
2.781550549886685920e-03
2.876105952883412694e-03
3.032968801492789707e-03
2.137556098213502526e-03
2.959966907214849757e-03
3.604591271475963109e-03
5.658525064152169007e-03
3.860746652778356512e-03
2.573556622660059211e-03
3.587941702426454115e-03
4.214745992377365823e-03
3.451591406251273021e-03
3.428606376857354192e-03
3.059130442618983748e-03
4.405506615461057991e-03
3.229761164935439268e-03
2.853816058497576046e-03
2.930770494789126414e-03
3.058328999913693860e-03
2.468306139175304934e-03
4.087387356191691211e-03
2.643729592596913425e-03
2.783330996671947322e-03
2.728263132728547639e-03
3.302258063747424630e-03
3.470959031330164615e-03
3.504976780634856161e-03
2.884543912092730165e-03
3.853479983976428047e-03
2.541742624514357809e-03
2.708107169585509226e-03
3.521055174484171400e-03
2.839901760286178776e-03
1.888158405034873503e-03
1.906886490158420577e-03
3.164676790505996113e-03
3.959466816420829406e-03
4.567709582240720573e-03
2.484560297344342531e-03
4.143593955357425217e-03
2.625328484137095988e-03
3.236244448168719683e-03
2.964019432497588553e-03
2.516288812964897429e-03
2.509371509486646272e-03
3.372617446250865750e-03
3.411095832149588659e-03
4.829320542617175811e-03
3.972894125199476906e-03
2.310218592156071307e-03
3.007392106987410042e-03
2.923614362271721463e-03
2.633497664163461042e-03
3.781641532283519860e-03
2.513854282533509871e-03
4.532882230245757586e-03
2.089969128358706591e-03
3.513690601416182783e-03
2.852008848485976418e-03
2.888363068855081921e-03
1.911468338996984281e-03
1.520733577009979100e-03
3.044470877028183226e-03
3.290907153822880248e-03
3.825151948507947691e-03
2.039742850086745125e-03
5.382110292048779970e-03
2.533631503710582523e-03
3.001635625941604432e-03
2.985102209528895430e-03
2.474047816615517880e-03
3.347890963388624585e-03
2.840589592483036292e-03
5.323086057900995940e-03
1.885410558897414367e-03
2.662339890897418449e-03
3.796953025420029843e-03
3.355750614585554115e-03
3.327395325321992788e-03
2.897789358344849027e-03
3.862119390066157121e-03
3.591639057451168158e-03
3.874602664975312655e-03
3.327975056829026671e-03
3.036329531426670836e-03
3.733450483718459955e-03
3.159419865186471627e-03
2.546622060418556131e-03
3.658331484323972330e-03
3.789819746149122783e-03
2.022672788452239360e-03
3.678118044420030340e-03
3.260756061957819155e-03
4.808982755792719915e-03
3.746237867077924569e-03
2.713210792034606925e-03
3.008932585316487305e-03
2.387210435600501269e-03
2.655449193715642749e-03
3.438070639404239726e-03
4.043114934824255761e-03
4.185184229473409671e-03
3.325635950756315653e-03
3.137093721260815048e-03
2.704455926302320578e-03
4.117664929526206920e-03
2.111045633881271887e-03
3.949417313970939730e-03
3.495556604950651128e-03
3.773953601914930688e-03
4.778603945847927081e-03
2.328236390314147777e-03
3.305629594603302825e-03
3.630792371575684591e-03
3.345346183033870088e-03
2.837022493453628894e-03
2.512592376992557521e-03
4.334903333994596930e-03
2.161403892714274574e-03
2.630162685556340554e-03
3.157365480176839347e-03
4.045135701901720823e-03
3.001598357920462652e-03
2.593675952435312623e-03
4.219443802179854465e-03
3.687418044836645280e-03
2.531880244950750463e-03
2.556357432498832308e-03
3.413653138697500099e-03
3.857769996693005514e-03
2.716753586002146684e-03
2.428857669201868377e-03
3.310423645802090028e-03
2.510135281565511068e-03
3.131866948501989267e-03
3.485761004917022499e-03
2.453629497619853883e-03
3.652353766606275965e-03
3.167343253587406697e-03
2.962231082081536945e-03
3.735551153311022447e-03
2.629087677893434099e-03
1.956762311936105329e-03
3.546331192504112266e-03
3.013642588946657905e-03
3.288325756267486931e-03
4.236856129333344163e-03
4.677774905502869729e-03
2.854764294556188121e-03
2.035364594716778004e-03
2.680642906887526454e-03
2.332644359710216945e-03
2.121462119482109710e-03
2.178519271140021748e-03
2.391092983941072760e-03
4.174813019953651019e-03
3.013413739323736289e-03
3.177584190933978054e-03
3.958309070190037075e-03
2.384557621026892928e-03
1.941221872217058914e-03
4.955438937894895805e-03
1.607854721279124459e-03
2.865632681007280851e-03
4.346733740498372883e-03
3.043950425486047131e-03
2.898897714505415443e-03
3.721031278913022530e-03
2.229916623055502346e-03
2.643064700793896094e-03
3.039292938513815569e-03
2.444288615579397975e-03
2.853360242052576431e-03
3.175210797781016087e-03
2.227758085393692373e-03
3.467544321321478461e-03
1.875063906268694585e-03
3.849692357320009996e-03
4.082700131306178475e-03
2.957320909975096404e-03
2.787841668155167148e-03
3.376053151125654479e-03
2.859782468791011601e-03
4.062872023207870012e-03
4.752980509217233883e-03
2.147010847360369783e-03
4.083282664325827566e-03
3.333391429721426630e-03
3.316719459231766854e-03
3.549143352095748653e-03
3.450546942236939595e-03
4.590711522647330720e-03
3.934926255042911318e-03
2.126844277824062931e-03
2.967970918411757565e-03
4.612975168147881097e-03
2.154348528374352024e-03
3.244792638873664290e-03
3.055075703773685574e-03
2.281247456544537554e-03
3.489147386986213642e-03
4.170018461650958075e-03
3.344847205789508449e-03
4.784212501047623023e-03
3.867973207040505644e-03
2.537424554994810889e-03
4.317592863790758843e-03
4.156465727990728276e-03
2.451112391152492857e-03
2.866301469483268586e-03
3.764272143816639517e-03
3.483465825823075113e-03
3.415201136608841080e-03
2.540199984673536214e-03
3.195884565493467121e-03
2.624242196744126787e-03
3.907001513537258081e-03
2.386904805488344883e-03
3.437182087665689809e-03
3.831072793449469792e-03
3.126901829725925192e-03
3.220565918001637266e-03
3.579178872817108652e-03
4.648099803451154720e-03
3.343377227946098002e-03
3.682164510822139285e-03
2.656405080042863968e-03
2.254669277702686745e-03
3.522949843648492691e-03
2.873400160389322396e-03
3.320129498281663982e-03
3.370394993018769724e-03
3.867136385149970695e-03
3.380447168650742209e-03
2.619319583373705840e-03
5.246479330581116374e-03
3.069348698818922389e-03
3.897986817261805091e-03
2.451372643437981121e-03
3.906573040145335830e-03
3.663503166358138014e-03
3.296931177025248100e-03
1.624847458155511369e-03
3.555639527525453637e-03
3.230591894578151244e-03
3.147153595050326044e-03
3.516904915895479634e-03
5.116263417759541604e-03
2.689291597393488314e-03
3.012420628222113681e-03
3.792984100322532078e-03
2.791568061157677361e-03
2.685846837733575632e-03
3.155288924400720049e-03
4.122150275498432867e-03
3.331555419458143499e-03
3.223622526744289018e-03
3.249963287949915458e-03
2.834719615543744749e-03
3.100189220274331484e-03
3.567326555115034672e-03
