1.140274458460972633e-02
1.056385202723249608e-02
7.937085405503694832e-03
7.320161401222840918e-03
8.329841065375619136e-03
8.100939705194128496e-03
7.561636913724046997e-03
7.236971677725416614e-03
7.126870284575501611e-03
5.803493855493447630e-03
6.914253723417731513e-03
5.975901817932343860e-03
3.601007981320500807e-03
5.578215002326667588e-03
7.232485919716376277e-03
5.237761457567576343e-03
5.170964339901420494e-03
4.104191641004243697e-03
5.141480091519469442e-03
5.413628648461153020e-03
3.774564167662808768e-03
5.775050379637898697e-03
4.516250929674329138e-03
4.011854968799160280e-03
4.188934887481528431e-03
3.325254031353586104e-03
3.870255131628174035e-03
2.859567990353537384e-03
3.009998093097899455e-03
1.943446070179569336e-03
4.262849503145466241e-03
2.001773815894150946e-03
1.447905035346926106e-03
1.826906288463329498e-03
2.467379207889100912e-03
1.777058552097319230e-03
1.673193809976005007e-03
3.217796479553074965e-03
2.492450301794362725e-03
2.358500739132513360e-03
1.041841436094647537e-03
1.803120036161091335e-03
8.441099318608612668e-04
1.664374201939367503e-03
2.066044881231065070e-03
1.613358322421937305e-03
1.150775934753560511e-03
9.137570914394161107e-04
8.863397651254418304e-04
1.429344752462249771e-03
1.221053397293994950e-03
5.689889562540869630e-04
1.027812636074154629e-03
2.508775537662683995e-04
1.418198035876174715e-03
1.773045284196750554e-03
7.241185730254817146e-04
1.426933647032775686e-03
1.080429609134678616e-03
9.652214706940237358e-04
3.719850957667065463e-04
6.377095931679549424e-04
7.175477079919597291e-05
8.795356994461885503e-04
1.084501553762478991e-04
3.026085192597366630e-04
6.120729263481140651e-04
5.761069662784338435e-04
6.465514608422796943e-07
2.534272914626899457e-04
1.950410720743274819e-04
3.241371346343227913e-04
7.665884649563198239e-05
2.800937435431323681e-04
2.419019197174110760e-04
7.068749511963472686e-05
5.337091349429555953e-05
6.053380567401250194e-05
3.104713744235411112e-05
4.490648130852938861e-05
6.719502732345799673e-07
1.688163885770990367e-04
1.686002485586829942e-08
4.653706646186122725e-05
2.694266669402670025e-05
9.260758948587969904e-07
1.357255590718534236e-05
4.439670423739203447e-05
1.043371616100412994e-06
6.954297643106276888e-06
8.005264256735144482e-05
1.026243961610658512e-04
2.678234701314601701e-05
8.322336742740923326e-09
2.293733650285603715e-05
1.751341218099085960e-05
7.631558413555196785e-06
1.889006808566692048e-04
7.059857743790294102e-06
2.335328453591089330e-06
5.671924781703031442e-05
1.344267271315851035e-04
7.469975364850088667e-06
1.585102012229419687e-06
2.369014299463439156e-05
7.647508549447597234e-06
1.054455448115139952e-04
2.653943453639916648e-07
4.375853669611311925e-05
4.579991060940974190e-05
6.421114520385006513e-06
1.185870082443008530e-05
8.653862779332073714e-05
8.381899783233435412e-05
1.832520197898733007e-06
5.457821967100348238e-06
7.990669789606437467e-05
8.925331647372891728e-05
9.888679532315951834e-05
1.286078888585678415e-04
3.563027394500637738e-07
3.870429273957786461e-04
3.496253911329398937e-04
1.007841921912773134e-04
1.157938498440103439e-04
3.881174535239996027e-04
2.494308658640652094e-04
7.883896418439175499e-04
5.566250216369596302e-04
2.795458577803925271e-04
7.529878753486942376e-04
1.155792625335301386e-05
5.642284944411342547e-04
3.865729027219148091e-04
1.072475637774027634e-03
2.564603509101070372e-04
8.029937722505202597e-04
7.539176275720640844e-04
1.006939141536809280e-03
9.656253666783103399e-04
9.861172026047685790e-04
1.081530078155836438e-03
9.703713206343050597e-04
3.960891102319417066e-04
8.774452802722198467e-04
1.018065964093466591e-03
2.123365442910293398e-03
1.415651252637420508e-03
1.348357218754048627e-03
4.360981779675184868e-04
2.793405793482420501e-03
6.638695644367618521e-04
1.056038138438441729e-03
2.658701399490859957e-03
1.669662207634833731e-03
2.413144751857265562e-03
2.589979983999746334e-03
1.486489461928208050e-03
3.150755107279358015e-03
2.967726363674517108e-03
2.069151330120180734e-03
2.194630406311947994e-03
3.221444596089505837e-03
1.383725303112057084e-03
2.709536669993044353e-03
1.173906493349004829e-03
2.825301936844348306e-03
1.404350486853814164e-03
2.091167361373374046e-03
2.258498096593126135e-03
2.386848871105292508e-03
2.271161913516460667e-03
1.826124114073992590e-03
2.381999076919749311e-03
2.375685618459145217e-03
2.186353181237794558e-03
1.158040796503315715e-03
1.262866105255863129e-03
2.323261028163328516e-03
1.935946639040063292e-03
2.720357200596077146e-03
1.808760990897184586e-03
1.270075335868604913e-03
1.840203383907098060e-03
1.876012352304651850e-03
1.970182671587302273e-03
7.049936499704592945e-04
1.326516505317180700e-03
6.018652840510441181e-04
1.189633892689824675e-03
1.364693356287502261e-03
1.054050758582109840e-03
1.761788186098448309e-03
1.472215019635999015e-03
2.187841503380159869e-03
1.890406884777864329e-03
2.127894313671456396e-03
1.515442026360597823e-03
8.414175931515578298e-04
1.572060397857272208e-03
1.590518510963776899e-03
8.718306674250858807e-04
1.849410986964274963e-03
1.859899668364430134e-03
1.049170271463528616e-03
1.060586940136677573e-03
1.385723589118011047e-03
1.913161923332227328e-03
2.076175919435001641e-03
1.182361841472885124e-03
1.636960079146839494e-03
9.755788238959669156e-04
1.014783449968673220e-03
1.616418212019530513e-03
1.049631747475539018e-03
8.315651345973550015e-04
7.756287892122436202e-04
1.445574556804510953e-03
1.580856583369732137e-03
9.810743991436443167e-04
1.314099877041113558e-03
1.774035691626166256e-03
9.508149127292953766e-04
1.012499224978522178e-03
8.181231147640218807e-04
1.394781159896715328e-03
1.014788134765509274e-03
1.337579463485211347e-03
4.024366481039487573e-04
1.321093743798169937e-03
7.808409418206872874e-04
1.730710367947553389e-03
9.479789323519665018e-04
6.457869045137205151e-04
9.961663673008153488e-04
8.735353964863972528e-04
6.907535020611618552e-04
1.318813176268596133e-03
8.183850181268791536e-04
2.583210972858239235e-04
8.992370033111023652e-04
6.424694073303824273e-04
4.878740399263026728e-04
1.345843776026198809e-03
1.578827285752723228e-03
1.807267131707695302e-03
1.162681219008028987e-03
5.028661642208087515e-04
1.157073034466340371e-03
4.917547240135546841e-04
1.287656606518187323e-03
9.268506287120561625e-04
1.048337359658558458e-03
5.241783907477677281e-04
1.247534974825222076e-03
1.206086345274052932e-03
5.602332753214081832e-04
9.300043272192772903e-04
1.345415538403696388e-03
8.057371159174266453e-04
1.286608994839418593e-03
5.028375615605697570e-04
1.285340040287104866e-03
1.286006165859373022e-03
7.765969589047064551e-04
1.288330016223127733e-03
1.634051542172538715e-03
9.682595838142720596e-04
5.138581419579669324e-04
1.543310223467769240e-03
4.923371101268498315e-04
9.114258778828048576e-04
9.185655959199168046e-04
7.913191760992736900e-04
1.651917086869648769e-03
4.035843711869736990e-04
4.617399478037577517e-04
1.303696783699493777e-03
8.150408989140310503e-04
1.420903585281738926e-03
1.117305808211271423e-03
9.598501504382795030e-04
5.015283195039377381e-04
9.662731577350102980e-04
1.515622250097956123e-03
1.028648592101736627e-03
1.375973379934179340e-03
2.170139693661095326e-03
7.897963890435980624e-04
1.313376338891955293e-03
1.788654871703028752e-03
1.300542002537751710e-03
2.233061598967648644e-03
1.344043982423807947e-03
1.398420034989945014e-03
1.432007311457092870e-03
1.628744323642798870e-03
1.305265259434410484e-03
1.146298083321796750e-03
2.656739455510350768e-03
1.013689518719672810e-03
8.689199631021058854e-04
1.281667328114322177e-03
5.871755969904871031e-04
6.996034576368721130e-04
1.149774532740972972e-03
1.014602473990340549e-03
1.382715202827409671e-03
9.429689481424551479e-04
2.436997586235641836e-03
2.311706022770699566e-03
1.974316266909635718e-03
1.479819479016388677e-03
1.384030981271714344e-03
1.554269767637298178e-03
1.743975585818698711e-03
1.204782950148725268e-03
1.228586032788732060e-03
7.605592404951989037e-04
1.300411255369372148e-03
2.204445125885211298e-03
1.331987985030451275e-03
1.346768033932962049e-03
1.181406745729927325e-03
9.158468006412011234e-04
8.649558646082642580e-04
1.447571926870774286e-03
2.038999627678292261e-03
9.282880251029580016e-04
1.787776140490277433e-03
6.498608450634460205e-04
1.353495096022112702e-03
9.781611564731167597e-04
1.155195412270133316e-03
1.418027258772923101e-03
7.812029355642927499e-04
6.755664978857772599e-04
1.382597785170916298e-03
1.888439677219054058e-03
1.670267782915583945e-03
8.898666123316209629e-04
1.677310362966934936e-03
1.576950117665131251e-03
8.253744209485693257e-04
8.888288309620147277e-04
1.223558474526309763e-03
4.995835278646928784e-04
2.101369663903057596e-03
1.279442263159668311e-03
1.247547704167147661e-03
1.098254392302788242e-03
1.412158922477636325e-03
4.382183114734498268e-04
1.056246303051865554e-03
1.360428491673001689e-03
4.224170906656784337e-04
1.110984316778889551e-03
1.143599278514037488e-03
6.176052839574393966e-04
7.548355711232556005e-04
9.428791891394805360e-04
1.524697892319786408e-03
1.042841301992762908e-03
8.301250182037353108e-04
7.755514220559034388e-04
7.187848222790395444e-04
3.579502272981737723e-04
2.103005016520147034e-03
8.073103019197163267e-04
8.061163249749895773e-04
1.036073792582918335e-03
6.239635832010145561e-04
1.674170401735713054e-03
7.897614628290306783e-04
7.542075067730574485e-04
1.532724828242598919e-03
1.332932598271598275e-03
8.554502560524123497e-04
6.988365642589712415e-04
9.862864984532552972e-04
9.061667377284689413e-04
9.482702400307991370e-04
1.556738666342991420e-03
1.278734709181069676e-03
1.106225926570789022e-03
7.644223793947810611e-04
1.949492259556433790e-03
1.096195008298228319e-03
3.978104239802858987e-04
9.348795464613229205e-04
5.823024176007749603e-04
1.203494220010524604e-03
4.196192317639639048e-04
1.700132295957979293e-03
1.053643131632768428e-03
5.062079612313628981e-04
1.581062939959509365e-03
6.113585810742615126e-04
7.774499035475127863e-04
8.370446846270474407e-04
3.235839753412195815e-04
1.068855954664301019e-03
1.324134519373200728e-03
1.167180473917473274e-03
8.515726738567415497e-04
8.002562818348295118e-04
1.152940063810440740e-03
6.194450766642382606e-04
6.700776073692219078e-04
1.063927959346170097e-03
8.733127185007864314e-04
1.297059424109969729e-03
1.936645995248437342e-03
7.085936087536801519e-04
1.229018499390384855e-03
1.249715688372181506e-03
3.664707256190516405e-04
8.798801653489721295e-04
2.469478796697962804e-04
9.357304169196421079e-04
1.375900464079061851e-03
5.434892428593365637e-04
1.146713078148691020e-03
6.464580737520158162e-04
4.343316831044944509e-04
1.407398799969200066e-03
3.872721347590364236e-04
6.393472830066033574e-04
7.967033678529793651e-04
5.336941789588001746e-04
9.395761789786594934e-04
1.149523060654808167e-03
1.204303576949498043e-03
8.621039826179068780e-04
9.833642935590681394e-04
6.491443574326665172e-04
1.011445627580504630e-03
7.756824494178199934e-04
5.233881947659795595e-04
1.250132267629492939e-03
7.257166588645775360e-04
1.026410098918883887e-03
4.005170621201121963e-04
7.544708862798520576e-04
6.807849138701257659e-04
3.193583734213771000e-04
5.351778272522689272e-04
4.494354547201428692e-04
6.173510592600603246e-04
1.933816200550114695e-04
5.025280421144669944e-04
6.027047889125981394e-04
5.028758368511280661e-04
8.054343185224906642e-04
3.751628066876914829e-04
4.670124510807021896e-04
1.131806484463562324e-03
2.523900102432599765e-04
6.738163782185849649e-04
2.689358220672610376e-04
3.667843516375346186e-04
1.819456372318929379e-04
9.273554445503233521e-04
4.002892506158490528e-04
5.683117994193971623e-04
5.781594687167275048e-04
5.258473100230586254e-04
9.061974414315635820e-04
5.389003814570330958e-04
8.495522902857392941e-04
2.214916165426918299e-04
3.990647636822425791e-04
3.124929584701139208e-04
2.811569568621653651e-04
4.264682790829587254e-04
1.523493388538510072e-03
7.158157574367174760e-04
3.208019716435512149e-04
5.996712130236749516e-04
3.333968486250723584e-04
9.810134431983217728e-04
8.533075196915386712e-05
9.173700705878006130e-04
1.647958713325243043e-04
8.761663689623616939e-04
4.082735768574725552e-04
4.417165765261492328e-04
4.768033425333206453e-04
3.308775834230640749e-04
1.152606340966015868e-03
7.181874871407110299e-04
5.256401309875170184e-04
3.597964207814815531e-04
1.105419882642759942e-03
8.419810382707023635e-04
1.963124800743415270e-04
4.617120121853681390e-04
5.509268332058959647e-04
8.769217658103923294e-04
8.191468880242502512e-04
1.125740995360364300e-03
8.780636687447116243e-04
6.434052180785787382e-04
9.984280977524408966e-04
4.527811097479216614e-04
7.672915384667179607e-04
1.417009039554767446e-04
1.840447613522650753e-04
3.362905374864016798e-04
7.879889113243378164e-04
6.925797646118182207e-04
1.172875164442028877e-03
5.578387002248021403e-04
1.624234941972974510e-04
1.534226482473939786e-04
7.898254576184298792e-04
1.022505889719160267e-03
5.015117833715087778e-04
5.740807203644123597e-04
5.768595742624159275e-04
4.634756444839894813e-04
4.139975913869928031e-04
1.788080906318319273e-04
3.463480874904008408e-04
1.917396853883397126e-04
6.151267218223408504e-04
1.077890944012998274e-04
2.857955583541167775e-04
4.981383251771221744e-04
1.259842697422870923e-03
8.065346795728962469e-04
9.148931054568960474e-05
7.577775933756458792e-04
5.625065852377715992e-04
1.006390297418280995e-03
3.607744582766191934e-04
1.644517001494510044e-04
8.208945631062312042e-04
4.367561486590630909e-04
5.239325050119360890e-04
9.289041806467572462e-04
1.539364773878553730e-04
4.786119513853514564e-04
4.800548633635707348e-04
7.148907811775235275e-04
1.490871805799181236e-03
6.774835916470175025e-04
2.444862364893042334e-03
4.906258574759615049e-04
9.788783013090938609e-04
4.121108525878068151e-04
6.711730959457327559e-04
5.921099877694885501e-04
4.200621921594465758e-04
8.698438868472477921e-04
1.704474732006555941e-03
3.674867596177935642e-04
5.303591396500973625e-04
3.481253975821309733e-04
4.599722621806051951e-04
6.374330264244612186e-04
1.038062856408215716e-04
8.281516139865181553e-04
3.729710656074198779e-04
3.357782541419322263e-04
1.220075163862364585e-03
1.187562544137142704e-04
5.094455588308095069e-04
2.458803656049947622e-04
2.568974788599278088e-05
1.236102590771409430e-03
4.626348765199002431e-04
1.011345863104011304e-03
6.688735759418498262e-04
1.119938474294876170e-03
4.804367020210224153e-04
3.687769141780352137e-04
8.468641391278972606e-04
4.248779731501383717e-04
3.890093785980211537e-04
4.871596302622742576e-04
6.730002215404690081e-04
6.405105323541309976e-04
7.811365782396282546e-04
7.319138500622054651e-04
3.207446395210393464e-04
8.928920117842783621e-04
6.157649828735730930e-04
1.156127134495152494e-03
5.827910183451729667e-04
6.511778807606119750e-04
8.568818940629484423e-04
6.758865107971194454e-04
2.681548550570162881e-04
6.579355089048937117e-04
2.563455192453375359e-04
7.862237631232370846e-04
4.955379192942923781e-04
3.543069496230863077e-04
6.486495535694332968e-04
6.129736027528691561e-04
3.926504579465129891e-04
6.320724073400369337e-04
6.455887495262107093e-05
6.873288629839651755e-04
5.807166666493048792e-04
8.274299107707357073e-04
7.735923224683659500e-04
6.738849370433036556e-04
4.276424050569299965e-04
5.866206974501976838e-04
4.369843339118889862e-04
5.446044998761042331e-04
5.067740344655290467e-04
6.429801465556482867e-04
1.027564105598820828e-03
1.003567810030405079e-03
1.040531320434583303e-03
1.717679340979457077e-03
6.556446922756000578e-04
6.059947022071099495e-04
8.460615644231022801e-04
4.089527290149744428e-04
3.069271110004222029e-04
2.757858901501080459e-04
9.752436860761545335e-04
3.231325754064027101e-04
6.647632270410676596e-04
7.238361283887739502e-04
2.648659606696580600e-04
2.247034089960691966e-04
4.037034525815022166e-04
6.627832849579014729e-04
8.699952635565394747e-04
4.585112654411054988e-04
1.012264181314185153e-03
3.316392921289813248e-04
8.391932638865735221e-04
3.925685269542146245e-04
3.430434431097730105e-04
5.896785575290765637e-04
6.614061147597967340e-04
2.251838923590419677e-04
5.400722487842050988e-04
5.597556259603124430e-04
3.042902726581561733e-04
2.165696548886140202e-04
4.011862389830175022e-04
5.388364150686206439e-04
4.764996937310926649e-04
7.575179531301213555e-04
2.152666500732499863e-04
2.645922847494487011e-04
3.622409418786586726e-04
1.515803920184593699e-04
4.808939934939917508e-04
3.302345951500053377e-04
7.884192393668151616e-04
9.327116180839907218e-05
7.875177035523909901e-04
1.190347598728013178e-04
4.728649811994787812e-05
5.015720552665380244e-04
3.472512268243884407e-05
6.873889668576873765e-04
7.003527907411066051e-04
4.579911147506073857e-04
7.373063807403033984e-04
1.580771354403221309e-03
1.967119480879656870e-04
5.740511421513462597e-04
3.050438456955636133e-04
2.218417775028503432e-04
8.123186698236411303e-04
5.767207673755867610e-04
4.813542448404826589e-04
5.242028884919730080e-04
1.248282171933034514e-03
3.884636384669547314e-04
9.019305745707926428e-05
6.835087614513901027e-04
8.522452285615192489e-05
7.936109397351205977e-04
1.039353604385996784e-03
5.113279794451197407e-04
5.640970036480328883e-04
7.270007576855639199e-04
1.447358687794846619e-03
3.393692535161872193e-04
5.362022616627276726e-04
1.089529949436568316e-03
7.184228932396222699e-04
8.087331101264979378e-04
4.674797307945539144e-04
5.985345599640292053e-04
1.433574900750796610e-03
4.305421447392453410e-04
7.839324673567852047e-04
1.830123300629681970e-04
2.961082409216561108e-04
1.657177409993486718e-04
8.794356144058137949e-04
5.059950377264032422e-04
6.672102216800985977e-05
9.685199745397115581e-04
1.461884625109428242e-04
8.662819982561485287e-04
9.564246476987004354e-04
6.393563682337354915e-04
7.321095503188119981e-04
1.599003625145915168e-04
7.831979988800321171e-05
3.929824710229981111e-04
3.637073303250134421e-04
1.323304410170706184e-03
4.648582855533988658e-04
3.786621838499674097e-04
2.934263449093383463e-04
9.968081487347238250e-04
5.355657451895155623e-04
6.803313586510277696e-04
6.880601645467231391e-04
1.469713283908962191e-03
6.427606597470348140e-04
3.575859565541627009e-04
7.665244010555391290e-04
8.922928956448175760e-04
2.875398967779614189e-04
3.348135834171937818e-04
7.108077328419497081e-04
9.255640843355781569e-04
8.762167055549727104e-04
5.445424980152774189e-04
6.056875762894492563e-04
6.303708681462903132e-04
2.733610249732235900e-04
6.954413298037333529e-04
7.244961328009371683e-04
8.416315823377258035e-04
5.416409652315094369e-04
5.038778752766457725e-04
4.887533092001559044e-04
6.457530786046135904e-04
9.395595117285234551e-04
8.259673131163563446e-04
7.917097613220056875e-04
3.553985005092375046e-04
3.304784329146928526e-04
5.216738841702425050e-04
5.940382892631561459e-04
5.484895457766623484e-04
6.991100561809097166e-04
2.618033873096158167e-04
5.295133064269300647e-04
2.116703777373694711e-04
2.350129987250750181e-04
7.532400876290927484e-05
3.435008417092496637e-04
6.023519342642599155e-04
1.518431839515695016e-04
3.625315223656130881e-04
3.891839901295305335e-04
1.016016865083016300e-03
2.521143320987737253e-04
2.868863187264117902e-05
2.606600199006082487e-04
5.299668134322116581e-04
6.279710810983318891e-04
2.874119234765232277e-04
3.705526864402757274e-04
5.203067557229970955e-04
3.790850473749209147e-04
2.419798929952658359e-04
2.855409479913038721e-04
3.827036780570081359e-04
4.327378742586078780e-04
6.770799333646640135e-04
4.286650159613956739e-04
4.409367897564754482e-04
6.492051925440847637e-04
6.981824432539550157e-04
2.158217021030429603e-04
9.169393501051004798e-04
6.087070177263564051e-04
6.176586773137480437e-04
1.948657409081763488e-04
7.145553885813728809e-04
5.460051229028133751e-04
2.880266934241298938e-04
1.623804780327745250e-04
8.862426778902945468e-04
4.526450048900335825e-04
1.046347072994891804e-03
3.848566672713017332e-04
8.006797221800825224e-05
4.675026826384438296e-04
1.150029489619178863e-03
7.503608753502713719e-04
3.263382992547761972e-04
2.155723643381551337e-04
1.516788508451501476e-04
