1.251602473673231811e-02
1.140493104767821217e-02
1.119234468924818621e-02
1.021893786175105505e-02
1.014727453312509568e-02
9.105611293899477238e-03
8.944126999180328913e-03
8.394577854467625416e-03
8.108686489538975695e-03
7.472661650144559950e-03
7.276827212975445908e-03
6.639153594513846207e-03
5.905956556308912531e-03
5.812578009681535623e-03
5.628601165970654324e-03
5.137628704789136760e-03
4.863248992850117795e-03
4.919531945351682777e-03
4.605909372065860805e-03
4.308118053932151817e-03
3.994525030534760990e-03
4.007932191478911360e-03
3.529553168055764127e-03
3.711078694925381161e-03
3.473786920201505680e-03
3.667461323016067351e-03
3.304971836622448700e-03
3.559987776892259426e-03
3.646329270193057401e-03
3.633014082445604979e-03
4.025127979445557516e-03
3.914899536839813385e-03
3.972494814528375329e-03
4.118370268157336284e-03
4.232792055946069804e-03
4.431044014878004512e-03
4.341654758709788051e-03
4.544687446773481437e-03
4.659668588320864738e-03
4.729688265194401282e-03
4.992247716736203378e-03
4.949937393952731288e-03
5.125143789165670719e-03
5.290714712864352798e-03
5.258117286300994717e-03
5.481607329639190396e-03
5.510751690860099528e-03
5.647939563699204760e-03
5.842795766757848640e-03
5.931114067200979507e-03
5.949148132459072813e-03
6.050481056789259841e-03
5.910536321799836866e-03
6.163681365675553921e-03
6.148861404566685097e-03
6.334951089029969284e-03
6.444045785276367178e-03
6.422426251465162238e-03
6.525844088023050049e-03
6.442897347067239912e-03
6.501149011424822363e-03
6.534951347615394583e-03
6.532713497664036605e-03
6.647170302296843795e-03
6.618085384477282590e-03
6.531398740278238774e-03
6.745293648531155289e-03
6.755860828574261102e-03
6.779713771420736029e-03
6.845850299560092556e-03
6.796320029067226716e-03
6.860269751655184711e-03
6.860763593148551734e-03
6.888752754404510806e-03
6.781606622482816080e-03
6.826439277763400940e-03
6.925824628622271988e-03
6.880815210213305291e-03
6.796225418887323622e-03
6.863210461397968240e-03
6.896982868971908605e-03
6.776740162696758690e-03
6.732769187706254613e-03
6.819319607221683427e-03
6.744104896773279664e-03
6.819605479384836799e-03
6.743891310455041137e-03
6.681888785799498798e-03
6.483433575283477357e-03
6.524290712925118543e-03
6.492209492043997214e-03
6.439148819831513881e-03
6.423214987997945616e-03
6.392366205216246794e-03
6.190827275877996104e-03
6.255060851414834255e-03
6.174601027721786720e-03
6.215804966094923799e-03
6.202021565952023363e-03
6.073446153150968176e-03
6.013311829025548214e-03
6.069253932405861869e-03
5.855277577338587405e-03
5.985503196428495522e-03
5.855846032405741773e-03
5.854210071218423836e-03
5.769851948210235476e-03
5.768820311535462382e-03
5.760058524310707889e-03
5.734561669706794360e-03
5.700235353343372467e-03
5.626155387561860080e-03
5.615935781052054480e-03
5.507016261394472902e-03
5.568457262678122924e-03
5.472225173171012952e-03
5.459788603502460820e-03
5.394024208576804133e-03
5.335827781337903683e-03
5.243788421238907566e-03
5.246904015922017328e-03
5.266704677034798540e-03
5.202951998793003095e-03
5.299036395326390571e-03
5.215209765563876346e-03
5.089570622135854844e-03
5.133715641733603390e-03
5.084256576200999779e-03
5.280714636690993918e-03
5.042082491229142246e-03
5.092604851707208807e-03
5.004646886917758601e-03
4.895459237042772138e-03
5.092987168288012206e-03
4.843068424951277144e-03
4.946003070541099902e-03
4.820775243613162862e-03
4.938516017165862915e-03
4.714997421294160433e-03
4.668938272541908394e-03
4.614912605273800358e-03
4.532498177428729950e-03
4.555693382938515515e-03
4.393135864235645990e-03
4.338329560776029055e-03
4.393139520365266400e-03
4.194370056223203393e-03
4.200302948674410237e-03
4.148260764843670137e-03
4.211896358689766820e-03
3.965717845496539648e-03
3.892453725327117090e-03
3.991510349768238874e-03
3.870449058635882372e-03
3.814296096601539707e-03
3.693531803921017327e-03
3.683240364564752470e-03
3.612618697425075322e-03
3.623410165477830309e-03
3.606534788795680898e-03
3.509710883617380307e-03
3.413954309700357667e-03
3.596304342091090085e-03
3.670274348108781230e-03
3.753687084544728332e-03
3.612666248949292225e-03
3.482015385584412252e-03
3.513267921785578896e-03
3.299889629782800857e-03
3.290139193802259915e-03
3.122575822064997501e-03
3.209111768659836036e-03
3.356678403367441537e-03
3.286292562031919821e-03
3.413461874313365209e-03
3.351339585187651429e-03
3.552139997382353521e-03
3.470937267079063186e-03
3.633498105375154545e-03
3.682782273478083825e-03
3.830469069937320233e-03
3.837063630201681137e-03
3.803195335590994330e-03
3.848374687178495422e-03
4.141056459737682549e-03
4.118944005698428092e-03
4.170914582949773915e-03
4.159408094407117396e-03
4.132026138497421446e-03
4.285009246003649089e-03
4.232395364892335005e-03
4.444801553180004368e-03
4.472910641840497498e-03
4.597607475684251620e-03
4.502840543049970584e-03
4.483199219252146164e-03
4.661970085650051811e-03
4.577276258135433082e-03
4.838149182960776659e-03
4.741253597122563161e-03
4.749252194712956510e-03
4.768085279025762596e-03
4.923708504940621164e-03
4.775663520542570289e-03
4.858052433309711753e-03
4.998779918794442508e-03
4.998067738167592290e-03
4.951732119354190081e-03
4.818531888978416951e-03
5.045320350698918530e-03
5.147471678287777325e-03
5.057943404615066786e-03
5.083686231809871232e-03
5.115774397103773491e-03
5.068180103072202070e-03
5.171177434345746761e-03
5.064077896680943200e-03
5.053547382536007458e-03
5.114879299672204713e-03
5.001504554841234955e-03
5.347235196237346347e-03
5.237876784463175658e-03
5.052481605255046762e-03
5.311773185682622592e-03
5.220645323266522378e-03
5.286492032843928372e-03
5.182930174350766118e-03
5.160698171820441577e-03
5.243499449352057723e-03
5.243739061020676225e-03
5.236063775897081829e-03
5.104710689352233433e-03
5.155901423013149742e-03
5.131908728241081283e-03
5.157260454209836725e-03
5.154290030964898787e-03
5.111303422309981456e-03
5.185886845247121221e-03
5.278515497503979102e-03
5.203172645825788513e-03
4.970953907333110731e-03
5.137054840013495667e-03
4.987307667965895988e-03
5.195073678285707687e-03
5.111407386863896923e-03
5.204553787263056612e-03
5.148692809731778876e-03
5.216082583229843250e-03
5.217898537909851538e-03
5.234954774937927192e-03
5.342514693433913185e-03
5.219897480770200812e-03
5.245284374484565984e-03
5.267449342835872975e-03
5.325220329890039198e-03
5.283225718311912456e-03
5.262581924402081474e-03
5.318466305469829111e-03
5.258092305408263584e-03
5.333204844044471711e-03
5.278881741341014643e-03
5.368580816406717804e-03
5.285605543281140205e-03
5.438786345448485063e-03
5.308969197947783353e-03
5.337033701074467285e-03
5.416529968651136520e-03
5.374783666003427052e-03
5.366129643143956358e-03
5.525464416932707873e-03
5.288030746194308587e-03
5.425347179533806727e-03
5.441894797137263387e-03
5.514353358788621692e-03
5.442124341724335033e-03
5.408032081467646981e-03
5.484718633809709983e-03
5.520299352532700293e-03
5.545119183854866490e-03
5.519581907961371853e-03
5.503512942268277627e-03
5.521193354588326344e-03
5.509864993554713930e-03
5.516693971800240570e-03
5.461127028556680973e-03
5.489839974649000226e-03
5.544789296421980332e-03
5.582978697588665377e-03
5.605667157197076478e-03
5.650322114018452822e-03
5.628377349689616185e-03
5.665351989253416057e-03
5.671799044864657066e-03
5.765584466015176782e-03
5.750236880707758173e-03
5.654220662395958129e-03
5.754040654642201755e-03
5.815468261588172851e-03
5.747291178961528614e-03
5.682573117077189748e-03
5.789872301894841318e-03
5.830306686127313329e-03
5.797695166999095387e-03
5.732263856960575013e-03
5.881355541524560873e-03
5.705114150276609578e-03
5.760226640483505009e-03
5.687795574823857614e-03
5.749867421880592612e-03
5.699453958302252814e-03
5.645920472088504158e-03
5.647978708740560710e-03
5.636536767846055986e-03
5.619196199663190408e-03
5.722126585331633111e-03
5.662467822522936067e-03
5.587633608020763781e-03
5.576324544723728488e-03
5.586269206947642660e-03
5.539773032763052260e-03
5.509989514615194067e-03
5.557094198646486682e-03
5.488853970595140852e-03
5.443907078750814463e-03
5.509221958606513522e-03
5.530552556741908862e-03
5.573141359671782147e-03
5.522742031977317251e-03
5.467635992300082584e-03
5.454167270088805704e-03
5.586225518151693645e-03
5.597997280502350036e-03
5.464839214348432214e-03
5.480700085363972643e-03
5.573231513740754470e-03
5.450561634841254686e-03
5.520292049918763128e-03
5.514499791552368753e-03
5.488012627772227876e-03
5.529148350681034781e-03
5.534795092119569257e-03
5.660309008989636813e-03
5.604252684017258304e-03
5.479901944379039942e-03
5.528130421865442776e-03
5.522765249839140488e-03
5.435491833189857146e-03
5.513106737446125255e-03
5.545327610342185715e-03
5.538749011155766344e-03
5.382329169254638015e-03
5.598265288144373651e-03
5.533361758984233630e-03
5.420680486833220207e-03
5.585220487556668764e-03
5.556623686421669622e-03
5.446462985466854825e-03
5.528096639731837521e-03
5.568014215697478578e-03
5.641682777901856072e-03
5.549316927829778603e-03
5.570480089399653528e-03
5.537578560919046919e-03
5.588860245911165744e-03
5.601309434058681855e-03
5.654275015399307103e-03
5.634135626309781132e-03
5.614446516186331025e-03
5.700205302403723445e-03
5.592178863974275535e-03
5.700694742239716811e-03
5.637964170744531010e-03
5.727890808415197002e-03
5.666848950725972278e-03
5.692012567618287208e-03
5.688875250161461346e-03
5.682384863943634040e-03
5.715771550111221032e-03
5.845636377492778764e-03
5.706495693437892841e-03
5.705104978366549139e-03
5.648946613960345413e-03
5.704685384581634905e-03
5.696335690637459835e-03
5.637170110127088379e-03
5.768882866895613803e-03
5.788667685846581729e-03
5.783855524826605858e-03
5.731939562585551193e-03
5.690406734491855641e-03
5.754014118881421204e-03
5.729313126820104532e-03
5.811588279231418713e-03
5.779017857802775000e-03
5.666798957028751187e-03
5.773694463548750822e-03
5.665342964128459655e-03
5.717696891145098229e-03
5.766758557575342101e-03
5.669277306918193461e-03
5.787148461686268848e-03
5.773773746627959384e-03
5.651357940222792933e-03
5.818422858270691674e-03
5.654834955962738732e-03
5.587375137490894865e-03
5.750988757771812593e-03
5.634793173486755263e-03
5.745287885173566353e-03
5.775742252101059154e-03
5.761680601032785967e-03
5.717452942547928199e-03
5.540942904537995810e-03
5.779375504528198523e-03
5.673388193709785754e-03
5.729829742954895173e-03
5.779832890459730629e-03
5.780159492737337902e-03
5.637275507834011573e-03
5.686585391571598140e-03
5.730177148801551303e-03
5.672087860772040586e-03
5.672632105383806217e-03
5.734633178835257632e-03
5.680369859161004710e-03
5.766939228005206301e-03
5.653931030243213376e-03
5.732166255859283757e-03
5.756496222516784347e-03
5.737996064644773457e-03
5.610000915191383150e-03
5.831143518255987174e-03
5.821249904529445830e-03
5.743689355182085739e-03
5.650364382044291769e-03
5.642348626631688534e-03
5.699352327841156543e-03
5.740785768657939367e-03
5.673343606628187749e-03
5.740515530015370856e-03
5.784347480471321162e-03
5.720214291593938606e-03
5.722619290315885017e-03
5.696583545258133638e-03
5.749477484487797337e-03
5.780934345244276469e-03
5.779479687438314299e-03
5.716936461282700124e-03
5.785773880129980312e-03
5.694252697800092355e-03
5.774628579817471345e-03
5.776768058591608829e-03
5.819678143571125478e-03
5.802223208484863504e-03
5.756290407552220982e-03
5.724732043790872575e-03
5.727677202183661768e-03
5.807699748611287044e-03
5.593331033583309742e-03
5.803686672428641155e-03
5.685587981467641293e-03
5.787228178539452483e-03
5.666892930395055032e-03
5.756071362271884123e-03
5.670985075302276482e-03
5.790064778297767528e-03
5.613814679845324090e-03
5.744607538589717628e-03
5.712170203351506562e-03
5.698688186486850632e-03
5.714623878673775505e-03
5.666517317150315813e-03
5.664347067759903723e-03
5.807069441993058245e-03
5.626093564786490558e-03
5.873923599403551611e-03
5.756465463035299879e-03
5.753898770517388087e-03
5.678358964494871659e-03
5.633087499316409563e-03
5.757224126154850477e-03
5.684592106974323961e-03
5.818328068900625004e-03
5.851119814691994533e-03
5.723096822194015561e-03
5.731731187765961091e-03
5.760384341138040896e-03
5.792445099233376957e-03
5.802886841173846011e-03
5.726926039525843774e-03
5.620952831436989809e-03
5.841392260147459069e-03
5.653425655232901907e-03
5.760333805696078724e-03
5.801959106070765648e-03
5.746792026516527388e-03
5.670252750711266346e-03
5.826207574458056558e-03
5.887725119171216201e-03
5.824888304097094148e-03
5.859789223423964889e-03
5.735056084088859668e-03
5.679657148911399119e-03
5.749122864745175379e-03
5.761288645023777272e-03
5.781294757815642893e-03
5.776503203890726024e-03
5.777427234824921570e-03
5.821547462487976568e-03
5.822955511953777433e-03
5.768326021471284655e-03
5.797637286342219483e-03
5.861170791418729778e-03
5.738956629880252042e-03
5.828300786557029378e-03
5.801458022011916384e-03
5.765031712353228810e-03
5.783638862124304905e-03
5.710253508916511567e-03
5.853433734354618681e-03
5.857366487015680523e-03
5.750461209361609760e-03
5.849097936165016318e-03
5.817887334107806410e-03
5.773083343725853370e-03
5.839367553244717221e-03
5.929911679359172599e-03
5.810319448754566046e-03
5.782227230058360409e-03
5.796492698460484205e-03
5.881683033311007128e-03
5.771772609584779890e-03
5.760383208330996548e-03
5.781076439739137041e-03
5.842453570427612319e-03
5.764016548202579096e-03
5.758401302382219755e-03
5.722255913457854372e-03
5.619976855377782979e-03
5.789570780437474154e-03
5.698426230596897839e-03
5.905913414644844983e-03
5.826462605201618988e-03
5.946442447336367301e-03
5.816340485855579431e-03
5.849467576697655463e-03
5.795240637328812235e-03
5.917729326332845340e-03
5.826023542896743672e-03
5.833980641643846457e-03
5.823298718984753000e-03
5.746572544124915402e-03
5.773148326853044278e-03
5.880158598124305205e-03
5.857700399486000242e-03
5.891480914521452644e-03
5.814692143337896885e-03
5.775123139546263495e-03
5.785759607401368479e-03
5.810179161536321163e-03
5.884359531384835904e-03
5.771316004459295206e-03
5.815233711949797241e-03
5.890545730043238171e-03
5.777516041767863375e-03
5.896661533819409773e-03
5.780150241255299984e-03
5.762854548131008878e-03
5.729895719196137147e-03
5.879715804771337012e-03
5.804609531011130537e-03
5.867399685972421799e-03
5.848616049645423247e-03
5.892883756068530501e-03
6.011780062339095246e-03
5.735751112753149569e-03
5.918097159775289121e-03
5.919029035871482131e-03
5.835409157427109278e-03
5.692603823396197651e-03
6.024115164110470030e-03
5.886879329762157061e-03
5.869829776954049727e-03
5.916755440203185640e-03
5.984814531738157604e-03
5.826509146807882372e-03
5.928805824876792405e-03
5.885445290543300789e-03
5.838598254408758348e-03
6.046184014674063634e-03
5.897649059886258746e-03
5.788527062592243796e-03
5.925933786491280504e-03
5.973272955095358661e-03
5.960862208798274609e-03
5.839478241566133793e-03
6.058088257692395735e-03
5.816935517094236861e-03
5.867220433315341321e-03
5.956852894012858862e-03
6.005072397801465567e-03
5.890062874826265844e-03
5.790224656332041732e-03
5.931003382494848958e-03
5.948346095169585943e-03
5.895546510791924155e-03
5.857726511779787551e-03
5.937937689197500188e-03
5.990752750171157194e-03
5.794345725611455694e-03
5.979510246346362960e-03
5.819043591440602528e-03
5.870852893067343356e-03
5.928511270655327167e-03
5.864169313200131434e-03
5.940562225487380429e-03
5.850398646714283397e-03
5.867089566997493039e-03
6.004018701454424782e-03
5.941750778147228060e-03
5.945722652178351761e-03
5.978881583889039675e-03
6.000521029371218978e-03
5.770616300186858123e-03
5.880893576782284145e-03
5.787652778385733374e-03
5.862939166054891363e-03
5.915939092260942209e-03
5.899816891174306660e-03
5.840646416021702883e-03
5.890609507897805186e-03
5.902614610428022837e-03
5.896808480949883996e-03
6.065150092066591385e-03
6.041541055135523849e-03
5.900736860196352691e-03
5.886642414136909751e-03
5.956488637336307228e-03
5.945856134125236322e-03
5.910349467846975208e-03
5.918234556537687110e-03
5.880652788455604726e-03
5.874594651475574351e-03
5.982595102762672777e-03
5.975022722106105785e-03
5.898861099992793594e-03
5.741913059802882663e-03
5.924181683785168830e-03
5.992921405852258930e-03
5.923848799532397541e-03
5.870633628492044967e-03
5.957638100345602830e-03
5.975920652727105022e-03
6.040898242517967788e-03
5.833704497781958334e-03
5.919482882978570684e-03
5.821788401878856198e-03
5.820060531775193488e-03
5.804540064061418890e-03
5.952331881317327218e-03
5.872595057560848000e-03
5.777849420168477967e-03
6.103319871495646760e-03
5.942303793705252038e-03
5.865235294674053280e-03
5.907465361630460585e-03
5.758578903271549879e-03
5.948859607345227847e-03
5.920129638236893560e-03
5.877806245669090282e-03
5.942501243290832999e-03
5.834479897176013223e-03
5.849376853644332186e-03
5.930285356222090437e-03
5.939202595212125443e-03
6.037837070969304110e-03
5.799775869600918253e-03
5.997380997226350180e-03
5.877552214966576087e-03
5.803084729213656492e-03
5.870018151742277882e-03
5.927140598979094635e-03
5.952850005463219268e-03
5.889767279869470226e-03
5.828062558827866099e-03
6.082028812568405531e-03
5.822831674427576820e-03
5.968696568598897897e-03
5.862471283079578183e-03
6.045560165732857295e-03
5.986656813739622482e-03
6.072702560195115257e-03
5.950187328298234962e-03
5.982697869484557632e-03
5.870913178095096135e-03
5.943138086228210056e-03
5.879237862217258359e-03
5.937796678754218155e-03
5.828337715309462111e-03
5.739202214060137343e-03
5.995242117875393059e-03
5.941652365056377012e-03
6.041070040117405004e-03
5.768969232691819465e-03
5.884156652084906666e-03
6.076453010562200309e-03
5.855848805487579717e-03
5.899691761981906701e-03
5.925858646315349323e-03
5.885056592255487329e-03
6.004768139776678684e-03
5.959736684054311659e-03
5.836223775736285729e-03
5.911206245577825882e-03
5.862152478566553387e-03
5.980053532917907651e-03
6.070512687226655053e-03
5.898730734884368235e-03
5.836879566796038601e-03
5.885387355844718879e-03
6.046730918950901645e-03
5.879976433937668216e-03
6.118221276993175868e-03
5.954203804092768858e-03
5.930412659429642325e-03
5.891333680521059109e-03
6.043702650808359216e-03
5.925808988382380571e-03
5.722543713041045553e-03
6.036740716613660414e-03
5.945032098407603514e-03
6.087961031442565805e-03
5.995673298527468345e-03
5.919247156238529803e-03
5.824921387324641375e-03
5.913442120417942635e-03
5.857804915425737259e-03
6.007082994833866721e-03
5.911030025059334225e-03
6.032866171171141073e-03
5.975048839922886615e-03
5.867127993958801309e-03
5.935468977137615780e-03
5.971606854561344394e-03
5.911898622145082480e-03
5.895336715922740514e-03
5.852631946884958095e-03
6.027109631015903704e-03
5.887487507497409824e-03
5.945311778691679712e-03
5.915792537034867543e-03
6.008852874007051051e-03
5.867935980285293382e-03
5.828727063973928278e-03
5.900270435952529278e-03
5.908148145390877508e-03
5.910789321219787375e-03
5.867666166241047518e-03
5.984364029643680569e-03
5.806532310628970996e-03
5.933300123891326744e-03
5.862333297657338835e-03
5.989649956432049546e-03
5.845736449525432317e-03
5.939822591685175665e-03
5.848371307735836591e-03
5.952654768416638410e-03
5.925483482547561423e-03
5.871627865468792909e-03
5.924823806675218879e-03
5.915198458133354154e-03
6.026651039615048278e-03
6.046782041720570253e-03
5.972845005630617564e-03
5.933726040954013896e-03
6.029333673376362918e-03
5.940508566700548193e-03
5.998769490624081442e-03
5.879105233275927142e-03
5.943763002317066155e-03
5.908198308006045937e-03
5.982120974883031565e-03
6.048638460898743061e-03
5.770748583265898277e-03
5.947309258576203433e-03
6.027093941722029211e-03
5.930154209258233118e-03
5.861758797426889177e-03
5.877387407416168920e-03
6.000070450862732274e-03
6.093692627807567597e-03
5.926746787447667933e-03
5.823609212984356270e-03
5.835794773321615128e-03
5.976244735661054991e-03
5.896249618467836080e-03
5.892626215373664850e-03
5.960657577861853268e-03
5.805859845277738449e-03
5.833817774047859485e-03
5.886502131629476470e-03
