3.963624526238307411e-02
3.265732742815732892e-02
2.776917013081295696e-02
2.156987616866626670e-02
1.557931242893646935e-02
1.081049829340964205e-02
6.375860781226531937e-03
4.130584898191128757e-03
3.808112005823779608e-03
4.544006913085261654e-03
5.973280741954210826e-03
5.823483751786867960e-03
3.749635821820602316e-03
4.043844591414599149e-03
4.226393001529889226e-03
3.463090759973913926e-03
4.901557264873795602e-03
4.487299053950436281e-03
2.657405011225967909e-03
2.569035910247300172e-03
2.228029771965133170e-03
2.318383263933480355e-03
2.455884143669062949e-03
2.132773061235320334e-03
1.904006153145935357e-03
1.884186457845353577e-03
1.619020676178119884e-03
1.340103696190318976e-03
1.383114697216148272e-03
1.131616975472629757e-03
1.227169244687968197e-03
1.170536410266626026e-03
1.115852896504424593e-03
1.019586033929360683e-03
1.160361791049534632e-03
1.287131664228690232e-03
1.346673587728818141e-03
1.527579935851773943e-03
1.386272232556002041e-03
1.630891946881966696e-03
1.588460770331550807e-03
1.667654022816204623e-03
1.690972151787316661e-03
1.483914792435480755e-03
1.478775810646890641e-03
1.588626596507682325e-03
1.523433806916165431e-03
1.688472834277624955e-03
1.552317824083515293e-03
1.620085078966394029e-03
1.964868380837361903e-03
2.124945768678956036e-03
2.264827139174942910e-03
2.438795448146187372e-03
2.520527168608474242e-03
2.552773822425738991e-03
2.422926925114033715e-03
2.558775232766308076e-03
2.442839537247156519e-03
2.279133629508428051e-03
1.985786336248024017e-03
1.779211827423173757e-03
1.749071153320134195e-03
1.285208754658167694e-03
1.349390875650199493e-03
1.315506537458254474e-03
1.883226685030282279e-03
1.846264173448735214e-03
1.724338358538847872e-03
2.024465884351515661e-03
2.094649871495550281e-03
2.107748736248399486e-03
1.886397334795363685e-03
1.716232646549195736e-03
1.783124996869980741e-03
1.637227444115117074e-03
1.575860089363797286e-03
1.533523022231613646e-03
1.402140397718012457e-03
1.476318074005813965e-03
1.251230884444794189e-03
1.491503136097469592e-03
1.417526104574644633e-03
1.310255977868563654e-03
1.352170777538679253e-03
1.239158058071733156e-03
1.581166333806285733e-03
1.305905170113774846e-03
1.374790279610531643e-03
1.469229486496978834e-03
1.259397677110973834e-03
1.265092521252154500e-03
1.147071866614364196e-03
1.246442312070391396e-03
1.046267604896598986e-03
1.368277670546768276e-03
1.486240792378523906e-03
1.156374682893096398e-03
1.334816503461610246e-03
1.236531316666807058e-03
1.255611521625552007e-03
1.261513656019692259e-03
1.301619059210468729e-03
1.294840230084371054e-03
1.215876564143791860e-03
1.341444479861933188e-03
1.240503356271296324e-03
1.284059569335976522e-03
1.236574974638185963e-03
1.326899356920339945e-03
1.198354825762660072e-03
1.348278925653022178e-03
1.221103831406932091e-03
1.240789666876429683e-03
1.130117540670890148e-03
1.158473376237457129e-03
1.128425146539559307e-03
1.076738235494713184e-03
1.221589151381829519e-03
1.427178302426082091e-03
1.288756833019578290e-03
1.701287661767581384e-03
1.168219523280086651e-03
1.594768328504315210e-03
1.286950342733112537e-03
1.191251515466466978e-03
1.094650667880597145e-03
1.142523489152947420e-03
1.201902685720874098e-03
1.251075869433324094e-03
1.088871353967784273e-03
1.198721470774819333e-03
1.116104916835918958e-03
1.589298785873613420e-03
1.275312698954209198e-03
1.294957445640504759e-03
1.317560200867787636e-03
1.219854796728924405e-03
1.458839882621887655e-03
1.338867164314623852e-03
1.250229110005251923e-03
1.320620914261316607e-03
1.547129800929626826e-03
1.356640230723271971e-03
1.270444822138757377e-03
1.245893185214729708e-03
1.267734076705455968e-03
1.368197964522589651e-03
1.235694443008951860e-03
1.568797137621084047e-03
1.372306282789958771e-03
1.298511702230266797e-03
1.513089002067386640e-03
1.349640848546514778e-03
1.392643248962833688e-03
1.491510702838297255e-03
1.387787534632992309e-03
1.200668232134099490e-03
1.417472399498224131e-03
1.340362657378179776e-03
1.425984128032225162e-03
1.309923681815535835e-03
1.457801437725672004e-03
1.411802026330396176e-03
1.576049298192356814e-03
1.352742828083053177e-03
1.263530491912075648e-03
1.383970875147141379e-03
1.242496666350094946e-03
1.298716502587594478e-03
1.526485861307477114e-03
1.506141080377056476e-03
1.322705615529837578e-03
1.323771006253160595e-03
1.811898596608436419e-03
1.297116898264174482e-03
1.244600387979590298e-03
1.531044784622863711e-03
1.248719706179717698e-03
1.279004717827244512e-03
1.378659171396226816e-03
1.497700279678701885e-03
1.355043747419703605e-03
1.630838576821374425e-03
1.733409287840488415e-03
1.518890701155609438e-03
1.516881267081204897e-03
1.584133490998889272e-03
1.463881888403087634e-03
1.522607853202394192e-03
1.681299858677558125e-03
1.183069778847055126e-03
1.392044743020316982e-03
1.474815891620868914e-03
1.871972819099648310e-03
1.441657803103480037e-03
1.529715419299239494e-03
1.371142480859546299e-03
1.650526858389906931e-03
1.791476018002350224e-03
1.315179014169939181e-03
1.593318599174045700e-03
1.539942698896158268e-03
1.352481234461732794e-03
1.677350803899639109e-03
1.253959981919260331e-03
1.391552246345593123e-03
1.431517585059774054e-03
1.593213359493625631e-03
1.327904987554385467e-03
1.371908163036267237e-03
1.527673462992176941e-03
1.439563746696791678e-03
1.615496993589179368e-03
1.460848202133390155e-03
1.192427978866683483e-03
1.330041101844451831e-03
1.238656776203355585e-03
1.409353963547072767e-03
1.275159854418456661e-03
1.207278749795992001e-03
1.351687956068891878e-03
1.230603856176213946e-03
1.364902750090397649e-03
1.282409710310695441e-03
1.396031371003887385e-03
1.328173848843048569e-03
1.271955360952594163e-03
1.388399015432882199e-03
1.424629952162248959e-03
1.402625638301324999e-03
1.412860266067818326e-03
1.421621114606259461e-03
1.186618436089865785e-03
1.266453113252916877e-03
1.075504207908304418e-03
1.293337190276507963e-03
1.327452595449633843e-03
1.403948485976789541e-03
1.503247364415225733e-03
1.699904186156899052e-03
1.512648363528857742e-03
1.360594492103614928e-03
1.292322611292545708e-03
1.435310991795943738e-03
1.281791953126862815e-03
1.507264331903555984e-03
1.229695013659889459e-03
1.244971913431026445e-03
1.322959808501714650e-03
1.444141883902980671e-03
1.506672276017616448e-03
1.415940273334113887e-03
1.286315300054547512e-03
1.440675002879596069e-03
1.503244644675806162e-03
1.256277818936571639e-03
1.433468456911234134e-03
1.429453115812113822e-03
1.155200478199156378e-03
1.260658366515022329e-03
1.183497538979106940e-03
1.285898538332397919e-03
1.317861950133217145e-03
1.408305347171758025e-03
1.267299524186474551e-03
1.274606281440130058e-03
1.181480310454981978e-03
1.469137016367997803e-03
1.191258464580381270e-03
1.187569679421808608e-03
1.182660286916787946e-03
1.175125395143445262e-03
1.477334777540168821e-03
1.187461873771357684e-03
1.372078488754944602e-03
1.088980362816204623e-03
1.216648592466728750e-03
1.307090507227569309e-03
1.442834630626483369e-03
1.218947596202366078e-03
1.102837720042012951e-03
1.278426562642206304e-03
1.371429093047700368e-03
1.394468035450472472e-03
1.365520234602971440e-03
1.348007871227358944e-03
1.195474131186388548e-03
1.205665145226611414e-03
1.122072315129929313e-03
1.122813590837926393e-03
1.172678964215588147e-03
1.186462876930166176e-03
1.244465668798439527e-03
1.181924340879085805e-03
1.404843684091818153e-03
1.284674047974543364e-03
1.144700184405794035e-03
9.486639292886256316e-04
1.305508126417369340e-03
1.492384734716726289e-03
1.169737961651903845e-03
1.212176038455593883e-03
1.104901009236280507e-03
1.045534628269632806e-03
1.314728047330622094e-03
1.300636909186151692e-03
1.151010950143746504e-03
1.073992961953681383e-03
1.336095445267368367e-03
1.132959229009592545e-03
1.424309412724456296e-03
1.160259966129895993e-03
1.251469869194596785e-03
1.241710134833201931e-03
1.258013655350624996e-03
1.050172042661310723e-03
1.184230259771923898e-03
1.054591396062577605e-03
1.155878230717159727e-03
1.053323894463216275e-03
1.308091421403711346e-03
1.393008324638485632e-03
1.157691492550465230e-03
1.157955396246311162e-03
1.088288732700661400e-03
1.215769785627490805e-03
1.082131958608897838e-03
1.206582447758697187e-03
1.094688533872860978e-03
1.149064989800398749e-03
1.289257306747882553e-03
1.297303831209807882e-03
1.143804412444508669e-03
1.350819110663117190e-03
1.293087944582675588e-03
1.229530529138995586e-03
1.080241055819098706e-03
1.461102831900534067e-03
1.062805463849184973e-03
1.188666633301798271e-03
1.185935891653394289e-03
1.056692538175000359e-03
1.246895318159695889e-03
1.000334435684901210e-03
1.197603842338285703e-03
1.304685560348601593e-03
1.111883807901638743e-03
1.216246280321574801e-03
9.693559714190417556e-04
1.172559948130994607e-03
1.380529436026618371e-03
1.274343222954036573e-03
1.342879693011498395e-03
1.141585565240515283e-03
1.053247141346420456e-03
1.341452364374163360e-03
9.796424574377616840e-04
1.046354579288161701e-03
1.177704400802754387e-03
1.053156833493464105e-03
1.309388615912653216e-03
1.346942250172803108e-03
1.081448159716208402e-03
1.237534283808134749e-03
1.057960273649267893e-03
1.186281490717750690e-03
1.237848673913985323e-03
1.175171067552057292e-03
1.117915888894282540e-03
1.002325704379436380e-03
1.117979001615895416e-03
9.663455974912545706e-04
1.089064095610428043e-03
1.155662498161741684e-03
1.124362222956174634e-03
1.355106654132183551e-03
1.038016252860560727e-03
1.236809652498115173e-03
1.206161785630923029e-03
1.098308924512621503e-03
1.489577442615438183e-03
1.078496477981934166e-03
1.051295572643231062e-03
1.021099701706615695e-03
1.035723035264827629e-03
9.623473978997395314e-04
1.044095133812963190e-03
1.115039939331725211e-03
1.065902996174217200e-03
9.755928457812377500e-04
1.175159593970685843e-03
1.103461188003763190e-03
1.011539542380171259e-03
1.096254551014022235e-03
1.051511269848252666e-03
1.287002241666651082e-03
1.245618979669373171e-03
1.356613527137147087e-03
1.423132606897148985e-03
1.075519779804079640e-03
1.295153495118395778e-03
1.249962675455185352e-03
1.127714873624768160e-03
1.244616597471874964e-03
1.047674583824347114e-03
1.240142033510355148e-03
1.255095763940996525e-03
1.252549306360444545e-03
1.192731339722615533e-03
9.882898408507881371e-04
1.149214402454576574e-03
1.116504611867753013e-03
1.178104254109439350e-03
9.484632229251641978e-04
1.063644180315333502e-03
1.227030808639708193e-03
1.444086705948199011e-03
1.373910264299003578e-03
1.188799136817473732e-03
1.011624701614881675e-03
1.363914025242921393e-03
1.216824153186070630e-03
1.067214185016262650e-03
1.177678210084119300e-03
1.242835777067511542e-03
9.935130946050467916e-04
1.247844460209181433e-03
1.076383833578841136e-03
8.927453265775957139e-04
9.968940289469617032e-04
1.294568017482155761e-03
1.301760541799262252e-03
1.193044058002148966e-03
1.202824126449232285e-03
1.163448300966318360e-03
9.754878559167923366e-04
1.019701643200991844e-03
1.173409840799128495e-03
9.433730783260051416e-04
1.120511267530675380e-03
9.840592941932758790e-04
9.556655711606323184e-04
1.200726079102125725e-03
1.147266270665039511e-03
1.048764238840673140e-03
1.146750528835366973e-03
1.059559092462576940e-03
1.115612305067512251e-03
9.832067775977922867e-04
1.047987718889799476e-03
1.375736226837619017e-03
1.050372089658053489e-03
1.055983268633731934e-03
1.096092220391568176e-03
9.386540080173829022e-04
1.026553096323692873e-03
9.750449723039058972e-04
1.143307216662374547e-03
1.074898224960406552e-03
1.005196765792975991e-03
1.003663155993671664e-03
9.889610518134122914e-04
1.071419629455957947e-03
9.757478834615044812e-04
1.015192697147117209e-03
1.385204461815594786e-03
1.158902199539883380e-03
1.000272006133713296e-03
1.026335069621021369e-03
1.105237351152782432e-03
1.095852160704586381e-03
1.117459548065858873e-03
1.323891739993343294e-03
8.993501538608747112e-04
1.128657746275545408e-03
1.176368962056356573e-03
9.559253277467763803e-04
1.145910993674166805e-03
1.119826552989928786e-03
1.166664432261185812e-03
1.005971960067361367e-03
9.497452840626008017e-04
1.171216580417452479e-03
1.039621875471637147e-03
1.257345901648882500e-03
9.077638655752534157e-04
1.372152321637560733e-03
1.027515884533407569e-03
9.343492277677036863e-04
1.099259488762018054e-03
9.631964404321697237e-04
1.258805091538401201e-03
1.059185821737578838e-03
1.050526923109453871e-03
9.201969541874337882e-04
1.095856217967858259e-03
1.059993153099814470e-03
1.141857164136981378e-03
1.155005250277902750e-03
9.814343861433167532e-04
1.103754524239661207e-03
9.577238511495748171e-04
1.358117356235568219e-03
1.076749687261961642e-03
1.231868499250053954e-03
8.674996911366430162e-04
1.114439150105346827e-03
9.178138508663995438e-04
1.023054304022670774e-03
1.003393802256554801e-03
1.191761711689611055e-03
1.344032158089880809e-03
1.174925666810286299e-03
1.096077282216291558e-03
1.085212293421298872e-03
1.209616060017846542e-03
1.213118390443713827e-03
1.053365952827008817e-03
1.047283131146886301e-03
1.115788455654092518e-03
1.072025922531325091e-03
1.022296935746838751e-03
1.075119698499081089e-03
1.209683137403691532e-03
1.079937191529666256e-03
1.274312358728172702e-03
1.096706387403571488e-03
9.878462783957096035e-04
1.236509023883896816e-03
1.101415536934078482e-03
9.921254098210086775e-04
1.058838907521354386e-03
9.387790473889823240e-04
1.087335554368969604e-03
1.004021129468711917e-03
1.107749226099074896e-03
1.049985446950245285e-03
9.691029302695166985e-04
1.101153876942040366e-03
9.827986672970795770e-04
1.159530905840063528e-03
9.562004005400958143e-04
1.079246418818285676e-03
1.020477294885273854e-03
1.012265514475094294e-03
9.755644647343718074e-04
1.090601889966044940e-03
1.047202666711161221e-03
1.058298652808881656e-03
1.037418311743903065e-03
1.096366757259007113e-03
1.243192817218977987e-03
1.045926895619641792e-03
8.519736764546770053e-04
1.193978982063814004e-03
1.163319755283841444e-03
1.002714060001278287e-03
1.062313208083282869e-03
9.793529681539200546e-04
1.097828259877449766e-03
1.257942616225576384e-03
9.402785999278230351e-04
1.101255734728536894e-03
9.064823788833130825e-04
1.135799661255767860e-03
9.415272091940370385e-04
1.072870441841852242e-03
1.011936917820258118e-03
9.538174248045970223e-04
1.086877560849082219e-03
1.091389775383048901e-03
1.137047010410183537e-03
1.043724401940176235e-03
1.077558813042393121e-03
9.810583456309495722e-04
1.066846040501153630e-03
9.982548795368919540e-04
1.214273915239128497e-03
1.352768068569825018e-03
9.000703689984950557e-04
9.485175062037687474e-04
1.000600324974577123e-03
9.799448280031440844e-04
9.796626674998172059e-04
1.026982113098194507e-03
1.118729479815982033e-03
9.647585385579588845e-04
1.045108294054443877e-03
1.055077471796144221e-03
9.334062595563393265e-04
1.043508918214314761e-03
8.717067859171007994e-04
1.004960566478781906e-03
1.159640639799665264e-03
1.143411224130504947e-03
1.059356728588699368e-03
9.219469347511206761e-04
1.177685548890770439e-03
1.090064331645636047e-03
1.030813932390108696e-03
1.108543985841833543e-03
1.265974222746145969e-03
9.984413172432118205e-04
1.210916673779366317e-03
9.284695680040784679e-04
1.283931066667306532e-03
9.935885452910175279e-04
1.016842060789254713e-03
1.117307283276169124e-03
1.205502602178322837e-03
1.257366076621640235e-03
1.053277048468540845e-03
1.243091328253987781e-03
1.138910615636141380e-03
9.417439907583565264e-04
9.076515883759298875e-04
1.065911597148852617e-03
9.928772337292510967e-04
1.355836658500014953e-03
1.000268368411072386e-03
1.017777206672415384e-03
1.170146092194164792e-03
1.366767804832407602e-03
1.116284618613972487e-03
1.212812061116297097e-03
1.313588453733116699e-03
1.249306496352142921e-03
1.072964040479968805e-03
1.191110978404197719e-03
9.832015558248049722e-04
1.160391537532914213e-03
9.255111320742458094e-04
1.156619938367815532e-03
1.114811205471151435e-03
1.096333917642269579e-03
9.952730013377630944e-04
1.093727778946071991e-03
1.326304586923894406e-03
1.353041073535425935e-03
1.168990001822444499e-03
1.081310755965740351e-03
1.155668832911568378e-03
1.100289260578615281e-03
1.004099034230605163e-03
9.152978541954153845e-04
1.106578100034017300e-03
1.128798211751356985e-03
9.455103519388556544e-04
1.047166918045037542e-03
1.176742804509472648e-03
1.055590600389073657e-03
1.293029133466526469e-03
1.038500371059671197e-03
1.240952304303859915e-03
1.077600244015871050e-03
1.064325396825147908e-03
1.032988966466224850e-03
9.559988412614047262e-04
1.066557351129199813e-03
1.090702469117281730e-03
1.204778316658455632e-03
9.589018883869943532e-04
1.054675027344553631e-03
1.158137365065678263e-03
1.151054636143733489e-03
1.032878405773519914e-03
9.170001025643654841e-04
1.136127303616022094e-03
9.768899126140215619e-04
1.019153224835233837e-03
1.182179667071716006e-03
1.122221192250155968e-03
8.722739525579790163e-04
1.044079561689930302e-03
1.279710466214407016e-03
9.034140049056571054e-04
8.795805648907756812e-04
9.700471758988670097e-04
9.715559812090971857e-04
9.393357683311794049e-04
1.045862159355160628e-03
1.027393104390027581e-03
1.357285740566750026e-03
1.164192229039268112e-03
1.121518784944441861e-03
1.002910564167468687e-03
1.141798553397621206e-03
1.202838685884888075e-03
9.693676031059772187e-04
1.065271916944954874e-03
1.156743232973505729e-03
1.063926629613927378e-03
8.873806585305479139e-04
1.222422011276665717e-03
9.417187165429601915e-04
8.319552967625098560e-04
1.295626875152677999e-03
9.769563591915891940e-04
9.947967477600655039e-04
1.025738931941793265e-03
9.246789659553549413e-04
1.025166982353582258e-03
1.187510088615568137e-03
1.097479657185741102e-03
1.044759744563058916e-03
1.150432502347650734e-03
1.149738867584195866e-03
9.647142099990299721e-04
9.117977420977348233e-04
1.040071739654443213e-03
1.056726751964358422e-03
1.003263594237759591e-03
1.051644549677072755e-03
9.544850976298908593e-04
1.032941955217646628e-03
1.123236358335347185e-03
1.106588294179541767e-03
1.063637632083805525e-03
1.045398851559157724e-03
1.036525502113677622e-03
1.032676871906528697e-03
1.133753173182849502e-03
1.049354033948832199e-03
1.206931520168880254e-03
1.085466480761649883e-03
9.935307580917519810e-04
1.221538918178338142e-03
1.135770266647227874e-03
1.232195559533143941e-03
1.113660068581468886e-03
1.046562987938363075e-03
1.395074024620278526e-03
1.077875640796638248e-03
1.000070815181620812e-03
1.301563111219480829e-03
1.087977732853011520e-03
1.196298400035721715e-03
1.221701326429716541e-03
1.002797844362523193e-03
1.022458599947893192e-03
1.073577303733421265e-03
1.069960036881823558e-03
1.124282294680928633e-03
1.122623405858899116e-03
9.669907299682642572e-04
9.803970193565747591e-04
1.107405822360423139e-03
8.365567349542245594e-04
9.773212464797213610e-04
1.081343735732413162e-03
9.802637324364243260e-04
1.032274066935262580e-03
1.037072951242399947e-03
9.921611122710597211e-04
1.015839345979537055e-03
1.111626051132474664e-03
1.065521500053482175e-03
1.194801573541047447e-03
1.050423500079283954e-03
1.104804181583843910e-03
1.180699247848840741e-03
1.090261323750897106e-03
1.046725170409890712e-03
1.163624513617611154e-03
1.122594414116928879e-03
9.983535661756196260e-04
1.212854074399030962e-03
9.212074384635700894e-04
1.176885879659555828e-03
1.126487685554842296e-03
9.889857961661355744e-04
1.014261246835763443e-03
1.231918849689425405e-03
1.126335768364803867e-03
1.068993042554663639e-03
1.214491814030465482e-03
9.562284886389958499e-04
9.662318836905065250e-04
1.308177985327833859e-03
8.960332426051357060e-04
1.034171475013794753e-03
1.243262170052378832e-03
9.955977776165926205e-04
1.017166214128793810e-03
9.505953635251676928e-04
1.003654601437789420e-03
1.139376297400387190e-03
1.058634893829421639e-03
1.095763862346107965e-03
1.368726452893880615e-03
1.144830906841812690e-03
1.279710737449092769e-03
1.021864163392578479e-03
1.331851184524475559e-03
9.517833840582761665e-04
9.097806983114092470e-04
1.348618080636001344e-03
1.130656730832099981e-03
1.414505940399366163e-03
1.066444938465065584e-03
