2.464593545113587681e-03
2.017841092701277029e-03
1.827250980803663645e-03
3.209024548764148697e-03
3.667163660113732966e-03
4.449518986638669599e-03
4.304324753357483165e-03
5.906905284138669679e-03
8.675364201550510301e-03
9.405839272039450902e-03
7.851805325462542229e-03
4.552478078136666835e-03
1.790235213812235975e-03
9.012613805403542084e-04
2.742175346923453414e-03
1.823612014562103539e-03
3.557132579545915774e-03
1.497683742507966440e-03
2.490630272241223242e-03
2.188552782229030540e-03
2.409110075422016186e-03
9.401635428862792701e-04
1.505921253447287805e-03
1.860382802165635617e-03
1.345074327798157030e-03
1.495198278243808736e-03
2.100475722532513505e-03
3.230980002970193694e-04
1.677951625670312009e-03
6.757260139149127076e-04
2.153613112725982868e-04
6.673935346940337713e-05
2.211292081484484643e-03
2.218805477261375945e-04
2.036925509781566546e-03
4.543180066360735770e-04
1.574907225148238117e-03
1.683699960077296345e-04
1.187952338806730866e-03
4.821931963559681158e-04
6.373101035294307781e-04
7.370270378341094511e-04
7.201490921559764596e-05
1.407125635620604662e-04
1.015223042928998051e-04
3.077976306431179400e-06
1.507352948609720774e-04
1.415857157522942244e-06
1.566580494784476554e-04
1.844903154954494784e-05
2.672256369252988019e-04
4.629231408072516948e-05
4.876549161666917227e-05
1.186431282719583311e-04
1.232564728650974273e-05
7.701435010452670053e-05
3.392687000660929642e-05
1.853543161851365186e-04
4.841730753382610347e-05
3.878036546278147787e-04
1.380096344886177053e-04
9.522646205378664007e-04
1.238780177034347557e-04
1.426755747865721645e-04
2.774626646419017578e-04
5.258125087641463309e-04
5.104528896486399650e-05
2.058723458425200850e-05
1.262354872134561004e-03
2.209546717889079078e-04
4.962853343174378380e-05
4.150986314181755329e-05
1.148739292789038217e-06
3.250071450805927713e-06
4.218756300714435144e-05
6.915856143749650594e-04
6.583776419775645618e-04
5.247384131093210191e-04
9.855676742450943453e-04
2.263508222006442106e-04
7.381563865066784538e-04
1.645021971112253746e-03
1.094209190281008898e-03
1.783383287055358363e-03
9.395636991988790552e-04
1.668953728069105260e-04
3.798239558421913115e-04
8.449403182932209606e-04
1.597659062573891325e-05
1.021557155625444529e-04
6.845842262992758850e-04
1.135194283585601793e-03
1.015270488427979026e-03
5.093751139649706607e-04
4.032538644057170451e-04
3.737412682720876213e-04
4.888810507157845828e-04
8.878998255825923521e-04
2.200346675072721678e-04
4.161768039515534331e-07
1.417032002310344117e-04
1.495557269801729839e-05
1.013958181161449799e-04
1.092179555805176087e-04
2.465631544072838379e-05
1.143391156610521918e-04
8.524600335590257165e-06
1.251516517478324896e-05
3.314905415164302611e-05
1.920228439847295301e-06
9.645611259820448712e-07
2.755169719198716403e-05
2.243075222277907035e-07
1.971844014372627595e-04
1.865767397757365607e-06
2.363387667145226538e-05
4.632753724290432548e-06
5.150194764227203359e-06
3.277378897189711692e-04
1.777445353709090068e-04
1.611733629027134376e-04
1.580783127321400974e-04
4.542616190758655696e-04
4.078589976089009042e-06
9.843217696132949650e-05
6.685145731864403041e-04
4.678416535652082551e-05
3.061572691866611373e-05
1.852364136424773666e-04
2.967662540403030322e-08
8.283705234150877872e-05
6.089108027236791223e-05
8.550944299395778453e-05
2.603908212977507680e-05
2.469931996976241985e-04
4.335467885052731590e-04
4.015972300133968491e-05
3.621222197560022545e-05
1.453463243016917772e-05
2.006557962662354521e-06
5.952650454428258417e-07
2.127647353750920355e-04
4.181774389534373778e-05
7.305704919200352880e-06
2.867466752158735868e-09
3.621772394365762367e-04
4.104233829491951890e-06
1.898863268809724896e-03
5.087230725762313622e-05
1.501334096668880151e-03
6.459416347633127956e-04
2.233498344529345585e-04
5.527927538297492489e-04
6.097884361865594160e-04
2.545048546108828356e-04
3.780644510645468832e-04
1.786557378898314015e-03
4.515640385819925831e-04
3.989465391692264217e-04
3.005708672814533093e-04
9.754160295392366167e-04
6.075735548918994970e-04
8.256556807912209320e-04
3.793831074078607727e-04
1.751058822921792340e-03
4.150725809573325878e-04
1.186197342719080925e-03
4.901807042737858821e-04
1.252483973680362231e-03
5.667232648807365818e-04
9.357240457280416616e-04
8.100743074594066043e-04
7.677910189913488394e-04
6.193110472161507960e-04
9.816158940792302744e-04
2.219200356291681979e-04
4.647915820179011480e-04
1.359631169147299174e-04
1.093781419045027027e-03
4.656591523565488806e-05
9.970146520446863166e-04
4.532524278759030739e-04
5.112564361663334911e-04
3.246739253081642779e-04
1.331140837252830838e-03
3.037090207722286522e-04
8.979760996240361082e-04
7.094864114533604811e-04
1.910652265397132536e-03
1.657029895398374770e-03
2.432246236068308018e-03
2.477649746179742731e-03
6.819192349611277173e-04
1.597523350410937678e-03
1.000350311976054259e-03
7.893571083743873432e-04
1.758679968981964950e-03
9.183164237871245007e-04
6.198553234667995631e-04
5.238563828441046783e-04
5.622241205837948510e-04
1.065285266972048868e-03
1.648826549108286556e-03
1.331129541421960339e-03
1.701002286868410606e-03
1.284968528233806353e-03
1.736609634802903888e-03
1.740587623327730831e-03
1.834828527455350600e-03
9.482908512665647960e-04
1.252505010209843716e-03
1.200546993433304187e-03
1.953633584840216812e-03
6.752971583003202763e-04
3.167113683294312562e-04
2.369329703913424824e-03
2.452988603789528488e-03
7.409190176721885132e-04
8.728532005420856906e-04
1.523064568535158160e-03
1.075668572151214971e-03
7.473046524046649723e-04
1.335649626580393641e-03
5.672701329146421102e-04
1.347994789538186061e-03
1.047922091528352348e-03
1.072851187928277206e-03
1.235322973788100572e-03
7.220703334850565218e-04
1.774694347997032504e-03
1.342852080965835880e-03
1.056803119128329853e-03
1.055317447018255589e-03
3.018081775556921893e-04
1.939469593737539691e-03
1.414832443162018782e-03
1.133538804778502426e-03
2.856858897558235948e-03
1.484104378260138468e-03
6.282740645722142839e-04
1.519579462356826505e-03
1.562986781703531048e-03
1.950561698952668491e-03
1.223203743595359730e-03
8.275844077953856993e-04
1.591585846188963912e-03
5.389961437092409329e-04
1.991797138122387671e-03
1.025604515324558689e-03
9.557361139047309152e-04
1.089402873181558908e-03
1.419493546216977651e-03
1.853453504031709513e-03
4.160248454183131279e-04
8.258491844097159322e-04
1.152689837650039103e-03
4.688765123657026687e-04
2.574523212101841735e-03
5.996835922203193857e-04
2.596278375747522980e-03
1.855830771882592718e-03
8.829076759863189452e-04
8.134686436990500339e-04
3.580703396650983402e-04
1.677083998354949711e-03
1.615198565886070189e-03
7.389672072219460788e-04
1.180198228024681526e-03
4.730176579324280495e-04
1.794901505706401890e-04
1.004496860774286172e-03
1.231329290223195927e-03
5.521004012222516331e-04
1.809734443645408079e-03
1.729856613836126778e-03
1.431138470744341496e-03
1.729534648136302677e-03
1.515061136627774471e-03
1.127730599212113270e-03
1.442276292566040770e-03
9.043604504152011163e-04
3.420247223737327884e-04
1.039167835700013660e-03
4.067488420397529902e-04
1.787242226321581568e-03
5.443517739559854476e-04
1.401028634250183315e-03
3.245179575411498017e-04
1.399173305831392846e-03
7.674634753568187074e-04
1.303762195282262559e-03
7.408369229346144008e-04
3.768474023022999587e-04
1.018699982726451077e-03
1.836662461937967018e-03
1.394107571571461500e-03
1.219057932136707401e-03
9.887083671606612841e-04
5.549875878910815775e-04
1.137549019660662923e-03
1.040860829685900067e-03
3.412309478402288684e-04
1.210888491101048308e-03
1.170678473090941722e-03
5.632349936619369338e-04
5.567983120300095280e-04
9.929816941303645002e-04
5.554372807687011368e-04
4.824992306571844903e-04
3.505623872400367037e-04
1.041380956220240095e-03
9.540543169238235258e-04
2.107819569715959230e-03
1.808123256506134714e-03
8.376715455156206417e-04
9.728575400930004197e-04
6.474829995767347572e-04
5.522326660444892496e-04
1.234774507519277803e-03
1.770335031401598820e-03
6.571263218309948608e-04
3.913889543690687997e-04
7.214330637552041894e-04
8.864369673713024152e-04
1.014027969930622174e-03
4.385682445456489417e-04
6.879091947093315604e-04
9.007551709422666805e-04
4.283076839337918748e-04
6.439294686046666879e-04
6.400488680613923478e-04
4.445789099472293262e-04
6.348003976940237974e-04
2.358457728657142329e-04
5.808210499114046816e-04
2.477091721687611097e-04
9.985659318271237952e-04
8.323278603285821399e-04
4.546582969793360710e-04
1.913504581020413105e-03
1.162246624329556829e-03
8.955685097420388501e-04
1.369696542997933184e-03
1.746216154184746438e-03
1.244967293741944053e-04
9.561551538161595530e-04
9.958781854484467008e-04
7.396058000607396137e-04
9.046477969662369964e-04
2.687855754415328122e-04
4.106501941174830268e-04
4.903944973386298138e-04
1.087168875417445033e-03
2.061581693607848504e-03
8.880264663509095341e-05
6.188785491922912593e-04
4.805416440270923089e-04
1.441595185221314574e-03
8.252019041926063293e-04
6.100448263745461737e-04
2.735484320752403094e-04
7.726604070039714244e-04
6.618948319859460682e-04
1.226774565626530126e-03
4.037306791051227073e-04
1.182293483527245863e-03
9.991539562014051853e-04
7.499415230147403032e-04
4.946304372412571159e-04
1.516587591555509018e-03
1.476779403830730036e-03
9.393209567108114829e-04
3.021053956594575577e-04
8.405844728660570890e-04
9.888945008136489426e-04
1.574539042609656488e-03
1.554131115588768420e-03
3.208687003187820556e-04
3.332018051789261749e-04
1.594779321777665005e-04
5.488698337631047874e-04
1.064861838637963770e-04
1.724470726800022159e-03
1.668248376150046654e-03
6.309970474449638680e-04
9.022030428668057758e-04
4.035570742235866128e-04
1.252760288939519127e-03
5.134339770332856448e-04
7.664762882818082403e-05
4.928466979561741020e-04
5.663047859901513322e-04
9.218439011710725418e-04
5.417147291124942273e-04
4.123831736215927417e-04
2.875512125511864346e-04
2.829977254888582259e-04
1.079259101891407368e-03
1.086419813157019510e-03
7.858807195735061178e-04
1.299967127033774088e-03
7.695108639766367036e-04
9.729514883701531310e-04
2.939434190577657705e-04
2.338691293915026866e-04
2.367927363033440254e-03
5.881202040361420674e-04
3.389129508120972112e-04
7.039402573627596971e-04
4.613352564791523697e-04
1.143835943965762763e-04
6.164438022282924153e-04
2.157977195017885192e-04
9.036275282035751170e-04
4.126617808785828633e-04
9.072497454447942715e-04
9.432557163608137072e-04
8.669043450751456967e-04
1.849217110879396435e-04
6.116331498966163767e-04
4.689244614926830015e-04
9.914721228675375114e-04
4.185084240313390654e-04
1.583171292578628830e-03
4.361064983030712929e-04
3.722323969541856234e-04
3.303837983231462617e-04
7.895068452938036347e-04
1.204818483221366645e-03
2.477758487429098429e-03
2.199686419701698322e-04
9.209580114903432235e-04
5.872820563327787796e-04
4.063699188065368877e-04
1.094979636767560820e-03
8.801350571146720298e-04
3.039244141987721901e-04
3.274150916922749835e-04
8.049395969106955262e-04
1.663655270072638076e-03
5.071811342386410310e-04
2.338006542374873370e-04
1.109442815379573085e-03
1.013398693471589821e-03
3.687056049392208284e-04
6.085099143209063378e-04
2.736741910945643353e-04
4.731761638809034876e-04
1.167961070669664260e-03
2.542780467086921243e-04
5.510948933033306320e-04
6.595425102169597681e-04
2.885205926563579721e-04
7.660114320676790879e-04
7.494090820398650616e-04
4.033606555369820246e-04
1.284947923243945096e-03
4.722057528938884653e-04
1.984494837740974089e-03
6.055833214695952255e-04
1.326935656060281628e-03
1.207241788361436852e-03
1.253006154093754877e-04
2.791014926115828964e-04
1.567945405876941328e-04
1.576953604765774213e-04
5.279153706925781989e-04
6.431085118112006083e-04
4.200753822110833723e-04
5.440411763189198502e-04
8.438379594282241014e-04
2.305579509135721901e-04
8.690613461312459993e-05
2.838043548810900859e-04
3.630820785924107142e-04
5.231904891263493241e-04
3.071951510541040824e-04
8.053494509964428992e-04
5.484049408403952322e-04
6.306849038653567548e-04
1.623323130964441632e-03
6.073929450760677529e-04
4.451525846534484668e-05
4.717918337259057468e-04
6.014593049610472384e-06
4.576193323350900274e-05
4.674407372415394202e-04
3.996727938065606361e-04
1.651301759316404645e-05
2.274935356528820474e-04
6.525431312268981392e-05
3.579373198619657158e-05
6.813805285445215026e-04
7.255499101665872008e-04
2.363595723785058436e-04
1.372486607889931824e-04
9.113727631217448063e-05
2.753014004428196767e-04
7.771502700687958837e-04
8.394651729696290306e-04
7.551559425274997081e-04
7.084502786980908726e-04
1.485625191240994524e-04
3.866317565512282050e-04
1.476003669981899044e-04
9.874600771218489548e-04
4.270054300046818678e-04
4.296603084101405278e-04
8.236495470192586399e-04
1.847389511228581882e-03
1.831201747177717883e-03
1.307346626517430412e-03
1.773800204502536072e-03
1.261010401806707823e-03
1.827635437241371507e-04
1.826340944927897457e-04
3.590174861682276868e-04
1.749501533023979473e-05
5.040850184184789097e-04
5.196634891159381420e-04
7.290156544938311599e-05
9.816073817686191139e-04
4.710528057074735061e-05
5.451564975438076771e-04
3.758838784130587958e-04
2.303906643235925232e-04
2.790069565217029811e-04
7.976635117370073661e-04
1.156382046854958351e-03
3.868607680369505453e-04
7.135989724989787739e-04
6.606085421583451564e-04
4.303488727031476425e-04
1.858255603214581538e-05
2.428785547348423187e-04
3.021884710721247226e-04
8.318132598938984888e-05
2.438227590100780528e-04
3.323570005728318510e-04
3.882204977237302249e-04
5.389122175644360914e-04
5.938550085765089814e-04
1.853563448541639073e-04
3.331698536128107745e-04
3.884467809410775121e-04
1.837207136715573801e-04
8.213285654575909012e-05
2.389147612576317302e-04
1.099271337390018239e-03
5.119902958127020608e-04
8.122584022145875379e-04
1.185870820062947129e-03
3.258340839894586285e-05
9.685130109746044194e-04
2.804695467076066362e-04
5.874884715865335465e-04
4.462387298503849953e-04
3.066887445577600661e-04
9.257661855074573358e-04
1.953821836651070698e-04
1.323945260179122153e-03
3.533416907030607359e-04
1.019440355493888366e-05
1.831300952904979648e-03
4.209461308785790294e-04
6.667627357273696494e-04
1.180269336432827193e-03
3.609566760605184124e-06
8.281031702675919733e-04
2.644045655493832423e-04
1.166957560389195485e-03
6.456567955693146769e-05
1.185129360081468782e-04
9.090762200478992084e-05
8.180535206530748079e-04
7.191604070521481111e-04
5.363612754219231797e-04
6.890180993379335043e-04
8.162482970465134127e-05
4.321730734325448728e-04
2.913185018703827543e-04
3.094550450080276707e-04
8.237422561413598873e-04
7.939580084260827383e-04
9.808093595582430095e-04
1.732738324556777881e-04
7.241998816291157640e-05
1.025271700304389690e-03
7.881814942817790210e-04
2.674408129401165644e-04
2.714332380845270432e-04
6.011452938243761574e-04
4.467325498328677982e-04
6.584888655451541463e-04
2.032006771410709974e-05
6.298182664879925681e-04
5.975494274741984619e-04
1.496328805460689143e-03
1.100423438064631991e-03
4.630843611307346912e-04
7.745656092313251730e-04
5.903339035401724347e-07
9.401773389517601538e-04
8.277972163218065126e-04
7.183374524583367379e-04
6.259912287340658717e-04
8.775180582374133556e-04
1.652652763047333549e-03
8.014924825788945998e-04
3.220798564998370007e-04
8.879406634335155210e-04
1.526859097114573475e-04
1.385757806241294465e-08
3.472339615915415417e-04
3.350762353671726530e-04
4.421567001895465609e-04
1.754931625947537773e-04
4.501558789593815719e-05
4.634705650963910194e-04
4.078200696565506913e-04
1.148005544801939299e-06
1.868721243933266218e-04
1.016908369222768640e-03
4.325884285453695730e-04
3.763193412313381209e-04
7.084559850110398347e-04
2.158647544202835602e-04
1.564041715967821281e-04
6.703916559604634635e-04
3.300475115648002656e-04
4.094936805600482349e-04
3.849964123966279398e-04
7.561167922781569621e-04
4.980715888070773095e-04
5.162861393870245156e-04
1.114992326817880599e-04
8.823840673366171311e-04
6.103590522489705465e-04
1.324052072617195068e-03
4.510510369796730690e-04
2.200906713316539115e-04
6.278286328719357183e-04
4.408983068664764629e-04
2.134687704705139370e-04
3.125732553052304788e-04
2.727773621988826289e-04
4.448488089360711676e-06
6.507916693055133123e-04
2.405659731421707530e-04
2.760587995060396726e-05
1.737343685939948584e-04
1.109301037605111987e-03
1.835139647334983043e-04
1.296885353519486805e-04
1.557673100629794027e-04
1.135884830408688626e-03
4.655528688158542118e-04
2.549577477019605593e-04
7.924588581780929951e-05
1.686774863612997021e-04
2.785452026511636963e-04
4.746912045417239030e-04
2.121578589050228782e-04
1.269632617553854710e-04
4.866589910436152299e-04
3.974705712519904007e-04
8.438134166352360835e-04
1.735537004566501036e-04
3.339086894847786806e-04
3.082958986652573237e-04
4.951860383264082349e-04
1.564820858699587751e-03
3.346243296423026038e-04
4.131231667743600505e-04
4.587991401399604775e-04
2.034552606142451191e-04
7.904704945432270476e-04
4.321369492023375094e-04
1.341625964591757533e-03
4.706871364434636932e-04
5.491622274562515992e-04
6.621606992084496735e-04
2.200581416015596873e-04
5.512705240661520999e-04
3.826974410690094802e-04
6.343251205432163956e-04
1.891325707664235766e-04
3.507331502154451084e-04
3.333289662097652767e-04
9.623066887697777697e-05
9.962191542433453204e-04
3.375404263171531802e-04
8.289527041708774115e-05
2.244375968737053471e-04
4.683123414358010442e-04
5.620006797643918020e-04
4.028378439250453712e-04
1.230448245057195545e-03
5.544606497476681044e-04
6.045856608513628218e-04
5.695951322576976294e-04
7.275599470553276247e-04
2.807694751828605025e-04
3.334245809486700548e-04
1.228422849894427577e-04
8.327611107475633599e-04
4.328987727511023390e-04
5.258011134584807860e-04
7.882923579866046686e-04
9.153390173584732056e-04
2.122983746942076495e-03
4.991383595198546326e-04
5.003232061857396519e-05
1.511501619998527291e-04
2.445271301423646297e-04
2.788752127272976257e-04
4.581376810864953159e-04
3.278351492448985656e-04
8.486747515917580139e-04
2.003643153227613045e-04
3.245932909885567916e-05
2.283913365304855692e-04
6.339152172204029923e-04
5.924257522969395267e-04
5.584300653374067681e-04
5.375544982018375150e-04
3.613016970656808004e-04
5.476365489902484431e-04
3.455287287438973151e-04
2.508614901989507221e-04
7.053890647891081656e-04
5.569462221510554758e-04
1.112028853384786596e-04
6.921223744800601187e-04
8.908975086083123452e-04
4.661029300646105360e-04
1.096712987055255793e-04
5.875484178681582813e-04
3.578787949631362852e-04
2.308034066253306755e-04
3.173974199778860968e-04
7.111688516802558934e-05
2.501376313005067103e-04
4.712781022382711766e-04
2.412427689447915941e-04
2.241975027985905586e-04
7.689090681758238392e-04
3.129693038867599041e-04
5.661845892901820393e-04
4.093745479403788348e-04
2.371466957003908870e-04
2.103105939115753936e-04
4.985842428011097796e-04
6.649457400544159799e-04
2.031094088924194449e-04
5.394151477151407493e-05
2.847087054749971582e-04
3.999721480209739079e-04
1.129305778192823918e-03
1.522101553914034094e-03
5.152991160979406016e-04
8.721143261495259847e-05
7.108712685307722891e-05
8.362060782280157905e-04
1.461530736654409078e-03
4.309874637234785877e-04
7.139794945885288803e-04
3.631253318438052596e-04
5.254083065078356003e-04
1.699424209817535476e-06
2.241304212001921125e-04
5.780164109618034229e-04
4.912165581671266079e-04
4.445762855828235775e-04
6.926393591434769955e-04
7.770317132294835786e-04
2.909444545485759281e-04
1.271415942645714385e-04
8.309203347440338901e-04
6.065797962165236966e-04
2.960732687083261479e-04
4.718281238225015511e-04
1.968746765702946474e-04
8.622874894943069512e-04
1.458388266957950669e-04
5.505581729681210371e-05
5.833906580976579078e-05
2.466871316306671424e-06
1.549892876492509858e-05
1.856012961362042907e-04
4.806503560232916862e-04
6.748097411507056505e-04
1.235063364495267305e-03
4.907097922958092353e-04
4.056622218082816416e-04
8.324280688591068587e-04
3.216091095901621303e-04
3.612128852451860985e-04
1.047243643702167526e-03
7.751389405854990046e-04
5.075670057819165045e-04
