2.974109509412429034e-02
3.174824021314316680e-02
4.007342532106283883e-02
3.612960033138053195e-02
3.391446482656133160e-02
3.156838095235232899e-02
2.471790715159564306e-02
8.841155603283292960e-03
5.888451912173701432e-03
6.711378271504601402e-04
1.544998826233673177e-03
2.648453371581145892e-03
8.031493586591543360e-03
3.337853174951983890e-03
5.316370531817690530e-03
5.793297689181403122e-03
1.001772321002089919e-02
1.354190550855917906e-02
1.787358567862691594e-02
1.440645787443476863e-02
2.136964491748154921e-02
2.354863760861094710e-02
3.091047045369925417e-02
2.917112985233503986e-02
3.238950289586283587e-02
3.428804255136446572e-02
3.086047067742976602e-02
2.572890217896477497e-02
2.786202317660342251e-02
1.532133067089805345e-02
1.298829363259606726e-02
1.309663267212821461e-02
1.301804914176543822e-02
1.099998733555414276e-02
9.750531311099010917e-03
8.413703294308702216e-03
6.220367292180690316e-03
4.371683385426323142e-03
5.986591917509026528e-03
6.525653882384863276e-03
5.844880249248216031e-03
6.703074715010711934e-03
7.922453028879859749e-03
8.928475525253385878e-03
9.306920034750911994e-03
9.754331366253279206e-03
7.707743797719338909e-03
7.464725237636729051e-03
5.030706970917785646e-03
7.296869128898945435e-03
9.056173255613305523e-03
1.355420015271944362e-02
1.239566598646398357e-02
2.066260741686350502e-02
2.480839611186032301e-02
3.137299655549240229e-02
3.361403070593826925e-02
2.229462780004427477e-02
2.670565618457382967e-02
2.345164714214375071e-02
1.440542404338011374e-02
9.335748334692551068e-03
5.086167143848878934e-03
2.169058859971215083e-03
3.822978783788475517e-04
1.445022482147380197e-03
2.427880346815337615e-03
2.409505005198658498e-03
4.345848973013851160e-03
4.927535834945698766e-03
1.042450484758040974e-02
1.678265338788120092e-02
1.750504478998572352e-02
1.804681099658383622e-02
2.104554602388048964e-02
1.259047432821011094e-02
1.793976138589958164e-02
1.169190853675342034e-02
6.519008480975459728e-03
8.339571620178202679e-03
6.292240142413456187e-03
4.003969445714648800e-03
7.241087343876700770e-03
5.787268114591063127e-03
8.683340207569596389e-03
1.277418251379193112e-02
1.175199448977797337e-02
1.599382416244751748e-02
1.895687702629572646e-02
1.556161595310460999e-02
1.142060230753935875e-02
1.240723194626371095e-02
1.293175814204500750e-02
1.025672131639247288e-02
6.386982076510903765e-03
6.838626226713824356e-03
9.029504262971700668e-03
7.260820542408704184e-03
7.109171627582252725e-03
9.678759210681063194e-03
1.055829815061504716e-02
8.487046720265815566e-03
7.956086911744054621e-03
6.466785924756771227e-03
6.158391316216157464e-03
4.468222969497160496e-03
5.853498754274309192e-03
8.468059262731220463e-03
1.151626592206504186e-02
8.495060427881411316e-03
8.357805998225416658e-03
4.800216743288674044e-03
6.622644867510725161e-03
6.831424233978164971e-03
5.796814206238147180e-03
5.199301819778859302e-03
4.690115109339159163e-03
7.448746443657580305e-03
7.121153810549487630e-03
4.212460912424630978e-03
1.764351032123422135e-03
6.141482097441633078e-03
2.098500259400356335e-03
3.857822327054843178e-03
5.010896908024054311e-03
3.648861552820489677e-03
6.535995672194246618e-03
6.271058057602432734e-03
6.168581358407698723e-03
3.346363536345435714e-03
1.756974920994218512e-03
1.152834930935265224e-03
3.957576853918912986e-04
1.216852470541938567e-03
1.689396146181223069e-03
2.644931477080028365e-03
3.336685271260943220e-03
2.761654163750996809e-03
1.587514626769998688e-03
1.118230480047846314e-03
1.795348553958285923e-03
1.658295979417298734e-03
2.007554862668510780e-03
1.350747994803911571e-03
9.069217660891942378e-04
3.517528980154908426e-04
6.976153819742229303e-04
1.548041691756210691e-03
1.345056631547584701e-03
2.634200730570989291e-03
1.295823044128165949e-03
3.897127562786105491e-04
2.025683075264037968e-03
2.410506348558966172e-03
2.674590418516609950e-03
2.202878645063824966e-03
1.950714939341722121e-03
2.745766541522286393e-03
2.590708464999214207e-03
4.453153341540300007e-03
3.957627374533230838e-03
2.743949056583548478e-03
3.113126370932492535e-03
2.205983251713519722e-03
1.853539403334206062e-03
3.857168788806575842e-03
3.979102944152494888e-03
2.188217178378234606e-03
3.443651425306329481e-03
2.806923298342781266e-03
3.187208426519489400e-03
5.497811514077423876e-03
5.085032567157730249e-03
2.847405038159549640e-03
5.048986688044211114e-03
6.244291297986893745e-03
3.852583998039913436e-03
6.189237168286505601e-03
1.550837385489843394e-03
3.225414763899384085e-03
3.571136435700705911e-03
4.563563389468170903e-03
3.896521631145341731e-03
7.271900842653787438e-03
5.355907293845162641e-03
7.483307620464565817e-03
5.673151694227615907e-03
4.767251501807961631e-03
3.979828366871682697e-03
5.384887965770351372e-03
5.855332917576209877e-03
4.691848787567875698e-03
7.052204914529156682e-03
5.029184926315584045e-03
4.355220594461441802e-03
6.445363332560110486e-03
7.150178645129173262e-03
7.236041596527547325e-03
5.684007736334229302e-03
5.935174402522064817e-03
6.637910537539207061e-03
5.493595402004576751e-03
5.518407665958954995e-03
7.712049430011859788e-03
4.824236626770582459e-03
7.519588467232053187e-03
5.056291135336432249e-03
1.047039070424353978e-02
7.422981018506389500e-03
5.985487063029144676e-03
4.321651671258545414e-03
9.164078738357592929e-03
7.229708379273541881e-03
4.380173423673513165e-03
7.035732856804149601e-03
5.155177840599173104e-03
6.677976433492301481e-03
6.281393631873118631e-03
1.024330522233056658e-02
1.258655574871692800e-02
8.208010029969639576e-03
7.969790853050861754e-03
5.595654561127723532e-03
5.528052537367155427e-03
4.419424889339976584e-03
6.470776590292160770e-03
5.807204396422465872e-03
4.191828358590187799e-03
8.230865200302209250e-03
8.026885478727477027e-03
6.238675810050547423e-03
6.508406191644120278e-03
7.353821880972432126e-03
7.873152600331525391e-03
7.090775365879751525e-03
4.616147957127177126e-03
8.110611143203536044e-03
8.390922464188285343e-03
7.319668594776421351e-03
6.918990981087532258e-03
7.304818593842374828e-03
8.247511675905176351e-03
6.131598717319336998e-03
8.025456207487843135e-03
6.594861567330446116e-03
9.200911411360713707e-03
5.413540646495279725e-03
7.559518594060582290e-03
8.509360415598408653e-03
7.425493153488037408e-03
1.048286958132111681e-02
9.819423017021683409e-03
9.016789034355808877e-03
8.625154418576017057e-03
9.370486429751306509e-03
9.979907563062115697e-03
4.462517279399668378e-03
8.802557691780095797e-03
8.681899188592950151e-03
8.828492047358726599e-03
1.260104703226160895e-02
7.839599559795691619e-03
6.431396656845800655e-03
7.098364629229700698e-03
8.459787444192470862e-03
8.250274753088019178e-03
1.002273194290487050e-02
8.875495096089664609e-03
1.110597615278895514e-02
1.221472285765263718e-02
7.508194810825816363e-03
7.803736767898005952e-03
8.782478598870990805e-03
9.117643896547214868e-03
8.998489829847468660e-03
1.161910859520023931e-02
1.033415985120107912e-02
9.282893925481030747e-03
7.417120229123920494e-03
8.514127241354058073e-03
9.290624289655742898e-03
7.752494407949332700e-03
9.085673497023298226e-03
8.953077517290387866e-03
8.686122431692915036e-03
6.487593536430161408e-03
1.162687213093267086e-02
9.395490545837064181e-03
7.063379270630555998e-03
8.667923226217899568e-03
5.063853087986974581e-03
6.580909914561753823e-03
6.818374893504039295e-03
8.632018226413844253e-03
9.853251152830770979e-03
8.927701537673148752e-03
8.231526193098239949e-03
7.747212611101127883e-03
6.664477742780614174e-03
1.092386707716177727e-02
9.657338462264583936e-03
9.785288579848920240e-03
7.475203075711948572e-03
9.474325918724468484e-03
9.060381081137460629e-03
9.705447179179784584e-03
9.545717594635636308e-03
1.074459449444601332e-02
1.168910285497299327e-02
1.645462993478624333e-02
9.961434046149627436e-03
9.709097561210725327e-03
6.983199456987724402e-03
1.197031620117891895e-02
8.932447177831336071e-03
9.114674258788169406e-03
6.278181554009584601e-03
1.031665605129282633e-02
4.863892496950130220e-03
1.328138838326320577e-02
8.527176117642892850e-03
1.161409113743187144e-02
8.503072356953559133e-03
8.110322791740811471e-03
9.175595441902188384e-03
6.916147017005343407e-03
8.873172222599090553e-03
7.785691952966878986e-03
7.594245954516081962e-03
7.658152090803671541e-03
1.027530735115760735e-02
8.982316604282874345e-03
6.767383872234408043e-03
9.109342907806084952e-03
8.076038206438627270e-03
7.961025536658230053e-03
7.430057622322086552e-03
9.040084776162207736e-03
6.807398095141661137e-03
7.286085767498389799e-03
8.834225448825491767e-03
1.107779033713440255e-02
8.537894497971492899e-03
1.095940560548038997e-02
9.462233312262830626e-03
1.098550300987665221e-02
1.152751772177063906e-02
9.968398758491751888e-03
1.257606523255576543e-02
7.838988022518249277e-03
8.677586876846195632e-03
5.713853002637994498e-03
1.034946953927901904e-02
1.181450398436726182e-02
1.038839360386103333e-02
1.007012381998381029e-02
1.049409929030847843e-02
8.412291172005113837e-03
9.846586300157536900e-03
1.201031823805938197e-02
8.714301451781189534e-03
1.066805600532200367e-02
1.168332365089785711e-02
1.028082476241077604e-02
9.236222926907433281e-03
8.227343737290230413e-03
1.031877673771217259e-02
1.535814579893630787e-02
1.154205953191860846e-02
1.130697737562975230e-02
9.051185854578709666e-03
1.158015456987185506e-02
9.353176554819995006e-03
9.920423314185782687e-03
1.011842099508452296e-02
6.861834800295880596e-03
8.566711034153656756e-03
1.032371847824991792e-02
7.291786346340551478e-03
1.032619145342585434e-02
9.723270127857201392e-03
8.430590353900230260e-03
1.025804874015196454e-02
9.337122899275169738e-03
1.145585726414139784e-02
6.812864985692623082e-03
6.883851517787612992e-03
6.582197072017573029e-03
1.196079685042892443e-02
7.068932709769713482e-03
6.991007536029217144e-03
1.216524243032497676e-02
9.164996018344608725e-03
9.342592482677599536e-03
7.820702236388704306e-03
8.527717020517059168e-03
1.170085965235767578e-02
6.126768709997599226e-03
9.798425408057191699e-03
7.401084648930449789e-03
7.078570189668618659e-03
7.482547561167231590e-03
8.990315330651789394e-03
7.189298802611941534e-03
7.066175714001542846e-03
6.918755373717663110e-03
7.056793203783003933e-03
9.366441900070559406e-03
8.232375816738536287e-03
7.701187252665116223e-03
9.273791147118563838e-03
1.036108250239254659e-02
7.085169104527250239e-03
8.646810082505593936e-03
9.546777957126970776e-03
9.045996225544358088e-03
8.539096334204411901e-03
9.798341528674486475e-03
7.316971901447184498e-03
9.309201902109194224e-03
5.256830342983734826e-03
7.248500826310236116e-03
9.477834059496485081e-03
8.207512018182009858e-03
6.723728856245555358e-03
1.375018577787317543e-02
9.188706136216770112e-03
1.081343869913966270e-02
7.110510635348925822e-03
9.410298179537554195e-03
8.530751306037498774e-03
1.340178148481855659e-02
6.187854034401149041e-03
9.088818565408841518e-03
1.022540729831843652e-02
1.549288212106115017e-02
7.929877493495548352e-03
7.214618133188604142e-03
9.099401122326393823e-03
1.026697708140185232e-02
1.005837579822632839e-02
7.201191111305673895e-03
9.806289885662868716e-03
1.123774233058462239e-02
1.096328775500469976e-02
8.578107973183077273e-03
1.100093366825003437e-02
7.246976048207497481e-03
1.019318460836374229e-02
7.680963957872087924e-03
9.453118766063743628e-03
9.199053387751007088e-03
9.270907578895027507e-03
1.004675836310915844e-02
8.951402475685849014e-03
1.097802442841151055e-02
6.350229748033243624e-03
7.931428325587682598e-03
7.441390781838171445e-03
1.096967544122039173e-02
9.776518581088631740e-03
1.166648376334862396e-02
8.079097831381129233e-03
8.576755111394862227e-03
7.713458372405786190e-03
7.140368226379977500e-03
7.726386669416863105e-03
9.042417063900588456e-03
1.110545252503089900e-02
8.663063586948044348e-03
7.062199706443588430e-03
9.628436346265933227e-03
5.932977322652411602e-03
7.749990429922701610e-03
6.712285634364763970e-03
1.009179802676825680e-02
1.024300021019104549e-02
5.943585800142060609e-03
1.032323109463882498e-02
1.228709926919465019e-02
9.334795929434999348e-03
7.251627317337923373e-03
5.305309340688570477e-03
9.165658767037712998e-03
9.916406045218829554e-03
6.058020047230768673e-03
9.795637553066739375e-03
9.117773950155711946e-03
5.884697816850175539e-03
7.281621247446213967e-03
1.080938650522168983e-02
7.163396658343101214e-03
9.792760367002485006e-03
1.038640452842798899e-02
6.648407891358003308e-03
8.468250531202569861e-03
7.356321532470016730e-03
6.295957586617965604e-03
8.027958055930048756e-03
7.510534011221603641e-03
6.785457489138981869e-03
7.989801616031461454e-03
6.787172965678598888e-03
9.400090228698945033e-03
6.070023339234381816e-03
7.247481860842071300e-03
7.672152897461669875e-03
9.317799122549454832e-03
9.479729421343768142e-03
7.023968045403028784e-03
8.073121216909602202e-03
8.361520619595325457e-03
1.135249491584486292e-02
9.942090284815501694e-03
1.110690496204416733e-02
1.037132033357942781e-02
5.982620850675992447e-03
7.115815533181942334e-03
8.837996600019444593e-03
1.076835307027883791e-02
7.145632416209904067e-03
8.461697155040441218e-03
3.895293599301529602e-03
5.702394454538481025e-03
8.521334366236386904e-03
7.287449123074075767e-03
7.000934343732043152e-03
1.054759392574703553e-02
7.026725388072301882e-03
9.250474452397100533e-03
1.118041949975171097e-02
8.024502580099578813e-03
1.090963161220285041e-02
1.134516579542942626e-02
9.216698501188376122e-03
8.183879614390586824e-03
1.010889648137548030e-02
7.867737221087738042e-03
6.850403913180185683e-03
8.517922567557340355e-03
6.006761644299308568e-03
8.268204123470781694e-03
7.212659523529347215e-03
1.049913028411897722e-02
1.186275445841485782e-02
6.496747778243291624e-03
6.591799074711483276e-03
7.854469454572550816e-03
5.573439339280823399e-03
8.206248980076248645e-03
8.443484538970851688e-03
6.815443786558576973e-03
9.002610440511791406e-03
1.081465026075999550e-02
7.057528181319968133e-03
8.646380907709090569e-03
8.693910865628066628e-03
8.982086873577450198e-03
6.429806127467501548e-03
1.004738658332474804e-02
7.915160241202718466e-03
8.644697657119329234e-03
6.875240987455178733e-03
7.548065159478911483e-03
7.979302297063195840e-03
6.984573813755130985e-03
8.438535711707379275e-03
1.098244203746204239e-02
8.648401577180123145e-03
8.476824478150339626e-03
1.148722531449545593e-02
7.613973753671078246e-03
8.608567605740151743e-03
7.415373507459782805e-03
1.091162498278196516e-02
6.442354168233327405e-03
8.305294629592126221e-03
7.369890306081802733e-03
9.336848539818209253e-03
1.076090232973522104e-02
8.264936437362804464e-03
7.543247611442554894e-03
8.722091252227779853e-03
1.032801420488595190e-02
1.283892901235550790e-02
6.336896498337745917e-03
1.074936072609827820e-02
8.657195948003855446e-03
8.002657635936057112e-03
7.532164924712611218e-03
1.078790033088008853e-02
6.957782727092910215e-03
7.857238385946955714e-03
1.135400742501879029e-02
9.577099998154349481e-03
1.016234017643891097e-02
8.410067161161936464e-03
6.452486333496184126e-03
1.047558055019230834e-02
6.269862084118888249e-03
7.676573647926275036e-03
1.292411181635767792e-02
8.243519546805300191e-03
8.280626227809149281e-03
1.185892701904263900e-02
1.016826242534706569e-02
1.038042634521775184e-02
1.331551671186439849e-02
1.038811070436810972e-02
9.260657055475841198e-03
9.336986632486511326e-03
7.194784231145354668e-03
8.241401588700007774e-03
1.234151520958120044e-02
1.019528997202098775e-02
8.046019286921368349e-03
5.711860466121940552e-03
9.638439628241540769e-03
9.891774827543255155e-03
9.543160547596836116e-03
6.390548501493628110e-03
8.865473839743077608e-03
8.866253689721131925e-03
1.282452926671476603e-02
6.985593211512560949e-03
1.189582663206738625e-02
6.581505209167069596e-03
6.844609881107098504e-03
8.717195311935046001e-03
9.660129908271128385e-03
9.093981203657274318e-03
7.670909784997093431e-03
6.072039408136890165e-03
5.649917209701454078e-03
9.796557341361426113e-03
8.371378004373469101e-03
6.996773640159175203e-03
8.021771880196227125e-03
1.015512406460025371e-02
9.161258786711526034e-03
8.354554115472581297e-03
4.886320636987117987e-03
7.709332783211146276e-03
7.289017881150929197e-03
8.005764640209526301e-03
7.256069288840051243e-03
1.022964355600054602e-02
7.315804556513708784e-03
1.155090777558754125e-02
6.425585232256745237e-03
1.059146392282664384e-02
8.239742119648844204e-03
1.163312818307036568e-02
7.988812616884331461e-03
8.446107544746211254e-03
9.013069728876452538e-03
6.644570064090955450e-03
9.652022929300696844e-03
5.717425867763022834e-03
7.730167337239939561e-03
6.171214063603633164e-03
7.139500963411214533e-03
7.755153564656881021e-03
8.820609753334516384e-03
7.927707238971683570e-03
1.068879018320481253e-02
7.313989448174406348e-03
1.057227160722908413e-02
9.315291288385152413e-03
8.320445127090550855e-03
7.607465707193125995e-03
6.397747074435330798e-03
9.037744958378338828e-03
9.714559034159152284e-03
6.496458691465758876e-03
9.343873161019226534e-03
9.326745145981633900e-03
6.098282179566347910e-03
9.789762881936519071e-03
1.275894723093221050e-02
1.002383536048179723e-02
7.525211976339255503e-03
9.259394347426617641e-03
1.336542685961481479e-02
1.016348744063085702e-02
1.258178162965924857e-02
8.157902613909251421e-03
8.117107079118748153e-03
8.154305453926967776e-03
9.848364225550859316e-03
6.820671870370760212e-03
9.517301774801381620e-03
1.015175612816125554e-02
1.073158600143802981e-02
9.205853571933252447e-03
1.084506197664852900e-02
5.065975545221835033e-03
1.183247524273888657e-02
8.307779684688690672e-03
6.882742496255078550e-03
6.102805549817986487e-03
6.247241156057093195e-03
6.888344018480637397e-03
1.054481983990536963e-02
8.403616721270087964e-03
1.321612571326967640e-02
7.335256005911493585e-03
1.304408519682542789e-02
1.189754682498193536e-02
1.117480510280052450e-02
7.379898670320393997e-03
1.004477822876845110e-02
8.014433525471384781e-03
9.073909689014546601e-03
6.806556945181310887e-03
9.935493108906115131e-03
9.321836503297873874e-03
7.738584178280220188e-03
8.191829191230740742e-03
6.237327554694325170e-03
7.591025451465370673e-03
9.733551493708702401e-03
7.414566175360323523e-03
8.082566844238955883e-03
9.375481111779005935e-03
8.483396358311672686e-03
8.818023444570782451e-03
8.316832188279171464e-03
8.052728641358980130e-03
1.050336826832153417e-02
9.065030870788316417e-03
7.777559583691031134e-03
9.971362049023647228e-03
8.910284696737642493e-03
6.836539890568502607e-03
1.381886533611355675e-02
1.003338166997401470e-02
1.182075830931470992e-02
7.122180341049884171e-03
6.609093663417418135e-03
6.455054801554251792e-03
5.643647519658060406e-03
9.305651025424464470e-03
1.084432347084020830e-02
7.623469223181912960e-03
9.155519098643937620e-03
9.520036531786263412e-03
8.704804957698569767e-03
8.168873287141633494e-03
9.972598581155445868e-03
8.815769777809144558e-03
8.150191581378994632e-03
7.851921685414211052e-03
6.455611303525381900e-03
9.151463515121825709e-03
6.606833195105794691e-03
9.192459907925326981e-03
8.162272482115293798e-03
9.659040606838137713e-03
9.409046910460874130e-03
8.779092130685187123e-03
8.514985004142648986e-03
9.347258607968454008e-03
8.690392776821620827e-03
1.046037959880526114e-02
8.071132512326916961e-03
7.891299532484546964e-03
6.795316943990025935e-03
8.862786258232609876e-03
7.667298259541068667e-03
9.972591067868076878e-03
6.961788220206844083e-03
9.207694524869617161e-03
7.511170443801398582e-03
7.401987561577200170e-03
7.804260278735656448e-03
6.515256989939754821e-03
5.589631900703052360e-03
1.005571230843448766e-02
9.021442415463681863e-03
7.256685923725894952e-03
7.248568127752555434e-03
7.958611790693383148e-03
4.826481446276077378e-03
8.939638324619676377e-03
7.140879390512733411e-03
8.977758521837303149e-03
7.659879063900204219e-03
5.809308375920518679e-03
8.410328071724679916e-03
7.662154090288141560e-03
8.724329517249912458e-03
8.771676654150142860e-03
1.047313113499103755e-02
7.541541849396042781e-03
9.308898815602845156e-03
8.746714143790473503e-03
1.083421188199839603e-02
6.342337013267301295e-03
8.966138123077831146e-03
8.472608764670099338e-03
