2.200150151042849431e-02
2.472200252962620387e-02
2.785816894813709574e-02
2.821737960079031063e-02
3.080531841521606806e-02
4.330118987724981827e-02
5.551409073919656711e-02
8.250834307749073393e-02
9.666710708442052824e-02
1.041672362283841413e-01
9.664192558449505310e-02
4.028107495284505291e-02
1.117310675509141076e-03
3.978118866853267571e-02
2.670156559013884406e-02
2.511171162257336883e-03
8.811851545993414428e-03
1.825720838650366461e-03
2.601890300590799145e-03
7.406287193243983429e-03
1.244807982893872096e-03
2.903288336964945872e-05
4.692095786919279815e-04
2.998842376110595620e-04
3.539888972372131430e-08
3.136423432747761616e-04
2.305681691677300901e-03
3.385490556363723869e-03
4.456235031874695822e-03
8.134034304095236895e-03
7.747242218972809173e-03
6.539595766911394242e-03
2.867319707087726596e-03
1.105525601073311130e-03
1.828143900619819291e-04
1.053435512651333412e-03
3.388975546462248082e-03
5.283053196973988563e-03
1.092637585674736435e-02
3.461485993410997816e-03
1.079524032078577056e-02
5.487058915804763140e-03
8.870542567916201620e-04
2.026760877000680148e-04
7.763006838364203827e-04
3.669679520066137634e-03
7.395070019915139965e-03
2.976559205436697317e-03
3.345226834673216583e-03
2.371554914508122985e-03
3.321721303204653360e-03
3.977770207339915466e-03
3.635592553914170598e-03
3.786073040570847072e-03
3.569453801202864679e-03
2.572497775103437575e-03
5.161168471070467188e-03
5.570344384896942953e-03
5.719239468484028574e-03
4.338970138981188690e-03
1.099841791867563548e-02
8.529711918508367172e-03
5.395636457303477733e-03
9.060293077211610882e-03
1.875388770800243479e-03
3.288356694077307222e-05
3.105860702583102212e-05
5.626329242080211788e-04
9.651754032210687045e-04
2.285191401920648241e-04
1.478707609008617770e-05
6.797132260009508187e-06
7.153150219669436767e-04
2.226734801791491018e-04
2.934254112070134322e-06
6.796721302880511773e-07
5.549785442188454694e-04
1.362184407681667295e-03
2.629860492658928767e-03
2.224060196446660080e-03
4.716967441155139190e-03
3.894984828654545796e-03
1.659652155328431283e-03
3.228859768631370513e-03
1.052757582137197039e-03
2.006873990467571839e-03
5.886220449763119710e-04
5.337851123049790637e-04
3.175035734715703738e-04
1.435340769379911136e-03
1.469322708104596996e-03
1.332195404685010973e-03
9.756258523950305742e-04
2.224734767399793851e-04
1.638945775869572524e-03
1.274447408189897414e-03
1.248241697255555354e-03
1.540507946845593671e-03
8.479488959530227712e-04
9.491601110865926149e-04
1.585518620283495094e-03
2.863419240907603080e-04
4.099360120649642213e-04
7.530072061322864605e-04
6.136530003125347486e-04
1.311506898684006378e-03
1.961958979892017708e-04
1.861907368303022622e-04
1.335796668057245579e-04
1.140053179489955352e-05
5.468873844252828372e-07
1.245780219200221927e-04
2.066307439981460148e-04
8.684904702542290853e-04
7.175765498171094185e-04
3.181537800908576345e-04
3.538181351623958084e-04
1.149337452201403497e-04
3.950348952080224836e-07
1.582033388978933706e-07
1.242412150897817926e-04
1.207444079933891424e-05
3.081830489312180864e-04
1.420053975096410583e-05
6.610577456916351998e-05
4.065008507660179689e-06
1.013726691006326992e-05
1.721716316736671647e-04
2.485151534166551003e-05
1.450707113414278918e-04
1.666300381056171813e-04
3.050595634723815954e-04
5.541393026372856082e-04
1.924164287236160926e-04
2.193227068327921784e-04
2.481754416631620449e-04
1.794005241597761537e-04
2.347933544238980669e-04
8.823587666996493225e-05
1.159179909482237143e-04
1.591983157256771455e-04
9.711390429555832976e-06
3.380467734928902033e-05
2.296792805230242512e-05
1.964010454236157885e-05
5.620314199696070911e-05
9.745418776800466882e-05
5.757662879655195019e-04
3.258041633261190949e-05
5.601779627289346994e-05
9.514927931088824052e-05
9.177565678149433794e-05
6.082815040065925365e-06
1.580663429935584151e-04
7.844537430881476337e-06
1.640682756679673370e-04
8.430161255312580845e-05
1.332591933709879970e-04
6.081822264516632739e-05
7.696207399403100810e-05
2.716106227720468599e-04
1.510740220162807876e-07
6.182312723155407601e-05
4.346186748677724563e-04
1.095149188899491115e-04
1.944495657637131353e-04
9.900556498207302588e-05
1.017347631584899332e-04
3.692676683477251183e-05
5.712645148967698583e-05
3.164314374926246944e-04
1.137648898247301844e-03
1.299259646751449362e-03
8.322017723806496422e-04
1.341734076834427084e-03
3.845616944625003162e-04
1.157624451923087603e-03
2.999660991400120440e-04
1.492876486302165294e-05
1.990401592777906825e-04
5.257658918544190634e-06
5.562920537907950529e-05
7.945510581478369715e-05
7.149217724139312995e-04
1.768383555239963273e-03
6.097208856716780428e-04
2.110832780152972375e-04
4.697933581130943608e-05
3.154471951259953891e-04
1.749266606128321226e-04
5.887068723120648505e-04
3.362544940261218991e-06
6.134894428435575539e-04
6.143523438479861921e-04
9.123531416275788841e-04
8.973764087879702389e-04
1.686450027910935861e-03
7.605460538660810486e-04
9.359247034061430985e-04
6.949573588780220881e-04
2.525803033163800124e-04
1.754742452967854413e-04
1.543646385254960555e-04
1.512676816472127012e-04
3.344983995898465306e-04
1.686083110728406591e-05
6.622114431285635633e-06
1.239537045498476054e-03
8.583274383082439580e-05
5.329850331720111791e-04
2.825817826259236052e-04
3.915075076399084390e-04
7.130699997140338723e-04
6.808942880693024920e-05
7.065785952120012380e-04
2.062479928069158399e-04
2.431474719631815473e-08
1.988244685144354130e-07
6.652278800860016942e-04
1.120375989638175722e-03
5.870829152719967033e-04
2.882570584409552424e-04
2.666540531744185480e-04
1.530539238553373376e-04
1.158439039853454100e-04
4.036594806629435891e-04
1.718033092579373416e-04
1.367946758624385842e-04
7.586758425892270647e-06
8.032318219021446042e-04
1.405025141896367119e-03
1.130398989860493392e-03
1.231455095058736062e-03
8.065033236406161238e-04
1.274780812178090937e-03
1.422712049659144874e-05
4.000671747978606918e-04
8.301659232663367600e-04
6.996769653218674586e-04
1.283909436152162513e-06
5.765356258816315511e-04
6.886170412106311367e-04
1.881937225970846991e-04
4.860470353192746624e-04
5.145290052653725627e-04
1.638126974275797411e-04
3.592315071279373576e-04
2.523846090415371749e-04
5.748083047206084496e-04
3.239829486369992517e-04
5.408405231981983129e-04
1.075257269517491693e-03
3.399279227156576919e-04
6.793363420366529092e-04
7.722827111967567630e-04
2.531541752929541522e-04
1.507494144650037653e-07
4.997206549164024065e-04
9.732660369986167103e-04
2.630600965312172835e-04
1.180231237471927441e-03
6.931035822154019014e-04
1.281409968185654108e-04
1.205753674105153724e-05
6.980351748712684606e-04
2.977879777999449621e-05
1.302773966927120582e-04
1.415727312944340756e-05
3.096051757615863979e-04
4.214632538239000085e-04
2.486632683294323744e-06
4.832201568171489185e-04
3.232375953249116366e-04
1.414699091179327870e-04
3.163856197475897552e-04
6.274781437186977484e-04
9.569095368004753091e-05
1.636256014531940045e-04
4.138435482771229230e-05
5.236553117553370405e-05
3.471154507473436513e-05
4.793739157510885045e-05
4.572948476143228150e-07
1.523415115728054766e-04
2.237090835215884853e-04
2.054884335469629255e-07
3.117392666489786726e-04
3.427606390435122309e-04
1.991400103249530990e-05
1.973934249166447630e-05
5.922839728715752048e-05
3.971857722936442776e-04
1.278614979599694025e-04
7.012215635415650029e-05
3.921120402325059279e-04
5.987213509179895206e-04
1.155115759703830187e-03
2.556999072284555198e-04
7.824980876405927962e-06
1.379441765361188728e-04
3.240162345628859290e-04
3.924624337623065068e-05
3.081712814574689589e-05
1.481808290031864993e-04
6.903048223606663900e-05
4.892203467176484731e-06
1.263263358563584677e-04
5.442162752407427495e-05
2.268658921952478068e-04
1.043348898357183713e-03
5.939092906658678889e-04
1.646426161413956082e-04
1.326488098839608606e-04
2.374856852638210366e-04
2.599736574732796355e-04
6.727960360403546477e-04
4.237084203387721742e-06
1.858267506570346794e-04
2.754343268517785520e-05
4.037186042544072657e-04
2.789472977547734546e-06
2.609260783752456129e-04
1.294592044949114372e-04
1.145813269227027555e-04
8.940579924490077359e-05
2.952408012552827166e-04
2.809884727522605772e-05
1.826589858293011252e-05
1.724224245400155929e-04
2.579599251329993295e-04
1.388415915750649187e-03
2.320692657919639897e-04
7.987377163030847651e-05
6.983573694286351527e-05
2.372039636035287421e-05
1.282606685986844143e-04
2.839720567745159267e-04
7.775681094295494399e-06
2.045025372546914878e-04
7.289290355242518751e-05
2.464096744327804493e-07
4.111971163653910916e-04
1.861062440855794765e-04
2.481241137397080391e-04
3.255722887917949409e-04
5.735978857207108764e-04
3.370315790479802521e-04
3.394745841315469748e-05
6.996330481138893524e-04
2.025735105868027640e-04
5.277655942189669593e-05
3.060193686840480842e-06
6.779071866291701796e-04
1.283833022323065121e-03
1.096361153359488183e-04
1.562467388774083077e-04
3.027512223188553642e-05
3.131268444889528306e-04
3.579957792364858878e-04
7.680316787313983071e-04
7.400091799734938129e-04
2.900855630364524001e-05
5.783752041811150539e-04
2.585537961017674716e-05
2.619048636371192626e-04
1.977111805844419040e-06
6.895084773761955658e-04
1.235524076372322743e-03
6.037858893218796133e-04
2.282648040298274940e-04
6.516051453031468810e-04
9.555795666284183599e-04
1.059630370334532643e-04
2.295100552999015020e-04
7.283985211101414760e-04
7.905466890085444359e-05
1.184350913746729786e-04
2.495980941758751311e-05
6.594823873812594747e-05
1.155289030062434927e-04
1.043257536752319528e-05
2.388958254744656196e-04
6.795584996073729704e-04
2.620159857875316870e-05
6.020717931402732150e-04
5.259028102573839542e-05
9.684149641033792857e-05
1.561868454726917201e-04
5.315072427722856378e-04
1.376685668458273810e-04
4.021995951004185039e-05
3.348174729676329435e-04
3.387246106254937364e-04
5.447551748563701172e-04
2.738553365321630710e-04
3.897151947955796282e-04
3.158722177137540622e-04
7.147848744844782581e-05
4.275857811032373950e-04
1.188971424074454410e-03
1.090393506294300830e-04
1.079872478604705730e-04
6.690895280070454114e-04
7.384640118272296145e-06
1.157311805969576024e-04
1.437493949984486178e-04
8.014196411274632719e-06
3.813105844346877582e-04
1.829083659681176178e-04
4.907738161126192958e-07
6.779525132953250030e-05
4.499933066545938344e-05
2.714135563199313907e-04
4.260750591598411858e-04
1.232393335656835961e-04
1.207831120315116976e-04
7.205258121548660814e-06
2.141225576127807589e-04
3.953565697789205246e-04
2.389776864831753985e-04
1.562132361633685276e-04
1.054141423943868098e-05
3.563068301910313446e-04
6.422835465129418924e-04
1.063032441893198082e-04
7.291922616509613486e-04
6.196483885967667311e-05
3.456368778644410477e-04
2.836591886444281993e-06
9.032740649354337919e-05
3.531092014458473626e-07
1.065800420702161253e-03
9.636281094401454603e-05
1.191901530053235013e-04
6.650406244842934755e-04
6.431943055531251551e-04
3.170937884106572025e-05
8.806714871717976115e-05
7.480065110966367540e-04
9.009477248397712991e-05
3.505583665527201568e-05
4.598359916805204511e-06
1.453816358293647546e-04
1.039932005644116824e-03
2.516891504913489649e-04
5.321132838112832916e-06
3.122739203436767134e-04
9.297803590447324543e-05
4.001744369264168617e-04
1.640759058278313381e-06
9.179774786253326688e-04
2.484222347400745338e-04
2.702466290411813135e-04
4.003895832553600433e-05
2.327800403648131128e-04
1.665053759811394030e-04
1.984172814205024558e-04
8.284067495686282826e-08
3.987636768929792800e-04
1.208922120288948558e-04
4.773411312937236941e-07
3.787525719263038913e-04
8.592040297507964203e-07
2.084287106232999274e-04
2.859227391796731769e-04
2.689434774130394974e-04
4.641217409909362366e-05
3.947158621089062540e-04
1.767762541612792246e-04
2.130302791870992594e-04
1.557964547610275925e-04
1.781248239933928227e-04
1.616730191984150697e-05
1.112645233837002547e-04
1.253633063173179994e-04
1.891376789710184214e-05
2.648857458734169262e-04
6.058222987273342793e-05
2.916369964834733303e-04
2.079880030846341799e-04
8.496253222846982347e-05
1.052356646393936835e-04
2.164939916472937960e-04
3.614026502756875520e-04
9.478370063042173871e-05
1.068581614701929691e-04
6.659909142584266269e-05
9.203915414127061215e-04
2.505091715241091824e-05
4.697973904639961800e-05
6.538400053638737750e-05
3.573757263528656711e-05
1.113750967318105737e-04
4.253006504229025326e-04
1.146485722584184685e-05
3.827650134387481870e-05
1.888624493271023083e-04
1.933357806713542121e-07
3.641261524638839554e-04
2.900365551019952123e-04
3.801476930263521302e-04
2.621258347702179296e-06
3.383281667294607401e-04
6.470058477822233055e-04
2.621358631465328009e-04
1.299493169340569054e-04
2.392698161520803352e-05
5.880865217176340807e-05
4.878907793913124676e-05
2.399460572574770760e-04
1.102426197901467422e-04
4.396146248589652017e-08
5.579742656501923085e-04
3.228839054709818765e-05
1.298794325294785228e-04
1.498807961013258342e-04
8.478311234807568502e-05
1.023000745006835964e-04
2.885788960403646826e-04
3.486407106770008594e-04
7.704720303917612565e-05
6.324221044422127964e-04
4.686547121094821697e-05
2.833321240878876741e-06
6.076709259085826215e-05
3.271768808937231042e-06
2.975934112931011343e-05
4.575395379622729524e-04
8.603973527958261585e-05
2.215355543447873103e-05
1.031916884661058023e-04
3.571674465014873447e-05
1.176377553227958171e-03
3.190241246313212141e-04
2.675467492352792898e-06
6.082467297232815873e-05
1.041686196232458154e-04
3.168007517666638967e-04
3.377345528029874837e-05
5.498122361234701692e-04
4.194906181205479007e-07
4.342774457989610087e-04
4.054274244219458232e-05
6.626402585159624735e-04
6.071747935122977918e-04
2.500471420713987483e-06
9.516233954037117590e-06
2.745037430285477580e-04
2.223607688739042743e-04
2.961712501881942931e-04
1.062476634557989945e-04
4.398574424650959481e-05
8.987526644733486076e-06
1.092552930000615334e-04
5.972371889348692563e-05
4.749832149770687553e-04
2.160013475926716943e-04
5.707273774960308529e-05
1.800885693522043945e-04
2.890120656515820477e-04
3.212370333656348951e-04
1.055180360230174213e-03
1.213892947802774035e-04
1.327620919496277625e-04
6.543637160180146913e-05
1.941361590744438022e-04
5.878450725406613375e-04
3.086509108334243570e-04
5.180686207581639073e-05
6.923157913257374008e-05
1.820273336601548574e-03
4.378612774550592543e-04
1.461904304626286579e-04
2.451053615656309157e-04
4.395375457524437692e-04
2.471443522521752137e-04
6.740753916194389172e-05
2.046238906640117773e-04
2.765407841190144341e-04
5.332255977512795906e-04
4.609580544933871522e-04
7.803974117960789825e-05
2.001528317029988339e-04
1.771296484039621593e-04
1.169895752895670944e-03
2.235475782506422945e-04
2.155809282261173269e-04
3.525987060167246035e-04
4.178710930399356168e-04
1.973854624498272198e-04
4.329901033283186794e-04
1.101838611492868606e-04
2.537148095912616488e-05
4.257575067547181269e-04
2.410589198326869287e-04
6.901320856305095041e-04
9.767768489137827758e-06
8.047520117242033637e-04
8.222401532166255999e-04
1.695937440715216283e-04
1.063752115780697369e-03
3.194834190114515839e-04
6.174594814699085367e-04
3.474231596154938472e-05
1.250969315033293502e-03
3.553583320653312953e-04
4.202207415877641907e-04
9.259373759585132852e-04
1.950470224310978638e-04
4.675600814245943915e-04
3.174030697707820440e-04
2.153871998205802852e-06
1.545268040347192403e-05
8.728147496835969620e-04
2.851451193378977400e-04
1.165921510722804427e-04
1.692275914421640000e-05
6.536503874876231830e-05
7.879911643747132067e-05
6.165768936841095442e-04
1.254636765610178906e-05
6.752237171384530825e-04
5.583036825742437740e-04
4.386727300969979178e-04
2.119438170594007435e-06
9.235630467734524821e-04
7.595703100652317300e-05
1.025856875363492180e-04
3.888593751752717750e-05
7.964062255836623096e-05
2.839236201540939293e-04
2.871221579633452645e-04
6.894607034054491240e-05
2.576476634954947452e-06
7.911624859268680645e-04
5.405207712662277045e-04
2.714631269519128488e-04
2.559370551458016343e-04
8.528495281204992971e-04
1.545105266363112841e-04
3.879777967440603374e-04
1.533468564148667359e-04
7.827388211882196911e-04
1.438547237454259036e-04
5.755304971549935920e-04
5.202624553522944994e-05
2.252230931699496556e-04
7.310755030056309145e-07
1.253760872614960789e-03
3.084455559369678125e-04
1.427088208089323409e-04
7.600042665877143567e-04
1.663402002566202970e-04
7.473633344274688110e-05
3.757193805604194933e-04
5.578050000694031183e-04
1.770340694609705983e-04
1.313671644257577496e-04
4.966558740824680612e-05
1.696951681399945565e-04
9.064691939133900629e-05
4.862999268389785586e-05
5.249062521252499840e-06
4.728640152637957387e-04
6.799152360066554194e-04
2.482962387298704286e-05
1.124402863389152530e-04
6.500933961671453922e-05
7.467473026531492577e-04
2.817835723348019700e-04
8.685453660695042176e-04
6.425879568633670975e-04
9.354426919475358965e-05
1.089262822959460256e-04
5.306894948971565542e-04
6.283500097798882297e-04
4.789152418149886107e-04
2.961159878966596656e-04
7.950831910205220223e-04
5.964503614316145601e-04
4.183874234914190067e-04
1.758492707954748598e-04
3.108996845272145402e-04
1.616329649253145774e-04
7.139601770872543943e-04
5.365004253860312803e-04
2.380193861940372929e-04
1.826451865291079930e-04
8.384011381279107052e-05
2.846856633997891118e-04
1.354383022518405129e-04
6.176134080266448443e-05
5.841385920684968739e-04
1.952572593670294314e-04
1.082822961310734569e-04
5.104245221304935624e-04
1.774403064508633921e-04
4.098891800256811895e-04
9.236334794442817590e-05
1.922147324883083299e-04
2.412431267347585730e-05
1.545451313914669527e-04
1.094814455290798129e-05
5.323858241643121200e-04
7.539532801479865108e-05
1.088631991644343306e-03
4.940760150883078588e-04
5.991023164844092204e-04
2.327482879470411177e-04
7.882365750926948128e-04
1.033429362371654590e-03
1.851842093692496335e-04
2.622338219877715310e-04
5.368176318345782626e-05
5.692072569213141797e-05
5.800459642790242478e-06
5.787230635922242144e-04
6.915525284941938374e-04
4.902083294418688652e-04
1.886038391390056741e-04
3.917971112044022164e-05
1.187502090877792273e-03
1.220975473422505908e-04
6.030399314251651700e-05
4.471964542672164189e-04
6.271374819311467327e-04
2.082542599415740186e-04
1.156550711299078127e-03
1.181755267304186643e-03
1.477885780440530523e-03
9.713971216703871274e-05
3.590187266852033960e-04
1.090937197737033718e-03
6.559011715285649729e-04
1.161931380672499381e-04
1.542599945725495495e-03
2.259561507703789862e-04
8.738047378953195518e-04
2.190337187924376952e-04
1.458232990453731028e-04
2.284665658908006946e-04
5.143850605647327424e-05
2.956610887640016968e-04
1.177419230501619606e-03
5.085931566231429498e-04
3.627288493746312577e-05
1.551258435317168780e-04
1.532699113441427639e-06
3.931143231484204208e-04
7.171318845346166425e-04
2.399462400277572419e-04
4.366641904470659600e-04
5.413330311952325432e-05
1.410216350231634382e-04
5.611367435051368546e-04
2.632546926101445137e-04
1.269099213662564733e-03
1.180325740366905613e-04
1.400322082767599646e-04
7.237936335290816531e-05
3.591587002300454570e-06
5.766071666983299754e-04
3.281513734510765911e-04
1.482764732294108946e-03
1.576302596309007943e-03
2.702853382453852783e-05
3.380779528463476093e-04
4.283063681276978556e-04
8.895677163895721919e-04
5.686927895630000326e-04
7.272048616085318752e-04
6.468919459896549883e-05
6.224701473171263474e-04
9.822666065774388890e-05
4.231022936061539994e-04
4.305767928973419189e-04
6.253336262986400904e-05
7.251193571503508324e-04
5.014698890412048506e-04
1.066083411120657704e-03
3.982614613719153503e-05
2.662421964036750920e-04
1.219054249086740397e-03
4.765518210794204628e-04
5.529102371114524243e-04
8.013504373604607987e-05
3.553333978552993726e-04
1.219289122793259909e-04
1.298613750357527200e-04
6.458200693247555376e-04
8.877993224451529233e-04
1.991446122472475861e-04
4.989335031738846267e-04
1.045307288013165928e-03
1.377771973550022736e-04
1.156162476171802177e-04
5.694902519383612024e-04
7.105255708272541085e-04
6.970453628415209128e-05
5.160639150410453041e-04
5.174149546983415442e-04
