9.303604491391054407e-05
1.109554373466551754e-05
1.552619164436515195e-05
2.539405802912665578e-06
4.574302203715678800e-04
2.516902151327620797e-04
1.400117674709623768e-04
4.266602270357911658e-05
9.844759401795137328e-04
1.254238381873538292e-04
4.835402227282354406e-05
1.602644705998171456e-03
7.341405904842191257e-04
9.063174905185453949e-04
9.323873853631545975e-04
2.898617423627688409e-04
6.770620433853636374e-04
1.475622118851472502e-03
1.859517597112215342e-03
1.500717418113638700e-03
1.503948024713850284e-03
1.835856201778184298e-03
1.868507929507399155e-03
1.014566691639258401e-03
1.137846259378091788e-03
1.536756294202366478e-03
2.962800739276423307e-03
1.186442749914400335e-03
1.353661650076183349e-03
1.972160395763251743e-03
2.237776290185334443e-03
2.795578879071822665e-03
1.860081788045042173e-03
1.028954425695961664e-03
1.141133565699949245e-03
1.138878643275040943e-03
6.733925651222626586e-04
7.312718575254580035e-04
1.046220604676690062e-03
1.837027999345382462e-03
1.310448391720140781e-03
7.787242484742112111e-05
3.396551846089914642e-04
3.770438094593435495e-04
5.118596640389706538e-04
1.796117620553532403e-04
7.117217787404927836e-04
2.543493383862164680e-04
4.026929891171875147e-05
8.451775145290080389e-05
1.331372753566315893e-04
1.342401275678618277e-05
4.851534300313184380e-04
5.690200484136276398e-06
6.398376879585199921e-06
1.893909688336625210e-04
8.423413883083570987e-05
8.609028729417819752e-07
1.423896021565408620e-05
1.217073780597389022e-04
1.401625079530135717e-04
2.668029679944639476e-04
6.206934609859663201e-05
1.383704775612257720e-04
4.762273140195549939e-05
3.024991021861293144e-04
3.856757170390999532e-04
2.449416588088635131e-04
1.025772892212747575e-03
4.175387084064160060e-05
1.550408126251505313e-06
8.201738166445338932e-04
6.547884660914491881e-04
1.556852378564718914e-03
6.699987711546652892e-04
9.012702155642453230e-05
1.767480645476345806e-04
1.356431890174694980e-04
2.882259267463136510e-06
1.045243514010220679e-04
1.351048752051158345e-05
1.652628944196373438e-04
6.214424854145733277e-05
8.566103581890134426e-05
2.487029419036957778e-04
8.984481079647667259e-05
1.386150855685750393e-04
1.725629386173095463e-05
1.003560575466570142e-04
2.665066817598637995e-04
4.687774134996894055e-06
1.279112801870977424e-07
1.506087158456756028e-06
9.016384975276895073e-06
7.647003407088495274e-05
6.612755192155155123e-05
1.926389426835031923e-04
5.210271125283976351e-05
1.036125379719836386e-07
1.077887129250796401e-04
8.648728409691247782e-04
3.385268534700351141e-04
1.975972298119276925e-04
5.021983577284126933e-05
1.096005608589586218e-04
1.040782970994173694e-05
2.813899361711737841e-04
1.412505000062168955e-04
1.447039378072685959e-05
6.196372359196006176e-05
3.409279605959533047e-06
3.544069689602783683e-05
7.716762777949950345e-07
4.105485751807314807e-05
5.517652902589666696e-04
8.731933237015023701e-05
8.182215921225641946e-05
1.319598001442270408e-04
2.661510625434856427e-04
3.048371742180818237e-04
1.254654307377197221e-04
6.314039219585881402e-04
4.625764430665560705e-04
2.887782424428746790e-06
6.490485812434892697e-06
5.063181764563795236e-04
1.748188623000562888e-04
2.264519155131649470e-06
1.013941644745956305e-04
1.408347873574567128e-04
2.873839536385760889e-04
4.376538922587275385e-09
1.051859265017471252e-04
3.333367954744126213e-06
4.513469371084889367e-04
5.050402259534229671e-04
1.280851466220034427e-04
2.959581839598043678e-05
4.614420992593828898e-04
6.969050199944387724e-04
1.205997173019058384e-03
3.136267837935636035e-05
6.759837297642466540e-04
2.038742421773573441e-04
1.334427926400221884e-05
6.789631617111138847e-04
5.045791230490024194e-04
9.822714187851810681e-04
3.781077570837884324e-04
1.637098508559184156e-03
1.368652883230524241e-03
1.200863038024666245e-03
1.528628730150331664e-03
3.218041995517984498e-04
8.982784720511020318e-05
1.423937583403347669e-03
3.054435367407344008e-04
1.923171956481752954e-03
8.085004553953104110e-04
5.246442954472293986e-04
6.934089779903674679e-04
7.949071467655685272e-04
1.769289095015694321e-04
1.183897576383297588e-03
4.753380885816767243e-04
1.675653376694495730e-03
1.757970444725812141e-03
1.135426867890474475e-03
1.448179954923232895e-03
4.603732329238924455e-04
5.573673858233817256e-04
1.064765760108293650e-03
4.719998904512939363e-04
1.464607951158521451e-03
2.261923446551152277e-03
1.825382590900138675e-03
1.738359054033905907e-03
2.265338084776522161e-03
1.079087293554401548e-03
1.477772142111436794e-03
2.795407711254466426e-04
1.896301068799499982e-04
2.548290496751275461e-03
9.938829783378421313e-04
1.041240432479801888e-03
1.700162140878238616e-03
6.930045912023894469e-04
1.409943736576039401e-03
4.470519628984514159e-04
9.905504262077207897e-04
1.825249021962036932e-03
3.501317767233711126e-04
7.414674222534896548e-04
5.589306841621203116e-04
2.165842792525558488e-03
1.549905366395292329e-04
6.839327895273751698e-04
1.333593478320397230e-04
5.154203976668206375e-04
4.026839590362347380e-04
8.994095739145857712e-04
8.165528754944963554e-04
5.748684127672041774e-04
5.841950416313964906e-04
1.693295490386767478e-03
7.246578077186251361e-04
1.633713955678667905e-05
3.867418416317510159e-04
3.486856872866427449e-04
6.590088091545054599e-05
1.677844104671859455e-03
7.294744615263072185e-04
4.361133700077191424e-04
1.100937208669638609e-03
7.466201236552966452e-04
1.467957468898800849e-03
1.126961872933569721e-03
1.927029877654621529e-03
4.914087564137937245e-04
1.870156678621130632e-03
4.110257628661902782e-04
1.113848210492402553e-03
1.741247444832563166e-03
5.303571592161622451e-04
4.523939364218666878e-04
2.506404511995126688e-03
1.942683797409346623e-03
9.491419168613054362e-04
1.480756493339028222e-03
1.774516358015926004e-03
2.276329446379207581e-03
1.008931603061967788e-03
5.360354300383239883e-04
6.927581226439984965e-04
1.016437666781634490e-03
9.943389406347799119e-04
1.747031906470555753e-03
7.220799684443744270e-04
1.408564105734555179e-04
3.434058696219078190e-04
5.755865790669785053e-04
1.068875007970459959e-03
6.635298099059506235e-04
5.702178171326782860e-04
5.875683815593971517e-04
2.409252610150926384e-04
2.303594494099694653e-04
1.161380486334422221e-03
5.123059783410123785e-04
3.469058469562515514e-04
5.248755970855204086e-04
3.328428065671232262e-04
3.896995128944179080e-07
3.430945456693545417e-04
7.234850604859756600e-04
1.053267099946814426e-04
1.562325512480979136e-03
2.855360916769068141e-04
5.577728996199094900e-04
3.995600653395294985e-04
8.838811210348671227e-04
1.360431082368909923e-03
4.989195597611215810e-04
7.358114036734250425e-04
3.022321010204681298e-04
6.083119887723055117e-04
4.903709759585554630e-04
1.427143629073869893e-03
1.280004905365186201e-03
1.515041120034341581e-03
6.841902196384918493e-04
5.868139483743932796e-04
2.107435589004235798e-04
4.815773141795375977e-04
2.467490342569532771e-03
6.784253599331008721e-04
7.125076406738175194e-04
2.131187473103394125e-04
1.585629050661920263e-03
1.826938208385435816e-03
1.586347475324124132e-03
9.179762050814616135e-04
1.197006521217417775e-03
9.580488907283115025e-04
8.834471459338397604e-04
1.800773632508415305e-03
8.197561849023686335e-04
9.516106713074596853e-04
1.013244225024804946e-03
2.245915218167811745e-03
2.540937063278101132e-03
9.199746148955823119e-04
2.070784460187868273e-03
1.386849108860185734e-03
1.229818374954618496e-03
1.829018082189003830e-03
6.824215317889082691e-04
2.262042922130941616e-03
1.108571842092826278e-03
8.423187739212995451e-04
2.036490825721114489e-03
2.250937187585197539e-03
2.465170395553803288e-03
1.465472915665756107e-03
4.494612712926170182e-04
7.094109236906105979e-04
1.070416876739082842e-03
1.384409167132497585e-03
5.812281161546059387e-04
1.612347941011527466e-03
3.442231428603914102e-03
1.404490236884173944e-03
2.497963498924924124e-03
1.207707796831358413e-03
2.912315053150475730e-03
1.711650380102302822e-03
1.295145903367723875e-03
2.013682971256259158e-03
2.315526723192648604e-03
2.035847899675932195e-03
3.664418066337225225e-03
2.490317074493428925e-03
7.396017877236330624e-04
2.121211245768607305e-03
1.656024003148960340e-03
1.497992351089543579e-03
2.598890972079975076e-03
3.190160190304943289e-03
1.783578878843591073e-03
1.530890605818108164e-03
1.330580707056535760e-03
2.236551037236082524e-03
1.162550374450562612e-03
4.038367086150588571e-04
1.219906071562217942e-03
2.094390435262072706e-03
1.093048823462083570e-03
2.042705851449157835e-03
1.974029722674571635e-03
2.471991774251918426e-03
3.113721424005369185e-04
3.037391484568956537e-03
2.249082235015673926e-03
1.800931024985554614e-03
2.568915239312799786e-03
1.018125011903724250e-03
9.138301732553795768e-04
1.747844824837027373e-03
4.131895588232905106e-03
7.589542513199558924e-04
1.255093552097366833e-03
1.869375971972553818e-03
1.715625220958414895e-03
1.675000484018603032e-03
2.947192669033627498e-03
1.626658341520108427e-03
2.875430907418435964e-03
1.740519289095216349e-03
3.660558876852209285e-03
2.634656021717898290e-03
8.990735925842747436e-04
1.105649001790940007e-03
2.564768006062320607e-03
1.438520156709466790e-03
2.688235062032273606e-03
2.314563418878946236e-03
2.621727714710205860e-03
4.227009145158218233e-04
9.194112138081941008e-04
6.836533269860009879e-04
1.027801684227443646e-03
2.178294387290956140e-03
2.150489782206244007e-03
4.154919756295844500e-03
1.963513133686622600e-03
1.504761497409750400e-03
1.256970718472412690e-03
7.767162768202082439e-04
1.702924671226103102e-03
1.035636093382054845e-03
1.816147553124751891e-03
1.081316166729589471e-03
2.416820571320672708e-03
1.748392416315962912e-03
1.970780595128378103e-03
2.191041680461903746e-03
2.556586572247101282e-03
2.531525724200581629e-03
1.549377078663715084e-03
9.539853569563874845e-04
1.642785090959475751e-03
1.855833974498723562e-03
1.713881665782371290e-03
1.774100335034250206e-04
2.933504140295486572e-03
6.480674069862715075e-04
5.704236891038503947e-04
5.835765545522957239e-04
1.920807151283944643e-03
2.041637714433126166e-03
2.562751994827847102e-03
1.066048276390816696e-03
1.530700968617699142e-03
1.842432066959092968e-03
2.037226638897302738e-03
1.117811100697111912e-03
1.101666622628344775e-03
2.871391342826183938e-04
2.253293919797083459e-04
1.101041738236183641e-03
1.814736218633817601e-03
8.866618656746856489e-04
1.444085677259855736e-03
4.747418428715171430e-04
7.661224163371888399e-04
6.199180487560752503e-04
2.154808900518011966e-03
9.504062585639261231e-04
1.604421231438125147e-03
9.834292065275071926e-04
3.193468701776669416e-03
5.603024654800950509e-04
7.380089219661621191e-04
3.801720051719112035e-04
1.165566115944860742e-03
1.846225196475682027e-03
1.093253313085399813e-03
7.415259655276875729e-04
3.547681504932571677e-04
1.429174607871343174e-03
3.189904278605940210e-04
1.848446478362227550e-03
1.951934508858864338e-03
1.003199860472304278e-03
2.696835066446552978e-03
3.595695614867653526e-04
1.733852516915969583e-03
2.723559997432992716e-04
4.684363917337493600e-04
2.836324175265032398e-03
3.580892967676225949e-04
2.169228468593524268e-03
7.419286638689863564e-04
8.514235854844887140e-04
9.437132464919679997e-04
8.000760983859541570e-04
8.385768425101429793e-04
3.539511920215757720e-03
7.209336272268431541e-04
1.832964024820786996e-03
7.361611376640109835e-04
9.732180129272011712e-04
6.026428907926104187e-05
2.251996265718908281e-03
1.525532457968033087e-03
2.215835410705468966e-03
2.061211220714575815e-03
5.465957493238279017e-04
2.314402681140784960e-03
5.711085280304356408e-04
3.740920610781903795e-04
3.992836155230392275e-04
1.097473413389576978e-03
4.675289683273872818e-04
2.166606162515450490e-04
4.077002997317067290e-04
2.250041809366140014e-03
5.800079114491489074e-04
1.198252107891815835e-03
1.637984483063922077e-03
1.160912129010219663e-03
6.245618796161748598e-04
7.928689851741007851e-04
6.146101186560642754e-04
9.207246603027545743e-04
1.126942594566105902e-03
1.297719960147168498e-03
1.065979058080535925e-03
8.584523297831071808e-04
1.535544655105171080e-03
7.655128043031350377e-04
1.956487259828367344e-04
2.258320141958141715e-03
1.675996134890088375e-03
1.308134562568066426e-03
1.170858065876438300e-03
4.835569199020986171e-04
6.675332286638993324e-04
1.586184913257707770e-03
5.135152743138126372e-04
1.654302042198190111e-03
1.110502291651450577e-03
7.416722218522811983e-04
1.360759915395550173e-03
1.351565439929662028e-03
7.341735116800411848e-04
7.568832869516682344e-04
8.944217661550700037e-04
1.254176853653731546e-03
2.196192849454573111e-03
1.360035167557827745e-03
1.262251180135897342e-03
1.579753726618567328e-03
1.592953414464455628e-03
8.918325284167666778e-04
2.234773767272027391e-03
1.420460486472729196e-03
1.914822637657390917e-03
1.994971627773102496e-03
6.915467397856783771e-04
1.250721862079746559e-03
8.540314822687555254e-04
1.706251114143688471e-04
4.828866681794394830e-04
1.021384142056566750e-04
4.743789836085730263e-04
3.259305291633172140e-04
1.078228254874567501e-03
1.091470563631203108e-03
4.966180568682410134e-04
1.761745983549536628e-04
2.202258230709026659e-04
8.954586420138813119e-04
2.154842010361875983e-03
6.604354921899359583e-04
4.005159262737032432e-04
2.516981783899058245e-03
2.175538687949109436e-03
9.227410805830021381e-05
1.579997069661697720e-03
4.555868567395981680e-04
5.693282407668586202e-04
5.434224924128907381e-04
4.885804004552896573e-04
1.043641203597432199e-03
2.135271762727105217e-03
8.290004799544651529e-04
1.192870869097026939e-03
2.266511777158326595e-04
1.073079179453870170e-03
1.215500125142303205e-03
1.587402451080908430e-03
4.403654868000240270e-04
1.188021549984767840e-03
7.033979753000431205e-04
8.361785900776501834e-04
5.719554769730625767e-04
8.442860424398367742e-04
4.294496301391463621e-04
1.363847225470965095e-03
1.993098711353038979e-03
5.251621308422651071e-04
1.063108708233290482e-03
1.468417005664639187e-03
8.364534757272734612e-04
1.247596428760383873e-03
5.240087344080480080e-04
1.087813581822146426e-03
6.743502178824604390e-04
7.440377566458338974e-04
6.456912818415299271e-04
1.150948921869247334e-03
8.112635647971001493e-04
4.842890405750998641e-04
1.261010877190195173e-03
5.801666173255748968e-04
4.668995023781622399e-04
1.904668714270416887e-03
1.505240165196487703e-03
1.850026178400117870e-03
2.491590688800307931e-04
1.078451132166952315e-03
9.258747136646091854e-05
1.438385738889144021e-03
1.547288710041799624e-03
5.667929981784914587e-04
1.619612509087727144e-03
6.523215364037852990e-04
1.206357612520445304e-03
1.186508396140618319e-03
1.313911288891872736e-03
5.857948660129144247e-04
1.026132964528326044e-03
1.019351006355465354e-03
5.543913655177419401e-04
7.995570205071780975e-04
4.924410540490729805e-04
1.584123376832024350e-03
2.717493052828669686e-04
1.211637939347319981e-03
1.091173589498618509e-03
1.434173700129670994e-03
1.597769677280446267e-04
3.487828579215733645e-04
1.154489023153786910e-03
1.715360647156435620e-03
7.714275891140364013e-04
2.836811946468894099e-04
1.961846021494367213e-03
7.035534774613138578e-04
8.958547354241687931e-04
4.402025443179194029e-04
6.485238886775761052e-04
4.126812470654356844e-04
7.942135898160280431e-04
1.000705231274920176e-03
4.633860090818449611e-04
7.432498262810388959e-04
2.948392687265668512e-04
1.477079477502760054e-03
2.494388486765883621e-04
7.697942637163791065e-04
8.712562692156176208e-04
2.953239276696524173e-04
1.397030997391318467e-03
1.563524339738549740e-03
7.091818598096068932e-04
5.299188681509428756e-05
6.960211234274507781e-04
4.025859380440124295e-04
5.416536365267911411e-04
4.934937351879369229e-05
1.809150584879995168e-04
5.745715789451102343e-04
1.191458263846341100e-03
1.642164732700317946e-04
1.992971638691175967e-03
6.703909602949262433e-04
5.283885080694825055e-04
4.734636771073958989e-04
1.162782100819951571e-03
1.062332294730205552e-03
4.260728718262206415e-04
3.011858182173494350e-04
8.945071001814646925e-04
8.809514745560773118e-04
6.971150057662937969e-04
6.134496626442226567e-04
2.212541879246228936e-03
1.365464796416085251e-03
5.695003382361425639e-04
1.305896145137958909e-03
3.365618407448240528e-04
7.017747031766207247e-04
9.775670760299548338e-04
4.426278917191724767e-04
1.872419870338463575e-03
4.639741219194732421e-04
1.274841584054624136e-04
1.491742855535727443e-03
9.063359294801357369e-04
4.690204080333874653e-04
8.745374541457682930e-04
4.744782062782920478e-04
3.259983383143346411e-04
1.431440972394041559e-03
9.490697730041971136e-05
9.282847508376429599e-04
2.628011371029899922e-04
7.800734519506435189e-04
8.842687564276115316e-04
4.280199692639340570e-04
3.194704797393721181e-04
4.237201766197205735e-04
8.879556733883954512e-04
7.420934733360179348e-04
1.209991540799102653e-03
4.394681350863203183e-04
9.935594420940197912e-04
7.949576234313369353e-04
1.202519553757403631e-03
8.985775026769425100e-04
9.185684884444830257e-04
6.739763952849019916e-04
2.014037283071779764e-03
7.140158898292325688e-04
1.866445089975616147e-03
4.313052101226313626e-04
2.303701509287699753e-04
1.162952653606416252e-03
5.291449270741831017e-04
3.105036416967683725e-04
7.720010193640850123e-04
5.142521031142042228e-04
1.500103665210170611e-03
2.275989014479585897e-03
3.003737353423306927e-04
2.539221474626233424e-04
5.289957565382222456e-04
8.192162032972856878e-04
8.834402205346860923e-04
1.402946984203822141e-03
1.201833938533780095e-04
1.815148378647003606e-04
6.039087806353300378e-04
8.990538218892480922e-04
1.036741180727221478e-03
4.763207809938700189e-04
5.467623889450424135e-04
6.928336971633819409e-04
3.197941722573374441e-04
4.433773067198151351e-04
7.617045463384754201e-04
4.265544186116047940e-04
1.906558948742040913e-03
4.244964725551276337e-04
8.713517441839230618e-04
7.634829198107537197e-04
4.268645956017809055e-05
2.671929949377254950e-04
7.875720415507615844e-04
1.369331310857680633e-03
4.989824078789696681e-04
4.880399253164850086e-04
6.228115621331741262e-04
1.439805340086990201e-03
3.962372137090500982e-04
8.332060525333551257e-04
1.434030357361311533e-03
1.239529397660673118e-03
3.779798212190520917e-04
6.556738407266272679e-04
2.424107374456540263e-04
1.254098533170526540e-03
1.097462359767898202e-03
4.032193326141193693e-04
7.796614565617666524e-04
1.008326911752421970e-03
6.020352515257829541e-04
1.548752336574381674e-03
1.374975023255523877e-03
4.481160224838621337e-04
4.435343232948774539e-04
1.390576467437223181e-03
5.777919016497433911e-04
1.576216471331023006e-04
1.943023596111647505e-04
8.244769470230102352e-04
1.130323622785306588e-04
2.851657898123907122e-04
8.375631182709678251e-04
5.380497809522470686e-04
3.592287550143639192e-04
6.671262565251258846e-04
1.170716050187876889e-03
6.227810203431351482e-04
9.580685074109555541e-04
2.167762213951447432e-04
4.466271051394852848e-04
1.071179498032746782e-03
7.227635619750708267e-04
7.932193993042963975e-05
5.408659332386548313e-04
9.289713905998656096e-04
8.552626867625078358e-04
1.478488848775274034e-05
8.589571528152429181e-04
1.213903582254744536e-03
2.407659839602189567e-04
1.854795056759773759e-03
1.731885264466663911e-03
5.612341292819344015e-05
3.683652668923410194e-04
6.533070946262815805e-05
3.959594227394967096e-04
5.715596594320623619e-04
1.513233699554840600e-03
1.652290182681046395e-04
7.237101318032869478e-04
6.217780719280405861e-04
9.414098800894770292e-04
8.391780263676972993e-04
2.588578203023599793e-04
9.297771592406589743e-04
1.277123353097747672e-03
9.458457478731801139e-04
1.923166207554729233e-04
1.506785765786868502e-04
7.774673209425702648e-04
9.966057512690745281e-04
8.651365727484574587e-04
7.463731715842904409e-04
6.886901561097564638e-04
3.306307983893843326e-04
1.134758323602164413e-03
5.768706267180506633e-04
7.938612775150258056e-04
1.143518704763086700e-03
4.401961826285268422e-04
2.304245166537841148e-04
2.330644217951288570e-04
3.040493732243228415e-04
6.532496789766763755e-04
2.205160231602821511e-04
4.111029703767004836e-04
3.036134495029404524e-04
1.019214014247484543e-03
3.339417401930162886e-04
5.911724647976178854e-05
9.015365599026304265e-04
8.220523772221681978e-05
