4.663240754619951516e-03
4.630017437884778077e-03
4.403068329351638409e-03
4.462479635707517975e-03
4.208900709489787895e-03
4.032430075223578277e-03
4.141482560715406547e-03
3.681476113091729924e-03
3.644128433769753140e-03
3.613462651534025960e-03
3.667628199211570884e-03
3.544386916783937892e-03
3.413200462536070991e-03
3.299627571452620756e-03
3.157409284865129659e-03
3.046100830319141070e-03
3.177083227863377723e-03
3.146328768468825785e-03
2.939630386232313427e-03
3.028947632730096332e-03
2.835651399169270351e-03
2.758627316676585603e-03
2.518758289961067157e-03
2.724147608915282025e-03
2.778083308699177967e-03
2.453860666274280088e-03
2.601443786233670775e-03
2.305945947380377923e-03
2.638803946580709544e-03
2.461922788676881250e-03
2.026426636195549809e-03
2.146193617677108478e-03
2.048897811086842699e-03
2.100382140334464132e-03
2.029041487930479098e-03
1.936911987181499017e-03
1.744344862776301026e-03
1.881818840618664467e-03
1.821273590719020346e-03
1.765670952523214167e-03
1.617065486875117909e-03
1.877590247859919816e-03
1.592319715479255729e-03
1.836876668075585178e-03
1.793441320795584326e-03
1.578997284488086036e-03
1.620589155124010396e-03
1.714457260371251646e-03
1.412911183922771529e-03
1.652059839478007934e-03
1.582540455107586501e-03
1.459044845429087033e-03
1.437841766458985721e-03
1.486304133493540581e-03
1.360901317010201807e-03
1.372719784198938968e-03
1.349054586951524849e-03
1.414800614838556715e-03
1.358821917461972353e-03
1.201189427026695981e-03
1.323486515337442878e-03
1.442237149735733654e-03
1.368803565895770381e-03
1.396255737785304747e-03
1.351010251358527236e-03
1.346474652677605386e-03
1.441594868743536562e-03
1.302433200781733229e-03
1.053099822748664602e-03
1.233292496480210658e-03
1.003231625660664164e-03
1.292815634223018397e-03
1.128473430220830812e-03
1.412871155469295212e-03
1.118776814578799524e-03
1.364752384511211175e-03
1.173025268240232609e-03
1.134466162559638917e-03
1.340307830783967011e-03
1.063100283485595224e-03
1.309168312617877642e-03
1.418554459653395463e-03
1.146853978009835422e-03
1.141095410096297155e-03
1.042554853083662528e-03
1.239435197664467362e-03
1.247484622634161336e-03
1.180787011494828509e-03
1.127952469119402603e-03
1.224985027871522848e-03
1.444172391898597418e-03
1.101431745492337721e-03
1.174982586447641513e-03
1.121886790634009975e-03
1.250218714955226955e-03
1.060340569474629673e-03
1.218703260832192667e-03
1.213819776805056790e-03
1.024523537108767892e-03
1.427018055217252161e-03
1.298711661228135099e-03
1.079659169437538393e-03
1.165332149398586210e-03
1.437233372768714768e-03
1.232152189235137573e-03
1.226016909479162248e-03
1.073883558185033437e-03
1.487689936355033596e-03
1.320103257221874214e-03
1.344158703050443845e-03
1.128384231258632107e-03
1.561987638006011011e-03
1.211851645284762156e-03
1.254257870816241106e-03
1.133648775506026487e-03
1.208612627806659491e-03
1.594838048465913906e-03
1.695293401128234205e-03
1.309636498099858541e-03
1.377560097497766917e-03
1.341515734628030872e-03
1.335025488765897864e-03
1.605409395380526412e-03
1.458510493978193304e-03
1.343936109388077157e-03
1.091075540660634263e-03
1.077338847126268822e-03
1.365166842244585396e-03
1.091442833043507633e-03
1.159748777661275812e-03
1.294843516642947556e-03
1.146035830873142099e-03
1.163562448628571722e-03
1.017745712831091267e-03
1.346011608893113269e-03
1.231266573329074278e-03
1.111678015660725813e-03
1.170981802771758114e-03
1.092647340249060673e-03
1.172949473170154053e-03
1.071299912447021751e-03
1.193465333248232936e-03
1.110283655413968427e-03
1.378109990501901394e-03
1.304611209800446122e-03
1.139387950158143306e-03
1.309852345087206878e-03
1.236582168953012130e-03
1.149956513248741839e-03
8.952417954765450568e-04
1.159571289643938257e-03
9.916747071673076824e-04
1.160110604099870608e-03
1.179240210222167167e-03
1.112028758481835864e-03
1.166641418026110851e-03
1.099563595839232136e-03
1.364391942183484615e-03
1.102525917920298398e-03
1.416274091067940867e-03
9.638276799780893514e-04
1.013332835552004573e-03
1.222942829145758428e-03
1.289300054066792878e-03
1.085391176708440202e-03
1.020059810821616906e-03
1.196710623350931120e-03
1.100128649265060899e-03
1.071251770070328312e-03
1.221751115474446281e-03
1.374981757236537526e-03
1.028169679544469958e-03
1.394138887275696986e-03
1.138403303002513993e-03
1.178358522491473924e-03
1.323512489997238310e-03
1.152543120266181576e-03
1.056929711042336410e-03
1.002088214497361216e-03
1.020129346504175223e-03
1.375509919940142746e-03
1.355663885632454966e-03
9.838299894991899171e-04
1.248504366056608092e-03
1.254917563830083675e-03
1.191073675267691548e-03
1.503314332482311166e-03
1.538488488219117226e-03
1.106949311807756998e-03
1.212873373925197826e-03
1.262912153483448322e-03
1.233928904923212990e-03
1.413207755414663857e-03
1.171674639320939440e-03
1.200377034743930257e-03
1.293242919217314248e-03
1.398561984275185650e-03
1.342793989702960105e-03
1.416835290460219648e-03
1.316920890818038328e-03
1.124921420210766004e-03
1.139017103697320243e-03
1.390867951781316579e-03
1.111247568536599412e-03
1.361760287530604848e-03
1.112335253372949461e-03
1.333001247580168497e-03
1.152073489738484995e-03
1.099478746846427671e-03
1.213574735475441216e-03
1.143965566006223270e-03
1.177016908877488374e-03
1.288293819212368548e-03
8.896378819926925108e-04
1.126778162411327597e-03
1.105237641747996123e-03
1.206916363098153042e-03
1.197350258734791208e-03
1.170959252869543726e-03
1.036122887112972922e-03
1.088271495880709788e-03
1.313362408174917036e-03
1.150978910964341705e-03
1.140803556340591780e-03
1.137626490331408377e-03
1.093595528622752066e-03
1.354528623886540762e-03
1.021498316023376979e-03
1.155468286385259464e-03
1.199242176289530819e-03
1.067012460633835324e-03
1.219430303769031276e-03
1.056032772928922623e-03
1.044231556753861395e-03
1.056043626360565410e-03
1.417683472288641666e-03
1.060714926623886490e-03
1.042225836824426516e-03
1.072924580108762949e-03
1.052014063888602512e-03
1.041292701922350624e-03
1.019149141388644292e-03
9.647814851622564568e-04
1.098624105196485288e-03
1.073214803877494804e-03
1.064693875189053193e-03
1.426997246570570980e-03
1.187250939523955750e-03
1.012418974177834710e-03
1.002503672197116620e-03
9.338855991082302237e-04
9.362733017423689914e-04
1.187956916669440435e-03
1.134819442102908554e-03
1.109315602345288271e-03
1.123544957412281591e-03
9.942678702774252787e-04
1.112624651712007702e-03
1.038336114680626053e-03
9.713343928669218499e-04
1.034085319765706877e-03
1.022657014415512136e-03
1.079429111730681803e-03
1.252689798713777164e-03
9.290687378486280242e-04
1.129641569089091411e-03
8.908497843676825480e-04
9.532420855984333760e-04
1.167516308040441415e-03
1.108397415329613698e-03
9.324058400137393140e-04
1.010963099231724106e-03
9.106422999000385321e-04
1.120492435084319760e-03
1.001432863201791529e-03
9.877579693176974200e-04
1.263310451998394569e-03
9.185768681946683339e-04
1.123641012532860476e-03
1.018656899438056748e-03
9.729471760481461610e-04
1.286843331819009740e-03
9.578943247356071526e-04
9.448435820242056388e-04
1.058524223715215764e-03
1.093775042425886111e-03
1.209744676341262953e-03
9.963966670832164439e-04
1.092447902621122456e-03
1.134118800774562043e-03
9.228957105693825960e-04
1.052385707480959099e-03
1.183236971661296832e-03
1.172331106519661345e-03
8.260592700958989615e-04
9.696524022775369032e-04
1.243207744259538844e-03
1.381595495671659101e-03
1.022754370222467334e-03
1.062318070014539118e-03
1.105737531927457676e-03
1.278734126480719248e-03
1.188604420659632351e-03
1.006363274854272724e-03
1.158296910495074800e-03
1.020778095247471765e-03
1.127586428375774389e-03
1.032590282074534634e-03
1.291093749620749473e-03
9.993116774976538042e-04
1.267683091220030362e-03
1.028484726575320824e-03
1.065821420801547469e-03
1.096368769469660640e-03
9.839419870256995663e-04
1.060230389791919341e-03
1.154221611671476470e-03
8.751528926385286579e-04
1.172674278058316458e-03
1.183225581563105170e-03
1.069569618482404429e-03
1.096561560813252411e-03
1.060230583899028634e-03
1.164812844944693518e-03
8.811595008921809880e-04
1.019130245120275242e-03
9.344005510791498137e-04
1.006900262113951229e-03
1.230128985689191981e-03
1.241964463599497682e-03
9.658008035354401742e-04
1.098261803115414999e-03
1.025165409220951587e-03
1.069157997492447849e-03
8.959647886257694673e-04
8.934889578733839176e-04
1.046938289310800005e-03
1.045899727986833883e-03
1.179829508135533294e-03
1.137137216206518921e-03
9.610755712839203803e-04
1.035013135236228024e-03
9.302856156898175848e-04
1.032875394721261258e-03
1.084831998007018032e-03
1.092643219221187123e-03
9.192784312658257209e-04
1.100228896024972071e-03
1.240940658135143010e-03
9.671057254264361566e-04
1.028224723146587642e-03
1.189029887829990816e-03
9.119110540098962232e-04
1.033135167101722780e-03
1.121119081040466070e-03
1.023953925514863288e-03
1.289186280575410019e-03
9.866827764973902688e-04
1.271266931188254606e-03
1.104548085139200496e-03
1.066870506319495806e-03
1.360106410303771243e-03
1.115345264365730053e-03
1.194694455615058536e-03
1.245124694686553304e-03
1.138782906981238019e-03
1.229669227583314248e-03
1.140606775373373318e-03
1.102027464457196008e-03
1.062007522115311717e-03
1.079809959726661358e-03
1.161471101955202818e-03
9.655960245964409754e-04
1.019491086427417714e-03
9.927752634212119211e-04
1.299376138418294278e-03
1.000007601090085498e-03
9.799972039052644475e-04
1.165384833795097847e-03
1.012229541286427913e-03
1.109077926883733807e-03
1.407526599250636182e-03
1.147211105266177263e-03
1.112184712898878170e-03
1.241317104795559845e-03
8.758804430752703714e-04
1.220161041526859847e-03
1.060547070242783821e-03
1.087984692013263706e-03
1.071757122727872357e-03
9.748849046424665947e-04
1.106067346219259933e-03
1.143147922431829444e-03
1.322834657601633683e-03
9.127456966761797073e-04
1.006075335914096390e-03
1.014691512929121126e-03
9.604050024528810016e-04
1.145361470347864294e-03
1.338983440065181531e-03
9.522654972536631493e-04
1.024944592467197119e-03
1.046725969901167713e-03
1.194210894496053636e-03
1.043686273599323151e-03
1.029688532097033492e-03
9.971025733524401056e-04
1.158440892533095772e-03
1.153981799409707371e-03
9.926588414704208985e-04
1.028578619011109993e-03
1.131196220207051056e-03
1.033308907659704051e-03
1.188933641763845715e-03
1.011619851645148343e-03
1.141342521937043766e-03
1.080947226346867102e-03
1.036146455146288005e-03
1.328706980969831218e-03
1.105123938099078842e-03
1.175679585925625079e-03
1.164301418909578214e-03
1.318915047047914324e-03
1.057143977244193525e-03
1.205394314506791527e-03
1.020182037524469763e-03
1.072045917990355375e-03
1.153876693375264616e-03
1.189254738915818121e-03
1.128229048053160533e-03
1.417747382154113927e-03
1.143713143043097961e-03
1.092316897560008382e-03
1.055259824442287024e-03
9.460990341304826700e-04
9.602782131064610364e-04
1.055373942620006864e-03
1.251703873747390689e-03
1.235113641155501443e-03
1.323792324617149201e-03
9.039685090616287905e-04
1.093882716216539215e-03
1.062426720226161908e-03
9.661437409175753759e-04
1.017336310694836156e-03
1.141653439591071729e-03
9.729302912017767733e-04
1.247813639354782185e-03
1.066059655038195837e-03
1.207057867954629922e-03
1.151642197996689604e-03
1.268571028169302849e-03
1.374360245756172392e-03
9.450016993197477271e-04
1.314774369951665980e-03
1.054728307274467591e-03
9.758662194517857746e-04
1.094547035387703369e-03
1.078668365462346658e-03
1.084371116156420409e-03
1.140353559950980748e-03
1.205824089341675856e-03
1.189346109601141510e-03
1.006584122421865651e-03
1.242456135764426466e-03
9.657506876552918954e-04
1.100912497511608848e-03
1.069700527819949891e-03
1.022202640668224902e-03
1.360676671549761012e-03
1.227195025439124917e-03
1.065633277439333084e-03
1.024342101208652054e-03
1.020453815236566997e-03
1.082969846561626604e-03
1.157128838776278141e-03
1.021197882359672253e-03
1.080022527281264367e-03
1.031409279004985623e-03
1.191441600800484130e-03
1.047999067603632957e-03
1.089507396605563037e-03
9.933481707769071731e-04
1.152846112971066435e-03
1.186037843021219050e-03
1.092074443464114341e-03
9.924116458932142476e-04
1.032931192929923293e-03
1.150160999429413258e-03
1.084397372186153606e-03
9.840195366800186076e-04
9.930635334942457173e-04
1.165043710255609256e-03
1.018828233438947043e-03
9.867791916653287018e-04
1.038422404702717952e-03
1.187524478536252856e-03
1.055205651876489018e-03
1.261970565973421186e-03
1.105235666650687763e-03
1.073783639680389850e-03
1.003424700184348591e-03
1.148473617205811098e-03
1.146873188106871519e-03
1.022107886455754684e-03
1.023012894027788009e-03
1.161854455292591747e-03
1.069887259679613368e-03
1.330287829604172344e-03
1.086456223217258012e-03
9.774068089307196092e-04
1.135522688675062210e-03
1.067195829637508165e-03
1.059423612020443314e-03
1.100927620279403170e-03
1.000238768570877379e-03
1.087021935211798492e-03
1.057672425371585347e-03
1.254902757065243842e-03
9.798011746134213575e-04
1.172466965421689036e-03
9.138046283738595049e-04
1.042158820305759794e-03
1.197970297281419991e-03
1.170726111015710919e-03
1.237894989615992251e-03
1.093903668570069985e-03
1.054566389841165913e-03
1.026995045880624118e-03
1.279218429146730457e-03
1.138469643244730510e-03
1.088693680668682395e-03
1.073799745433044999e-03
1.119814094756312398e-03
1.085716274694618205e-03
1.036329348709088410e-03
9.101061190782354891e-04
1.081452390032913626e-03
9.730297642751165391e-04
1.115196420676564052e-03
1.004145846521156465e-03
1.156657127950450970e-03
1.137116389837238093e-03
1.093049899909491560e-03
9.942323861786338344e-04
1.203626349450246692e-03
1.088271502312221795e-03
1.077833262792454727e-03
1.108289196828161124e-03
1.109314193187023153e-03
1.058695844780691052e-03
1.111270128750987008e-03
1.002163630547499556e-03
1.134299900182986817e-03
1.101296199057695546e-03
1.112853283280104905e-03
9.705286590950983928e-04
1.061750304104348234e-03
1.096672918401529447e-03
1.178524036433505973e-03
9.868669553113051940e-04
1.159939249254042124e-03
1.070485200815812690e-03
1.211978975790982144e-03
1.092099262943158153e-03
1.034674800030139976e-03
1.105903444081146516e-03
1.147075486370835104e-03
1.079645296064636953e-03
1.125229341950696651e-03
1.181405061264328852e-03
1.420017874690864424e-03
9.103255443556007662e-04
1.031095480926972393e-03
1.084440607562203339e-03
1.313189333888911074e-03
1.064894581567955292e-03
1.118577213169162166e-03
1.174536209273221912e-03
1.125351190429515168e-03
1.137279250910929558e-03
1.241671338186210770e-03
1.338216889772764510e-03
1.018245960032861021e-03
1.155775591932911486e-03
1.091307632941638682e-03
1.175007632763916832e-03
1.104805985124578853e-03
1.222746415712426971e-03
1.428737652990394848e-03
9.945223237733820908e-04
1.135368387369376690e-03
1.155237158961803720e-03
9.858012625811130112e-04
9.589638075781550244e-04
1.159756650991865517e-03
1.080456879784655972e-03
1.172071079419428940e-03
1.259639535822169951e-03
1.112735898655151708e-03
9.479331249011657776e-04
1.076204861634349899e-03
1.108462658578271941e-03
1.100933306433973802e-03
1.116445351207906054e-03
1.033686103214386497e-03
1.021998079959549922e-03
1.149561582496944241e-03
1.103338278771351854e-03
1.075122419400061525e-03
1.100420036990434544e-03
1.194532682759641895e-03
9.730280833414302420e-04
1.104450819337349579e-03
1.289051503132401019e-03
1.217852279982411558e-03
1.077640461851281329e-03
1.070243695123785158e-03
1.002865813064539877e-03
1.174081033819306293e-03
1.044929298692374000e-03
1.079022129508530213e-03
1.034893761729179570e-03
1.164209733759445815e-03
9.929285090930811859e-04
1.229672675968934703e-03
1.122394847683059246e-03
1.176988752588875890e-03
1.062739475552226765e-03
1.084817445992779673e-03
1.112424561666767878e-03
1.106843516418033919e-03
1.162247687717108237e-03
1.109965408588767938e-03
1.188583017434262368e-03
1.055767513262013827e-03
1.073045680141643862e-03
1.041809567934446528e-03
1.035008718097790020e-03
1.301529138834212193e-03
1.166996014317384957e-03
1.127232238110642678e-03
1.057949540049373362e-03
1.197511898721935041e-03
1.114926287652007490e-03
1.124214622931749051e-03
9.203193043551092124e-04
1.091688405144343585e-03
1.025340589380828666e-03
1.145254957010254961e-03
1.314076792850840062e-03
1.161037398741451062e-03
9.673352684581440009e-04
1.097056074852161911e-03
1.164883730221145941e-03
1.218174175044556143e-03
1.129121292333589485e-03
1.318504109064412306e-03
1.313539604971949559e-03
1.262988745429009362e-03
1.117981326837697627e-03
1.173560252530373490e-03
9.209536714274835613e-04
1.157645149662315642e-03
1.135508422591445044e-03
1.039975163035007427e-03
1.187715792893287913e-03
1.186888024412368920e-03
1.163531349393758050e-03
1.043076214737627188e-03
1.173212591445868059e-03
1.158324771646654632e-03
1.090420429024622617e-03
1.096187923389211651e-03
9.869608122879216551e-04
1.137970461800766331e-03
1.346857625090553236e-03
9.925422046219746497e-04
1.270584836321934181e-03
1.061428983168560564e-03
1.218237759562218079e-03
1.097584307278693565e-03
1.211097246153585100e-03
1.123801792339535139e-03
1.156316159611046283e-03
1.223152893595173254e-03
1.168513418252787369e-03
1.237972180846205143e-03
1.142981563166533101e-03
1.208031861327545781e-03
1.157887487850422191e-03
1.186367637298482020e-03
1.163798560366589678e-03
1.015324100034856224e-03
1.072854759946933328e-03
1.038915572696910141e-03
1.265248575186884300e-03
1.183666960231186983e-03
1.123159361903894315e-03
9.838697446445405365e-04
1.101241949999225969e-03
1.166225019396433579e-03
1.071500923394522707e-03
1.203917123657513360e-03
1.312427589057583001e-03
1.053374723738807316e-03
1.282884923491124695e-03
1.135588077985052319e-03
1.102505383441081772e-03
1.170473881429289148e-03
1.130014539781752647e-03
1.289382597400705018e-03
1.204722381428952960e-03
1.054365553778934201e-03
1.212210831472102781e-03
9.927560138030442315e-04
1.068083741286822560e-03
1.243010315620018957e-03
1.037145241984480581e-03
1.140062400582351207e-03
1.249611054131566715e-03
1.057485242668751348e-03
1.326092370715535812e-03
1.060808188948556777e-03
1.188796701496370751e-03
1.278246848358727478e-03
1.353485470977853697e-03
1.222362353752529931e-03
1.214389642376488120e-03
1.165921274400977302e-03
1.037797961467708642e-03
1.241452009392101773e-03
1.070883327059670917e-03
1.288713801902626041e-03
1.083663701997516875e-03
1.220112886265064785e-03
1.048278442452047583e-03
1.122494146678096674e-03
1.451620981746104370e-03
1.221223702926337810e-03
1.120903296962034740e-03
1.283944734865977502e-03
1.230582217337691060e-03
1.371849036228413787e-03
1.145996088916109755e-03
1.209085954999981590e-03
1.437532693552338653e-03
1.199823710307836890e-03
1.242701260384020470e-03
1.136439566472321029e-03
1.148001367882926869e-03
1.200390993924553519e-03
1.282109173388130702e-03
1.021657791247236602e-03
9.681399275949081331e-04
1.231163288326526028e-03
1.270335271512366884e-03
1.282176709792469263e-03
1.059834214862619833e-03
1.091699128926158172e-03
1.084923590549783995e-03
1.075095723174290937e-03
1.231962187440092601e-03
1.170396465874805076e-03
1.225904997693751716e-03
1.247369793653298371e-03
1.241920547948712969e-03
1.299339887572602921e-03
1.070766575947332050e-03
1.145874655067313395e-03
1.190312709829353076e-03
1.230643554811872023e-03
1.212016648194772818e-03
1.160616328575414871e-03
1.149914549811583558e-03
1.106146721422076283e-03
1.051681783506571311e-03
1.103854743978426207e-03
1.190595092857954420e-03
1.337898527807077900e-03
1.318234069444011464e-03
1.313692007418398779e-03
1.207870042552935345e-03
1.227546877651839157e-03
1.143325952347638407e-03
1.335003311742610213e-03
1.263330236928292315e-03
1.222173793446510327e-03
1.032464815106396089e-03
1.320725901308313164e-03
1.230193182120293540e-03
1.317679464840295148e-03
1.153780643949216950e-03
1.162405687844892841e-03
1.206135843261224843e-03
1.156644910267274609e-03
1.209459898096310396e-03
1.125939735907381103e-03
1.063282173396465184e-03
1.267765696725069256e-03
1.237842277498155813e-03
