3.477848366756433753e-07
2.281236222050614376e-05
1.008705498750021276e-04
1.720966548472668801e-04
2.753752045477653277e-05
2.298491735941653158e-04
1.723803990747535487e-04
1.243035885276859584e-05
1.072209475021402441e-04
1.282293370157293918e-04
2.741311315595076404e-04
5.219140221177893208e-04
3.830701080512172825e-04
5.846536126394518959e-06
1.508349057040381616e-04
8.825703945928312305e-04
5.436117025136328343e-05
9.534226569467154451e-04
1.041545644739655819e-03
1.727954453099860444e-03
4.817389170486515359e-04
8.498833938327790593e-04
6.635832367610008118e-04
4.830251710338421363e-04
1.626716442230123670e-04
7.333582734592567929e-04
7.439571382744935863e-04
1.198026189885793760e-03
1.637147931513912268e-03
2.878602233465077202e-03
7.596372013515366450e-04
1.552821308442824252e-03
3.596967288905993706e-03
9.083012348394471809e-04
1.848994798132519131e-03
8.461443781805561611e-04
9.842206964706524779e-04
4.195475167406489004e-04
1.456966579652118699e-03
1.095172588943306392e-03
2.375929375504805350e-03
3.080820800417197972e-03
2.081579472600110590e-03
2.052028626702538834e-03
6.955912842445664303e-04
1.485128234598443592e-03
1.728098229034189578e-03
9.444518148083992605e-04
1.873661784841221516e-03
4.955101375747431600e-04
1.297128983424694583e-03
1.838026453204220445e-03
2.538028941997446525e-03
9.866512229880065963e-04
1.116544299687008846e-03
2.672382655706588041e-03
2.475373265176929356e-03
3.658897043174904554e-03
4.419786921720984894e-04
4.455413236885602036e-04
3.163950259850326161e-03
1.846580724480479090e-03
7.435655103932713346e-04
2.603181719514808829e-03
3.810226170063104548e-03
1.344847513509834624e-03
1.768499079008964718e-03
1.031989292948334077e-03
1.270479383746378780e-03
1.364895034446069562e-03
4.843213278424750128e-03
1.034152402467873903e-03
2.272326352266066437e-03
2.309325706300803418e-04
3.342343160981570312e-03
2.214483096490548787e-03
8.338789199379038767e-04
2.648215608283556542e-03
1.111641752440449375e-03
7.224902089416965212e-04
5.484728694915464060e-04
6.206626255189875334e-04
3.552294297298339487e-04
1.572739854171470832e-03
1.067998266052468592e-03
1.730868259515800332e-03
1.759013930810194573e-03
3.896002697652381584e-03
2.854934835958168951e-03
1.182324782474169882e-03
1.629984812480124749e-03
5.516052601785951821e-04
1.956023272155502871e-03
2.801633855873477547e-03
1.954887904444300040e-03
2.065850944966777288e-03
1.737699820040127430e-04
1.639399971167774823e-03
2.016256161710012693e-03
8.504756511626889327e-04
8.278950561339254574e-04
1.983479470292568575e-03
9.477892275584654403e-04
4.907165866537204846e-04
4.238393821079560267e-03
1.537146636303005163e-03
3.642662932339238435e-03
1.431992363168401155e-04
3.874659751576969196e-04
2.536243330048175947e-03
1.347202921459349180e-03
1.321531990557498794e-03
1.163486297467977368e-03
3.648008142473980423e-03
1.300216733497382279e-03
3.724195614929546108e-03
8.025912663592613214e-04
7.514534029813148925e-04
2.943043369173503187e-03
9.260811295993646997e-04
3.455082406281419043e-03
1.393737912183018934e-03
9.062292907839557656e-04
1.918285627576886117e-03
1.356093471845514539e-03
2.362998649610373574e-03
1.545395556437781674e-03
1.797319805614859892e-03
3.641275361921095331e-03
2.911457758413622809e-03
1.990514241785154483e-03
3.654137474161407630e-03
2.768027435824433561e-03
3.552528174000403171e-03
1.572676813748162886e-03
3.110733537905533991e-03
1.323961816879729188e-04
3.517870637713500261e-03
1.575349400220943602e-03
5.040668210530460137e-03
1.225124101661088363e-03
1.231400900478122305e-03
2.990602095496305499e-03
1.384389187644983945e-03
1.862382413870240696e-03
3.021614241575913944e-03
1.536073869920625548e-03
4.887386365699319425e-03
1.970118370831686842e-03
3.254824812617161840e-03
2.319946654184123786e-03
3.489868391923217975e-03
4.691546469489267339e-03
3.471005587973905772e-03
1.881965002007081333e-03
4.143755716800218841e-03
1.885963738014940659e-03
4.517403573673925768e-03
3.547738769941132918e-03
1.867529505458129496e-03
3.487902681225825939e-03
2.425426324131588814e-03
2.841577860884636660e-03
4.690259380045578783e-03
4.555027226404380174e-03
3.661059421919846211e-03
3.145788471523457922e-03
3.003466119986790243e-03
4.639219097994232502e-03
6.100414937252818942e-03
3.532476184329974567e-03
4.063988767576792206e-03
6.241665895653425097e-03
4.833400270064958960e-03
3.893946572459869131e-03
5.336630374423932156e-03
4.117642838287963701e-03
2.337937059921893403e-03
6.066391268094460665e-03
3.903709706838998355e-03
4.500518551601268361e-03
4.716957185539477800e-03
4.233445925482945231e-03
3.685122280499655064e-03
8.094014647070357435e-03
3.991193130874339662e-03
5.242009622675497700e-03
5.504422589821860758e-03
5.155028030176994451e-03
2.831772952715826130e-03
8.158953365228921797e-03
3.124179275063380858e-03
4.744373618609433289e-03
5.689967385779449820e-03
4.127100160976141137e-03
7.375175926033208755e-03
3.967319519958505472e-03
4.422737409685707603e-03
3.280755946069075727e-03
3.832821138466085097e-03
5.566122103406430724e-03
3.868165261145339959e-03
3.572919707861505877e-03
7.313153360932797727e-03
5.795455734350798624e-03
3.639781878840591799e-03
5.085739074508011451e-03
4.694598757263988842e-03
5.132907054040063144e-03
4.587772838878584163e-03
4.745548501781624538e-03
1.429396970313439718e-03
4.178499752109619825e-03
5.081786077693144048e-03
6.175531877220469604e-03
3.514581540756328733e-03
3.395654484037102620e-03
7.268370801324949664e-03
3.254038135623979391e-03
2.444265099156891618e-03
2.594719818992359713e-03
2.391437011269621684e-03
4.960390182513382297e-03
4.377050186321966921e-03
6.519075020426435760e-03
4.756716914823473294e-03
3.571704054625536497e-03
4.250449614927065758e-03
4.504493940246279311e-03
8.484472422218836130e-03
3.887916345344499466e-03
4.754462152535003823e-03
4.825600796253044604e-03
3.909503798932126122e-03
5.403042452366435371e-03
1.258500055916364924e-03
5.541453225046144050e-03
4.401581489676703596e-03
3.532432558689799131e-03
4.952126204125052202e-03
4.300195828813368343e-03
6.518683695362291128e-03
3.076437392427553135e-03
4.901826284888548269e-03
3.581661720184025569e-03
4.242685393241386882e-03
5.869258800039349466e-03
2.740990566699408760e-03
3.400242754555009121e-03
6.362295426148982871e-03
5.204360205868230338e-03
4.893591038817387759e-03
3.924502548977217703e-03
3.246770640314166657e-03
4.203049265115333701e-03
4.445243246498554839e-03
2.185984970394397407e-03
5.394879428954221963e-03
2.305902921331895190e-03
4.660347809058312980e-03
5.336121225833056342e-03
3.748805470010119385e-03
5.639228670265635131e-03
5.155947265936347730e-03
4.407349983872173478e-03
4.180158805051909475e-03
5.207363508855817301e-03
4.306442102848748350e-03
4.158616541587742063e-03
1.820286028960431445e-03
4.599339392587458233e-03
4.257444610555567027e-03
2.889911917403439022e-03
3.382891104352571138e-03
4.433003091003710240e-03
5.365726518379299904e-03
1.358476946767540839e-03
3.911893125971423885e-03
2.423699798699305557e-03
4.328834304129500384e-03
5.976825619032509994e-03
3.129505376047651659e-03
5.135943465307659175e-03
5.469921681355725297e-03
5.002095791242867039e-03
4.877925382928412039e-03
5.433662839735575907e-03
3.138321963939508848e-03
3.935158571612630725e-03
3.365007762414821534e-03
4.268281725805709442e-03
5.068066993031852471e-03
3.995590271371499309e-03
4.664419908290376449e-03
4.858760862200274012e-03
2.324151250274092678e-03
4.493701672588850185e-03
5.601333501338841975e-03
5.308939544680276075e-03
5.059368991215748221e-03
6.273747713908870913e-03
4.165972827986670970e-03
5.731425955335722050e-03
3.880712306474253664e-03
8.979262114093704977e-03
6.082158811309876754e-03
3.735508348077200107e-03
5.584369747805938318e-03
3.948644620227818175e-03
5.237185858235397784e-03
3.876242918546839080e-03
3.478263308544171217e-03
3.577861975614158793e-03
4.051089514728056090e-03
4.039929842949176869e-03
9.178929361361314737e-03
5.013668495694870338e-03
6.401844353188921102e-03
5.851465921075256135e-03
2.498079119760945790e-03
4.134349592403671961e-03
4.663386996772616970e-03
7.250375707842774721e-03
4.946177263007495509e-03
7.559107859895189581e-03
5.784674455396805401e-03
4.746532280243805080e-03
3.908080274139094645e-03
7.197820394229790045e-03
6.782302946831446182e-03
3.588807292890144711e-03
7.994630164416144727e-03
5.437100521673390516e-03
3.059325067596416203e-03
4.772276028804917428e-03
6.537860970720135723e-03
6.090072114178287678e-03
6.403755468540571483e-03
8.102332078750050168e-03
6.974151873395510043e-03
6.169907787237891711e-03
5.921434643613391474e-03
4.065028574374104746e-03
1.631040877420852821e-03
4.876413815637110384e-03
3.877864732609232791e-03
4.769695763169481614e-03
5.741456477214736294e-03
7.698257239709545632e-03
5.271091360408643352e-03
3.511674953016676645e-03
7.101570162952665875e-03
4.855367407110011690e-03
5.869876916827386146e-03
6.351318360399006539e-03
6.489623909098748457e-03
5.259994049341755983e-03
6.476694318430301946e-03
3.098771827114999485e-03
3.354923578683462800e-03
3.372149765971352384e-03
4.344341130150111002e-03
4.960422122533727010e-03
2.291180772707544083e-03
3.542551437455240121e-03
6.053988874788014327e-03
5.794162763696884648e-03
3.370159886977168971e-03
3.135887346015631041e-03
1.739502921700370949e-03
3.512917514937289373e-03
5.591377162801624418e-03
1.822588374329724755e-03
4.994620384612737454e-03
2.694388413078991837e-03
4.595533586454108102e-03
5.498823377595549351e-03
6.727330337009387526e-03
8.792400261120695074e-03
4.820423944875139831e-03
3.706701970330250791e-03
3.507026089027581641e-03
4.522259665212631334e-03
5.441552947905929638e-03
4.534181676638360768e-03
4.276033390035729673e-03
2.419633252972082978e-03
2.760512988939542358e-03
5.659129864947377332e-03
4.802425660976745482e-03
3.852464124487108878e-03
2.676249445189620747e-03
5.339841835005425599e-03
5.826931971178764616e-03
3.861029459914149930e-03
2.026671603095694767e-03
4.531745274170464327e-03
1.681107928613988483e-03
4.817660873489770616e-03
3.881105533747315588e-03
6.081519180432874878e-03
5.522998207350184215e-03
5.130513804398324600e-03
8.186127758394615844e-03
3.467579712855392050e-03
3.226361784341645524e-03
6.414724360438803924e-03
7.567790322414474045e-03
2.710950412302384673e-03
4.005640821379944511e-03
2.514819615078939773e-03
3.576782959254527945e-03
9.228529996220044898e-03
3.480669947188857766e-03
3.533857750272480919e-03
5.733401275758965090e-03
6.188075581882485250e-03
4.610922432661933995e-03
4.713247915957689306e-03
4.838197545088596466e-03
3.833946279758390033e-03
6.379156337029140249e-03
4.861903317500963773e-03
6.153961181071967643e-03
6.784359842924169923e-03
5.885802819617908140e-03
6.969529111806510580e-03
6.935744478324266243e-03
3.932282435301553969e-03
7.248155617470191346e-03
5.902482641630282453e-03
5.558546023791543535e-03
4.357051786326172384e-03
8.259483351763510436e-03
4.695562269512499470e-03
8.956197208402599808e-03
5.391840971521083374e-03
4.723528138627092719e-03
2.499211011301045483e-03
4.354953502776036031e-03
4.154182975144784552e-03
5.028908740599018212e-03
5.985790057119810999e-03
3.421724782066931300e-03
3.520953293405958227e-03
5.742316461089678505e-03
4.827618368604212791e-03
7.406744261448461666e-03
3.629015503435810159e-03
5.475998971795281549e-03
3.948953582931392231e-03
3.920706970207628143e-03
3.776787087874180354e-03
3.584269099422379787e-03
5.301444323532343919e-03
4.685103910139805025e-03
4.252278698540331442e-03
2.395184091728612408e-03
4.762404211073045790e-03
4.289146416834642081e-03
5.468581717419341084e-03
4.817534334256497533e-03
5.385909005214789026e-03
5.904208122869970474e-03
3.450571299796200385e-03
6.304141761725536031e-03
3.915289050338361700e-03
6.138455430010519506e-03
3.352609428101339852e-03
5.590346776642302062e-03
3.093734714577806109e-03
4.181191068022038423e-03
3.084247467574033341e-03
7.814201959197393174e-03
3.113880070617583689e-03
6.244739177207634870e-03
8.766079264951123079e-03
3.284408697331645931e-03
5.151420326180680860e-03
1.861095421423107892e-03
7.222906126224118255e-03
7.415215178991609903e-03
3.610644499277081577e-03
6.054480164729388221e-03
3.121036211504172458e-03
8.114671502972006442e-03
7.431615168551818258e-03
4.137572226961961329e-03
4.306396491832745199e-03
3.571254700822193949e-03
4.794734546734552745e-03
7.580086961834740095e-03
6.294070184840959946e-03
3.146748338278781282e-03
5.557803435122491038e-03
5.053897275211285955e-03
2.609749709207294637e-03
6.764024560419140339e-03
3.689209724137791982e-03
4.783918289217814479e-03
5.389858980611892877e-03
8.542360655806770578e-03
5.995108949166814451e-03
3.051569449161068651e-03
4.126836737076405165e-03
3.458752650072317424e-03
2.366401310259478447e-03
6.003358872576359563e-03
3.974849456570482727e-03
4.755195526800518394e-03
3.952483807536195590e-03
3.584147884262094304e-03
4.108787912525208204e-03
3.810771028880360900e-03
4.324120399627648555e-03
4.748142189719658721e-03
6.441846967391142223e-03
2.876254008439018545e-03
3.215186966313237412e-03
3.070759683111968629e-03
4.388059606425145920e-03
2.555888549524923045e-03
2.129978453866760834e-03
3.779036112393457329e-03
7.280694033642058638e-03
5.189482639417751855e-03
3.440555569249461026e-03
4.577819464506903760e-03
6.115026828844506018e-03
4.161064404211164448e-03
4.103843425236177248e-03
2.910548654579268608e-03
5.126219886379504952e-03
4.755446345799753394e-03
3.237569491994878902e-03
5.595194149782117647e-03
5.009141710935844857e-03
4.120248209803509601e-03
5.421047092351962034e-03
5.398220395820866116e-03
4.832280881855285405e-03
5.830098875926914039e-03
3.888588306165968560e-03
2.140912896687219725e-03
3.932611561480707334e-03
2.894532567738812134e-03
1.093521350519183416e-03
4.582626269060312459e-03
4.586902431047562567e-03
3.060230314765909239e-03
5.285414694665585902e-03
1.728519838586489938e-03
3.589983834659094160e-03
4.071848182153244185e-03
3.597155649966458577e-03
4.680677208361842812e-03
3.980702392185973826e-03
3.134100068351892195e-03
4.352328420165404131e-03
4.288574881818500023e-03
5.069699806127238306e-03
3.996036059649751837e-03
7.584676208499857401e-03
3.457963987844917507e-03
3.004279958444259612e-03
3.145558452269630288e-03
4.344981018472851217e-03
4.071811102078727249e-03
2.226612314244282714e-03
6.775115535727915111e-03
2.651176837949957132e-03
3.747931386261579498e-03
3.014210837920794188e-03
2.807931058719366664e-03
3.321859760082885443e-03
3.208951583502242869e-03
5.380355826759644113e-03
3.190033112551729326e-03
7.162152806339197424e-03
4.798904886912044344e-03
3.551081325039022376e-03
7.916356814522356941e-03
1.463460542615967761e-03
5.627074243207188034e-03
3.245425301702664720e-03
6.541510203043491255e-03
2.680481724778544222e-03
4.827932267010774658e-03
2.935378055082602747e-03
4.512281741444463048e-03
4.300023809751538431e-03
2.362616365247939207e-03
2.527208218913154503e-03
1.735680863885054499e-03
2.967281745073777413e-03
2.639509006115670423e-03
4.239106149362269378e-03
3.793917450701993037e-03
5.466127479722899737e-03
2.860774106326144893e-03
3.317295678739376821e-03
5.038890858974701126e-03
4.017510311377595761e-03
4.282756718929375643e-03
3.340592825510238593e-03
2.400412222458884418e-03
6.860320101782470953e-03
5.157838442991294348e-03
4.298253890146755060e-03
4.303367584207975181e-03
5.161069401176435721e-03
5.791402786697631699e-03
3.381921848925612071e-03
3.815775729744547758e-03
2.720610638732915126e-03
4.045818529329863432e-03
3.765508581201732451e-03
4.509262968567066820e-03
3.434844161458706045e-03
7.249143870382618836e-03
4.209695332928410812e-03
4.483435769612723401e-03
1.894187511747124361e-03
4.578545748701745403e-03
3.866491237060220090e-03
2.736668801674208614e-03
3.014636504703461107e-03
6.910788897097605576e-03
2.952830223845314284e-03
1.940947518775647815e-03
3.641515031308106831e-03
3.006821498078831451e-03
4.097450123958575052e-03
2.938544689615107605e-03
4.956858390732937943e-03
4.971233015063671913e-03
4.938497207754705826e-03
4.572281424511315077e-03
1.531457021343056403e-03
2.663502269211835433e-03
3.176037428437193319e-03
3.451802665498516880e-03
6.864085897969240437e-03
4.198595966082349813e-03
4.935452095105476340e-03
6.233908169976160561e-03
1.538007294454082083e-03
5.336211462332117461e-03
3.401940806125676193e-03
5.670772475620498854e-03
3.017436970848517974e-03
2.861473615675950554e-03
5.162605274835144024e-03
1.842132081011989015e-03
4.005265832764641140e-03
3.556211890287912063e-03
3.523387102278939011e-03
3.700493388081250740e-03
2.437291773539032591e-03
4.188070480769611956e-03
4.210714597010245877e-03
3.334917428405862177e-03
3.453402903097581474e-03
2.683286358438457739e-03
1.406897379933721905e-03
4.433084195395116216e-03
3.934323824130838212e-03
4.766528312768816833e-03
4.885975342534503232e-03
7.125339928932801839e-03
5.397516776348771500e-03
5.159180991392744997e-03
2.607053534468690460e-03
1.626629262077103387e-03
6.302341037656287309e-03
2.851256708661783698e-03
2.717707867590107157e-03
5.103628516585809530e-03
4.002482889396733259e-03
7.545416907609034038e-03
3.554707617597666850e-03
5.037967626512473811e-03
4.552007217450232575e-03
2.327112099931750912e-03
3.910842709526838636e-03
4.052522695150963944e-03
3.961708695033565840e-03
1.976505213240668975e-03
3.605847069671039903e-03
3.214472178959496863e-03
7.851905434913051055e-03
3.335845340532429121e-03
3.549415090740311307e-03
6.653727151534323189e-03
3.413719240445846782e-03
2.134336824080438136e-03
4.787092814339180026e-03
3.457769530159608348e-03
5.374798822404412008e-03
4.814389600851567801e-03
3.908442448966507020e-03
3.649034205950527684e-03
3.567178853008855666e-03
3.350455173623285033e-03
4.138720584738945878e-03
2.829833802667742516e-03
7.605184464206240363e-03
4.324870885742676876e-03
5.256841662749946881e-03
2.775504793407304084e-03
4.866715865868330784e-03
2.859402755295806838e-03
6.003081734231530998e-03
3.916013607037715540e-03
4.883152160163394678e-03
4.825666888939857645e-03
3.694358820791552363e-03
2.694672285386710310e-03
2.480444392731856202e-03
2.290997682073614948e-03
1.997150933930627766e-03
2.880384830202334552e-03
4.262424484730086699e-03
2.402640995212664606e-03
2.327251740004432964e-03
3.072737703794752809e-03
1.643300922806758841e-03
5.556223593309476093e-03
5.120241032947348177e-03
5.514017129211298308e-03
4.702313738662488446e-03
3.519467546865054190e-03
2.758707481973566092e-03
3.845264368367411374e-03
1.761288776741481207e-03
5.359635285085337895e-03
3.491811533013321027e-03
1.845740829680936378e-03
4.577664553911617480e-03
2.843542253548787552e-03
3.151864369678031123e-03
2.657584937315125417e-03
4.148530891247770129e-03
1.031280998853395916e-03
3.683116717221368401e-03
2.737067623218228905e-03
2.927462417898594235e-03
3.471693530419819700e-03
2.829279131202635644e-03
1.135886304063013930e-03
3.177637511586599555e-03
5.933848272135450706e-03
2.414563134817549264e-03
2.015072733880627839e-03
4.085058324557811101e-03
2.142403505828219343e-03
1.564813535909055165e-03
7.614621578132621006e-04
2.714588521422927388e-03
1.639475986819907086e-03
2.639565443144655920e-03
3.752106816078844536e-03
4.386549641157061474e-03
3.428821161559279709e-03
2.500464416146085892e-03
3.588193881010936885e-03
2.176346421265557603e-03
1.446271322648105991e-03
3.863957739661096156e-03
4.124680973608277693e-03
2.674404833641689551e-03
4.548792555267262144e-03
4.255799372882935680e-03
2.306341768620246389e-03
5.163966460283836955e-03
6.180408701098512661e-03
2.410912651138066940e-03
3.949993469339264235e-03
1.874126614385803130e-03
4.698642823386440029e-03
3.528596446112120932e-03
3.463678759647909663e-03
1.768080168481332183e-03
2.947537668074877177e-03
1.632084298914178357e-03
2.393244524288789567e-03
2.984032581756126956e-03
3.945728044436460497e-03
4.616278407867544994e-03
1.749943579925505735e-03
3.077317175721512414e-03
3.385649242563305503e-03
5.531004059194596228e-03
2.525123768201774973e-03
2.491808996430705178e-03
1.619051722469743359e-03
4.073734308570920414e-03
2.836840027383025296e-03
4.538054148575919496e-03
4.059901310498148334e-03
1.996987302731250639e-03
