2.287402776307343073e-03
1.676012646984081055e-03
2.078942474778493286e-03
2.353937501612669760e-03
1.948686623223635931e-03
2.519156472969334964e-03
9.314666212948091543e-04
1.591858354922437825e-03
2.081193299973002880e-03
1.833630665735451731e-03
2.552966715329900611e-03
2.501790908026745204e-03
1.664612760968595421e-03
1.532297967520156179e-03
1.581967341705387388e-03
1.102716298700418028e-03
1.244224686986883117e-03
1.374185568087938659e-03
1.141715830562070252e-03
1.130045443108992301e-03
2.734772471612273870e-03
2.272007978182819399e-03
1.361386874244067784e-03
1.030704863888232342e-03
1.833394760583357489e-03
1.925150299983124100e-03
2.573815538069536106e-03
1.864848293702510342e-03
1.108644397874049455e-03
2.162214397103401353e-03
1.598291470717998815e-03
2.105673269080308996e-03
2.052378660607044429e-03
2.511787497989052906e-03
1.192117427513699271e-03
1.471039635090131466e-03
2.153647973574760160e-03
2.217128455697071725e-03
1.695908980611155956e-03
9.304291508673680558e-04
8.682201664869989427e-04
2.216422949759906582e-03
1.829348192322589666e-03
1.359568223416869224e-03
1.435297059608664017e-03
7.361472752407644633e-04
1.838577713276311589e-03
1.737517236650246112e-03
1.435659008029359449e-03
1.024273966470688659e-03
1.682694750963062338e-03
7.585935825700014686e-04
2.145790456730490084e-03
9.533340773287963784e-04
1.130514289201784263e-03
1.309111068744092839e-03
1.464638144166922635e-03
1.521383541564327738e-03
6.033757242956870820e-04
1.057131537703933895e-03
1.894027660393305529e-03
1.653561692085394859e-03
1.837865025031871265e-03
5.946701220902429145e-04
1.044156374835662369e-03
9.263797218677728750e-04
1.164092195319232827e-03
1.237900721221522286e-03
1.890750567508209332e-03
5.722947715745094633e-04
1.869974522598323932e-03
1.419419813013788343e-03
1.332421040850195271e-03
1.260637125801850056e-03
7.778024531173059015e-04
7.255698796602382244e-04
1.443896170969636303e-03
1.722634358204424036e-03
1.469143317057695864e-03
1.846713300727841978e-03
2.162290927484830129e-03
7.393403535638608118e-04
9.291044962371538402e-04
1.004826251870955195e-03
1.251951646632173867e-03
2.244275136568109254e-03
1.603464017304948031e-03
1.967449782812797678e-03
1.420224179886130826e-03
7.031803750888660810e-04
1.807310577174900878e-03
1.245477745130803239e-03
7.368298872569883006e-04
9.151240322754439433e-04
2.495850952160586465e-03
1.689624077240131856e-03
1.644254498282699982e-03
7.717110089333791131e-04
2.998269834115493710e-03
1.955294979834112500e-03
1.058336916981972558e-03
1.751641946654985266e-03
1.077886238346848023e-03
1.199566295618466122e-03
1.377429523052412039e-03
1.673433674965489962e-03
1.428988156623730004e-03
1.634811286107897476e-03
7.520925767997786162e-04
1.624491953598243381e-03
2.543554841703714493e-03
1.409955379322088125e-03
2.183095337310525345e-03
1.582880378967411756e-03
2.191240841389518069e-03
4.592951439960668331e-04
1.080397384074374386e-03
1.017066697788722484e-03
2.410644174808617216e-03
1.347642235835181486e-03
2.017918092993567763e-03
1.438799608526241704e-03
1.056228479016039492e-03
1.551157628662535063e-03
2.018537516457055009e-03
1.846528139844063037e-03
1.419229023628874615e-03
1.425119566970687495e-03
1.304718216721817859e-03
7.818152545479529689e-04
8.904561359103778688e-04
1.453741346655676534e-03
2.292440316077154656e-03
3.054155775525398803e-04
1.781149622359042440e-03
1.254753649607674021e-03
2.805036073168598251e-03
1.027770742706656491e-03
3.118600600913140012e-03
1.108154862498688005e-03
1.117820284978469263e-03
1.260034980094734258e-03
1.877000532416176880e-03
1.372548404337611046e-03
1.146684223179542800e-03
8.617151948771727609e-04
2.550835601504660745e-03
2.788755140447893299e-03
1.706170376858765240e-03
2.093230331345102141e-03
9.623635677780209303e-04
8.171616103488963745e-04
1.295141640102300245e-03
1.768271920188341619e-03
8.716494141205861869e-04
2.267094457543056708e-03
8.403965774145018275e-04
6.372143514032254080e-04
2.649059502300068775e-03
1.596723449322602108e-03
1.182667059749284823e-03
1.515541059546643464e-03
1.791256102674937964e-03
1.153422200882623120e-03
8.946249288985651683e-04
1.368041971055293212e-03
1.439205768696528130e-03
1.019921141935324627e-03
2.522392857244037945e-03
1.601803063888327739e-03
1.728662871173571817e-03
1.681324251543981491e-03
1.512100449890692137e-03
1.737129585770266728e-03
1.248271174488308150e-03
1.543011342464992728e-03
1.080667073951610893e-03
1.552277758198368799e-03
1.159166830037139384e-03
3.662873092452485855e-03
2.060651468693411054e-03
1.081541303300274101e-03
2.831751089920441725e-03
8.611907430124283438e-04
1.418464785023206736e-03
2.328796493408143067e-03
1.239979593699616807e-03
9.391626482590960390e-04
2.111265046586305750e-03
1.518907467344123366e-03
2.027660330375615026e-03
1.096218143962763084e-03
8.300324912533352901e-04
1.890399649702492616e-03
1.133210131382960664e-03
7.639636169720354086e-04
2.281884285387702702e-03
8.368545021354183632e-04
1.573786112077803830e-03
2.151647572313290097e-03
1.017566582435638261e-03
1.619223063948764616e-03
1.863964414265440383e-03
1.549957825242663295e-03
2.462441239633618179e-03
7.987135103932570040e-04
1.265438831691075407e-03
2.457163377139390519e-03
2.338470202269005409e-03
1.601740828851008162e-03
2.825251359807472856e-03
1.141318338642196856e-03
3.219934416077076256e-03
8.501551592027967869e-04
1.294158368504797971e-03
1.095124250354733526e-03
2.079169203822469822e-03
1.850238912032644862e-03
1.760403674897650797e-03
1.488923154862214918e-03
1.211028931231619872e-03
1.485936404172581672e-03
1.635061613101819900e-03
9.709426957052213255e-04
2.872169676601046395e-03
7.738593014390704331e-04
1.598890354039044122e-03
1.773230226165529652e-03
4.411568701106673845e-04
1.088753623020359508e-03
7.609218780205101538e-04
1.294675418022798574e-03
1.891140398723530460e-03
1.265049064394944750e-03
1.857015809709395508e-03
2.145507061213822262e-03
2.485730905885818846e-03
1.328448046169911079e-03
1.352760305429211163e-03
1.523387666585826212e-03
1.167282396351746734e-03
2.315327189553150790e-03
2.032531297344001599e-03
1.673634432214860272e-03
1.406958402758760841e-03
2.766352973324553034e-03
1.842758191214747274e-03
1.890837372263372285e-03
1.320376508394070390e-03
1.517845569116996023e-03
1.456466684844831463e-03
1.656966672774074466e-03
1.763410992883447529e-03
1.220422936665274726e-03
1.135509003569087558e-03
8.690746423511336088e-04
1.536271482134164267e-03
9.710073801197189811e-04
1.964708735534567187e-03
1.623688300628097370e-03
1.895139384868289260e-03
1.232786891263564725e-03
1.057457096670798465e-03
3.132824310936495067e-03
1.210245902841125629e-03
2.611595357159783061e-03
1.674671361252323600e-03
1.592789909041096574e-03
1.201410437549415514e-03
1.127746489410795310e-03
2.014516817641262038e-03
1.438693035881451676e-03
2.746321906499629185e-03
1.972591067267495061e-03
5.208254657855576272e-04
2.132831236536753688e-03
1.601179541140363522e-03
1.073172780469054460e-03
1.608521221064718523e-03
1.802802556179585293e-03
8.827773421314288275e-04
5.977110486309617898e-04
1.875052196943702764e-03
1.154143511120641523e-03
3.592159327048911974e-03
2.358506067660098675e-03
9.886913742018024493e-04
2.482507238411829891e-03
2.172898653895157135e-03
1.890156765218398453e-03
7.326838887623533499e-04
1.260425632271560325e-03
1.016534482429837325e-03
1.591571480173975409e-03
1.621931714501371113e-03
7.938415205697374813e-04
1.689542517182076502e-03
1.535809598640918913e-03
1.710121951890589999e-03
1.400959066450260674e-03
1.668540767880729529e-03
2.037145557774790953e-03
1.601203789584569430e-03
1.883420359888379747e-03
7.965884955859475888e-04
1.776672242249394780e-03
6.664379281379352983e-04
1.265122925279232608e-03
2.088373173351153449e-03
8.082805528363495948e-04
1.055373582500086001e-03
1.800914849787557843e-03
1.648133582124768504e-03
1.063051752998504232e-03
9.549873931524754424e-04
1.584451631471191701e-03
3.738608657071588472e-04
2.289075533164457686e-03
2.050090477157666315e-03
1.220817894708176162e-03
1.581737824089839064e-03
1.750097671570427027e-03
1.228162075213312665e-03
1.057435176537917113e-03
1.424807891316995628e-03
1.652318519513251488e-03
2.761002790918693633e-03
1.709899718870426695e-03
1.304816248729171900e-03
1.948722472459651000e-03
2.454322015465239433e-03
1.690320470065226040e-03
1.756725038879639305e-03
1.631777039548185527e-03
1.665544519615253958e-03
1.206045555749071102e-03
3.557248885986757751e-03
9.863470669436206172e-04
1.678511067068019693e-03
2.371352474509497415e-03
1.624113241190960595e-03
1.137783773496508014e-03
2.190267406538405019e-03
3.176376266638338865e-03
2.268841307008885068e-03
7.802548641364601698e-04
9.850284366630295083e-04
1.991745398831447529e-03
1.879513900380952495e-03
1.433417814562289996e-03
1.407545926301654584e-03
2.111092830613562916e-03
7.439002841411193005e-04
6.981739306920195032e-04
2.050319128977264298e-03
1.252017395819292073e-03
2.016737909396248626e-03
1.503845059994585653e-03
2.047978899768698128e-03
1.449189648471670491e-03
1.209529580699377242e-03
1.232093682203758405e-03
3.154276146286538133e-03
1.610161186829647166e-03
1.448103291766486903e-03
1.607600281115160491e-03
1.104418398985365819e-03
1.433832676611443207e-03
1.497871692005020789e-03
1.086873694800122303e-03
1.776700475208910614e-03
2.065154728286505356e-03
1.497785585362523385e-03
1.013484569061442325e-03
1.818474088771029201e-03
2.533513981644011127e-03
1.346047356427324026e-03
3.073466291628802662e-03
1.390628063086419425e-03
5.104527345958510516e-04
1.031237904796529535e-03
2.048661212366056396e-03
2.950929770025148384e-03
1.967167058757727984e-03
5.673371684182564522e-04
5.932198196671689639e-04
3.249414300885694346e-03
2.044674902065643333e-03
1.760031725731969320e-03
1.037298343959595481e-03
1.382260667218412854e-03
1.653236074040829008e-03
1.594349466610927527e-03
1.126844088076898532e-03
1.441077004910722029e-03
1.273271147051893747e-03
2.466995172627580238e-03
8.735004711591513350e-04
1.579863618064603114e-03
1.528320414610974788e-03
8.237407715746976854e-04
1.707460706036985007e-03
1.540804120439614230e-03
3.063444235405288381e-03
1.875119300519170924e-03
1.149738915417786037e-03
1.062773110100157219e-03
2.029805053882857355e-03
1.495966558832236828e-03
1.399404729690973152e-03
2.046154553028910975e-03
2.805119789121196788e-03
2.138493882598675126e-03
1.696975196495928559e-03
1.424106016839229516e-03
1.529840118842665502e-03
1.350553318374772722e-03
1.792560893599646436e-03
1.218562538045450064e-03
6.502287298613639282e-04
1.751445608318575545e-03
2.045552555226997585e-03
1.494149809986025472e-03
1.460150498016815840e-03
2.713957162753845038e-03
1.568838220241580315e-03
2.229207904838069899e-03
1.018050298607852365e-03
9.291382869746295323e-04
1.868999125723418099e-03
1.668933212874866437e-03
8.715827529572405885e-04
2.880237136572102920e-03
1.256978437239626841e-03
1.858611643694382332e-03
1.788238801588120687e-03
7.097710588160594360e-04
1.600756730951753389e-03
4.063593937769016196e-04
9.656159029208977347e-04
2.345021938713925252e-03
1.870908409120101631e-03
1.753335943927283739e-03
2.024026801933035118e-03
8.591757232295490565e-04
8.311395383416576551e-04
1.851830857805490541e-03
1.815311049430174588e-03
1.425647069665436986e-03
1.591811774342460645e-03
4.568225872881352895e-04
2.576799630770190913e-04
6.553735474816180934e-04
9.966781946854832031e-04
6.987331400550581472e-04
1.523076962379119915e-03
1.092406423801136305e-03
8.638659807599201193e-04
1.252356232232027921e-03
1.454648718535916756e-03
5.243126807659233193e-04
1.375281727134990573e-03
1.060233062515741117e-03
1.725698042707334966e-03
1.226327592493509479e-03
1.842861557900821352e-03
1.772912538376059414e-03
7.234228391939483138e-04
1.404632658731132851e-03
9.587410079062585891e-04
2.465165167759110054e-03
4.526588803144538623e-04
1.175675880877568745e-03
8.207694370385624051e-04
2.545180338018737318e-03
2.232180373257864996e-03
2.650455810608189858e-03
1.763672550208565323e-03
1.833317904347059150e-03
8.349159399974792530e-04
2.664618194666967983e-03
1.295114174847266427e-03
1.253568350879344503e-03
1.072182839758787330e-03
1.249844751211844854e-03
1.085036588969637544e-03
7.259794464383903479e-04
1.572498347153308568e-03
2.310731449696361642e-03
1.192220557543616655e-03
1.042646305717620861e-03
2.764811464044386949e-03
2.628707532898901314e-03
1.815648677941937615e-03
1.599910340436569087e-03
2.538293424556210126e-03
1.308999610774043464e-03
1.184559502396420648e-03
1.907671020536524410e-03
2.076587713605964648e-03
1.666913938554796717e-03
1.151815180085937959e-03
2.532573821518882638e-03
1.363262914499798004e-03
1.062521010308738970e-03
9.718315989463861262e-04
1.042736549655838693e-03
1.878007953296719672e-03
9.776986557614977726e-04
1.479673895736916423e-03
2.693700112790684172e-03
1.350360496646784130e-03
1.917618098478304561e-03
1.831763203986982828e-03
2.353946538727521350e-03
1.436179640649362004e-03
1.025255025600182220e-03
1.928229646962690072e-03
1.850641893832255915e-03
1.759266466115033288e-03
5.676484038092606847e-04
1.497919895844969720e-03
1.781255604924608053e-03
1.644776091792745851e-03
1.579801264470750023e-03
1.421112688002758046e-03
1.043368358070665162e-03
1.082104816494968173e-03
2.414997364802671468e-03
1.757240272143326945e-03
9.927857372083036692e-04
6.508512043890489051e-04
1.522707346273106206e-03
3.277155629891144797e-03
1.595457932272069217e-03
1.913214154810185608e-03
1.573631379654098772e-03
3.374718117390623773e-03
6.365128443667406911e-04
2.337062950935173047e-03
1.583852277204215271e-03
6.143012593560388552e-04
1.197293707123491587e-03
1.262450174256599198e-03
8.130463345379101720e-04
1.234100259179597399e-03
8.068560817931153591e-04
5.664222728420462843e-04
1.994757332886234417e-03
1.589456141446268919e-03
1.614805820207013826e-03
2.230498176048126627e-03
2.579487269368995091e-03
1.551447010747449224e-03
9.020563582977708314e-04
2.188168575115154169e-03
2.548456640574782179e-03
8.426390826516048059e-04
2.128433523322386615e-03
1.599580685872227688e-03
1.667920826219214826e-03
1.222392141318035712e-03
7.798661249337674774e-04
3.161597021813239948e-03
8.943902422784859091e-04
1.111168643205864056e-03
2.595348075139155240e-03
2.291690833307844909e-03
2.738140665840277897e-03
9.440264195610128216e-04
1.805258111273937019e-03
2.166762972531988997e-03
9.323461550600396991e-04
8.486827820983168990e-04
1.694321592850991758e-03
1.157360017280385095e-03
1.318162163837317737e-03
1.335335030877813755e-03
2.496478454463893059e-03
1.619980358594960614e-03
1.372470762549162903e-03
2.366516667826233048e-04
2.120853872767301373e-03
1.924243418308541629e-03
1.125226644470102939e-03
1.618988131125945196e-03
2.164865484753810635e-03
1.436460288011839068e-03
8.350736410457755771e-04
1.512067313691423933e-03
1.867985080207845965e-03
2.082444356528048972e-03
1.718716640070073456e-03
1.392915790433256387e-03
2.964318400585234763e-03
2.399870947391915480e-03
1.600639194752763667e-03
1.118503999264075857e-03
7.720095842670963342e-04
1.482472299692863494e-03
9.005048024478718187e-04
3.421314657608399111e-03
6.535324552262283121e-04
6.854041472949885154e-04
8.125120346205194936e-04
2.212217635801452115e-03
2.702623642593400717e-03
2.313726587648659658e-03
1.683130755078198447e-03
1.036025108500131285e-03
9.888376247813984981e-04
1.195203563317950380e-03
1.145428882940354278e-03
2.914394926572048527e-03
1.793361166984883863e-03
1.668532113496901462e-03
1.067492835888924230e-03
1.612811715145926871e-03
1.930264941196682335e-03
1.947292264757898754e-03
2.849134421452933011e-03
1.747524482792443042e-03
3.130229292720463751e-03
1.505345259286537934e-03
2.290572140842908784e-03
1.106554839938695247e-03
5.385234876800306433e-04
7.473323813274078756e-04
1.836224250179680374e-03
1.673825005623101473e-03
1.491832665932588380e-03
1.125467226109201678e-03
3.216788561550147033e-03
1.303783458064519457e-03
1.525860273955462025e-03
1.676211490834197439e-03
2.188559815504387621e-03
1.673069201414868843e-03
8.300729548424401992e-04
1.505719927703524008e-03
1.575250559635600709e-03
1.675372960449803082e-03
5.807722130293968728e-04
2.327956713699759830e-03
1.308486709858941140e-03
2.741660206455451190e-03
1.477476263941394268e-03
1.875312940519688245e-03
1.488399951218297330e-03
1.863973406858070126e-03
1.839284564512927347e-03
1.331403692410461316e-03
9.117041369674012312e-04
1.205449906103815173e-03
1.971535769554715913e-03
2.048135740445374258e-03
1.892467478520421962e-03
8.410214829731329058e-04
1.702908923094174822e-03
8.526874837280787279e-04
4.563887675608134195e-04
1.186641730233819808e-03
1.892436558992377721e-03
1.288047625111347731e-03
1.625554779021726008e-03
1.216413321186244874e-03
2.422523884830821237e-03
9.501805028570806414e-04
1.403646422956005219e-03
1.104938985164477527e-03
1.801513010045026689e-03
7.008876115448626825e-04
1.164402034077804526e-03
1.038103912441717524e-03
4.145326145074875249e-03
1.357462177804682471e-03
1.562560417955544036e-03
1.958467177309848855e-03
2.634534420092699784e-03
2.064668218068692850e-03
9.692241562352942085e-04
1.647978990559062756e-03
2.212026064853695947e-03
1.730141745664535470e-03
2.183415327552800603e-03
1.459119788890944147e-03
2.670479261780939716e-03
1.525425925942994546e-03
2.675980642126907314e-03
2.336585626176228021e-03
1.521483597047445027e-03
2.100718195436845643e-03
1.747723093541831037e-03
2.174754070438688833e-03
1.393938396581063293e-03
2.387879045596453999e-03
1.540233213916479158e-03
1.820042509398846035e-03
2.129017791167289210e-03
1.986736447500198587e-03
2.139718774176136915e-03
1.942627673897429985e-03
1.475761103149829086e-03
2.846593323618387857e-03
1.706791638904125606e-03
1.808938346084858423e-03
9.832172364439956645e-04
3.315028273768237492e-03
2.479019414396411124e-03
1.409223190249166060e-03
2.072114056109986349e-03
2.050730484901580435e-03
1.516176717799233836e-03
1.139357620563117733e-03
3.704940236830990032e-03
2.237061566769803656e-03
2.229292770699967292e-03
1.161339607475733076e-03
2.344080514063488514e-03
1.020652078779513009e-03
3.039620467555468122e-03
1.704562318993294197e-03
1.062729530850317150e-03
9.395191512061654149e-04
1.676278282798540024e-03
1.951421416436190711e-03
3.927337041036173954e-03
1.064449831394055461e-03
1.211548283539798420e-03
5.557140181267842659e-04
2.471234533731380377e-03
2.547493289917004966e-03
1.158619191695798179e-03
1.708809799467143247e-03
1.801068935576563773e-03
1.086841020144855251e-03
2.725537358987137858e-03
1.778357275865781332e-03
2.109064881692773383e-03
1.601782352032291284e-03
1.689168372222210092e-03
2.458252987210418194e-03
1.959568804971608378e-04
2.822472564859270817e-03
1.669974542140018926e-03
1.722159826390881306e-03
3.074489787600324930e-03
8.333901022443644929e-04
3.054285895503858032e-03
2.039594035540109093e-03
1.584418315917952369e-03
2.384672230612127058e-03
1.124777233040573799e-03
2.720556494994386901e-03
9.617694212980454002e-04
1.408442636127977751e-03
9.190211754291445273e-04
1.926232316533289975e-03
2.741879541210968853e-03
2.261195927690607191e-03
3.868859533013931703e-03
1.369533801949646698e-03
2.809271898920709040e-03
3.370248609986066166e-03
1.515692062501402615e-03
2.944182107302078730e-03
7.941687191257168097e-04
1.701244124142280200e-03
1.751863475568758840e-03
1.891614602459756140e-03
1.152840343370598692e-03
2.433657127056247996e-03
1.106120522901401148e-03
2.326219469548976120e-03
1.411787922314513459e-03
1.463274491555031139e-03
2.296033339917688022e-03
1.356856439135545019e-03
4.031438060199244930e-03
2.297309554307369519e-03
3.049811167798431328e-03
2.564399792545566693e-03
1.779137175369080014e-03
2.610851513293396473e-03
2.295249853742446170e-03
5.092359842071329194e-04
2.865120576940311577e-03
1.387113834745113024e-03
7.796818732158774861e-04
2.849365006869363556e-03
2.444399522354070466e-03
2.646932624011206266e-03
1.673195199687781652e-03
2.771980628062402276e-03
1.902461139031037590e-03
1.577588218317863781e-03
1.507976604146471196e-03
2.296471175702622172e-03
2.739033780406525086e-03
2.059417357030791668e-03
2.871819141366796155e-03
