1.671616425410666837e-02
1.667847366207901930e-02
1.662392724088160301e-02
1.668902820391077180e-02
1.671564882923724793e-02
1.666900721381301201e-02
1.664808028716307717e-02
1.656010740043884974e-02
1.654902099287425613e-02
1.646427259401612997e-02
1.653375264076149820e-02
1.648177531031144033e-02
1.649091721725604726e-02
1.638722498146750681e-02
1.642472772336376133e-02
1.632524754810676243e-02
1.629282722276148912e-02
1.622706333245651361e-02
1.624597905109100709e-02
1.613198214030817437e-02
1.613336677653437121e-02
1.609604901397194976e-02
1.609535515788637280e-02
1.607819438774529819e-02
1.592743581394722580e-02
1.594030734968808136e-02
1.592232893803029528e-02
1.580181769411119139e-02
1.585247266887427828e-02
1.580418493728554669e-02
1.567675234046289959e-02
1.561461051260015602e-02
1.558262894223435419e-02
1.545995253128327855e-02
1.542112755250911460e-02
1.535472298037493695e-02
1.524802552782051138e-02
1.522587512025668985e-02
1.521611037903011256e-02
1.502881183807350945e-02
1.500170495563416320e-02
1.491561841184295759e-02
1.491828345477896542e-02
1.485963276040325534e-02
1.481338284068927855e-02
1.466071553936642083e-02
1.464079886779544315e-02
1.456830922241570368e-02
1.457377977690883092e-02
1.439918992114219004e-02
1.435399445041776745e-02
1.431971343501750767e-02
1.428907981724315476e-02
1.420041837016750887e-02
1.411945924793206984e-02
1.410906243242470923e-02
1.400858876700281086e-02
1.409611066614499877e-02
1.391948224111320270e-02
1.369666775122852301e-02
1.382840781595845621e-02
1.379202659175835823e-02
1.366958303593568576e-02
1.370077842959045028e-02
1.368751127791707420e-02
1.350601783688687441e-02
1.345320777623933671e-02
1.325457807932237109e-02
1.333965739110875778e-02
1.314638049841366021e-02
1.318977297168261523e-02
1.318125220405646364e-02
1.299853847294051359e-02
1.306746804778359874e-02
1.300662070424585086e-02
1.278243257727614511e-02
1.276372228853096986e-02
1.270581088103272215e-02
1.255388902107208715e-02
1.250781168466507526e-02
1.252321790879135435e-02
1.242211326479620431e-02
1.240070792045862985e-02
1.227485159159921214e-02
1.220126112193364344e-02
1.205023298826362818e-02
1.214629936758716833e-02
1.199135568776756554e-02
1.194959908616926615e-02
1.175703224317631995e-02
1.170261738747803600e-02
1.168426956836997842e-02
1.144343379556849241e-02
1.156065978533434187e-02
1.136656893528000499e-02
1.130476800820586977e-02
1.102228350417028095e-02
1.105900479071846021e-02
1.092038972347851578e-02
1.093311510463016063e-02
1.090673924780325744e-02
1.077205892448481438e-02
1.073012841730673107e-02
1.078926846997911755e-02
1.059328652317924335e-02
1.050402445079609212e-02
1.041868399091950420e-02
1.028543383795017981e-02
1.046347508100951146e-02
1.018511087890673628e-02
1.031643741154413679e-02
1.013812328486221603e-02
9.993000391597488957e-03
9.957902743197834250e-03
9.887108162549397908e-03
9.924724226049378220e-03
9.844435920600016696e-03
9.636223210945944057e-03
9.610407576228836846e-03
9.352712570283139293e-03
9.184001170557428220e-03
9.383754521255872894e-03
9.165841356443653332e-03
9.339504621387179767e-03
9.309421550832537584e-03
9.286930809789562327e-03
9.312334574028547154e-03
9.078444490206099421e-03
9.196799635871168513e-03
9.252631394037801396e-03
9.065766208255427935e-03
9.045473757602479070e-03
8.909008560116293135e-03
8.848222177909776526e-03
8.985075762170627311e-03
8.825882534953786301e-03
8.767594163029008777e-03
8.964438914135250056e-03
9.023125341812945899e-03
8.942944898990872610e-03
8.828242751214233214e-03
8.836759478320205946e-03
9.078949909129640714e-03
8.918398103172299821e-03
8.722268299547693976e-03
8.888875053178551047e-03
8.955769816988977047e-03
9.090687457713233707e-03
8.977675497967865792e-03
9.177867523950358070e-03
9.055385603573530562e-03
8.813382883415949581e-03
9.098763837500535231e-03
9.108911913762281903e-03
9.017054505167532846e-03
9.087701496555012498e-03
9.170744489220497217e-03
9.378711575423805472e-03
9.149707818248699678e-03
9.231478178773649956e-03
9.418278300172203479e-03
9.225411117100868266e-03
9.341818219423550507e-03
9.236674896937911369e-03
9.357643850549282605e-03
9.359063503181641250e-03
9.518126142033768444e-03
9.507662408989198469e-03
9.469674805817247104e-03
9.565682738071037278e-03
9.648255944018956434e-03
9.745536229562899028e-03
9.816646678449659352e-03
9.766852494142554478e-03
9.802956260036951863e-03
9.690670790898426798e-03
9.906740897883840880e-03
9.988645023102434017e-03
9.945248494594605138e-03
9.876008772777375433e-03
1.008970898247696715e-02
9.998567475137297433e-03
1.016278682578805430e-02
1.010685067437698884e-02
1.025982167006551926e-02
1.037123830186902941e-02
1.020000961787806068e-02
1.004696292091793522e-02
1.049103469678937597e-02
1.037738755603159757e-02
1.012615837078173833e-02
1.021937519808062932e-02
1.040733365152587617e-02
1.043623280374974226e-02
1.051252141070738860e-02
1.029171517272336848e-02
1.023202460094650712e-02
1.048484989919012608e-02
1.055032926617768992e-02
1.015077700074974200e-02
1.047888405736109758e-02
1.039265831549533725e-02
1.015619826295150949e-02
1.021156555284395175e-02
1.014844653892754515e-02
9.945909211595146959e-03
1.017103543831461565e-02
1.014761798304012266e-02
1.014050612036707967e-02
1.010107281381046260e-02
9.917155541555981030e-03
9.800099706778045427e-03
9.804246702964975260e-03
9.932395148837218704e-03
9.551395183614809839e-03
9.647850268517945208e-03
9.668136623490503068e-03
9.603937431901743427e-03
9.468700615467624815e-03
9.388019606291243824e-03
9.497741859620817753e-03
9.524475140424839420e-03
9.505971295271010979e-03
9.167777891006406027e-03
9.354468940681912037e-03
9.272557013378573271e-03
9.294869702707490161e-03
9.087410106490919140e-03
9.042483931202849670e-03
8.941046051851416626e-03
9.163916838646131088e-03
8.988943713480862172e-03
8.979942231175137499e-03
9.050253201070574544e-03
8.739670867216855349e-03
8.782440303694329098e-03
8.749370922539620454e-03
8.820413144822009457e-03
8.663423875711518882e-03
8.615205762997363986e-03
8.498684372983282553e-03
8.462019083306335232e-03
8.534281064291920210e-03
8.456966083336358436e-03
8.461013219337006758e-03
8.549093437491286918e-03
8.503028013697622178e-03
8.360135929688667505e-03
8.389605124688902932e-03
8.420011971640339182e-03
8.402371292027661226e-03
8.379133711988950850e-03
8.388488742854412900e-03
8.319189313234623406e-03
8.055596295254471850e-03
8.165319029390929670e-03
7.996244663453361268e-03
8.037793218848544863e-03
8.057658917382325148e-03
7.963901786585831852e-03
7.943585216135076385e-03
8.322709101823646052e-03
7.772056765821273860e-03
8.094177095914700804e-03
8.042163231372047999e-03
7.924792530187525774e-03
8.061753638649752501e-03
8.019829409285573335e-03
7.968706037574838086e-03
8.093668695472313462e-03
7.802943887129045256e-03
7.806958796367744445e-03
8.027613522282615877e-03
7.773061786349603000e-03
7.699990871866106527e-03
7.927070437345369591e-03
7.746453887056216174e-03
7.663977522637331619e-03
7.831425299409763841e-03
7.824188286146288238e-03
7.801406364927416723e-03
7.620017573594139830e-03
7.531266068895306996e-03
7.678446080106843263e-03
7.976177577349634340e-03
7.481472888198492481e-03
7.722999141476611165e-03
7.820895735651926112e-03
7.493448071490294363e-03
7.694594880385137101e-03
7.767238237460080338e-03
7.529522931298672159e-03
7.838137520713642573e-03
7.683697216160592647e-03
7.647576257155442453e-03
7.838774315791859418e-03
7.624753845953869194e-03
7.721990883343602015e-03
7.475603694122180676e-03
7.430358634896745175e-03
7.359900797909971551e-03
7.417685636330816415e-03
7.426119273422453204e-03
7.628280850348092591e-03
7.230209062999654566e-03
7.676226689629105093e-03
7.401507791536864576e-03
7.523128728064897019e-03
7.641942745309116165e-03
7.485671677867575605e-03
7.247996043574619213e-03
7.581810850790164473e-03
7.536482523681260412e-03
7.386679583213038788e-03
7.333338531532918383e-03
7.352675913999630677e-03
7.307092367264950497e-03
7.382271546044746890e-03
7.468643323278199853e-03
7.493698543722448167e-03
7.300189120482122873e-03
7.553652220410935272e-03
7.510921351111452676e-03
7.403031599514704394e-03
7.311920137370237112e-03
7.339152113432004937e-03
7.491606961790058666e-03
7.204577843636525425e-03
7.447952058472305861e-03
7.191400962058994671e-03
7.326798212652783221e-03
7.368092198688541879e-03
7.038851915145800768e-03
7.292986146289347389e-03
7.533124917329837508e-03
7.310664686322004141e-03
7.447715054854143514e-03
7.442050306992757137e-03
7.209537774690123052e-03
7.036388149355831713e-03
7.253604393459277613e-03
7.399812704781274543e-03
7.322106760785910065e-03
7.276717207363369785e-03
7.350697327236572695e-03
7.138019203906801821e-03
7.409581715770208014e-03
7.304075866017684798e-03
7.238021347129395405e-03
6.938706825741885673e-03
7.282140176101907676e-03
7.295319646811255360e-03
7.180573954545015070e-03
7.415496848036226898e-03
7.161540904859123487e-03
7.250347200033685664e-03
7.302959220942720209e-03
7.260109530315601162e-03
7.498302451570882342e-03
7.096168183025414189e-03
7.076008627393983071e-03
7.140577408960081460e-03
7.201417855291239629e-03
7.100582765888671308e-03
7.355185852651647399e-03
7.258244262930405380e-03
7.208811160699400700e-03
7.108633209713065108e-03
7.418601102111599052e-03
7.155307525057974169e-03
6.981258860114264268e-03
7.326386168619318864e-03
7.227632828103699655e-03
7.460215568834234132e-03
7.209292416450877213e-03
7.031761498127894056e-03
6.772332969657922364e-03
7.220102490519767977e-03
6.938252509225705661e-03
7.229872919888051183e-03
7.380117743790445307e-03
7.024241538989377948e-03
6.798542512979960026e-03
7.326545245682088668e-03
6.913467076694889552e-03
7.102671565187781630e-03
7.260087999451146981e-03
6.840761645344751486e-03
6.960959486037851529e-03
7.247485732899986918e-03
7.019655348473119796e-03
7.092154541651425788e-03
7.137295400841752249e-03
6.973781160154781875e-03
7.170199439560317328e-03
7.118131861596438056e-03
6.966399879835114342e-03
7.119462757827465724e-03
7.281369810793470766e-03
7.153200751590125389e-03
6.918704948839851654e-03
7.117131810890373576e-03
7.057275720675427327e-03
6.929162138147501246e-03
7.024139288291760680e-03
6.864264260722322333e-03
7.085385805800497108e-03
7.141012705721443490e-03
6.917227361765735175e-03
7.077357623863375288e-03
6.887337745648827725e-03
7.113750044616687362e-03
6.972220167731239815e-03
7.012387545250288630e-03
6.972325069898747084e-03
6.873985427324543797e-03
7.047607006006243249e-03
7.063909258386270873e-03
7.160546178017354602e-03
7.099978047801475296e-03
6.879295758598145787e-03
7.065790372485645371e-03
7.020314897768950915e-03
6.981788733989147296e-03
7.117871698027721135e-03
7.117336776238240501e-03
7.020073349726914033e-03
7.007916760255090971e-03
7.013444340266869123e-03
7.160876529501554628e-03
6.753569330384368366e-03
6.855084620357112038e-03
7.057483605155998041e-03
6.868920416622429845e-03
6.679841099578481475e-03
6.953922080608078773e-03
6.942584011083123910e-03
6.660939089023956011e-03
7.188586773303452804e-03
6.893236132062175933e-03
6.962212212230167209e-03
6.729156586007162960e-03
7.208322113398090911e-03
6.867443656877169830e-03
6.893721913769577589e-03
7.063573007404893613e-03
7.070558241118331255e-03
6.852530841288929919e-03
7.143734557680176019e-03
6.863122100570225904e-03
6.940778701352687610e-03
7.126706000087450893e-03
6.646448979304529943e-03
6.683655971480678172e-03
6.689216778290354472e-03
6.922673435890459859e-03
6.926564806636465593e-03
6.769743091908500716e-03
6.909733723066597416e-03
6.794063264287223541e-03
6.828352683022865903e-03
6.791792535436717154e-03
6.737862898886027088e-03
6.756415713634773661e-03
6.715586661213497968e-03
6.498822865867804124e-03
6.602003507103747400e-03
6.938448777597572975e-03
6.613774553021247934e-03
6.861892989255170480e-03
6.624353261884295858e-03
6.899947974450924490e-03
6.890809961614233030e-03
6.863609326996290838e-03
6.685518164151292922e-03
6.744722857548781855e-03
6.562400382081013880e-03
6.498690572869819833e-03
6.808155956975524628e-03
6.820586624776398162e-03
6.604214923501890155e-03
6.645059328005692954e-03
6.484647310613616059e-03
6.489524126521727110e-03
6.733295947616992072e-03
6.630519813730252100e-03
6.533933058190999343e-03
6.588013957575927608e-03
6.693689481821543663e-03
6.695842933530382797e-03
6.678855367626203819e-03
6.768083989052694170e-03
6.606151849252823657e-03
6.502346538260463972e-03
6.512143709319233309e-03
6.558138578614060993e-03
6.595540563201886600e-03
6.370618699848108052e-03
6.635666362297861984e-03
6.470817785918079983e-03
6.506530952748125138e-03
6.499569221471874006e-03
6.651557243006075981e-03
6.604918077321223630e-03
6.691975648110035438e-03
6.408476711128217700e-03
6.509326139702150196e-03
6.343173411073190805e-03
6.658660622677937263e-03
6.589727161274515528e-03
6.732438501538805589e-03
6.446815741301572047e-03
6.402277138397075539e-03
6.698686518966504022e-03
6.638700987293130046e-03
6.677914270720246639e-03
6.578686850290807638e-03
6.524780883488061345e-03
6.478545726632872412e-03
6.405049208724684570e-03
6.366946885664770753e-03
6.552024652924688317e-03
6.708670234238711672e-03
6.469282094046636608e-03
6.376850964502890629e-03
6.772144103924432335e-03
6.523533572055741948e-03
6.466077932483566687e-03
6.517813810843377589e-03
6.352776938349693168e-03
6.329940762285946217e-03
6.471591612937113019e-03
6.555686550718033481e-03
6.760774911203540349e-03
6.473475683686051585e-03
6.403783682942426267e-03
6.364871300906011289e-03
6.604695931681407207e-03
6.624060020136088300e-03
6.677984282655410886e-03
6.760836454432790979e-03
6.355278324926278387e-03
6.407334023342869944e-03
6.495909419713214068e-03
6.278216261786317975e-03
6.648920741380998263e-03
6.661843542526568566e-03
6.710046804280177940e-03
6.430245322136873831e-03
6.308064692949389221e-03
6.345639504024190580e-03
6.446705017064285372e-03
6.330575684086483385e-03
6.511603953755209714e-03
6.497986865311474250e-03
6.246617803343603760e-03
6.488993159984395714e-03
6.606177796903585191e-03
6.532253791239471530e-03
6.552788537950185628e-03
6.815960491209615765e-03
6.337470092694565127e-03
6.484557855530868539e-03
6.378167058021791055e-03
6.413546499763290651e-03
6.639156462455914065e-03
6.364406371274809043e-03
6.243216962901454101e-03
6.313317222806978310e-03
6.314215999541646258e-03
6.358425521877002565e-03
6.586688955970399460e-03
6.426265834656720057e-03
6.333466120615092836e-03
6.236736193338215765e-03
6.598383442537270917e-03
6.155237736565025153e-03
6.565862503711817483e-03
6.251145308912687583e-03
6.298059316485862640e-03
6.260609509483855591e-03
6.517360919755520697e-03
6.143400872454608808e-03
6.513972347141556637e-03
6.372504478351193047e-03
6.218880562539708806e-03
6.414206952894652494e-03
6.559989572121963965e-03
6.393789060534264650e-03
6.513622426082403029e-03
5.859367582101674028e-03
6.055591671491556728e-03
6.526520675152993473e-03
6.285147947840808921e-03
6.123719014413897717e-03
5.940538344259543163e-03
6.456023107486560421e-03
6.271534666386222728e-03
6.554947632716945013e-03
6.476433774213157316e-03
6.346127944245672989e-03
6.436585168671114278e-03
6.339738282166976560e-03
6.246277336089217820e-03
6.546081700363920106e-03
6.523693364049398813e-03
6.260067862278744302e-03
6.323836357858478308e-03
6.297752560990807838e-03
6.348660627443346305e-03
6.314821659603564452e-03
6.607456086650367703e-03
6.308317522097742561e-03
6.319006700786597430e-03
6.680534339367563690e-03
6.349669560789640912e-03
6.371109002373351315e-03
6.520931397616126432e-03
6.439436905729858072e-03
6.247108515227242295e-03
6.306128749801929133e-03
6.446243111278597386e-03
6.428308966968328958e-03
6.349931164957509089e-03
6.482903613974721688e-03
6.420672266586306513e-03
6.345180451635585445e-03
6.287901231349394757e-03
6.296603069733930011e-03
6.138995566635862752e-03
6.457733707304678591e-03
6.612143720128156772e-03
6.354461209388016091e-03
6.453162335119813110e-03
6.606037534932751240e-03
6.446077140910644841e-03
6.265828087074449410e-03
6.327036630249221159e-03
6.166854908187243550e-03
6.390730065918746872e-03
6.493834289968762087e-03
6.467084634108416497e-03
6.418956219083185588e-03
6.332523813411332705e-03
6.236792588240062246e-03
6.246544865090695835e-03
6.287430117283996853e-03
6.217000912350223452e-03
6.415350290549565529e-03
6.481621027377825611e-03
6.414271539185736892e-03
6.147805256909686343e-03
6.328112682032550548e-03
5.904545860877317975e-03
5.997467243355400317e-03
6.113632016395301703e-03
6.423008586319195468e-03
6.321049082848364045e-03
6.162045702315437253e-03
6.588357088507988679e-03
6.572311585327159089e-03
6.224904689389750001e-03
6.185784791370902563e-03
6.361394788856883711e-03
6.556259489885049238e-03
6.394383320192440281e-03
6.520975275877744295e-03
6.264954404977320437e-03
6.515241630616815452e-03
6.364851045972619303e-03
6.262336923123027962e-03
6.244109835963095045e-03
6.206553394361123688e-03
6.306093492064782612e-03
6.232383773548707054e-03
6.074351238825275931e-03
6.306038535860678668e-03
6.403512680038468338e-03
6.332701434538950437e-03
6.342281637567962795e-03
6.338124680984871459e-03
6.436882007707511386e-03
6.453090441553663292e-03
6.312208103758540530e-03
6.025327006908672012e-03
6.336490891549482855e-03
6.096514143300837268e-03
6.321333194738663723e-03
6.262810087517351604e-03
6.500540355392533942e-03
6.383934143104463138e-03
6.161250125310512894e-03
6.139657665469829169e-03
6.062655462463583181e-03
6.164501768753957375e-03
6.625985785734081132e-03
6.237072468230535696e-03
6.069185901093945498e-03
6.458392384803028283e-03
6.203436959529906591e-03
6.308369409154924654e-03
6.202954183024614668e-03
6.225282638196579302e-03
6.420894905322111455e-03
6.208358657431434571e-03
6.155819557234997602e-03
6.008216878793585028e-03
6.331072974074722012e-03
6.131068299168855422e-03
6.340808444674385716e-03
5.946689323182755525e-03
6.384510640260248823e-03
6.513476091478031561e-03
5.866355256609298227e-03
6.381495927673619395e-03
6.651488529835838936e-03
6.401250531182079047e-03
6.220693941385959866e-03
6.242480206073840188e-03
6.216366255604668586e-03
6.214733161906359910e-03
6.383470025814458673e-03
6.069204266583267532e-03
6.588924805987477623e-03
6.310873112868511242e-03
6.248947170190153125e-03
5.865802655427567944e-03
6.471249549443305188e-03
6.528598789736839332e-03
6.280530423538295028e-03
6.141939886524519499e-03
5.918294102041486530e-03
6.238393969372546706e-03
6.203196869797229264e-03
5.983700825464237545e-03
6.279070774932527313e-03
6.649047534562937262e-03
6.027572223397138600e-03
6.043278536836835420e-03
6.330252702694067618e-03
5.985862248464646207e-03
6.280054671584907669e-03
6.006759887420025021e-03
6.071304789211305272e-03
6.060487397517397290e-03
6.142307457703997595e-03
6.254958091958091881e-03
6.070067014740659385e-03
5.955269433612884328e-03
6.092579806909918100e-03
6.363274284457398969e-03
6.097592316140139877e-03
6.207916928724098449e-03
6.231835680237890127e-03
6.079685669544795945e-03
6.190614408284297529e-03
5.905279457336289756e-03
6.234534750291925720e-03
6.517945534533514489e-03
6.442009090265577408e-03
6.389686532703843166e-03
5.894454103086804210e-03
6.467346524042266731e-03
6.196039383181301333e-03
5.933245647708050574e-03
6.142553960960194480e-03
6.479734975493605179e-03
6.264471753535406570e-03
6.238496103374423229e-03
5.994128123865865090e-03
5.943521370321580045e-03
6.287407249970769843e-03
6.182263731132907163e-03
6.026993336009161921e-03
6.032200409989002532e-03
6.191895144759075598e-03
5.828857992624388723e-03
6.406649795888536003e-03
6.028691006604491344e-03
6.258999810610347408e-03
6.113147700728484985e-03
6.020783032019047173e-03
6.309375645094619962e-03
6.547893534599141807e-03
6.432419952481682052e-03
6.603695822269625357e-03
6.651598125720015880e-03
6.118940395829907709e-03
6.112967908838935933e-03
6.284029009828432343e-03
6.353007506028782170e-03
6.221810720184213842e-03
6.163688956209585970e-03
6.210332136761971371e-03
6.157374759679080239e-03
6.018453945101843137e-03
6.268419092560869460e-03
6.292793150679554422e-03
6.273640186149526815e-03
6.162367588165205967e-03
6.455071139727664060e-03
