1.909724537347327195e-02
1.791342216186459294e-02
1.694452863631853989e-02
2.030115538481738410e-02
1.434786317962489718e-02
1.560381220839526968e-02
1.836164498564680364e-02
1.906417935867138480e-02
2.024929952280641460e-02
1.753906765726192390e-02
1.702794739750883302e-02
1.593258462259630748e-02
1.707142901063651505e-02
1.481835312955977202e-02
1.904808922980248675e-02
1.749314869202031955e-02
1.951144768290881404e-02
1.975390223802231046e-02
1.773350657999607505e-02
1.482416561063811672e-02
1.712502266440118007e-02
1.401217079845689696e-02
1.585007164333673835e-02
1.925999175459808949e-02
1.837780697606923586e-02
1.897755108824710629e-02
1.906639839380750920e-02
1.287773482242905373e-02
2.056272491349987047e-02
1.658362395184100058e-02
1.666333221488892902e-02
1.635008489503382220e-02
1.584238002251648139e-02
1.780571129083553111e-02
1.711084107572531654e-02
1.519900976642224455e-02
1.562642883987229100e-02
1.766375761882876469e-02
1.947962525955108937e-02
1.081307490136533024e-02
1.592831018790950501e-02
1.590064258629469984e-02
1.407977489223964651e-02
1.131535304238920174e-02
1.634736562448358202e-02
1.845308588955357071e-02
1.502853911725435254e-02
1.543222798069835734e-02
1.589733529442237739e-02
1.226771210002849770e-02
1.578732936232946429e-02
1.391872985818965944e-02
1.724142589472973594e-02
1.578256715242808833e-02
1.610824610928052528e-02
1.575377686740370500e-02
1.674744258068247560e-02
1.691606565317962246e-02
1.544588181337391668e-02
1.595785452056646542e-02
1.899957829766693584e-02
1.259090906774514192e-02
2.012126752381662026e-02
1.471173983860778710e-02
1.733807202914700030e-02
1.493346873195538875e-02
1.725156195348408542e-02
1.742357882935695323e-02
1.808258682029032990e-02
1.401580446538296283e-02
1.150816172991319351e-02
1.606306798983305612e-02
1.299521528546363804e-02
1.913074266025553694e-02
1.646427462479549408e-02
1.230649070072048143e-02
1.653749112465459012e-02
1.263999184328207064e-02
1.397410655462089611e-02
1.852038571099886774e-02
1.687362144140898412e-02
1.546096672961889962e-02
1.641590203496320552e-02
1.450057492260670849e-02
1.623815020730697348e-02
1.627905991705937833e-02
1.337933493052777256e-02
1.132860731194969446e-02
1.752278303781669780e-02
1.541652698106398510e-02
1.650970668749601744e-02
1.156182606713746300e-02
1.403266815262010914e-02
1.360954803095282273e-02
1.695730377629772398e-02
1.454194746928970210e-02
1.830579718043374646e-02
1.195390713279918977e-02
1.875010989681538676e-02
1.586658014626737487e-02
1.747119715215898067e-02
1.270868153398421220e-02
1.548379230382662675e-02
1.587885799719625235e-02
1.810041557626940537e-02
1.273297285554230579e-02
1.767946729947544870e-02
1.641516923344240111e-02
1.904609929554989742e-02
1.620092312484941802e-02
1.794152883616500355e-02
1.571055796219813713e-02
1.574266925519273580e-02
1.697595072970569177e-02
1.691607037041944345e-02
1.958000948693678842e-02
1.469828422768700016e-02
1.592741699657338264e-02
1.698476728393696553e-02
1.458111692787426861e-02
1.678685272973480525e-02
1.146901136202293538e-02
1.839730427370543306e-02
1.823185091920665260e-02
1.866537822256335646e-02
1.459787333956113001e-02
1.549405485699743672e-02
1.672154284743408367e-02
1.699347091430437190e-02
1.947657195114898404e-02
1.740745215375748625e-02
2.123839468061462787e-02
1.610991298074431269e-02
2.054840283931384445e-02
1.457645396375625499e-02
1.607291086101031094e-02
1.479419130666268130e-02
1.707059205942632399e-02
1.408859858159844033e-02
1.316108711518149468e-02
1.804906421573072503e-02
1.800372774705868290e-02
1.437512653474996849e-02
1.695372211266217913e-02
2.041061749386412563e-02
1.546574793477417491e-02
1.907019992837376277e-02
1.208069220957883223e-02
1.528378084894214776e-02
1.653945217578304400e-02
1.738190789107288414e-02
1.461069081623864868e-02
1.871355493591066524e-02
1.517613114860233252e-02
1.660558253603812776e-02
1.686729049460601940e-02
1.527573017315922606e-02
1.229567601951167370e-02
1.328309483026501175e-02
1.529670105434909749e-02
1.624947741387421443e-02
1.884789158624346553e-02
1.856761031795568784e-02
1.305186393788396529e-02
1.515172959376250884e-02
1.986493788162923754e-02
2.048322633372335472e-02
1.682351961970849491e-02
1.511463504166557677e-02
1.355417650158193855e-02
1.888796301763405461e-02
1.767132277662416054e-02
1.688067201965304243e-02
1.525636308075873325e-02
1.750653301667071463e-02
1.839143911495305303e-02
1.424975265278986478e-02
1.612262551867121169e-02
1.897654570277829827e-02
1.721898646262371227e-02
1.430082042592601028e-02
1.736252229859990698e-02
1.976316477313535061e-02
1.523399766414240859e-02
1.261415979644888233e-02
1.625379518838231466e-02
1.511238045373069529e-02
1.782296197781262775e-02
1.634657402932156514e-02
1.405306111130275037e-02
1.472966614896275769e-02
1.546194168679539821e-02
1.499610555110860062e-02
1.345223954806926310e-02
1.667530215370232119e-02
1.550412604589764681e-02
1.609821896519876214e-02
1.908891090996667553e-02
1.440734832662347517e-02
1.596493418444231913e-02
1.395012691666544860e-02
1.646218603201206332e-02
2.147456217201676107e-02
1.390597194810634304e-02
1.730946558499833060e-02
1.631483202860647616e-02
1.706631433458483810e-02
1.166114926065031990e-02
2.024763570591169709e-02
1.584027095492552412e-02
1.400520320506062899e-02
1.324143526438615291e-02
1.771908819389224343e-02
1.624357776111937796e-02
1.447706160941748983e-02
1.578471447082372900e-02
1.624581349354270454e-02
1.725772727600521569e-02
1.719106633587218214e-02
1.763225146675593408e-02
1.546756920863716876e-02
1.328446870853169579e-02
1.908555716039097780e-02
1.523561312523082252e-02
1.585145885284111253e-02
1.840835897145577313e-02
1.591361419130101276e-02
1.512371922186317094e-02
1.651986648882020417e-02
1.759699054339818741e-02
1.172347785822498885e-02
1.402904912972094756e-02
1.733885201244713195e-02
1.665140587269122244e-02
1.587407661087609362e-02
2.015508452652789440e-02
1.892687060462820703e-02
1.526992575977164160e-02
1.430529399809392192e-02
1.816668809538980051e-02
1.821967462540195759e-02
1.694680028395819174e-02
1.548817143319913651e-02
1.824100823641766275e-02
1.617424738992936928e-02
1.386865236704544826e-02
1.813994514291698487e-02
1.445823779877209239e-02
1.907187426889388887e-02
1.425052567272739115e-02
1.458422737302665119e-02
1.965985661004799462e-02
1.624619274557370305e-02
1.919092739594522104e-02
1.555685476740129893e-02
1.874204641709993624e-02
1.936367190873249447e-02
1.370153648599389297e-02
1.286040904410755414e-02
1.297052508824428178e-02
1.683421425286581868e-02
1.765597067810090876e-02
1.775055863046514151e-02
1.371281329421293431e-02
1.829154205538673778e-02
1.390066981172297794e-02
1.495609125680197153e-02
1.414233506564918121e-02
1.382702572049557613e-02
1.523749364213556820e-02
1.594668869013041168e-02
1.751942264296931298e-02
1.579797924819988444e-02
1.550704362686016261e-02
2.091821317985882375e-02
1.440618752988690604e-02
1.964738825079091755e-02
1.992187984881990323e-02
1.733628481957148054e-02
1.592668460053588489e-02
1.458609531338271072e-02
1.734363916095908731e-02
1.533488547156430445e-02
1.578201511918152916e-02
1.410146193303919021e-02
1.572645822938401744e-02
1.901629563060646538e-02
1.915374589031905439e-02
1.731169164998671781e-02
1.549220161348481041e-02
1.876429788465245121e-02
1.467294456145428957e-02
1.499507938357969895e-02
1.539746304932714492e-02
1.463560194362199633e-02
1.474465065010828468e-02
1.739290490506562037e-02
1.532704565330204535e-02
1.531462178408040005e-02
1.256187188520638091e-02
1.508569113328379896e-02
1.510217125859407428e-02
1.577384199649986204e-02
1.752123642684426386e-02
1.740708149197978463e-02
1.621934585290854547e-02
1.565461201265753305e-02
1.378893419489871097e-02
1.600387238740173801e-02
1.457106544938694716e-02
1.721853197483561027e-02
1.486431270792741739e-02
1.612992337394584738e-02
1.418706021050756584e-02
1.709122309004082463e-02
1.450645409363590828e-02
1.670713480887097216e-02
1.814298795947878740e-02
1.386854720753154940e-02
1.259417980710630762e-02
1.336613181423960961e-02
1.575368824206769755e-02
1.817757789947179597e-02
1.682311760398642886e-02
1.760589484158898294e-02
1.582363853737414963e-02
1.473865071350346015e-02
1.754568824815532641e-02
1.198957047092639137e-02
1.569911787067241118e-02
1.530417940014325469e-02
1.606620958062128512e-02
1.530526196739609608e-02
1.184833715315919585e-02
1.439049069361469230e-02
1.890528588672818824e-02
1.150307698202808655e-02
1.737567998987191165e-02
1.517164161412640211e-02
1.313644537472384403e-02
1.522220876724390305e-02
1.700540872830138411e-02
1.542235739670336919e-02
1.572090154436380297e-02
1.448198178781603083e-02
1.480325530735203052e-02
1.471895751359441652e-02
2.204512123941469379e-02
1.743732269008319014e-02
1.547453836078789211e-02
1.479826276645443590e-02
1.683436275610385169e-02
1.614994987188260803e-02
1.589972052647833922e-02
1.569892549103127366e-02
1.689762248428413466e-02
1.357685420868556814e-02
1.371828472365966070e-02
1.357523523812202877e-02
1.808647158404964872e-02
1.442496299833977667e-02
1.703339926221337716e-02
1.744129461218761959e-02
1.601752294706540458e-02
1.508885218694480147e-02
1.513322510019668964e-02
1.490904933653385868e-02
1.336107272535145066e-02
1.477465316791031283e-02
1.321526150833518196e-02
1.542829742316924324e-02
1.705434216573066195e-02
1.592880338570956678e-02
1.386807187167582445e-02
1.396011852653298267e-02
1.526515658700420587e-02
1.732793024107851312e-02
1.794482709130841222e-02
1.905230787478107146e-02
1.637973780984624053e-02
1.453704211377196583e-02
1.498479775796938453e-02
1.589617520131265602e-02
1.564169332603832646e-02
1.608767276082942108e-02
1.341778693838295393e-02
1.583891639773095036e-02
1.645958062180987586e-02
1.623878704104322890e-02
2.154342666419190380e-02
1.698090711167300065e-02
1.478414375733184960e-02
1.378622007255302963e-02
1.521031011161101676e-02
1.622788412990574039e-02
1.538635531521733053e-02
1.326077882963577585e-02
1.348036266549078321e-02
1.153379616570925081e-02
1.432219774947824341e-02
1.362690811890077472e-02
1.326835073718902157e-02
1.466039842530389957e-02
1.387663140092632204e-02
1.341070547932671220e-02
1.377009828518301060e-02
1.494791197062055044e-02
1.308464641667958159e-02
1.295142750891209796e-02
1.421659037979597709e-02
1.560289296934110406e-02
1.664583805961216204e-02
1.437179085794776032e-02
1.533124886702851540e-02
1.969857067365606701e-02
1.506643694871522172e-02
1.715721909017784222e-02
1.569460359149890336e-02
1.657778190231504536e-02
1.272050735905534170e-02
1.604740486710987818e-02
1.444721365760641939e-02
1.429931361808901673e-02
1.340929430670705427e-02
1.341415875926657043e-02
1.670731064471569355e-02
1.578639399693357315e-02
1.377521523304809162e-02
1.557367518202020830e-02
1.706182153486120873e-02
1.411779941988287358e-02
1.484836654220814470e-02
1.769597296646111331e-02
1.318499727161234758e-02
1.833186371976933127e-02
1.677634371856982776e-02
1.736840402099136885e-02
1.736930228012061733e-02
1.318793690197440568e-02
1.467503190621010853e-02
1.562687881815240376e-02
1.467649059279525423e-02
1.591965058050764242e-02
1.564287643661600724e-02
1.528981556690738042e-02
1.491636984621968684e-02
1.472430075062982659e-02
1.529703115998636703e-02
1.598269492979833076e-02
1.233279050280594070e-02
1.497496248889884467e-02
1.142797615439500487e-02
1.626172676064286185e-02
1.249392565187723396e-02
1.356018246507890816e-02
1.214990502205755100e-02
2.006940022920537109e-02
1.525233319881708766e-02
1.679982364177880216e-02
1.458170509346948078e-02
1.730831957670056140e-02
1.576338732545797330e-02
1.401506457087571024e-02
1.031428296077593725e-02
1.668291066419791760e-02
1.762240520243581188e-02
1.168610538052446135e-02
1.538049114933374810e-02
1.207154433072718178e-02
1.059119331646625993e-02
1.329211590203136992e-02
1.320385760157986345e-02
1.607595631858276322e-02
1.149133494000922039e-02
1.627618755713386434e-02
1.838625317514874097e-02
1.249668487820774013e-02
1.110691200999901034e-02
1.390287284603546579e-02
1.541118590439352620e-02
1.387530045475058108e-02
1.143236272709205296e-02
1.161036886286020975e-02
1.486700570520481900e-02
1.356030273599805394e-02
1.187736114152835969e-02
2.139746346097636670e-02
1.661772243367005270e-02
1.429211965158419008e-02
1.680436279236913882e-02
1.444250199379327332e-02
1.645008326332245488e-02
1.639202488559276735e-02
1.357137300612652753e-02
1.436403517240962026e-02
1.376970354932875902e-02
1.283968096161989571e-02
1.394579613810707601e-02
1.284668299679757840e-02
1.156032336633425542e-02
1.537599646924629922e-02
1.305205972527309112e-02
1.429667840492649181e-02
1.513598536697409111e-02
1.647168489280182585e-02
1.609237641812907849e-02
1.354878557756177861e-02
1.523026333144317929e-02
1.451237226780066961e-02
1.105214169286126112e-02
1.444193744593144299e-02
1.529273797923191326e-02
1.468722042437401246e-02
1.251316321845839970e-02
1.302674074693126009e-02
1.041594400885250023e-02
1.409811865131660805e-02
1.361319242729386488e-02
1.825843458869038163e-02
1.525543240805851686e-02
1.224555744081668590e-02
1.515610006828968515e-02
1.497601272683040004e-02
1.621256981584305243e-02
1.301853982735901374e-02
1.197517326259405109e-02
1.380705543874299890e-02
1.532331777519899824e-02
1.521666135593770057e-02
1.533959102137097234e-02
1.329391861131197852e-02
1.851001972257258418e-02
1.215449757871822981e-02
1.329494341241079132e-02
1.177794897799503207e-02
1.767435019863607820e-02
1.027582639911322170e-02
1.305348008689285154e-02
1.558972085450933617e-02
1.234379074016789257e-02
1.519795816794730810e-02
1.481748634939239993e-02
1.474134657694928935e-02
1.148501683882749425e-02
1.656158897100838689e-02
1.399510474212739032e-02
1.130988987385257542e-02
1.578806160683240284e-02
1.862437206938102191e-02
1.436088012027224130e-02
1.405041683375710289e-02
1.297212013425287809e-02
1.332342349658204202e-02
1.410088076421045500e-02
1.567710140818494302e-02
1.612109817350047478e-02
1.379193157965379751e-02
1.328806823223596494e-02
1.103099738685010649e-02
1.438375251127257601e-02
1.197035834389133767e-02
1.313671965009490829e-02
1.370186234515483395e-02
1.207380036720663401e-02
1.203606869754177827e-02
1.378913059577262408e-02
1.317965463849282183e-02
1.629793838052780511e-02
1.193546120328914904e-02
1.494520222635834818e-02
1.500488897342644803e-02
1.464243367013329244e-02
1.469162728036033441e-02
1.672292315161920742e-02
1.433490042476638464e-02
1.396868104822723139e-02
1.424935308657666530e-02
1.364066309717922379e-02
1.430066311662054127e-02
1.318981200859826661e-02
1.453274142257571927e-02
1.532933042315307026e-02
1.355192858189204104e-02
1.486424463638007232e-02
1.336662527983516896e-02
1.242609825608175823e-02
1.591115985124890927e-02
1.095664195899929104e-02
1.246217279765541273e-02
1.242058549465992374e-02
1.152797480426763152e-02
1.550377139978973036e-02
1.541206294806636394e-02
1.517265563976870520e-02
1.303679901371486774e-02
1.131562283868640766e-02
1.159798239577435053e-02
1.113230684399573595e-02
1.724200347766747729e-02
1.612891676728049270e-02
1.284631493642271818e-02
1.073923881795075044e-02
1.282163971335821377e-02
1.368157071423764179e-02
1.503399700300107715e-02
1.301352670401595413e-02
1.545092179379926010e-02
1.194468429165564984e-02
1.073676331371576330e-02
1.535593447983020152e-02
1.071107139857206680e-02
1.466538542089426862e-02
1.230583137243628465e-02
1.647569148861457305e-02
1.427822106344559840e-02
1.457531196559055595e-02
1.583587602549181225e-02
1.353435556332852063e-02
1.281291563433706142e-02
1.302699725465795121e-02
1.297734878607490101e-02
1.230542910662566457e-02
1.167066981310286092e-02
1.432197439289513083e-02
1.603468201482102090e-02
1.300435667784281303e-02
1.529168206738258651e-02
1.155721819994658464e-02
1.645405211091419129e-02
1.441058155159505479e-02
1.436522907144157681e-02
1.530884506645437473e-02
1.217541473690708989e-02
1.213407060811236803e-02
1.434571963256631860e-02
1.047389612994042637e-02
1.580029182339559926e-02
1.186874122478192087e-02
1.217538473384947514e-02
1.526061970764532212e-02
1.112050941972891199e-02
1.391492602935189699e-02
1.420661348032948960e-02
1.330276864202849761e-02
1.366402302937611349e-02
1.299704789125303260e-02
1.315399444194626823e-02
1.239370267164712630e-02
1.295505206915150906e-02
1.408317146207914428e-02
1.595665635518949896e-02
1.641291136724429625e-02
1.047183970052918689e-02
1.156147798660383912e-02
1.449584191072058638e-02
1.492110813178777751e-02
1.015500324022036542e-02
1.354094560144696556e-02
1.382139886938031463e-02
1.554967988413898453e-02
1.393521724977335452e-02
1.441916402537803989e-02
1.311805811187299539e-02
1.305312431729093933e-02
1.099563641183217734e-02
1.405906041339864167e-02
1.503512002770559727e-02
1.154190423999307789e-02
1.464692023716143016e-02
1.236394719540913519e-02
1.055442983351402748e-02
1.147495441993132831e-02
1.377688998709917199e-02
1.350342773294685439e-02
1.168967257076414766e-02
1.181540362636839502e-02
1.185735263783356183e-02
1.374572357503082293e-02
1.469638416397715114e-02
1.640982517862671006e-02
1.324441949536260717e-02
1.474005886256542219e-02
1.159116557825228336e-02
1.414284860296270013e-02
1.291230379701596535e-02
1.480966418099890700e-02
1.463435981568150801e-02
1.139697027986608449e-02
1.416729861263322197e-02
1.254768972240045445e-02
1.329955347723506959e-02
1.227923862627829446e-02
1.124600811378043130e-02
1.204966594738685927e-02
1.340141887064144784e-02
1.567996607774270468e-02
1.208476127159171382e-02
1.723617836792448732e-02
1.398517034602645912e-02
1.335199680530601077e-02
1.508641204235024527e-02
1.173730289352453715e-02
1.291979318997909902e-02
1.866705351230429216e-02
1.306904667462264504e-02
1.220454522125797962e-02
1.746700969195709441e-02
1.562116893325282349e-02
1.156828025975953182e-02
1.154461263119113332e-02
1.050084216189355567e-02
1.231543907272914136e-02
1.617390255362683923e-02
1.707361722420868214e-02
1.375623027431914676e-02
1.572530415087191116e-02
1.159460339821875852e-02
1.129621036553931680e-02
1.132719463294215231e-02
1.070726236034031179e-02
1.816222754507509224e-02
1.424534914009063270e-02
1.187296805514738950e-02
1.168551378042459454e-02
1.576767234514918001e-02
1.631130617432451080e-02
1.051253279793853274e-02
1.169147702670526520e-02
1.425953039900689640e-02
1.224626405038731214e-02
9.140095276322944551e-03
1.244793492312762893e-02
1.327532195792059146e-02
1.105174346254264410e-02
1.084198507392119051e-02
1.214632209288553366e-02
1.358083145741766952e-02
1.256591558874319177e-02
1.371337851687358042e-02
1.348685088872582372e-02
1.535207750488442636e-02
1.076693322202099644e-02
1.609645623123445030e-02
1.244845224190303627e-02
9.879435990998896439e-03
1.497165384697821296e-02
1.106366287675996686e-02
1.354479393535671684e-02
9.790465296073217957e-03
1.151055768661726070e-02
1.318632179151241375e-02
1.353351903758215694e-02
1.049057877786246928e-02
1.678269807919473625e-02
1.911501676404396902e-02
1.107354154780712009e-02
1.202690531631585812e-02
1.153712273081244216e-02
1.436603511812227334e-02
1.599570842093814629e-02
1.130148207434960965e-02
1.104707951083395458e-02
1.392030062701326600e-02
1.168523071999863668e-02
1.692978348871826411e-02
1.179853559923147929e-02
1.377749696062019642e-02
1.468004525210830219e-02
1.037659923877511277e-02
1.340934978154865141e-02
1.301972755805360857e-02
1.257776730808507840e-02
1.109150673144377978e-02
1.054299061884752739e-02
1.723291346218029652e-02
1.154260689456169768e-02
1.162323496117346512e-02
1.313522226094366099e-02
1.260908448551340336e-02
1.365093357585516788e-02
1.499056998572478351e-02
1.473052025881485191e-02
1.159188027423697746e-02
1.393906913984450067e-02
1.559272037970707396e-02
1.295450739131635311e-02
1.249114419140532652e-02
1.055314626997475198e-02
1.126772547997507111e-02
1.162009249157736242e-02
1.193954717451652450e-02
1.099918171013575599e-02
1.292928726431617943e-02
1.177427794473676244e-02
1.362107297045732530e-02
1.339825246178638109e-02
1.470224269434124327e-02
1.551247593413773544e-02
1.497866119362754357e-02
1.194033545578279502e-02
1.052235714460860935e-02
