2.453783306141595760e-03
1.077095406578677545e-03
9.325484199936123200e-04
2.380503041442157824e-03
7.160560499556191394e-04
2.168495089528405407e-03
2.464022515953212186e-03
1.372163949721990532e-03
6.303415783647634994e-04
2.495811049810763710e-03
2.535651542277726506e-03
1.942816226547164045e-03
2.062531683158587686e-03
2.292501232002232704e-03
1.344022020558120365e-03
1.353809944846437073e-03
1.147379186710182925e-03
1.700282813578791801e-03
1.160006672157939435e-03
1.595284818785116512e-03
1.355083395954734260e-03
8.120616196575410886e-04
1.886444359338487059e-03
1.422511142350457811e-03
2.047270177615796542e-03
1.150013496988327522e-03
1.846855880615778326e-03
1.751835797691122555e-03
1.214359083127579397e-03
1.037896381701120321e-03
1.631684911965560142e-03
1.157762345675851122e-03
1.229486055083110069e-03
4.286161938168606090e-04
1.475078885609007679e-03
5.056044596718120001e-04
1.263131048795038775e-03
8.694427324406915408e-04
1.325431332552684570e-03
2.062986601653400871e-03
2.149269949808661068e-03
1.561330811742025907e-03
2.019622585710571620e-03
1.764973640667956379e-03
2.465127758700763790e-03
1.014166723177822036e-03
1.301073899580107484e-03
1.202788313918534170e-03
1.699219831747025280e-03
1.585855393661358016e-03
2.027188383262921046e-03
2.325942434971030228e-03
3.307925567377498037e-03
9.324022515580545874e-04
1.159114054749261916e-03
1.052955176580608592e-03
1.327576156014272481e-03
1.720887438932744255e-03
9.553810540870273302e-04
1.659030622227213253e-03
1.641605081049337571e-03
1.406201372004988164e-03
2.836943188966010564e-03
5.880121213902695342e-04
1.415565599487098774e-03
8.069917305388971292e-04
5.756062207187252972e-04
2.164395043595495596e-04
8.142272422217244985e-04
2.185271696403099165e-03
2.413472979166227106e-03
1.594565024377650984e-03
1.749060486495932929e-03
1.399462864655009455e-03
1.277761728904055691e-03
1.150648603565153361e-03
6.701140885534807119e-04
1.203965568999803637e-03
7.309745608567102615e-04
8.621665078221866845e-04
8.806308231316359618e-04
9.758491676862941994e-04
1.576108707956552215e-03
2.404879121380750081e-04
1.056903949367166574e-03
1.476341255224006147e-03
9.752959010668378354e-04
9.967847130365201438e-04
1.259152055543238556e-03
8.185831326348662037e-04
1.285166851691326318e-03
5.612411916589666672e-04
9.267585838640809634e-04
9.718525014450038382e-04
1.511481094810350609e-03
5.670935329999532686e-04
9.278480384002960697e-04
1.461957747229697012e-03
1.113238513147446094e-03
8.579047972235802734e-04
2.189540390148578502e-04
4.284175802952935896e-04
1.110848033211662587e-03
1.672984372096142662e-04
8.925254353662467671e-04
6.598229012162277422e-04
7.106635212136113832e-04
8.549080907397748870e-04
7.128828344836612855e-04
7.059164606700750119e-04
1.269783801560769821e-03
1.179874156117721425e-03
1.005011710420156612e-03
7.914259325769593470e-04
7.045669827577809730e-04
2.256225967280432558e-04
8.110126681663353638e-04
9.035144526689747966e-04
1.419195061582015143e-03
8.974671012677170765e-04
5.019951433903905788e-04
7.762573658413529035e-04
6.038596217500112780e-04
9.998736060209676476e-04
8.005288115802066881e-04
4.718308453804108708e-04
1.344964773551038471e-03
1.091247321778135437e-03
9.097243245077689562e-04
3.107080464859641468e-04
1.118311233745764802e-03
7.737144489182147750e-04
6.928894633006288991e-04
4.224567871776417367e-04
8.946812478968135720e-04
9.060900531260266018e-04
7.716978186774015947e-04
1.588069175215366363e-04
3.808116267804728433e-04
8.599960439244680368e-04
2.159937717990630178e-04
7.629811441542641874e-04
1.263835732037009397e-03
4.554070179477128270e-04
7.195693685930650138e-04
1.110115923581682330e-03
8.083503374384535872e-04
1.642790008197485155e-04
9.210824507698814247e-04
6.473468806177169093e-04
1.736494270040578108e-03
5.625122652465057872e-04
2.996160592309061489e-04
9.846011755704441298e-04
7.984799092292213692e-04
1.065223574756822772e-03
6.135825603000086411e-04
2.016645839646091006e-03
1.187774554356710007e-03
5.419432925609252725e-04
7.677681447008518310e-04
1.251687767484209240e-03
8.725993007311619223e-04
3.524295697280053021e-04
4.883766695956809865e-04
4.905465727757424331e-04
4.945042563473492662e-04
9.025288912836665432e-04
1.082011210490789205e-03
9.940092539894068886e-04
1.213471588286540179e-03
5.414204374880637102e-04
1.509279596035401029e-03
3.977632546142084128e-05
8.819557951089376964e-04
3.695155904483506419e-04
4.896903172643009674e-04
7.525040504631670419e-04
6.363939089894741488e-04
9.601502400956804257e-04
1.022625984772868599e-03
5.262421519946667518e-04
7.359920097396311766e-04
9.272742127745593234e-04
9.187715940477333976e-04
1.835328591926902245e-03
9.125465064958284333e-04
2.317554744936516108e-04
1.257251257299766807e-03
8.702975849441545479e-04
7.220674129594067524e-04
1.282355285046170908e-03
8.290137242030111171e-04
1.288271795146910675e-03
1.018528872877306124e-03
5.902693280753050237e-04
1.556773938182762608e-03
1.225854648803371885e-03
1.067248233351961477e-03
1.069490462937206345e-03
8.915557121751517891e-04
7.710368675333068109e-04
8.708282319776068604e-04
1.826680403504500226e-03
5.616770535998444076e-04
7.452874139058567136e-04
1.010043364440167679e-03
8.935110312021029037e-04
5.261336079498801343e-04
1.023429116588401439e-03
7.476179108228204941e-04
6.953407071057528775e-04
6.627963368379750485e-04
4.819140081717830822e-04
1.075416795181800876e-03
8.145578715409525130e-04
1.475024668337532796e-03
1.438187124916831278e-03
1.189816186935775243e-03
9.082052210390463695e-04
6.891028248963138297e-04
6.195180732176221779e-04
8.625175663862665910e-04
6.144443479456697952e-04
5.136626612674379585e-04
8.390929681800614543e-04
5.613437986008671396e-04
7.318112590679496732e-04
2.353063805629198137e-04
6.859293350094963250e-04
9.870594354833969394e-04
1.040745994488329398e-03
6.467369956152475494e-04
6.322981731564114062e-04
6.019970479529594774e-04
4.441698695432225370e-04
1.050093751655846929e-03
5.819187092610018800e-04
2.621000082679349761e-04
1.201775822342747045e-03
7.319984830801967018e-04
6.309221709541699974e-04
1.205640779320665736e-03
3.051597957179419461e-04
3.173046707639556874e-04
1.048659393035654983e-03
5.463179030259576610e-04
9.992481941154612250e-04
1.006283525337983145e-03
6.411505467280110074e-04
5.074737284550396004e-04
5.821437342289894831e-05
3.827189846955816833e-04
5.270300589987334710e-04
5.040386762937980368e-04
2.646485299665397059e-04
2.219226317275636189e-04
1.307366197772787857e-03
6.083622581939123093e-04
1.073322918944617267e-03
7.275021114520163323e-04
2.857659052965141845e-04
8.264748089146998740e-04
7.143246332918540839e-04
4.378818531773445732e-04
5.876468432278733134e-04
6.567311907056213498e-04
1.136180543218478535e-03
2.056006695509584963e-04
1.580685213540168209e-04
7.519539443666731606e-04
5.622339034385689461e-04
3.342145388383601029e-04
1.071860008791984719e-03
2.756694158821523170e-04
8.573029050916186221e-04
1.075318217233132111e-03
4.496448666039100719e-04
6.085612691112365262e-04
4.689838404495860844e-04
1.168039383440597039e-03
3.092982022847197963e-04
9.999043938842186983e-05
5.830875148320618928e-04
1.639969198221373579e-03
3.959525833853763362e-04
6.037383385106810055e-04
1.112516344844135044e-03
1.113806396113196668e-03
7.112725327087242354e-04
4.859499484232658996e-05
9.293851175537588480e-04
3.265732951862762253e-04
8.854426586341233255e-04
7.931101405331260172e-04
4.227554388678820044e-04
2.999144074869995757e-04
8.079331386251402750e-04
5.603198473345728542e-05
4.735345427869670212e-04
1.651158801186643568e-04
6.379162633366965065e-04
7.669789856777891462e-04
1.860672195854995968e-04
2.597642966560711293e-04
3.352782979962094659e-04
6.613265510848426393e-04
4.981072192505313790e-04
2.258984737345341969e-04
2.626221024230460175e-04
3.131051890666305612e-04
5.919773558795670678e-04
5.316438279162435292e-04
9.030584150826583348e-04
8.230206411522037477e-04
1.023395523319435389e-03
4.951580363365115905e-04
1.128898704481595379e-03
1.219879649191215427e-03
7.809397703377157340e-04
1.086340470713990014e-03
1.042065936768790798e-03
8.493538547125953884e-05
4.383884843804092680e-04
5.941183111753611194e-04
5.273876661352806545e-04
1.063699238686520616e-03
2.176495701137490051e-04
6.860632254599914907e-04
9.508239086086329398e-04
1.274602050205038374e-03
1.150313889891313879e-03
1.295418680075270841e-03
9.632094069992858630e-04
8.315766215555303468e-04
3.222319356251077973e-04
6.557393849811556964e-04
7.256700433927331826e-04
4.641115067508851393e-04
7.642226978605573757e-04
4.239091349478268217e-04
1.240307005341769353e-04
1.148822236254420839e-03
1.289001984395240358e-03
3.805133664442809189e-04
6.180020151916494620e-04
9.170614324253396161e-04
5.111787804778022233e-04
5.055872161933589468e-04
4.264183058618817974e-04
1.213842160606706019e-03
5.147313555065414570e-04
1.228007882528467549e-03
5.659482606427960116e-04
1.017647959869413333e-03
3.821001887147820460e-04
8.711866072912503043e-04
7.651715452966234305e-04
6.304283546718793653e-04
6.748151812655064528e-04
6.305067471158838860e-04
6.504998581139037400e-04
9.537239721300539352e-04
5.326073941104294499e-04
8.776390988695336988e-04
6.998061290768878241e-04
4.951780713571620222e-04
3.861630288489240862e-04
4.640162602575787095e-04
8.077536234149186763e-04
6.478808034905383017e-04
1.280600746389626711e-04
8.035659099742346444e-04
1.060642989413351040e-03
4.234388527703128544e-04
6.795281617664463650e-04
6.138883572902795443e-04
7.237392041096230196e-04
4.528214315078504001e-04
1.045216039294621447e-03
6.743733937558092379e-04
1.207418311136977110e-03
1.041147826113862510e-03
6.680794912537904931e-04
1.234393577889471381e-03
7.222023549481529229e-04
5.468808830125620720e-04
6.314676293613959287e-04
6.046209735521598360e-04
3.925370168432415767e-04
9.294163030835630957e-04
1.105391485193724880e-03
5.938002764097307295e-04
7.916304088807732961e-04
2.084650640890661842e-04
4.205822932041433301e-04
1.393509497695139248e-03
4.953494194139290057e-04
4.026783731464101020e-04
1.277702692429007712e-03
3.471636217134007013e-04
1.440646414346222226e-04
5.859995459058937569e-04
2.319890900371125980e-03
7.745571042130055660e-04
5.579796611012204305e-04
5.896087663100965789e-04
2.263030934715957163e-04
4.198764390954597158e-04
1.607327648814995411e-03
1.203386727717198866e-03
1.087125144500103273e-03
1.575073889253641394e-03
6.459767085530095966e-04
4.107860613588803860e-04
8.244029466965436528e-04
5.680667205980661268e-04
1.229795395272807648e-03
6.620650682612139399e-04
5.840300374280819320e-04
3.685298073294572280e-04
9.996414573438608137e-04
9.137464557541775641e-04
7.565707284027871175e-04
1.007071135584972727e-03
4.666955307844806479e-04
5.915538805244974782e-04
6.637113103442868244e-04
3.912006680487343548e-04
4.962624918247540186e-04
5.199873837545183636e-04
4.100105735463535715e-04
4.945166292002321383e-04
4.001760977468425467e-04
2.060993502973953995e-04
3.510282142582370484e-04
5.212110402536869339e-04
1.685826915305916533e-04
1.771918416206457250e-03
1.116714896090486957e-03
6.471632997818692204e-04
1.616852700019791973e-04
6.974634783908051057e-04
5.551373015133275780e-04
4.175590509491158755e-04
1.120607278919501021e-03
1.778709769059867718e-03
1.026030288735836496e-03
7.386949219980898807e-04
5.228842925174327378e-04
5.971556820905396870e-04
3.463603182165622425e-04
3.714597685764510536e-04
1.704003090008835179e-03
4.855198701394058524e-04
1.228549954909813769e-03
6.373082066617593786e-04
4.316706820407461924e-04
1.573350233185222269e-04
6.186646400582252771e-04
1.093972359429872280e-03
3.962467569603710668e-04
1.791222502809399451e-03
1.344746290154356233e-03
5.509177991432232457e-05
1.951863268913031678e-04
1.040109773533689792e-03
1.120615112296524934e-04
8.785535323989909036e-04
1.693068987369830908e-03
1.032117833034629272e-03
3.578472769588839997e-04
8.462485493457530972e-04
5.053149095387099530e-04
9.864869507383423972e-04
7.538755633051892656e-04
7.182689399412857086e-04
6.760161058090616943e-04
1.516189359112507561e-03
8.450819787816804020e-04
3.019821095167027369e-04
4.092815976435563345e-04
7.167297617978733064e-04
7.985360545103192993e-04
3.699913326969346333e-04
9.199957737646462718e-04
7.269784768063393702e-05
4.001471945700518047e-04
1.124847579106057812e-03
3.741078875376507287e-04
1.244637939111061962e-03
7.336433602161435575e-04
1.076317736733090362e-03
6.517685871984341345e-04
8.023374745010699183e-04
1.103049120862037435e-03
1.133577580144445266e-03
7.711955179135864934e-04
5.822574751396127459e-04
2.771973284978953580e-04
1.076769078572985565e-03
4.961387733532679522e-04
1.080811694882382419e-03
7.326959960638017560e-04
1.174416206566257330e-03
1.037093838448434379e-03
1.316555087037234856e-04
3.211406498487037438e-04
3.094755849030784729e-04
4.326795202789462773e-04
9.058075276100030059e-04
1.422034966422340996e-03
9.366343923425531851e-04
1.272379903832404451e-03
8.682967146509955629e-04
1.726667275727918234e-03
5.714913250132423739e-04
9.891255919679108749e-04
6.444648413963137076e-04
6.800477375783405562e-04
6.073067663237431257e-04
3.779773502150130665e-04
7.650768594929610198e-04
1.150582874657090932e-03
1.318869703629171712e-03
9.854738287036039508e-04
7.733895133407717778e-04
7.368686564124407937e-04
1.360907369550028775e-03
1.374453460191439949e-03
5.428386616417122529e-04
9.247860162756095276e-05
8.868333855136657611e-04
5.705389535843987184e-04
1.078037097051652094e-03
2.312998303008483080e-04
7.307959750383027139e-04
9.566201778792790544e-04
4.166067458468403727e-04
5.649755158890825421e-04
6.851359151357995156e-04
7.261451781025774800e-04
7.306809553073516069e-04
9.065254528604404843e-04
4.517386900692123611e-04
2.291913125270845695e-04
9.123452074624062566e-04
1.865763168566198643e-04
8.824000495812600858e-04
4.603571435996908919e-04
8.775581045239655084e-04
8.100752413691595212e-04
1.641651536964900326e-03
4.447287977843952691e-04
3.208028588560864788e-04
4.828649406690691719e-04
7.062284865772653925e-04
7.332673024284207513e-04
1.454991531528906706e-03
1.247785257314461575e-03
7.002492789401677407e-04
7.256737063172288013e-04
7.356030202884632219e-04
1.083639187340310322e-03
9.527377653205112247e-04
1.589880994002083013e-03
5.078988302242442871e-04
8.266886286029324123e-04
1.209943858559839758e-03
1.928329250850836633e-04
1.392124864654527240e-03
6.429289662117221435e-04
7.035327603863681138e-04
4.211738386602946948e-04
8.839481091273486109e-04
2.274151011120512306e-04
8.847347284345514779e-04
2.653731432670822341e-04
7.898918890754306034e-04
6.953695200608811218e-04
7.139561438323984311e-04
3.258317339433357447e-04
5.809913510804283953e-04
8.156136328457224121e-04
1.384565577792538460e-04
8.497564719339863702e-04
1.038089713905594432e-03
1.055713434036653631e-03
3.942696084547714190e-04
4.602289999237784064e-04
5.953059573079375316e-04
1.556354745844585339e-03
6.328135690682474678e-04
1.036595571569605629e-03
7.373764157002138169e-04
1.284731774340702130e-03
1.255106600900338142e-03
7.686284739084924596e-04
6.549864728121506307e-04
9.560955132189807816e-04
7.851375895744160767e-04
1.483574317455499045e-03
1.061387141821087000e-03
2.762785847097292292e-04
8.013745301120567786e-04
1.833054358960467501e-04
5.985083640106367200e-04
1.691331073376559730e-03
1.614021357142639236e-03
1.126125072333829203e-03
5.362723743520082320e-04
3.424867002934671228e-04
1.171465083992102993e-03
1.047393163848372565e-03
1.003591082581757913e-03
6.110916018630937812e-04
4.507260304711646886e-04
4.322616272976173612e-04
5.767399657473945389e-04
1.076253691056929668e-03
7.912581991284497107e-04
9.344161082905200850e-04
1.150048676088079704e-03
1.406618068524979198e-03
8.122503766024019708e-04
4.442246653158463143e-04
4.848591659836449337e-04
1.147772856676390011e-03
8.561131193303283139e-04
4.191555575074115410e-04
1.481523604930599751e-03
2.810473051099320919e-04
1.842019848061988551e-03
9.152964139294397826e-04
3.721638150546864566e-04
1.038212935680479440e-03
3.770566528242890554e-04
7.036931243198257281e-04
1.017611514095036369e-03
4.543516587859109692e-05
1.725691810060141912e-03
3.451689554257189271e-04
5.734846668494445604e-04
1.217276479484737496e-03
4.578907787903828451e-04
1.651933812387149482e-03
3.481386979278235051e-04
1.275074867372259259e-03
2.811834942776979891e-04
2.054053748372102102e-04
8.686510709532011204e-04
8.890921384633370056e-04
7.874969227033459633e-04
6.760525140397864426e-04
8.160394582808570135e-04
1.029481919615097022e-03
7.592467345922841249e-04
5.645610248522880785e-04
3.656105147036269867e-04
4.255498320635555352e-04
5.443337155968385474e-04
9.162233611272368105e-04
5.916335410697492721e-04
9.000779927506192277e-04
1.223649848360895253e-03
2.148074235913976539e-04
8.188878731412713293e-04
2.242714366996448512e-04
8.683900241431605866e-04
1.010008497533950627e-03
1.016416453729647841e-03
1.108979565763677832e-03
2.522741075831356821e-04
1.081118477112004038e-03
6.662051177175376581e-04
1.394648989327925478e-04
8.913130505989522428e-04
4.859814338778361328e-04
1.413936097866493524e-03
7.693442577734778409e-04
2.502217551817478261e-04
1.142274689659980905e-04
6.809017608164366847e-04
9.157406203618507134e-04
1.295734130301963221e-03
4.794317909438473076e-04
6.379950358535097562e-04
1.043580765017435800e-03
1.038925797690674180e-04
8.747146325562911613e-04
1.424040029596174151e-03
1.630324495007008309e-03
6.978742540310071876e-04
1.197335685327185952e-03
4.417503196817647066e-04
8.047385549299794017e-04
1.066840195241874857e-03
6.894318620483366918e-04
3.423610261588959152e-04
1.996221189829871286e-03
1.759155266035861891e-04
1.561379120837681333e-03
3.010200132101699248e-04
1.400207474348028188e-03
5.383460337564850056e-04
6.293583741225698388e-04
2.694305715741610215e-04
1.021771596858748066e-03
1.452138030241236985e-03
4.189184984051767791e-04
8.409573759856504155e-04
3.529584102297035641e-04
6.004695928056946828e-04
1.437301653028829349e-03
1.033111325870664406e-03
5.038460932091994330e-04
4.188514771819790215e-04
4.686157270646293936e-04
8.468328020854676503e-04
1.710954738016467590e-03
1.609145364232473152e-03
5.633145396743607361e-04
3.459479261325262324e-04
1.125497429515073941e-03
1.177434080907943312e-03
3.261000332220917019e-04
1.105039053452820880e-03
5.514033964705009668e-04
6.279558523931484974e-04
7.005952197015701249e-04
4.250672687779792039e-04
1.204792400005405420e-03
2.973555035980722213e-04
5.493014316952926634e-04
7.974267103880276503e-04
3.535757583432601651e-04
1.408533230270943813e-03
1.313423370302079342e-03
9.983418412500054493e-04
1.499948271374833709e-03
1.270066864517479556e-03
8.989166547579867991e-04
4.494737538212923724e-04
2.221714087512442239e-03
1.044277788685278683e-03
1.435235064479023015e-03
9.586189850789084751e-04
8.441292287727073700e-04
7.923844587227100262e-04
1.426830602018492808e-03
1.684225798279501444e-03
8.518965164921412552e-04
7.602995213155987414e-04
5.147663499105763684e-04
7.058282365682100410e-04
5.649861428042934159e-04
8.985443900484983096e-05
5.689570971659082751e-04
7.467702593772233746e-04
1.257867431889199558e-04
1.100389761588855360e-03
8.872026184257405428e-04
1.657984016931299612e-03
1.581343794766279509e-03
3.827970863079976829e-04
1.809925570077548795e-04
3.816571747025405015e-04
8.083803596480223369e-04
7.931212854562494970e-04
1.002886037114460735e-03
5.872294772762960517e-04
1.773282616420273489e-03
5.312599602243643941e-04
1.286308307556757301e-03
1.215023153300780895e-03
5.770163557049552564e-04
5.054161369032537758e-04
6.867515502494441924e-04
5.954641745418936096e-04
9.082729494947862966e-04
1.337608840107530530e-03
7.687751122840874888e-04
1.335380252520167047e-03
7.617808183240071772e-04
1.201332093242950521e-03
3.881405089097189252e-04
6.183908567502061733e-04
1.608137673561819319e-03
8.042490913496428469e-04
1.668552223635755326e-03
1.137915733566407248e-03
8.675501560087864284e-04
9.693209366470047174e-04
7.359306970084746827e-04
9.140379204639834934e-04
5.241489396811593784e-04
7.516293074625755508e-04
1.500690674864609345e-03
8.491966688095196805e-04
1.970487004157817686e-03
9.493641996068754750e-04
