2.394460060345761365e-02
2.286635198949310901e-02
2.492691602969603071e-02
2.745923116366002364e-02
2.667758292502477382e-02
2.371336831533379930e-02
2.054864498361632166e-02
2.711980246227049113e-02
2.302183013120731592e-02
2.031170240418359377e-02
2.458794613185227157e-02
2.357272019282744685e-02
2.126554127022433141e-02
2.589236853639524313e-02
2.348358764828956113e-02
2.256257342475553873e-02
2.501842430937682021e-02
2.722543049736379089e-02
2.299334048362011718e-02
2.280004783924625966e-02
2.093335382964353966e-02
2.358313286044021184e-02
2.473749966138269474e-02
2.065178596456232821e-02
2.274739852541804094e-02
2.443463336754928342e-02
2.116419031663106104e-02
2.309222192156224276e-02
2.130303555522174153e-02
2.471023891645343640e-02
2.352644310413825809e-02
2.384826895768445143e-02
2.403759896210327929e-02
2.181216594894739430e-02
2.514039131296031196e-02
2.297465330641537684e-02
2.717211481280867175e-02
2.297212855157992201e-02
2.092542018568289974e-02
1.823978650023012904e-02
2.501375747325293095e-02
2.191375709902956131e-02
2.766782691775019482e-02
2.283457050728561130e-02
2.266414749857279670e-02
2.340192570296387858e-02
2.046735966365156173e-02
2.346005246033764507e-02
2.283759912344925092e-02
2.143529913551604077e-02
2.140173198542700064e-02
2.284677835711540483e-02
2.709623855014694008e-02
2.539307775792550015e-02
2.207108458172591867e-02
2.196359584365221995e-02
2.593391733030868396e-02
2.129151706011530101e-02
2.069541599870457563e-02
2.836072944045298430e-02
2.259874317760402276e-02
2.421091496172398175e-02
2.175416630975297166e-02
1.976713733570392012e-02
2.185465062869130018e-02
2.718935984008782544e-02
2.785423428381762073e-02
1.951596098167012253e-02
2.507645699545416745e-02
2.390559213806048300e-02
2.504709619307270846e-02
2.053250310618537702e-02
2.464025750724911298e-02
1.915557397729769629e-02
2.649430505415114115e-02
2.235216146622638275e-02
2.390280444917319488e-02
2.497398391031564052e-02
2.227446973989229487e-02
1.786058722688261755e-02
2.173648702483023040e-02
2.319162922572105476e-02
2.190970809609269626e-02
2.407207205876972858e-02
2.344038644571752247e-02
2.347201799578110815e-02
2.563066903282134462e-02
2.265884973344615277e-02
2.599538279844281971e-02
1.904381018206932619e-02
2.765576704382120485e-02
2.267053966567647225e-02
2.307279660472243143e-02
2.689571966416684501e-02
2.579332309386690725e-02
2.048548364504564068e-02
2.525939873996521298e-02
2.545924917353494313e-02
2.088945373520852133e-02
2.179183942815441852e-02
2.257694600108553842e-02
2.564387927938951636e-02
2.908437304589562775e-02
2.290025643475327929e-02
1.893368090783378865e-02
2.317351964243073714e-02
2.125764078214991554e-02
2.283892879993187214e-02
2.291823233203125684e-02
2.222294677466654308e-02
2.359901874347147127e-02
1.993352266355335675e-02
2.405684750532383065e-02
2.144303850285896040e-02
2.398077401239987957e-02
2.358082656703661129e-02
2.138332347178869761e-02
2.379002835338682453e-02
2.132314656534703770e-02
2.298724104219528400e-02
2.208518399201817722e-02
2.680197089068499239e-02
2.428011176139430183e-02
2.407367024340573147e-02
2.570506287704352535e-02
2.362591146530612640e-02
2.617904722474655166e-02
2.566416286995742979e-02
2.143848559550734501e-02
2.148579232756320928e-02
2.203459290301732973e-02
2.126006702374851759e-02
2.926829799042161492e-02
2.353891913966156546e-02
2.554014235061016422e-02
2.567246408578556169e-02
2.374135588631607133e-02
2.263185437906794703e-02
2.322300277235471097e-02
2.071495848587871780e-02
2.292129200398630717e-02
2.214508335414458462e-02
2.162497116886076542e-02
2.398341686607166970e-02
2.249407467636066818e-02
2.570211851303901701e-02
2.847849229294735149e-02
2.770043059378436701e-02
2.151282695485337917e-02
1.937784598199331076e-02
2.309905929758179766e-02
2.326072467068804328e-02
2.529075516407823868e-02
2.255427579712979830e-02
2.219934641171444553e-02
1.981265197020324470e-02
2.377802391721348801e-02
1.974768736849021739e-02
1.994353295586991787e-02
2.565196063621154321e-02
2.301493680585788015e-02
2.083449061891006621e-02
2.271455446793129926e-02
2.294863773372344748e-02
2.395069369210792165e-02
2.397138138493930606e-02
2.404192520656275520e-02
2.513327281739343583e-02
1.947921117569964902e-02
2.029541254662320382e-02
2.340122433981696448e-02
2.253500757085298567e-02
2.279008733521698665e-02
2.090275218041211247e-02
2.478582708137563179e-02
2.629671799289371240e-02
2.119316036058670194e-02
2.612473117376657925e-02
2.241422998674266406e-02
2.368184739094201727e-02
2.149463399438602054e-02
2.308351349619199369e-02
2.690799063754928042e-02
2.023750567141026357e-02
2.056339323015600462e-02
2.523415729266613103e-02
2.105445184403360870e-02
2.531460471321260106e-02
2.457163815675051516e-02
2.352567851058379525e-02
2.457825507130744630e-02
2.114398974513652385e-02
2.372860848608192991e-02
2.040389257804858802e-02
2.243279875672695919e-02
2.206920398271008249e-02
2.344334440525027222e-02
2.393606680145066168e-02
2.263647536885440154e-02
2.369672299174946720e-02
2.330736914892391626e-02
2.207047783206049149e-02
2.273410830752793654e-02
2.086390206569735742e-02
2.081389415226424233e-02
2.319761827234270712e-02
2.205982399894984222e-02
2.069000298234382335e-02
2.314554182228787532e-02
2.239503188467833680e-02
1.983552362517582157e-02
2.336560695809014598e-02
2.469747518091432517e-02
2.494938840547313019e-02
2.435353561905603814e-02
2.099315770922461147e-02
2.650735627290257829e-02
2.198595871376867947e-02
2.029220549719039021e-02
2.004818792437164723e-02
2.273656794764907299e-02
2.194704107012527064e-02
2.363531510561412557e-02
2.072367808703157871e-02
2.240529684546144554e-02
2.155931991258146566e-02
2.193065435465544125e-02
2.073502179331103770e-02
1.695658064273325091e-02
2.117701483764719561e-02
2.257440585548349532e-02
2.108496636865360083e-02
2.107075375231091258e-02
2.261057810294592532e-02
1.896710276729776309e-02
2.539589582911248519e-02
2.882840106386490298e-02
2.232559970312777975e-02
2.348465689188848279e-02
2.072214299212562019e-02
2.652953535455169348e-02
2.302733503197678180e-02
2.240090222937140760e-02
2.205984419094216345e-02
1.882418609418055194e-02
2.546508746767795622e-02
2.490328075183103479e-02
2.177163418853662533e-02
2.485238193926947448e-02
2.187564198240580376e-02
2.125911074393155298e-02
2.155745485773308268e-02
2.533066072343540323e-02
2.522369355474811392e-02
2.823110816095470224e-02
2.347473920231079106e-02
2.327207685758833980e-02
2.758858035224465155e-02
2.023095708254349367e-02
2.365214356887450006e-02
2.577746939813287119e-02
2.313264658860040082e-02
2.014849899059665758e-02
1.856127774438095027e-02
2.316042407988647828e-02
2.009624640952758015e-02
2.676298418291804884e-02
2.310653028412028645e-02
2.776165300960061269e-02
2.241074092638828744e-02
2.454116193557378742e-02
2.182657909537621607e-02
2.519361651240108885e-02
1.923068966684609443e-02
2.187757515202467390e-02
2.480143776512015036e-02
2.219938337364815717e-02
2.255138036368431118e-02
2.132259011803945906e-02
2.453092655894141896e-02
2.060932814976266028e-02
2.481847048004992909e-02
2.114660576199080266e-02
2.238553133972641732e-02
2.044985956411169217e-02
2.298016137661134869e-02
2.102415434897753760e-02
2.655330300272563948e-02
2.609220417623423632e-02
2.380051383616253735e-02
1.720770178166045397e-02
1.996872804828047146e-02
2.396228855813891875e-02
2.126799322074887991e-02
2.084892564462686657e-02
2.339443225414036820e-02
2.476114285917319427e-02
2.297842121311573227e-02
2.517331615715765261e-02
2.226706331463807267e-02
2.479561533510216825e-02
2.204770312592670839e-02
2.518078043316334530e-02
1.893150741157469813e-02
2.660490065219791103e-02
2.318699960796131304e-02
2.650491498680326505e-02
2.142492333729326126e-02
2.123922540533469336e-02
2.573039038637416065e-02
2.264846287058198959e-02
2.809300342310368931e-02
2.298631527907999197e-02
2.128669015398433270e-02
2.454466227516591964e-02
2.263615632045482343e-02
2.304996272395602730e-02
2.374197047246141487e-02
2.264882468396149304e-02
2.196212605421220612e-02
2.269485531922763380e-02
2.379565564315738041e-02
2.412246761821539714e-02
2.322374778057558278e-02
2.200307517263509760e-02
2.689256853136268860e-02
2.185833567482270076e-02
2.454614224008680456e-02
1.943069839043314040e-02
2.442415673244793112e-02
2.495149701021914801e-02
2.326468693450947992e-02
2.377516052617005896e-02
2.109417510408225990e-02
2.394567710294677812e-02
2.002657623521051505e-02
2.400167737295859707e-02
2.735048016266353535e-02
2.333325512044120281e-02
2.892202003765928162e-02
2.177380470963080281e-02
2.193667044797833685e-02
2.053277698622677991e-02
1.998838361002395342e-02
1.995596441212458758e-02
2.800685090917614389e-02
2.301601232648251699e-02
2.121938250915398130e-02
2.415650150294020027e-02
2.431375345647770678e-02
1.677013508906254752e-02
2.149232229943005834e-02
2.282532954591885710e-02
3.078615980785064446e-02
2.480341283349827772e-02
2.658151879754797747e-02
2.365731846572435848e-02
2.765755128811474631e-02
2.791099694951530708e-02
2.092096365525307131e-02
2.883315369671902301e-02
2.439833647515432177e-02
1.864917533530576627e-02
2.050578042966506517e-02
2.303989053195695802e-02
2.655070253115655518e-02
2.137003020173363493e-02
2.205859138911622774e-02
2.251818073627918568e-02
2.107130230289911213e-02
2.071145315704157192e-02
2.538683446351032783e-02
2.484444539314266051e-02
2.200968545668064227e-02
2.092196580580884743e-02
2.232731741634617212e-02
2.315664787143413908e-02
2.479635745762285778e-02
2.429020123995966410e-02
2.279761582882698298e-02
2.559043974637455546e-02
2.284709892246361909e-02
2.066971934560995691e-02
2.181156470726227162e-02
2.498610481370967459e-02
2.414615500117454558e-02
2.173001868071407910e-02
2.389608999044738266e-02
2.289044599429186297e-02
2.562717131333073703e-02
2.399253384763784872e-02
2.573545579495640015e-02
2.753965112738428894e-02
2.278953232978458976e-02
2.587422764374237502e-02
2.550203319399857102e-02
2.353782904827402336e-02
2.491867084333090204e-02
2.238207118042554941e-02
2.228118348240118798e-02
2.142902130948557554e-02
2.103295575984775317e-02
2.240605843904320410e-02
2.371349067849709905e-02
2.119022673312209032e-02
1.801080984069557481e-02
2.900796789303344142e-02
2.084919934912314241e-02
2.610325889518500669e-02
2.501252128034770622e-02
2.037561060337557059e-02
2.146888342715991965e-02
2.488568787494083515e-02
2.184231911895794659e-02
2.737802500351157325e-02
2.328290612689478886e-02
2.457617498069944104e-02
2.558559540493668752e-02
2.471230518577097884e-02
2.114843520554782197e-02
1.944573127288188458e-02
2.821604738705670024e-02
2.156236699882010943e-02
2.604830310050328113e-02
1.922262146036029032e-02
2.338773403543548124e-02
2.683618540263245714e-02
2.301995668971085901e-02
2.743100127354547099e-02
1.936904171390652768e-02
2.140753234793577736e-02
2.190916389806311232e-02
2.052482928675710902e-02
1.936475035604380210e-02
2.681495323365369957e-02
2.289916648049813638e-02
1.959415387047167695e-02
2.234111841539166560e-02
2.689247326737562518e-02
2.679074757641893012e-02
2.572599321725753396e-02
2.474608660792886050e-02
2.196587375425392355e-02
2.218574085674092713e-02
2.360713214897770806e-02
2.423064322348747815e-02
2.282752721539467108e-02
2.230123029802934254e-02
1.976477365145681148e-02
2.465908919564395799e-02
2.093030008016965801e-02
2.047640456513730167e-02
2.056386080249288442e-02
2.256890179604652269e-02
2.380427405302339844e-02
2.632555011889530991e-02
2.107765671613089781e-02
2.545321491197877206e-02
2.141481394876380492e-02
1.963693574302812980e-02
2.582489028204652121e-02
2.523140671808507193e-02
2.186286937192844643e-02
2.424914827165386075e-02
2.539073337031728245e-02
2.586816678489469584e-02
2.454918310280825716e-02
2.104092078875367811e-02
2.434278758213039712e-02
2.441907450216494746e-02
2.211856439821490924e-02
2.308805214180675511e-02
2.279863888483386544e-02
2.052557892759538510e-02
2.683503538766988591e-02
2.141084339568019579e-02
2.072389432588251160e-02
2.357588256389351114e-02
2.249731825722915690e-02
1.917361706021519438e-02
2.383947071036827611e-02
2.470160738049720014e-02
2.106157257916640643e-02
2.818239069075044109e-02
2.497885184319421567e-02
2.399096093664717516e-02
2.333359289485326810e-02
2.587827153674833805e-02
2.057317839739484372e-02
1.888631605617483236e-02
2.506274616635536731e-02
1.883004430973995308e-02
2.574235914985077006e-02
2.558219067531415300e-02
2.151698655386492451e-02
2.353416013691932152e-02
2.085344107192896659e-02
2.451310047532808192e-02
2.079268134023930931e-02
2.104372631688459366e-02
2.548781835053546413e-02
2.429912719798268950e-02
2.408086353446490385e-02
2.224771560991123040e-02
2.087857240778992485e-02
2.341848230696613742e-02
2.249654196386280045e-02
2.288609767585737809e-02
2.060864341709414335e-02
2.334021032558630457e-02
2.432349388095647949e-02
2.359279681801110251e-02
2.393341021848142264e-02
2.404189565882475232e-02
2.374414781053649920e-02
2.512923456569390521e-02
1.890834414966276883e-02
2.078415408698304143e-02
2.286825099470090814e-02
2.530037466362124524e-02
2.431745208057867549e-02
1.711394092100865238e-02
2.626789652528634111e-02
2.002075507156638942e-02
2.602415037191084871e-02
2.093475139191833256e-02
2.175361977244543929e-02
2.358942549104291533e-02
2.550058755967990823e-02
1.986677465582844040e-02
2.459474350123846964e-02
2.297604150095178960e-02
2.217129965083359383e-02
2.367469672452509125e-02
2.477135889143570330e-02
2.428164330472877899e-02
2.471744733598835175e-02
2.455875430114794547e-02
1.873678924502282170e-02
2.361660598669491559e-02
2.325793988517406777e-02
2.061248445053259076e-02
2.517251706196892841e-02
2.225666028094191659e-02
2.428617258411828322e-02
2.203687198434720398e-02
2.515925410285715577e-02
2.648809862712792756e-02
1.808852092485632723e-02
2.523655155188154336e-02
2.226076691186967826e-02
2.361531298170556001e-02
2.174857333627087594e-02
1.664942390888632384e-02
2.246437025064725035e-02
2.316406131939457644e-02
2.506200003329538475e-02
2.185943206821207296e-02
2.258164858038851086e-02
1.890679115941208341e-02
2.237722008644453184e-02
2.159412169943843857e-02
2.512986851410210429e-02
2.171911840262098076e-02
2.384609868742637237e-02
2.237024045567118438e-02
2.192145205930606106e-02
1.898214815351930568e-02
2.367391295740952847e-02
2.358450132343382910e-02
2.276491972014687420e-02
2.077953764426426417e-02
2.469691531058751388e-02
2.808922668065768485e-02
2.443407136927178147e-02
2.641130176758997583e-02
2.027182555355186086e-02
2.262064503539917490e-02
2.153115180094960363e-02
2.905540912660202479e-02
2.691285681597704871e-02
2.198258544030929143e-02
1.802814535640972354e-02
2.510498598500171194e-02
2.020310930677620895e-02
2.673638642839698543e-02
2.014770886772734165e-02
2.578313617694589707e-02
1.985683136662957579e-02
2.482896974615794727e-02
2.342136643520049272e-02
2.251185229124086015e-02
2.108993966562659403e-02
2.324091192860687494e-02
1.835852350525465915e-02
2.322865089107973430e-02
2.154799930661198751e-02
2.027667963775035831e-02
2.206559254853601715e-02
2.913801112512794111e-02
2.153146206415466196e-02
2.118949611471175956e-02
2.277580154496675058e-02
2.670206300257212118e-02
2.255269549776951765e-02
2.056803731417482933e-02
2.624125757229435127e-02
2.292580071457544014e-02
2.010525898399381783e-02
2.511280661272010523e-02
2.333682737103805541e-02
2.339358119901871480e-02
2.365070567549763803e-02
2.137761103703578539e-02
2.250519165012078437e-02
2.882734670279108249e-02
2.186181831211707338e-02
2.168053777597582499e-02
2.374716638665711269e-02
2.357194702146802809e-02
3.016288529672213337e-02
2.493937491298678019e-02
2.098020356028733671e-02
1.924867145072685012e-02
2.155854699185313222e-02
2.212228594475393675e-02
2.306893471173874360e-02
2.606098076514459447e-02
2.003088052474862393e-02
1.796106077363995857e-02
2.404265547803869502e-02
2.409499895522874274e-02
2.145837085855856891e-02
2.371063239665833350e-02
2.183013370772320452e-02
2.528402171960140998e-02
2.271857007909639653e-02
1.975506793472598527e-02
1.981581858080536107e-02
2.184995722595745385e-02
2.560573951143880339e-02
2.294941118279174644e-02
2.745501158742942246e-02
2.259939491272370052e-02
2.144660855324948337e-02
2.409651291897780406e-02
2.417185271363312543e-02
2.129838246898927909e-02
2.427067522280409312e-02
1.921470233437394884e-02
2.717447835682979332e-02
2.740345204991329747e-02
2.407494064853840307e-02
2.383315461396933246e-02
2.172549342289672308e-02
2.029341270777323264e-02
2.335213225737233639e-02
2.578187218638857900e-02
2.389690577623738293e-02
2.806366248923224810e-02
1.945217143987343009e-02
2.828702070065933563e-02
2.390870223889062646e-02
2.393087893166854704e-02
1.962661197722561507e-02
2.455187887736194272e-02
2.196439378560635647e-02
2.099244797125560807e-02
2.762899816775528719e-02
2.384671483992331295e-02
2.339755946366570485e-02
2.266396733419075160e-02
1.982774562722788847e-02
2.495038202696033686e-02
2.494954430770329745e-02
2.273134219394639180e-02
2.139622585193346263e-02
2.608835528073774265e-02
2.371468935742709894e-02
2.840698686178648805e-02
2.206912955505092866e-02
2.319449173381678275e-02
2.245872002587665645e-02
2.262259518856477719e-02
2.709184900884134203e-02
2.304382483597081088e-02
2.574150742230623887e-02
2.231655553798403066e-02
2.308365689776372548e-02
2.708514586299377858e-02
2.657754708567692040e-02
2.597467340332571678e-02
2.628201239655907073e-02
2.359101776682415857e-02
2.333741517116057901e-02
2.249730680176256770e-02
2.521429287621023210e-02
2.340475346531162640e-02
2.086610836607408551e-02
2.470492744578905650e-02
2.414526193722976721e-02
2.216033360850092754e-02
2.649659478832893864e-02
2.485601585079863507e-02
2.016888216992514943e-02
1.663570949594028042e-02
2.267360719267766389e-02
2.249554665850930085e-02
2.289174301989560165e-02
2.442406306076135014e-02
2.455989294606451476e-02
2.261537667392181372e-02
2.516791200874403389e-02
2.513564324656822682e-02
2.248664671018476419e-02
2.528618324179455687e-02
3.039278338112109262e-02
2.524998250378151024e-02
2.178633332809911186e-02
2.682227491117708529e-02
1.946925254276722986e-02
2.106716564820417664e-02
2.177296111391237993e-02
2.202668616693929243e-02
2.094866294690589381e-02
2.173764670248330699e-02
2.385000677239011019e-02
2.502915308488033730e-02
2.468429708660003705e-02
2.561011440448386287e-02
2.242978921344141938e-02
2.157982680483807800e-02
2.377202890851336237e-02
2.387299606752107256e-02
1.983699807999564704e-02
2.466877324413671926e-02
2.126060810700249742e-02
2.323051426093335203e-02
2.282744076329774885e-02
2.232081565784357902e-02
1.961278075642400656e-02
1.954588413129333679e-02
2.385159142737662205e-02
2.242006716325856824e-02
2.463545588278621620e-02
2.480012387598479542e-02
2.422559256744741263e-02
2.440429818109929316e-02
2.102567767754473169e-02
1.940227388646715428e-02
2.467964021479268980e-02
2.015161090219556514e-02
2.188957798658565379e-02
2.125083710560481468e-02
2.469394795780885388e-02
2.163384130857322687e-02
1.990947306708143461e-02
2.834703932452231970e-02
2.316501638871764496e-02
2.310690667140647553e-02
2.256334705083663794e-02
2.137971152939463493e-02
2.059572357892835645e-02
2.308515093771266319e-02
1.676419749985674779e-02
1.881232105681730077e-02
2.279200474899747281e-02
2.450737118468880593e-02
2.481834148298422624e-02
2.313907231648650378e-02
2.377039025933860503e-02
2.472789642891654732e-02
2.090292847411089061e-02
2.535950462961556601e-02
2.352046041419601774e-02
2.264552246902813010e-02
2.255299056006488528e-02
2.479639483628003765e-02
2.284891411331331501e-02
2.369934169777667202e-02
2.272340122015681710e-02
2.100174487629293679e-02
2.677516260115816657e-02
2.555264471274727722e-02
2.231300882195822594e-02
1.958896503190541219e-02
2.015112267750233943e-02
1.979481953465006897e-02
2.457181919184705382e-02
2.154832073207423385e-02
2.807137536899160374e-02
2.298292231496642732e-02
2.360045892560006658e-02
2.279792929403169285e-02
2.110462229698174125e-02
2.140888502872894880e-02
2.459878299473271593e-02
1.870681153622324316e-02
2.695797423751225899e-02
2.449585868554095269e-02
2.168525826932028028e-02
