1.726687145152325589e-02
1.728097470464193264e-02
1.724996112685711278e-02
1.731181278956903796e-02
1.725933607538511841e-02
1.730174061372286715e-02
1.725981982210245472e-02
1.726202118333471439e-02
1.729655174236710211e-02
1.725036876883710713e-02
1.733182780521834096e-02
1.729323199443639353e-02
1.733393772422212042e-02
1.728737263621047196e-02
1.726569207102020623e-02
1.728858166187289061e-02
1.724163955264052320e-02
1.730237096666326774e-02
1.730402574732128884e-02
1.727074413244285289e-02
1.727417818039228212e-02
1.729565684291922006e-02
1.728266806330253091e-02
1.723503603680074867e-02
1.730403500384063153e-02
1.726466826112083019e-02
1.727599125602633651e-02
1.728574313602167928e-02
1.732175270208889326e-02
1.722640459934309670e-02
1.726219001396578356e-02
1.723906737384031315e-02
1.731010123347605234e-02
1.724912529410872752e-02
1.729833576423327191e-02
1.723665356892405826e-02
1.731349352757768217e-02
1.726678732187812357e-02
1.726744866629441669e-02
1.727972987126286455e-02
1.731339357013610483e-02
1.726041384555023622e-02
1.737543073564390764e-02
1.731754880499185648e-02
1.725625418718548798e-02
1.727806976122180094e-02
1.732714658752372225e-02
1.727226567616197903e-02
1.723999672204306471e-02
1.729325329631494976e-02
1.731101417751351734e-02
1.723155189822863850e-02
1.728167953932761847e-02
1.731746198572511886e-02
1.725574816781700813e-02
1.728864681940042031e-02
1.732638946128149324e-02
1.728950678786251791e-02
1.719942367238734560e-02
1.728858437441994911e-02
1.726761177531156363e-02
1.730680914964089628e-02
1.730730150496210054e-02
1.724698630858634632e-02
1.727430573746045056e-02
1.727603865179642290e-02
1.729884962767506279e-02
1.725922214309096384e-02
1.725653169721003827e-02
1.729555858247938324e-02
1.725686678426257767e-02
1.727888793225251102e-02
1.734666813856459294e-02
1.723159602570209156e-02
1.727041411952151204e-02
1.726711721402795358e-02
1.731017356366639989e-02
1.730829558511083263e-02
1.725437181988594137e-02
1.730907687576091480e-02
1.727268745576154493e-02
1.729795638851917144e-02
1.727820470863236299e-02
1.727455924661334963e-02
1.731868918576230307e-02
1.725586503493465804e-02
1.728699301448906669e-02
1.729568719650528830e-02
1.727561096379128316e-02
1.725314978462894749e-02
1.731872244397605551e-02
1.727638941922761753e-02
1.726364734907749957e-02
1.725622247281513588e-02
1.729092351913268447e-02
1.729426000241428979e-02
1.726061292371725703e-02
1.720116321925797484e-02
1.728434132152812872e-02
1.727822670137683925e-02
1.728047660055983745e-02
1.728292034921192696e-02
1.730886602962900672e-02
1.729065797535308396e-02
1.725350768803552565e-02
1.729850879177353279e-02
1.724593012531346406e-02
1.730284219768281687e-02
1.730255297056434299e-02
1.733228439137794730e-02
1.724994341757437807e-02
1.732462562129591377e-02
1.730820144247316450e-02
1.728865883542619886e-02
1.728049228513460142e-02
1.726596320012536295e-02
1.733521182815263642e-02
1.726320869008606679e-02
1.723833925759437127e-02
1.727889527459912367e-02
1.727716401158693738e-02
1.725515834132956144e-02
1.728302157848948459e-02
1.725623437777184729e-02
1.725133357104601320e-02
1.728741469699955971e-02
1.732570240645582571e-02
1.725348958495544552e-02
1.725680111742178974e-02
1.733897771134648019e-02
1.727828205619168223e-02
1.728764269531308378e-02
1.726769478415389122e-02
1.726329107685567812e-02
1.727731924238450761e-02
1.727993865757611672e-02
1.721772013933066045e-02
1.723352685121375127e-02
1.727353654334433733e-02
1.727748454424305607e-02
1.732874260424717774e-02
1.726425164419505276e-02
1.725389997205219877e-02
1.729257783739740137e-02
1.730818483432787838e-02
1.725407232123946782e-02
1.724756569160314570e-02
1.725472910752421513e-02
1.727083752377714387e-02
1.723738722494451078e-02
1.724610994673766995e-02
1.726864740168801773e-02
1.718124998524617197e-02
1.730928207440014452e-02
1.727030313674373513e-02
1.729415114830681888e-02
1.725949282904807452e-02
1.720535340494678059e-02
1.726585396246702042e-02
1.729504193002083523e-02
1.724665594092929244e-02
1.727404905065557661e-02
1.727861128954501224e-02
1.727629267686596817e-02
1.725918651262741202e-02
1.733038761618628174e-02
1.728265297796753586e-02
1.725243583027076880e-02
1.728312421048745426e-02
1.727870335523709958e-02
1.733265819186283196e-02
1.722734362292816998e-02
1.727084819324349249e-02
1.725957506516357862e-02
1.728061948815825394e-02
1.727196906616516522e-02
1.727799583090311453e-02
1.728987211214593270e-02
1.725977187496179760e-02
1.729114152461978804e-02
1.727693209323804754e-02
1.722307059776871305e-02
1.726530107925294821e-02
1.728331751538631986e-02
1.725260484648381137e-02
1.727698260082869211e-02
1.730796743908807542e-02
1.727918404792199575e-02
1.724855045164346359e-02
1.730001514989098696e-02
1.728113730240428067e-02
1.730529231612588231e-02
1.730432817158526759e-02
1.726132447644150927e-02
1.726394574738335241e-02
1.727054741257797593e-02
1.724734292422980611e-02
1.726624601244718116e-02
1.721501154922397414e-02
1.727929686720029029e-02
1.727594123459207792e-02
1.730719586878906591e-02
1.727015794895007256e-02
1.722400631740347854e-02
1.730494714163158254e-02
1.726939135302014289e-02
1.727742758952107577e-02
1.725527439730022497e-02
1.731149028758275851e-02
1.724759995116930192e-02
1.730893710671764160e-02
1.728024182548724280e-02
1.724402928207434404e-02
1.725098746101841676e-02
1.729247381435899261e-02
1.731040984941644920e-02
1.732508701834907863e-02
1.725997605375706456e-02
1.728862149287258357e-02
1.726991082180756240e-02
1.724426824465693023e-02
1.728320269086100827e-02
1.727743688881759956e-02
1.727300504281098492e-02
1.727033755952769867e-02
1.726910996446052310e-02
1.729649089915645532e-02
1.728772020880902163e-02
1.730975744651644735e-02
1.726897471364873329e-02
1.729891572804066052e-02
1.725172482240054997e-02
1.729241524388864734e-02
1.728313381991189446e-02
1.724179925213731313e-02
1.723859285323821669e-02
1.728764818724691510e-02
1.732469258817137883e-02
1.727994504893487493e-02
1.726489265888939487e-02
1.725587656469939821e-02
1.730074820882332789e-02
1.730765561379078374e-02
1.727149294426181050e-02
1.725299484063696001e-02
1.727318370073309059e-02
1.729774237013679758e-02
1.721987738270540011e-02
1.729736879963793966e-02
1.727355254273949675e-02
1.734692138871413852e-02
1.734125587101438201e-02
1.727072776893069303e-02
1.731295746799735302e-02
1.728752881791606119e-02
1.726404750379748401e-02
1.727837929430612804e-02
1.728145244367113378e-02
1.726385626087218600e-02
1.729645319171788098e-02
1.727761378676697518e-02
1.726794969752754386e-02
1.727820760128667005e-02
1.733168688754143164e-02
1.729134256284721449e-02
1.727234175531598692e-02
1.726662414776320917e-02
1.731513904002297821e-02
1.722232951317195782e-02
1.730206189944999418e-02
1.728532694774511866e-02
1.725995869972584210e-02
1.725550280975310380e-02
1.729674334779497322e-02
1.725521632627180849e-02
1.723188833590767396e-02
1.728321266896205161e-02
1.724069242072743396e-02
1.729290125391404545e-02
1.730566960941054208e-02
1.729458268012239522e-02
1.724992167276838406e-02
1.728684988479299925e-02
1.726554856619797948e-02
1.732172359756412386e-02
1.729449059876674716e-02
1.724527201344581984e-02
1.726152002512536254e-02
1.725214309598462059e-02
1.723899349166451225e-02
1.732265884882028956e-02
1.724567142470489339e-02
1.721324875500504503e-02
1.728957010293443938e-02
1.726957812565060521e-02
1.726419299559162415e-02
1.726843607941272452e-02
1.726884922025888336e-02
1.731299535283909244e-02
1.730481079847963344e-02
1.723897831566007996e-02
1.727154708054181448e-02
1.728491146630025538e-02
1.728125456520911846e-02
1.726371108296001489e-02
1.732497597341698184e-02
1.726674503451828060e-02
1.730856633870501288e-02
1.726828026126173143e-02
1.720814221058998561e-02
1.723794746919499882e-02
1.728550586255788932e-02
1.724951634903054351e-02
1.723901069672094735e-02
1.725710889736159492e-02
1.729904614740570071e-02
1.722794828789566204e-02
1.729017536885513531e-02
1.727088766339799492e-02
1.724210787183405244e-02
1.725012712084979249e-02
1.726332593745923821e-02
1.732043989620783361e-02
1.726241267446139427e-02
1.725964511044559765e-02
1.730021813124750160e-02
1.726180869539289953e-02
1.729774302494989716e-02
1.731030720546537088e-02
1.728981117983913185e-02
1.724691245626941774e-02
1.727674990461827709e-02
1.727301462429806783e-02
1.722738673021910819e-02
1.728818901351664161e-02
1.727794764376747866e-02
1.726661998636541684e-02
1.729421875526762978e-02
1.723176376782100186e-02
1.722677813644423947e-02
1.728603819354532917e-02
1.727696217731821207e-02
1.725784483814265038e-02
1.725317582323022611e-02
1.731531240011725467e-02
1.735361122665254538e-02
1.729085132327653693e-02
1.729509493745119003e-02
1.725200087613963651e-02
1.729508906211081262e-02
1.729571419644370181e-02
1.720898812026083746e-02
1.729001158621484499e-02
1.727076854872668099e-02
1.727566398704148687e-02
1.725990288635346689e-02
1.729336218597749344e-02
1.726041996304624945e-02
1.727277637587028639e-02
1.732414779511498235e-02
1.723679222374449246e-02
1.725440061469367056e-02
1.733855591299546250e-02
1.725690644551422515e-02
1.719931356015674123e-02
1.730247380856876627e-02
1.729288141102502951e-02
1.725788332472737857e-02
1.724938598135660958e-02
1.729185583878343341e-02
1.725851197075839102e-02
1.730979421925546782e-02
1.727702360312143720e-02
1.724895753301996723e-02
1.729931510552287083e-02
1.725647323099701799e-02
1.730077436304461314e-02
1.725808498284604406e-02
1.728309911993583872e-02
1.727001477296200016e-02
1.723900745200583270e-02
1.728505874372273168e-02
1.728233801522919763e-02
1.727672532872381525e-02
1.730387651237682775e-02
1.728899029403752757e-02
1.729656746507650389e-02
1.725741754402709133e-02
1.732098834578602031e-02
1.729834963189809394e-02
1.727944208086660410e-02
1.729207213711959901e-02
1.727594444189226724e-02
1.727140198188067965e-02
1.727633639245219899e-02
1.723905635251087726e-02
1.726478933834893481e-02
1.723256245911943332e-02
1.727989732975476062e-02
1.727615484811135388e-02
1.728331527920917363e-02
1.723166196101926992e-02
1.725503209681225614e-02
1.731459120431012855e-02
1.727728538639623779e-02
1.725824995704201836e-02
1.729379935197274468e-02
1.726286004810043476e-02
1.727234134085700937e-02
1.730860680029914708e-02
1.730230131624869647e-02
1.727371820287162615e-02
1.723706334310080857e-02
1.728839085427681319e-02
1.729777581944276846e-02
1.725755557462697876e-02
1.726745305674843092e-02
1.724427164334206911e-02
1.723497386426654787e-02
1.728967300800297174e-02
1.720830386459601055e-02
1.728241541809229231e-02
1.729945260983046032e-02
1.724331211928238627e-02
1.729660782458755305e-02
1.724062198611039931e-02
1.726073067508797354e-02
1.723513711381368177e-02
1.723518679031533704e-02
1.731958569715115817e-02
1.723237819498897941e-02
1.722658003780157265e-02
1.725878883107853992e-02
1.727344350862061728e-02
1.725325204307230284e-02
1.732501100037982592e-02
1.729389523458635738e-02
1.727767426513881696e-02
1.726280792794725877e-02
1.726167377998170244e-02
1.725156414369249241e-02
1.729739366940831122e-02
1.724479847275732156e-02
1.732951277843853416e-02
1.723509694003989845e-02
1.724831329957215997e-02
1.728550661983598025e-02
1.731614322643604265e-02
1.720999287367692629e-02
1.725186236413981528e-02
1.728594797349896836e-02
1.730917349332574198e-02
1.725259989537740457e-02
1.722648559843336508e-02
1.729670899805734255e-02
1.725308025117711433e-02
1.728840241056121482e-02
1.726050772915666692e-02
1.727085956248418722e-02
1.725765303345290491e-02
1.727571797448109597e-02
1.728490101991767003e-02
1.731392944972151918e-02
1.727096688473758399e-02
1.729313151864565745e-02
1.722646313990279510e-02
1.726595006435011417e-02
1.728009206247460919e-02
1.723060710839452794e-02
1.724683428152816098e-02
1.726714737154221024e-02
1.727156516744180956e-02
1.726919361681806750e-02
1.726280700565464496e-02
1.728962131092565482e-02
1.727801282155827858e-02
1.731813208650013688e-02
1.732257992958607939e-02
1.730480770858232320e-02
1.724601795567322696e-02
1.721662397116953055e-02
1.726842955007817926e-02
1.726298450399618364e-02
1.725133004899494921e-02
1.726140215183901913e-02
1.726400227370190193e-02
1.730748570115157869e-02
1.725220092204552899e-02
1.726881791983975525e-02
1.728055001842582206e-02
1.727561582631513895e-02
1.728342433994372804e-02
1.723887424664359222e-02
1.730042508953567523e-02
1.729905052681031744e-02
1.729491593290559751e-02
1.724777940927508732e-02
1.729481452565271443e-02
1.728848395484479383e-02
1.724697737539477096e-02
1.730362452760125444e-02
1.726785037901453629e-02
1.726518666884305914e-02
1.729859850893561771e-02
1.727329541553490264e-02
1.727951251768514856e-02
1.724812828690207647e-02
1.723947020471129632e-02
1.725017641656184306e-02
1.723454554021876597e-02
1.728538681935994775e-02
1.730966977834127313e-02
1.731485097527766387e-02
1.728342808340176118e-02
1.727561361224044453e-02
1.727177538178186963e-02
1.730111139286983485e-02
1.728490450960546918e-02
1.729187629912997196e-02
1.731016421814753417e-02
1.730566321924550954e-02
1.727415842238984658e-02
1.723603265794297970e-02
1.724919700216533472e-02
1.728981251443611339e-02
1.728459788166734207e-02
1.727755635587461050e-02
1.729673754843939759e-02
1.728903289631921608e-02
1.725236487113924674e-02
1.732295001822009919e-02
1.725114770965638020e-02
1.727574754339157928e-02
1.722936796695969178e-02
1.725697424647317998e-02
1.727566226980871075e-02
1.721820624375928338e-02
1.725933584108450478e-02
1.727647632239223685e-02
1.728220198917447548e-02
1.725226419759811128e-02
1.721706542241866963e-02
1.726459979356917071e-02
1.732420513011178817e-02
1.727157216419809849e-02
1.721142005999858407e-02
1.729604013147158920e-02
1.726523308318950872e-02
1.726990513111774719e-02
1.729745252929349233e-02
1.730954682629521485e-02
1.725667910258000398e-02
1.735604777201058338e-02
1.727790958680982397e-02
1.731477514675166737e-02
1.724751439360346777e-02
1.731667321836629150e-02
1.723766968863921223e-02
1.729060529779453959e-02
1.727950734920790168e-02
1.727503018398280840e-02
1.721029366661729412e-02
1.726914936352698035e-02
1.729242135391599947e-02
1.723912423451915213e-02
1.729756189603210911e-02
1.726752255469187966e-02
1.725091904997587758e-02
1.728626993586891009e-02
1.727079258739511874e-02
1.729445133092420706e-02
1.728011089596844657e-02
1.725261953822793473e-02
1.732265733000394603e-02
1.727470505403254711e-02
1.730373664212324705e-02
1.730311410494938043e-02
1.720509175344985334e-02
1.727686628311556408e-02
1.724825678845196691e-02
1.728741844282029316e-02
1.727850206579503375e-02
1.727917136923091262e-02
1.726137930644043583e-02
1.728523138911884638e-02
1.728783821866257744e-02
1.727568848501972315e-02
1.724737911774570920e-02
1.727691824478654395e-02
1.726937442212804832e-02
1.726254288673529855e-02
1.724920005413111551e-02
1.728398034767930636e-02
1.731006814264171578e-02
1.725591292346350183e-02
1.727923489296024837e-02
1.723543383629019474e-02
1.725162288529021037e-02
1.722994518765236238e-02
1.726737654392985696e-02
1.729737315512303725e-02
1.724963382122144187e-02
1.726362217895862500e-02
1.727127699305103584e-02
1.726619677046418999e-02
1.725228354645323009e-02
1.726784372634395867e-02
1.728409132926453720e-02
1.732507351740829663e-02
1.727882273837937077e-02
1.729412097088501438e-02
1.724599703238126336e-02
1.728645474615251795e-02
1.725064795479290883e-02
1.731004016568151241e-02
1.730755931687190385e-02
1.728457227210607877e-02
1.728847057344379615e-02
1.727382900853290104e-02
1.725761699878370151e-02
1.726045460335127318e-02
1.725648171158281757e-02
1.732389970452689193e-02
1.726403104457224086e-02
1.724892569209343293e-02
1.725765804283808588e-02
1.729562096995082218e-02
1.731820570821621455e-02
1.726009419567737374e-02
1.728928857014377235e-02
1.727562522635321673e-02
1.727014427783368777e-02
1.728531132993557304e-02
1.722004712134465876e-02
1.732861225547406223e-02
1.732744933185155142e-02
1.726494330982085781e-02
1.732566813695730207e-02
1.726959368911856404e-02
1.727989086623727202e-02
1.726772999709865267e-02
1.731885474215817330e-02
1.726198387468695639e-02
1.727340229464459018e-02
1.727776810608907046e-02
1.726149874778817525e-02
1.725484516831863810e-02
1.727776998808425515e-02
1.727593136960368231e-02
1.731093233729457184e-02
1.730926451804475075e-02
1.724082297162489105e-02
1.728109295395082595e-02
1.723630992416205765e-02
1.725690736606319553e-02
1.730815974476091618e-02
1.722845922428058174e-02
1.729841028476572853e-02
1.726734100940797642e-02
1.730336782446880578e-02
1.726327729339504832e-02
1.730494240517665289e-02
1.725362159061674672e-02
1.721926227175287621e-02
1.726582109341577576e-02
1.725133835381401082e-02
1.724539426727635105e-02
1.729064931986527831e-02
1.725832792420503581e-02
1.726197083194807441e-02
1.726663828732866168e-02
1.728296183048527376e-02
1.731597179041428902e-02
1.727414476556790937e-02
1.721563718923425912e-02
1.728546144053898573e-02
1.729797705188270210e-02
1.730535396985566354e-02
1.728317459709376169e-02
1.728746427738923550e-02
1.721984237661949163e-02
1.725871050118311240e-02
1.730030621837858745e-02
1.727079629739408650e-02
1.729241785940629009e-02
1.729755395609047786e-02
1.723756910339668824e-02
1.729869910930397631e-02
1.725116112518954720e-02
1.724080027368265697e-02
1.724626996608516483e-02
1.724980893681448205e-02
1.730222914338517756e-02
1.723917939821593970e-02
1.723015860879467676e-02
1.724358061383428342e-02
1.728232006936024703e-02
1.731906023535581193e-02
1.728764847250366388e-02
1.718381125398322357e-02
1.728764242008150320e-02
1.731488218335918219e-02
1.725854163243516204e-02
1.725781397246048052e-02
1.721276719593586163e-02
1.726679434160976676e-02
1.729960598180562553e-02
1.723576246959961436e-02
1.724595401378346826e-02
1.727893331723732648e-02
1.725227553459747487e-02
1.729315093344293078e-02
1.729460304822694888e-02
1.725990432490979651e-02
1.727221215260238765e-02
1.730233984083526938e-02
1.730586806530554425e-02
1.724645359090719657e-02
1.725350587441248570e-02
1.726215153090798760e-02
1.726639647099498590e-02
1.724686546702281983e-02
1.728810352560752536e-02
1.725662184084127831e-02
1.723382958113487892e-02
1.723603638313256012e-02
1.727176509830938983e-02
1.725601017409829005e-02
1.730401185518380333e-02
1.729980184067828400e-02
1.724672165036386304e-02
1.728232674683592360e-02
1.729472300708375862e-02
1.728166043423242509e-02
1.724988430847843382e-02
1.726145419767210337e-02
1.728940720067900783e-02
1.726924398136372649e-02
1.727419392526645739e-02
1.724058343700730911e-02
1.730318111761753458e-02
1.725638678385817831e-02
1.726246936769752424e-02
1.719689925454241999e-02
1.727257961667865230e-02
1.726990993345732875e-02
1.727560548600183543e-02
1.730792864705978790e-02
1.724900570939733035e-02
1.724998754238691451e-02
1.730939087502543147e-02
1.725159428133679271e-02
1.727457360875274406e-02
1.727242744935833171e-02
1.727292972193645790e-02
1.729215362560695274e-02
1.725851030720237586e-02
1.727917309220202563e-02
1.720580264507691817e-02
1.727701151150806691e-02
1.730245268697182259e-02
1.726782854002990170e-02
1.727992743005141510e-02
1.728742749748164026e-02
1.731236297835842333e-02
1.722444182787239916e-02
1.723478229117157007e-02
1.729138066159439588e-02
1.729086260470102943e-02
1.727219451618304535e-02
1.724808662818335531e-02
1.728926267127260663e-02
1.730763476952320440e-02
1.720586407466221518e-02
1.728372047643779788e-02
1.726602395206154605e-02
1.725696974918146734e-02
1.725217391928225708e-02
1.729071848825246629e-02
1.728293224737672759e-02
1.725425940877730810e-02
1.729466644637985689e-02
1.727208701671912455e-02
1.723274708545556241e-02
1.723833291515091196e-02
1.728567881255144503e-02
1.727003327787520956e-02
1.729623003273386347e-02
1.726498148485777762e-02
1.726033232816967522e-02
1.725140589555404849e-02
1.729762139703728760e-02
1.727089410493709218e-02
1.726110542145883192e-02
1.729380790534228163e-02
1.727152733837799756e-02
1.728969258966567626e-02
1.730002258741886179e-02
1.727967755605659336e-02
1.729106550056446617e-02
1.728471124649349697e-02
