9.896424706467884646e-04
1.062383749769999853e-03
9.809264594018687802e-04
8.134479690480277136e-04
1.411251156144030950e-03
2.284575293133187922e-03
1.647884840934029510e-03
9.136913265318997220e-04
1.622665589789329269e-03
1.464361811444112819e-03
8.310871972076776986e-04
1.466052067568188481e-03
1.764516907164253483e-03
1.037407068877658741e-03
1.125923496452742442e-03
9.018955513149608033e-04
5.267241693596087012e-04
1.548044098311712009e-03
2.060033691573284927e-03
1.527941671921662949e-03
1.711665366060574449e-03
8.692997071209601200e-04
1.072401408121837494e-03
2.625188768234091013e-03
2.025128404875846128e-03
1.708879724730532268e-03
2.971017576331823253e-03
9.039984510901529022e-04
2.686021989820443299e-03
1.073498415954446221e-03
1.590333876528837991e-03
1.916614179831341302e-03
1.332597627882712438e-03
1.166681039212545245e-03
2.007962460733464689e-03
1.320639803006384665e-03
1.130515975145541911e-03
1.648213683818993986e-03
1.052292089739698773e-03
2.116708319252774088e-03
1.819509674611802588e-03
3.490986788316846438e-03
1.200008136800611441e-03
1.356069489243451201e-03
2.750790948610615759e-03
8.432612062415653729e-04
1.750578062886059888e-03
8.196825374696764749e-04
1.078266826719179042e-03
1.310860522363931253e-03
1.863430288702297649e-03
1.451075315563477063e-03
1.098977080308850829e-03
8.693382034604269903e-04
9.908583759424389147e-04
1.323060558017767879e-03
2.571714043567225032e-03
2.091898328979711116e-03
2.000350548079712389e-03
1.052459786074070149e-03
2.536954323983672908e-03
2.435322603111408218e-03
1.639431612644267353e-03
1.407650912812237346e-03
1.314160424275792648e-03
2.138542877319863679e-03
1.529573548272021317e-03
2.495705118094402285e-03
1.515017607274473559e-03
1.224037942612728191e-03
9.229141770630244464e-04
1.242057478995062551e-03
2.270069045771475578e-03
1.224866416465757949e-03
4.397864956092506408e-04
7.413624888118027422e-04
1.390075245341280876e-03
1.815218040418280004e-03
1.345524842596847832e-03
5.789034292032901744e-04
2.463738995029621237e-03
1.695981475117691985e-03
8.808904761435547640e-04
1.295348119397704816e-03
8.291655771960014781e-04
1.596805957249496435e-03
1.429607707758935716e-03
1.113278511168424309e-03
1.425891343373029323e-03
7.049105503516611606e-04
1.994703984568090265e-03
2.731446575023652613e-03
1.734157341326265271e-03
1.291002200202241582e-03
1.987713484699938499e-03
1.058862588157230425e-03
1.803931280627270057e-03
1.995877720466728879e-03
2.137705658939612237e-03
1.552576808835511978e-03
1.188647134837870828e-03
1.223732264259411607e-03
1.339063496788324599e-03
8.536236554375199823e-04
2.388015373739586431e-03
7.967027118375684261e-04
1.689282896978826568e-03
5.156246557984382403e-04
2.320875002214724519e-03
1.094137932614114208e-03
1.258744055601794011e-03
1.662971060439304887e-03
1.796565142510775934e-03
1.316811105664363523e-03
1.004859031279575158e-03
1.427192878347835524e-03
8.796394956622806275e-04
1.307748784216144133e-03
2.236660974963200575e-03
2.676752068946361331e-03
2.145500541976695999e-03
9.893047598623270177e-04
1.858058426214673469e-03
1.521578308957138078e-03
7.463798833804488999e-04
1.883925106112296953e-03
8.143525893965883507e-04
1.689553034849821484e-03
6.051787692420071679e-04
3.197170201811583984e-03
1.180401464069431947e-03
1.251902665807588149e-03
7.996207561315844467e-04
1.527798848957163816e-03
1.701590893814356516e-03
1.814587078013060305e-03
3.394519559779387370e-04
1.656834654328220770e-03
1.500392502094073047e-03
9.758335343561205018e-04
2.427616908984242972e-03
1.278703682088215511e-03
2.606139082669718665e-03
9.842315107429742971e-04
1.676717127802898350e-03
9.342393073896268930e-04
1.762844855639520781e-03
5.118094899177591441e-04
1.605469590593146863e-03
2.335911381162429287e-03
7.137144537342650624e-04
2.054051242169598057e-03
3.231496640743291692e-03
9.995634324099428921e-04
2.179121483929795117e-03
6.845182159532261753e-04
1.323699987426793772e-03
3.775638296030891638e-04
2.865915652066034543e-03
1.296470266892410820e-03
1.739010562133099435e-03
1.548501355724876075e-03
1.411124424094458265e-03
1.073126393195235253e-03
2.319397408738991823e-03
2.220281107281194075e-03
6.921931928210586175e-04
1.459857324654863925e-03
1.557855282386480869e-03
1.708081694727257892e-03
1.722978654670798268e-03
1.253363811655770982e-03
1.381372819641141919e-03
2.860166185314843689e-03
9.340956581601000085e-04
1.359381683727977665e-03
1.189864918943333216e-03
1.709772880675795338e-03
1.147193711064623325e-03
1.970164530017650371e-03
2.521186605373594916e-03
1.492181741767763291e-03
1.487899130134763201e-03
1.698562982237663849e-03
2.315134006126817311e-03
2.350532107153436960e-03
1.953207501438103486e-03
1.647481339359958222e-03
1.263677839961963425e-03
1.058290296055306931e-03
8.635555016205984742e-04
1.640360544909920783e-03
1.689376280514644744e-03
2.602631597814957908e-03
1.731675601818420630e-03
2.226320949867346619e-03
1.001500009567813342e-03
1.987834070009113045e-03
8.264171273463473064e-04
1.702221237421885610e-03
3.032859792426889243e-04
1.768209183887227681e-03
1.640436557227240152e-03
1.590991776957359711e-03
1.941593909948934049e-03
1.657177457898374728e-03
1.154115765842810871e-03
7.400025370844720779e-04
1.570788793252157582e-03
3.233664520681977378e-03
8.575800656457364989e-04
4.297358137125848257e-04
2.524131480895590047e-03
2.012999642174069688e-03
1.812816228266675607e-03
1.446010643734060375e-03
1.431780533130171205e-03
2.051870059134943813e-03
1.375926628846679779e-03
1.924168922232879662e-03
9.461895939105409220e-04
1.104035575926425213e-03
8.892509493103592294e-04
2.452693400920894721e-03
9.922372504885391790e-04
1.059408064375915804e-03
3.093674282841859125e-03
1.040346994125048276e-03
1.626843551413151680e-03
1.766246168899340873e-03
1.197943146170181569e-03
1.295961511928185811e-03
2.277179822930590260e-03
2.742062171589684273e-03
1.827294287933823192e-03
7.116104011799961231e-04
1.527612009138250510e-03
1.529781011225177711e-03
6.321758240907615709e-04
1.948444435591256338e-03
1.243989872771783262e-03
1.176560457890668846e-03
9.016495230331601036e-04
2.419458228269841162e-03
2.289228779960593430e-03
1.291308565587171841e-03
1.270481872753163963e-03
1.800406062211305823e-03
1.759859474648467568e-03
4.531264006935462529e-04
1.191730914603248825e-03
2.667649617076803086e-03
6.521103064972630240e-04
1.794919997584849217e-03
1.115925950891860944e-03
1.433069601832308304e-03
1.000320264175705689e-03
1.673723785079636508e-03
1.481648034590297546e-03
1.513651962999332159e-03
1.901299558714496934e-03
1.136348227147917144e-03
2.745380871206686609e-03
7.160255893282375939e-04
1.659970859487211849e-03
1.750609759529008456e-03
1.255451771979788130e-03
1.173883430241501845e-03
4.994646829679267068e-04
7.181656761612518732e-04
6.714400121821673117e-04
1.758679713467133652e-03
1.826205874035215964e-03
2.835993866928950696e-03
2.027257401742415567e-03
1.639654728483302482e-03
1.126207657400652524e-03
1.675101562788832484e-03
1.925007774846880515e-03
4.974925369620987947e-04
2.063474617376030544e-03
5.883745982490838590e-04
1.909035065014441212e-03
9.694481442718447207e-04
9.613555856985019597e-04
1.222418825975605042e-03
7.932463489762250344e-04
8.056106742160973463e-04
1.301622184358739104e-03
9.567075380056750582e-04
2.609004871199804843e-03
1.727826032947593887e-03
2.636162898080331943e-03
1.183473458638726380e-03
1.614425001885472525e-03
8.172890501300785968e-04
1.255565555568292696e-03
1.270223421213630610e-03
1.441622333432439037e-03
1.490126620022117019e-03
1.281434715072340665e-03
7.315160491662680425e-04
6.955649494057946193e-04
1.289874019823888289e-03
1.104983049396553825e-03
8.681198949971637158e-04
8.836094563098288333e-04
2.081892705829235021e-03
1.873628319934349641e-03
1.013711759149784741e-03
5.150824627318332507e-04
1.231918455844870346e-03
1.838518747708826201e-03
1.657389254295339774e-03
7.496104184095998824e-04
1.810586437911478226e-03
1.952883410835691514e-03
6.807445270828219952e-04
1.549562430757185985e-03
1.573486285589030748e-03
1.569364810658022222e-03
2.316858429864976712e-03
1.909336639923327411e-03
3.966980289879498602e-04
1.775341086443971714e-03
7.111282318745633857e-04
1.646259049991093473e-03
1.014818075490754286e-03
1.547315608451017063e-03
2.856291136063312044e-03
1.101018233763271809e-03
1.231655332465913643e-03
1.001389224663012468e-03
1.337857138806568258e-03
9.495077204855961392e-04
1.147212182431206311e-03
1.045870697798194403e-03
8.530240912895842601e-04
2.038721182200151517e-03
6.859325664616685789e-04
2.213239618951340793e-03
1.785702514063485695e-03
1.501484791549706184e-03
2.108462914806979484e-03
1.405276578723927295e-03
1.799849640188341208e-03
6.514288675993559763e-04
1.148607134936735453e-03
1.289001115119587813e-03
1.368451491879006405e-03
1.267875427744701976e-03
4.489453362693076655e-04
1.807230142861039569e-03
1.332630604493630294e-03
1.351344150366687183e-03
1.417144693597934468e-03
1.750515818621950189e-03
1.032249797196259800e-03
1.258009365946143867e-03
1.651744002072154643e-03
1.370737241712702932e-03
1.477562113267652825e-03
1.396255059927977186e-03
1.011872449514428750e-03
2.335008001351693025e-03
3.125817135042135379e-04
1.218225634954910345e-03
3.082608697377763746e-03
1.497209928566388707e-03
2.478397939108326932e-03
1.000362390781139301e-03
1.257718587993636753e-03
9.299789479177122389e-04
7.395333177401483288e-04
1.311798788428392105e-03
2.363828257446240651e-03
2.151388309892262197e-03
8.267547848018277652e-04
1.278872678796974484e-03
2.472719550979518045e-03
1.878855356207282659e-03
7.019611864784692460e-04
1.071709271284633329e-03
1.769238438113372855e-03
1.614431623413195517e-04
7.436257524698607633e-04
1.680693568888271591e-03
9.332254235841715194e-04
1.806863238306525470e-03
1.584675138932238993e-03
6.254912725668704872e-04
1.421634163141642952e-03
9.111679515226187801e-04
1.378887109250419556e-03
8.205533097558773224e-04
1.031699183607393683e-03
4.486041475523802700e-04
1.263593344834804079e-03
1.747338237139070289e-03
1.755763988307346797e-03
2.827024949082665786e-03
1.292756352664502575e-03
1.646810452940864356e-03
1.115675523063070938e-03
1.632298667530784897e-03
1.765635306180373797e-03
9.515136318327535115e-04
1.970739968622518996e-03
8.135388159759643573e-04
1.541454570493192879e-03
1.308825497221473635e-03
1.575777626030089524e-03
8.523751887076279170e-04
2.522155757188500585e-03
9.928849374586145096e-04
1.369221800358165269e-03
1.425126347723967976e-03
9.387404935017408568e-04
8.309383346812434720e-04
8.338705057493477936e-04
1.076450822163412717e-03
9.571923959287267003e-04
1.109773158619440378e-03
2.666878365590335913e-03
2.379404333394998568e-03
9.243075984563080272e-04
1.051231145854963651e-03
7.279425171667697810e-04
2.562682082887183924e-04
1.001654130375220428e-03
1.370803684849826237e-03
1.819486840731836513e-03
2.133383806339530717e-03
1.417892948835471371e-03
1.706246353334332517e-03
9.343035179539138516e-04
8.314170137601311489e-04
1.412671617078708553e-03
1.410056744995416295e-03
7.245124208948839056e-04
7.295174253764101502e-04
1.481073921404413773e-03
2.334506351983259460e-03
8.649026692099341792e-04
2.232663864116417058e-03
1.878097715989307786e-03
1.910491456789357480e-03
1.385146072521010541e-03
1.453969797724245219e-03
2.126892033112443795e-03
1.177240195467862353e-03
2.425851162729608136e-03
2.050996429437405583e-03
2.383979628929424211e-03
1.024606513597673026e-03
7.044911235865252514e-04
2.221867163302378330e-03
1.488048213359370814e-03
1.326491600839826198e-03
1.605498485173452537e-03
2.221510674616771191e-03
7.994472334437256180e-04
1.357864556162846539e-03
2.314916583901996394e-03
8.109694538309155905e-04
9.235962166374031643e-04
1.174363027454483448e-03
2.104390203055517099e-03
8.312179150458736884e-04
6.729639298904303369e-04
2.220317053067551519e-03
1.010454286956764597e-03
1.785422926557979481e-03
7.071117431608469478e-04
2.535476590044544957e-03
8.200153926620570594e-04
1.087410357546628181e-03
1.801990378405984123e-03
2.052704619017210567e-03
1.582347500848354117e-03
1.683756651969051457e-03
1.083187110394509501e-03
1.323009942453171267e-03
8.341456626087890213e-04
2.256439996783411728e-03
9.438118325746777323e-04
1.373183366045405401e-03
8.975157207130953115e-04
2.188571550873700654e-03
1.649886246351605495e-03
2.976728921477502800e-04
1.165379378849903296e-03
1.558563228405588719e-03
3.649127715774340246e-03
1.480423386209593194e-03
9.236572625286175887e-04
1.305480585807548659e-03
1.369635284990092629e-03
1.621598689183370015e-03
1.251923655828949145e-03
2.086527869520251720e-03
9.819257411259963222e-04
1.641129777242115572e-03
1.640249342489058905e-03
9.657072852916225763e-04
9.103531115167122359e-04
8.899511527815519947e-04
1.438191023582885766e-03
1.642555706867544936e-03
7.440604216891139131e-04
1.442097620196553659e-03
1.123180524651646878e-03
1.809529742529615744e-03
8.410128043212827852e-04
5.037770793837699143e-04
1.810090137955639627e-03
2.808366835324429926e-03
3.889863925772874833e-04
1.715896452141093187e-03
9.770830633859879828e-04
1.384439618282347090e-03
1.599237217779341533e-03
1.830497433610499443e-03
2.281003421045579675e-03
1.341246316697734808e-03
1.285061950091164265e-03
7.834592034219268943e-04
1.601198035297136599e-03
1.970389722211278102e-03
1.652978406541135651e-03
9.305418010516558957e-04
1.683458376906651162e-03
1.875985998067469318e-03
1.347005792448930771e-03
1.661195292392534956e-03
1.048390384738400816e-03
1.768704155926111065e-03
1.703785336199945032e-03
1.722572666940657121e-03
1.217501022750990718e-03
1.448313523289764069e-03
2.336718235367808358e-03
1.083413296189959579e-03
2.441942092584003729e-03
6.666354768489397321e-04
1.447581110910695860e-03
5.902546279656809914e-04
9.088943804168989797e-04
9.962692316268786322e-04
4.844773119633279763e-04
1.180808959426541023e-03
8.176498323385706160e-04
5.909887247882968445e-04
2.735959065290562934e-03
1.682181698137322949e-03
1.083582761059508418e-03
1.226355913263203062e-03
1.749610286166532712e-03
1.224635487113864612e-03
1.111034009070659698e-03
9.900130749652383180e-04
1.862321301570509999e-03
1.547441730041986159e-03
1.853880408348124870e-03
2.154287162223720957e-03
1.542571752777501535e-03
1.231708696120388958e-03
1.038932730947575260e-03
1.613016282025252646e-03
1.844874337127331730e-03
4.654870488459507188e-04
2.573544772949546908e-03
1.425930357592493109e-03
1.322055336054926873e-03
1.755711512480671475e-03
1.823055161476958182e-03
9.662668104069155328e-04
1.286798607573508236e-03
2.012883765840414556e-03
1.830247341901564693e-03
9.079797186182460202e-04
1.150032091874998545e-03
2.262498180648428881e-03
1.718974042164046192e-03
2.196978820431822344e-03
1.416641478713283808e-03
2.162272804543632042e-03
1.674261044000032589e-03
1.615986619542238937e-03
1.258779005008057355e-03
1.314946785489925487e-03
8.852888142810133023e-04
2.226558216934264398e-03
1.075685591113010806e-03
1.077085070891449156e-03
1.113034708625446892e-03
1.361762807710660810e-03
1.057914574193176589e-03
1.122691569878448131e-03
7.192242670612284620e-04
2.174922689775350259e-03
2.375256134588388680e-03
1.955188633066713266e-03
1.180358765957767540e-03
2.554439964007683504e-03
2.042908008489678108e-03
1.328569192744897447e-03
1.055380509266217598e-03
2.441395414612947557e-03
6.528820136561902477e-04
1.946516362743064450e-03
2.136167244991645040e-03
1.480237616102005700e-03
2.066188173226120566e-03
9.297431514053539851e-04
1.239693330519318123e-03
1.368312380568999275e-03
8.963652272614901044e-04
1.321312895509895889e-03
1.326454111011465126e-03
6.171105171738639882e-04
1.971148867169566447e-03
1.836413479269513030e-03
1.766683702758452355e-03
1.100080186748909113e-03
1.376033135333425703e-03
1.819205535603425497e-03
1.767801179032184962e-03
1.352603651813139019e-03
2.555081203577892236e-03
1.537864514697969255e-03
1.884094166190811766e-03
1.106453514700612723e-03
4.149769529205124693e-04
2.507880012279846936e-03
9.856265400851262244e-04
1.501362900235108907e-03
1.258034608234854732e-03
1.069848911238497399e-03
1.230084641643642944e-03
1.177201069333918930e-03
1.571511360027026466e-03
8.972936383472625982e-04
3.919153440345565982e-04
1.771759131109698106e-03
1.507038565381102653e-03
1.209577445564173973e-03
7.583316393649449944e-04
1.132256047041682286e-03
2.008660872518873344e-03
1.440250329259801405e-03
1.603654416388491325e-03
6.443757963028256359e-04
1.056628367314017955e-03
1.627568053445996570e-03
1.820436888453761662e-03
1.642393324021692094e-03
2.075826772455366398e-03
7.866572980086176340e-04
1.503087363003893394e-03
1.006667680931530497e-03
1.773837358407581288e-03
2.529290252164149381e-03
1.043359141165492053e-03
2.493840773461374581e-03
1.879587688425157646e-03
1.583136266220232669e-03
1.182039906995443991e-03
7.890547782588137014e-04
2.969463391505221348e-03
1.380063597149351184e-03
1.094218253948692253e-03
1.603439914493077524e-03
6.696704601663092766e-04
1.159000927511706419e-03
2.745059116843678610e-03
6.465041496655423315e-04
7.218796229894405576e-04
4.798432808075903762e-04
1.143501436744420252e-03
1.201102335049807675e-03
1.408361762983324642e-03
1.366802933500459302e-03
9.345901265322827068e-04
1.875061516180059982e-03
7.428239210799859231e-04
5.833381216640843832e-04
1.142133982884564357e-03
8.134099266042143280e-04
1.414277170727735143e-03
1.041995602523556859e-03
1.894037270689905494e-03
1.397964833366434909e-03
1.860945909237746426e-03
1.347396475783415974e-03
1.963685163464715458e-03
1.315085434413257011e-03
1.164780134116076343e-03
1.942174047982588676e-03
1.614251915740075056e-03
1.762165265923835034e-03
1.449625786973097975e-03
9.628171610241023984e-04
1.131257763593231493e-03
4.896911873177629696e-04
1.309773071753246761e-03
2.523614851842814148e-03
9.859920871224114869e-04
1.343017885881976885e-03
1.705554037687537520e-03
1.501970005632439435e-03
2.718691694004994608e-03
3.030456903461405897e-03
1.060148753759981421e-03
1.608854560690528351e-03
1.160840499928080926e-03
1.100232840550740372e-03
1.017381976034493173e-03
6.703346905411187214e-04
2.546597989593048835e-03
1.744061323530179085e-03
1.051582295446202133e-03
1.514101090306336312e-03
7.059582742500293898e-04
1.858658022122197315e-03
1.351290776130984351e-03
1.892972058981376134e-03
1.236132107981764835e-03
6.994685816477890341e-04
1.000900767925898098e-03
2.220844626476389024e-03
1.847845207428467718e-03
1.307318230242486990e-03
1.646693826256477155e-03
1.112921521558319325e-03
2.187593347849502504e-03
1.246151520360179454e-03
7.772317408473494770e-04
9.701201562495503960e-04
1.482589301788198467e-03
2.587238915575802625e-03
3.302454091895619826e-03
1.223795216325681071e-03
1.174948895671100316e-03
2.347384764921970485e-03
1.812709026642603943e-03
7.288489262149573092e-04
1.095323466915708180e-03
1.329182553938871485e-03
2.725228453875675871e-03
7.386057325995534295e-04
2.384642988031375650e-03
1.504740236206389371e-03
1.093383862880473742e-03
1.494448228606862607e-03
1.380181223050240026e-03
1.636969565527904508e-03
1.840489845053595950e-03
1.155107877363112986e-03
1.957034861982019473e-03
9.962751163762946938e-04
1.554851075930887986e-03
1.599176089985667468e-03
1.030239724897840173e-03
2.050960232767583963e-03
2.929694001530504938e-03
1.947912031614835743e-03
1.710677476218548177e-03
1.364759427171544992e-03
1.813760407767223398e-03
1.702803440290453748e-03
8.507976243968288707e-04
2.368093258033068804e-03
5.775822121294121132e-04
1.756198513746879070e-03
9.323150469912935270e-04
2.002895006056435064e-03
2.165476101926405630e-03
5.179587928397286602e-04
1.143276008669887218e-03
1.446111166221029053e-03
1.090153721387806000e-03
1.839638758887223238e-03
2.516540411253387951e-03
1.485339525618154053e-03
1.456364634644954133e-03
1.237972074303806975e-03
2.079533493780494520e-03
1.960299481427476859e-03
1.320904821656996480e-03
5.794895587254782991e-04
1.162112479441674163e-03
1.011821449955135205e-03
1.763356935674939866e-03
1.238787754131162990e-03
2.576189570584468992e-03
2.071950283426732091e-03
1.432254630220758168e-03
3.696098091015407759e-04
1.080511710452571484e-03
2.254313695925997361e-03
