1.589402856768687856e-03
1.779694915519824949e-03
7.813395307155279832e-04
1.281894569725789117e-03
1.797557588045786518e-03
2.197022476740995069e-03
1.262161437293232149e-03
1.245578346262637059e-03
1.804100418843755573e-03
3.252416369280654827e-03
1.818676401916494633e-03
1.612264897869302100e-03
1.263741641699249810e-03
8.399772003457273107e-04
1.632740595981168859e-03
2.450759391756771391e-03
1.882055506111912895e-03
1.294445716232215434e-03
2.971914995390668307e-03
3.525433749225936192e-03
6.861320290940774039e-04
8.773133401933787918e-04
1.607289630281488269e-03
2.002761426066851109e-03
2.537107379028305954e-03
2.398917405092216258e-03
2.189648775744181767e-03
7.043775810563770133e-04
2.451023197400694405e-03
2.235467629905232238e-03
2.363915942552619141e-03
2.586755019355030209e-03
1.152033819193313234e-03
2.174906065584228474e-03
2.409650241256744777e-03
1.315657080995973191e-03
1.267343475157990630e-03
1.112039237150981791e-03
1.917890374972930963e-03
1.733447603359683986e-03
1.663800259751277563e-03
2.100065836543296791e-03
2.049658123746990728e-03
1.335045106612428936e-03
2.492195978539720608e-03
2.249806176909959366e-03
4.418953175871306871e-03
2.905703685121299035e-03
2.202984187795898902e-03
3.110516445226355585e-03
1.584534986783489845e-03
1.723678937962200720e-03
2.696215396660693944e-03
1.192183768276848044e-03
1.937813922652532970e-03
1.904487522910933367e-03
3.429442427406703339e-03
1.088214262856202624e-03
1.299863816695335551e-03
1.238746629587637871e-03
2.343321677364511042e-03
2.150831899738030357e-03
2.102739487323125600e-03
1.703194545019239481e-03
1.853822348513808286e-03
1.478791064021378176e-03
2.180237432476514903e-03
1.060758095249338335e-03
2.339981079089782992e-03
8.256637421285992684e-04
2.367086538917165250e-03
1.022829896198974679e-03
9.677402052756641166e-04
1.098990713130063674e-03
1.068723790132205045e-03
7.953319411488567973e-04
1.503394817492570293e-03
2.415370653998228419e-03
3.543886250704762503e-03
2.422412253832889693e-03
2.731123127645852886e-03
2.446193368783069772e-03
1.423845949422913306e-03
2.392568304853496045e-03
2.169696971909679077e-03
2.043913265563151397e-03
1.099619359490467156e-03
1.868631422397481513e-03
4.114581805057753935e-03
2.558674717228289711e-03
1.437944006823427051e-03
2.871720299919303717e-03
1.245356786014859950e-03
1.830082586448944114e-03
1.806591003516614920e-03
1.235243662314136496e-03
6.395530535430504803e-04
2.693651102315460389e-03
1.864387065775966823e-03
2.446677641618689135e-03
1.930387784142086321e-03
2.555357330801584764e-03
1.767358771307890944e-03
9.950213643671705632e-04
1.292357004119241461e-03
1.148822451234529207e-03
2.135947795710807593e-03
1.092340691435612129e-03
1.902757521760999786e-03
2.198361391406287828e-03
2.094492502784143194e-03
3.232088353847534755e-03
3.574935417448756991e-04
2.753346320693407859e-03
1.749212952769128339e-03
2.959012160801261209e-03
2.503575129579797484e-03
1.099019121150239271e-03
1.636859882989371564e-03
4.116395460548839640e-03
1.794536807565359424e-03
1.738090326372827713e-03
1.882876701927894405e-03
1.502612872048157385e-03
1.140763421592872742e-03
2.027334017333197371e-03
1.561489061845271848e-03
2.369830342700070865e-03
1.965819682905797609e-03
1.969634148551133255e-03
1.139797277095642991e-03
2.401575156775772029e-03
2.183222878038103016e-03
2.483046302578875621e-03
1.437620155398936037e-03
2.699013316692687372e-03
1.406115488019639556e-03
1.542889074321002457e-03
1.149861623723493495e-03
1.361136256578184033e-03
1.719495823842848679e-03
1.775620448349530785e-03
2.292064341430438083e-03
2.192200741556665083e-03
8.084772961437794664e-04
8.889636529588161324e-04
9.361202477612725736e-04
8.759411308477807251e-04
2.084056342960867534e-03
2.909522323287830857e-03
1.318990312927636197e-03
1.864283027867614248e-03
1.853891538267853122e-03
6.446340886115277781e-04
2.232003887110989033e-03
1.148965444189739950e-03
1.800264512223259889e-03
2.598607850691553832e-03
3.957194061942969666e-03
1.977650564220285578e-03
3.409582395859682251e-03
2.047899951108384051e-03
1.188072699006848367e-03
2.145041737270674508e-03
1.709809257375742748e-03
1.757805296480995441e-03
2.421024503913681101e-03
1.055289097271101817e-03
1.354375083768333526e-03
1.130329316382707805e-03
2.779766757708516077e-03
2.397497721508050957e-03
9.334012097750030764e-04
2.651217113647240040e-03
1.746154558459990036e-03
1.734220485333953224e-03
2.640600386345735243e-03
1.687240951638365122e-03
1.814517018278340079e-03
2.195300708131354191e-03
3.122211423386538672e-03
2.133704516921727367e-03
1.916091795151122655e-03
1.390245605612547113e-03
1.226203768339009315e-03
2.703746387328358550e-03
2.176587219221388664e-03
2.047977741994402856e-03
1.447540456707106359e-03
1.979549658537794327e-03
1.711356991492169214e-03
2.404848131164386005e-03
2.117360223956931548e-03
2.295456341840124322e-03
1.299555900367964627e-03
1.883904343317931857e-03
1.056880916185255759e-03
1.745835002685857231e-03
1.141184541834479359e-03
1.704696815489011291e-03
1.440155132595945763e-03
1.842988433282848667e-03
1.494081225075082238e-03
2.420501780133913448e-03
3.170239170956028023e-03
1.769275166543021619e-03
2.014638902665157050e-03
9.259241463502100068e-04
2.199654428278941063e-03
2.523657969687365457e-03
2.638549269806010015e-03
1.072230808384725450e-03
1.974183081307392257e-03
3.175682836757784573e-03
1.532004250869765287e-03
1.435110805569439355e-03
1.868460859361849215e-03
1.922820462418939292e-03
2.211986759764077159e-03
2.405888711469481977e-03
1.810529965298340350e-03
2.328550122571546640e-03
2.621171984219439720e-03
2.406324473921117677e-03
1.847302488105860736e-03
2.545859859634388989e-03
2.175452031495835915e-03
1.289063516964609806e-03
1.177340273386864606e-03
1.407812497596009791e-03
1.015201716401404643e-03
2.464576910038179369e-03
1.556254817189131005e-03
2.624551278793661908e-03
1.378628631392504701e-03
2.097460377295518388e-03
1.486149041880012456e-03
2.930863761525247940e-03
1.654105417255897267e-03
2.080568964590968385e-03
1.878370369854466147e-03
1.772306876943682136e-03
1.265614795023592941e-03
3.506614050083444248e-03
2.149523346800152369e-03
3.962531911903367961e-03
1.121843998186782118e-03
1.042368361075919712e-03
2.159502198226749894e-03
1.622134657900719916e-03
1.946432635392842184e-03
1.889941327522771074e-03
1.363537991217581274e-03
1.828460334483818315e-03
1.952495934958336284e-03
2.142715466021608787e-03
1.386559541992224420e-03
1.472851007053356228e-03
1.842716730114685609e-03
2.752652642374169879e-03
2.281972676224642855e-03
1.896647443228661242e-03
2.942528298430607727e-03
2.055221262628506487e-03
1.422249299667167378e-03
1.877409856052779033e-03
1.428973171309941108e-03
9.584078295285889271e-04
6.442060110365748979e-04
1.254476387568337044e-03
1.431350470309228481e-03
9.791697286923822623e-04
1.972277735309245494e-03
1.634991543115812658e-03
2.031072146108781843e-03
2.597366510194003622e-03
9.588126269473364613e-04
3.195392944002370655e-03
2.029267430991356282e-03
1.853902930274095324e-03
2.629808085048005936e-03
2.691794496079241879e-03
2.231292593784875607e-03
8.651375757426599082e-04
2.364507842864853500e-03
1.809429337869665607e-03
1.572976028303452916e-03
1.814517538371622106e-03
1.688725936176193286e-03
2.067050519865210306e-03
3.245124780071141635e-03
1.674508078139013605e-03
3.680653436784024190e-03
1.266966756606976953e-03
1.384409915518546030e-03
9.099965529961970582e-04
3.009806762840695846e-03
1.785950926317709511e-03
1.429622082032608104e-03
2.159262464934032580e-03
2.084578481906811023e-03
1.526102053070582101e-03
1.611991033564918107e-03
3.283657225276731453e-03
1.952546829881570464e-03
2.078824562203596561e-03
1.139196325009213208e-03
2.729922016848464542e-03
2.309740620278666768e-03
1.513394810485639910e-03
2.458333398962786465e-03
2.099293968090679575e-03
1.590658889439689003e-03
2.283425099525683653e-03
8.559555658128464861e-04
2.398211035767210293e-03
2.038199122111129889e-03
1.859932854205688943e-03
2.844854201561835324e-03
2.702312924860083600e-03
1.930392078029237977e-03
1.596268186737142538e-03
2.022013750181225322e-03
7.943786622903028843e-04
2.494136519807643206e-03
7.596552124884097109e-04
2.720865515311453493e-03
1.082508642490807339e-03
1.531117611576981574e-03
2.219777693311552301e-03
1.773283363622856499e-03
2.512402590992539580e-03
1.478834674386845030e-03
1.390577797946117213e-03
1.991155989510646693e-03
1.636864858447254932e-03
1.380215697088325606e-03
1.890764438593417083e-03
1.685575658243819615e-03
1.940592255783725678e-03
2.418379272522837211e-03
1.216055855679777208e-03
2.121276921846670244e-03
1.838367286001637776e-03
1.544709467504054145e-03
1.604673101263271026e-03
1.015111143221713317e-03
2.096795820793546667e-03
1.917412445610255575e-03
1.259862872523762056e-03
2.828392887612724959e-03
1.241908626920572214e-03
1.445224834705992204e-03
2.042655081826000394e-03
1.787527270605890903e-03
2.299293042029928145e-03
2.457281761965426047e-03
2.528052783833562543e-03
2.105768413898803735e-03
1.095904815993164723e-03
1.502776970495616968e-03
6.137073904869727375e-04
1.651175691163577928e-03
1.350552503804229327e-03
2.536284536219141333e-03
8.288276651851943320e-04
2.436874435612846040e-03
1.822676399655575848e-03
1.612228123088880289e-03
1.993123350516868425e-03
1.187910893995946420e-03
2.182016111817692422e-03
2.003015885691234680e-03
1.573239541788829443e-03
1.791505792303487018e-03
3.513814040407098761e-03
3.505650350586307293e-03
1.727246354893765190e-03
1.392252605473303078e-03
3.045894291716733180e-03
1.341484486348343752e-03
2.564429014743051412e-03
1.935333311546552897e-03
2.521315221438330013e-03
1.036717567237944700e-03
1.171090420837137772e-03
1.695906483542231275e-03
1.051267688006210640e-03
2.140129936275895952e-03
1.983816056944015267e-03
1.906495609548149173e-03
4.009441989036016804e-04
2.109826039887627465e-03
2.342908123655807699e-03
1.768344726204609503e-03
1.164881594363219221e-03
1.445047734545689766e-03
2.083880270381394118e-03
1.442865245188452430e-03
1.557703687129352674e-03
3.027128362123972759e-03
1.926630125909466803e-03
1.748826654763313863e-03
1.761311992606294247e-03
1.928286307378587403e-03
1.591919068748362705e-03
1.614756526605346312e-03
2.134008475827369432e-03
5.784248679028050882e-04
2.677359482033814155e-03
1.138373579209941110e-03
1.244252613571132648e-03
1.278006356739409865e-03
3.098931276100154539e-03
2.653251243288406482e-03
2.134112655614927873e-03
2.231298137415787999e-03
1.363917873819682491e-03
1.973016431182877343e-03
1.863733781576802639e-03
8.650186889680805619e-04
1.786835808418331265e-03
2.229274854263820545e-03
2.551258040787197229e-03
1.767068447752238175e-03
1.986458179441202756e-03
1.112691672283048962e-03
1.143700604673863162e-03
1.312390568732840854e-03
1.361271747650587760e-03
1.250164957254210800e-03
2.327896717098662006e-03
2.348036062026392663e-03
1.296622695597588739e-03
2.007452944232507135e-03
1.487163789150147686e-03
2.082036293379412994e-03
2.048413031618739107e-03
7.230628636607037280e-04
1.508953867265856513e-03
1.121166017384025689e-03
1.588234370609665786e-03
1.655912857770522849e-03
2.196804781005315226e-03
3.257433725136566795e-03
1.424048138609175810e-03
1.711249610295380828e-03
2.031220257610168254e-03
1.738210211644381940e-03
3.354114951573360526e-03
1.328239629089012159e-03
2.963730055019999331e-03
2.348460604942127772e-03
2.512866913251476497e-03
1.245455391936451956e-03
1.211963882855996788e-03
1.950375800209194115e-03
1.742812525568445152e-03
1.517648751639165102e-03
1.947679175342390250e-03
1.854969259116786770e-03
2.082575420897828881e-03
1.431375103728572528e-03
3.288324245232075553e-03
1.197655131824368422e-03
2.072452359831694190e-03
3.460224413845555073e-03
1.406041002973810452e-03
1.119539202550581900e-03
1.631894342934597873e-03
2.405565579249162658e-03
1.663109986633988339e-03
1.179948866650945560e-03
2.556998890836574209e-03
2.717255031653789850e-03
1.475217388609729270e-03
7.537942785712390065e-04
1.242247369913787244e-03
1.507450255977935919e-03
2.500115958143853123e-03
1.835313400243329673e-03
1.689920703641552713e-03
1.486868433759456869e-03
1.272754677118927190e-03
1.396063043618380514e-03
1.456422413237524246e-03
2.131776260837906119e-03
1.349003296282817819e-03
1.972028215995284828e-03
1.743663400736239879e-03
1.845862219485312717e-03
2.350930088310907839e-03
2.132324222551675117e-03
2.094972714516229236e-03
9.410051357084414127e-04
1.689881985492034397e-03
8.364278950027409119e-04
1.825787472291883059e-03
1.708617542699563405e-03
1.443882677913964178e-03
2.837333596526982801e-03
1.336206667456040029e-03
2.592174539772742169e-03
2.188311030247419228e-03
1.011285726812731966e-03
1.895057041091978900e-03
2.437787641259938232e-03
1.648825677873004504e-03
9.741024220319846822e-04
1.536134580624800390e-03
2.852050057847830764e-03
1.532628923547627768e-03
1.674194139093715221e-03
1.945258759919390058e-03
1.784197112076592751e-03
3.095604708447094455e-03
1.813109538049375918e-03
1.546436118118859303e-03
1.158404768982513114e-03
1.199987063732277500e-03
2.190841647627998767e-03
1.399250405321643539e-03
1.226311372749065882e-03
2.264523823364987792e-03
1.494742606278426410e-03
1.305734809746544357e-03
2.048768501083032129e-03
1.532988281876342682e-03
1.903111910033246975e-03
1.639602099863638612e-03
5.812870784472025029e-04
2.059765245632877179e-03
1.560911657852982271e-03
1.475307063811817079e-03
1.603808369323963309e-03
1.951452034712999406e-03
1.821117682895717106e-03
3.586089545557683000e-03
2.353669148291908774e-03
2.058220559681296895e-03
9.733468951462198853e-04
1.023787725973269091e-03
1.615148062765367617e-03
1.468883761882474465e-03
1.318421975999813697e-03
1.774486466764994309e-03
2.850855652908637107e-03
2.152790917790741755e-03
2.571447671363461928e-03
1.088312025980789051e-03
4.607918462313482328e-04
2.289176593921529983e-03
1.233717482790262472e-03
2.639388414903358956e-03
1.932392753625034997e-03
3.306294889947465534e-03
1.772266489977705100e-03
1.851573894226452239e-03
2.064027334889691027e-03
1.936073460377149341e-03
2.202369217349104021e-03
1.744600072619571828e-03
1.599071485931374001e-03
2.092296189919239623e-03
2.270922950825995934e-03
1.964181286625348195e-03
2.534066724567250132e-03
9.402936895047830533e-04
2.073933161951389392e-03
4.029876523546721545e-03
1.416097748245074032e-03
1.526348256841150415e-03
3.144379998369313100e-03
1.851318022175170788e-03
1.297206147868253416e-03
1.550491063303549013e-03
1.399216770489492305e-03
1.319300238609675234e-03
3.449825697221661162e-03
2.278353057190787585e-03
1.700004004509747578e-03
1.337872303567315749e-03
2.635387196215712401e-03
2.512699168800706668e-03
2.174235482114303397e-03
2.335135879141125251e-03
2.020463778512848491e-03
2.119644647179711686e-03
1.133433894612230529e-03
8.446075637801113943e-04
1.872456178880696487e-03
2.090996955192265909e-03
1.318604434531212358e-03
1.137690703278765965e-03
1.609981601230737851e-03
4.460228216494149757e-04
1.632636857097998937e-03
1.177207933431820980e-03
2.552280220021991165e-03
1.215008378498372245e-03
3.206163955532485323e-03
3.153944710275035507e-03
2.885791588712883094e-03
1.804562290219746679e-03
1.179258024070279276e-03
1.731426064053471180e-03
2.571199934682447032e-03
1.502156464817318900e-03
2.184144497870854195e-03
1.164179453099332138e-03
2.387355632950801873e-03
3.303227776512525880e-03
1.531403708847645052e-03
3.420035025421215569e-03
1.005244799474239170e-03
7.115174092730434594e-04
2.386084933051629137e-03
1.895030826486952032e-03
2.755611768996260157e-03
4.103962270757455688e-04
1.915937712251644534e-03
2.527870406938998761e-03
1.957613234660119002e-03
1.588858943652089913e-03
1.263306467719885889e-03
2.942199491370990714e-03
1.905058859881917461e-03
2.274278575010009028e-03
1.673207626171939509e-03
1.582708810720120755e-03
1.457757599358800718e-03
1.838507574768206412e-03
1.932571451832974145e-03
5.747267727299554480e-04
2.173128112200336127e-03
1.126230650244571495e-03
2.068306961141234968e-03
2.491997179825484500e-03
1.559955979647455844e-03
1.678510518158649479e-03
2.170119528501692797e-03
1.748949774604261452e-03
1.123308840343915493e-03
8.944157894526665086e-04
2.072142395606753860e-03
3.405776744387864399e-03
3.012247332263843190e-03
9.736167496138741851e-04
1.561397197627536907e-03
2.372980158848159681e-03
1.864232382829196250e-03
2.018993571291987851e-03
8.240458158233100868e-04
2.042352119568466122e-03
1.352511211638072119e-03
3.575398082276549754e-03
2.189986756066467349e-03
1.736523751414072907e-03
2.063089997117574428e-03
1.682429099757464267e-03
2.001080080461974456e-03
2.131369149586041182e-03
2.427708036399422314e-03
1.853134104575460692e-03
1.820487343275768244e-03
1.313886067476057297e-03
2.603967413475041098e-03
1.964662449126547417e-03
1.093162115749816152e-03
2.639407096414281804e-03
2.801813318338965218e-03
1.408234008639690487e-03
2.374944624420188225e-03
2.580070377902501239e-03
1.975299648434161205e-03
2.441438577004588408e-03
6.775230924611769234e-04
8.900185777608099133e-04
1.477408580318767366e-03
1.157307281633025708e-03
6.909118488498552056e-04
1.679751387359800863e-03
1.895568566262727716e-03
1.300264665065640991e-03
3.157427878265603883e-03
9.105167544430678005e-04
1.347126557679304351e-03
1.641592128614710990e-03
1.660304801070283708e-03
1.297533201679115702e-03
3.893312435656538523e-03
2.857405235206434118e-03
1.664767864568570104e-03
2.894584854975419848e-03
1.775396697545849473e-03
1.861531705477320045e-03
2.970197858194096457e-03
1.633611549703732927e-03
1.627925513144321858e-03
2.052202023775490623e-03
1.918553929530033599e-03
2.108982638966274987e-03
8.369058583963804362e-04
2.485321128791257144e-03
1.334873651240855823e-03
1.885234860411962336e-03
1.338247776160883702e-03
2.160068053645313683e-03
4.683355461703801975e-04
1.606612048370214835e-03
2.543937624804861516e-03
1.694579180278023940e-03
2.032443706666796791e-03
5.882090145095093901e-04
1.431967053830419424e-03
1.917034009980085520e-03
2.992052774555334187e-03
6.901240630789289834e-04
1.649386991894131798e-03
1.667122305130610931e-03
7.811538132879013597e-04
1.561636269536254137e-03
1.384954085463688950e-03
1.556108445245360603e-03
1.593161628396812506e-03
1.769189013294047508e-03
1.516561427513021115e-03
1.464330917714691798e-03
2.062179519487588285e-03
3.254766733395746559e-03
2.467335449721313762e-03
1.198981898957790808e-03
1.737390792611636162e-03
2.604704017449883773e-03
2.784103503133677528e-03
1.664168584184524046e-03
1.695552169473325257e-03
1.266000033652544491e-03
1.019643679883125474e-03
2.201235648008375428e-03
2.551651045463084085e-03
2.213513274422760843e-03
3.278240245761301908e-03
3.386220042202808204e-03
2.840396013416533316e-03
3.054585748225117133e-03
1.857713113669793399e-03
2.502702884638814771e-03
1.829069509626663793e-03
2.703723074961455770e-03
3.372557270126962450e-03
2.984657994141199418e-03
1.789916142942573913e-03
1.629804262507750668e-03
2.003582684862456956e-03
1.229943346203516211e-03
1.377214625885185995e-03
1.345063301865339223e-03
3.081684339928218285e-03
2.085073211321101898e-03
9.755194228804657747e-04
1.521310534953320684e-03
1.855264398876217344e-03
1.746603412051690729e-03
1.568059595862387112e-03
2.703482578083295316e-03
1.529820643798744878e-03
2.243927340497257287e-03
1.862166569821278221e-03
3.303044743931291341e-03
1.400557698646318289e-03
2.197059575561362364e-03
2.658750966872554765e-03
1.248666765155445569e-03
3.976244009300759254e-03
1.797945612008374329e-03
1.594814176521144877e-03
1.787438590485948900e-03
9.654203089690928602e-04
2.161783802278982852e-03
1.703728811713232927e-03
2.019276878985687591e-03
2.076363231712420859e-03
2.259344650872355947e-03
1.394036276534189834e-03
2.053026452050914826e-03
9.583481593573448453e-04
2.449222293313138999e-03
1.942649286447664485e-03
1.402161285449520433e-03
1.794031442168680544e-03
1.256689716621799298e-03
2.229371220422945478e-03
1.095138050143899941e-03
9.982208746431395652e-04
2.308646361250720445e-03
1.881562354384599609e-03
3.450938157511754256e-03
3.141225222522112158e-04
1.599816979694491763e-03
6.180081719542713202e-04
