1.076012360409913660e-01
1.078196390632214230e-01
1.073448206131369653e-01
1.070010610758765773e-01
1.065150200470988684e-01
1.059574998092391307e-01
1.061059019514796892e-01
1.070228505910088557e-01
1.058286768674309569e-01
1.062249572172850320e-01
1.052798585415439664e-01
1.052252316495704831e-01
1.053653969473034718e-01
1.053209177991178691e-01
1.044745317383202476e-01
1.047345652005131078e-01
1.044653723725391392e-01
1.044316781570505115e-01
1.042136262505055505e-01
1.033399065507691061e-01
1.031599143598624646e-01
1.025929897138785074e-01
1.040376270229887434e-01
1.028353167934323298e-01
1.022948507749281144e-01
1.010594738094659772e-01
1.018076766195545046e-01
1.018014074717395190e-01
1.015083535602796239e-01
1.011770926197034098e-01
1.012933545611258007e-01
1.004373976943789687e-01
1.005180695660921053e-01
1.003549955858235171e-01
1.005720478711577548e-01
1.011036101827080813e-01
9.991738426945760698e-02
9.953640947989682297e-02
9.958607457154330933e-02
9.925800810731674750e-02
9.973185450020691234e-02
9.925060933144769226e-02
9.859024003189778562e-02
9.865559004583118741e-02
9.867261485338815752e-02
9.717182595615532492e-02
9.829589734465375706e-02
9.716384154959770147e-02
9.716416804617700187e-02
9.649437430582238906e-02
9.631041121669438321e-02
9.603247912350365567e-02
9.559021807340793708e-02
9.657400927579470884e-02
9.493371840919209714e-02
9.571910305277658848e-02
9.496259202102351471e-02
9.490543932625684909e-02
9.381965073166173563e-02
9.387719640077113459e-02
9.337492953854477362e-02
9.252817171253374662e-02
9.269061746702580984e-02
9.375281314702936519e-02
9.262173092035451416e-02
9.376485269054593563e-02
9.109115405015429101e-02
9.152317024929300382e-02
9.176574116530845926e-02
9.105759433282778481e-02
9.113586262110259795e-02
9.072113720693752992e-02
9.030502238455677400e-02
8.923049749679412557e-02
8.997289050975015856e-02
9.009056751788824258e-02
8.844332442620511658e-02
9.008351230401880072e-02
8.900707868342268292e-02
8.904848675846104011e-02
8.795058776580352844e-02
8.740729590861723297e-02
8.764768305830823725e-02
8.737561005372122824e-02
8.668266576199991358e-02
8.638611484943237162e-02
8.552281942790426750e-02
8.663354339453732678e-02
8.547864567446400441e-02
8.460174314836649279e-02
8.541753974646977554e-02
8.437588309303251100e-02
8.371806787289609586e-02
8.362220644701381933e-02
8.355280852958904547e-02
8.282434599141771936e-02
8.199092006678962430e-02
8.153345443515530588e-02
8.252002829232110703e-02
8.115226807191602831e-02
8.122159618657701086e-02
8.128590166651708526e-02
8.029697337369263999e-02
8.119180995816172031e-02
8.063422461475885927e-02
7.919396025777962478e-02
7.874249553185795614e-02
7.823483531201763652e-02
7.831193272719005893e-02
7.894256769935770190e-02
7.728311062698692280e-02
7.788148653066592764e-02
7.640636740697523410e-02
7.661736135106939072e-02
7.652034178361971639e-02
7.546048880510616841e-02
7.596094003263528793e-02
7.542926028735977284e-02
7.383827878977407277e-02
7.407716344971004840e-02
7.472474797345700359e-02
7.290103381697579654e-02
7.337604338948147675e-02
7.191999535858914494e-02
7.180342351443008697e-02
7.125752156624293177e-02
7.152981933387186908e-02
7.072343896916041817e-02
7.051872489919557008e-02
6.950481442036576807e-02
6.961151959900921393e-02
6.916945744994006107e-02
6.927400070039467506e-02
6.854140208777698140e-02
6.789009160231708473e-02
6.814178612694093973e-02
6.747996218341009711e-02
6.687780837789392141e-02
6.521116376130811632e-02
6.588347047018533464e-02
6.553725504556863479e-02
6.540390173217279501e-02
6.404256469310401489e-02
6.422672572725574014e-02
6.354088600344885707e-02
6.300711870444759832e-02
6.228564371255471827e-02
6.171223612221511667e-02
6.091009089115188846e-02
6.124901234253879445e-02
6.054924253008200918e-02
5.921433697147224229e-02
5.880745027623487248e-02
5.867322670970352011e-02
5.867879895551610103e-02
5.776181035193259788e-02
5.746699199526707214e-02
5.711531678004137802e-02
5.612036745783449687e-02
5.554281740119559885e-02
5.511017034187226660e-02
5.526212808884664596e-02
5.433212160280444236e-02
5.378400948150615507e-02
5.272638531564809161e-02
5.306963966909557240e-02
5.260128113864116772e-02
5.147223605510175409e-02
5.117151890650598056e-02
5.057126059674616619e-02
4.974098533240153830e-02
4.910558291067744496e-02
4.964571660371464024e-02
4.897715004514069381e-02
4.735962797975475785e-02
4.719323205808510779e-02
4.658675165668196838e-02
4.624009187764425988e-02
4.461170854210888548e-02
4.485573359279405176e-02
4.393881419367687280e-02
4.322553136746200980e-02
4.230843066284999815e-02
4.239733049432038020e-02
4.140318480196372025e-02
4.151136554364326381e-02
4.056545050023939447e-02
4.016407034828831102e-02
3.956876066154826205e-02
3.914701220458340070e-02
3.791283101925860960e-02
3.762676247311644295e-02
3.717212444226233176e-02
3.645320261370589565e-02
3.523981983417565078e-02
3.472137112189696562e-02
3.457859256477886778e-02
3.445016948935682860e-02
3.339567741905678094e-02
3.278287193105254571e-02
3.187468731762514718e-02
3.199523393012422556e-02
3.116467321482225411e-02
3.086961534999062631e-02
3.023934998905570756e-02
3.025147194136995968e-02
2.970844857202847161e-02
2.927355453283774639e-02
2.816430344510581496e-02
2.800660984455016420e-02
2.699721696298756912e-02
2.732763887465462782e-02
2.636062320961249372e-02
2.605943053415296987e-02
2.549969034364353918e-02
2.540658991053278831e-02
2.464232041104771898e-02
2.409793741205013343e-02
2.379211003358997628e-02
2.333386862227587732e-02
2.298241785279160967e-02
2.279442513151874392e-02
2.252132436483587560e-02
2.158651850234661815e-02
2.147822585579887283e-02
2.111847201046147468e-02
2.069313068963624450e-02
2.015346403936804295e-02
1.989970630192365933e-02
1.939906458651666915e-02
1.948754769537168127e-02
1.912490739871123765e-02
1.839393046861807768e-02
1.828459913677392759e-02
1.792021067764415845e-02
1.751755748312772143e-02
1.727326343781036833e-02
1.725107891530078610e-02
1.640350822193252511e-02
1.613056406486294142e-02
1.582250077672623517e-02
1.545687800516798091e-02
1.528250828036641779e-02
1.517223829271146553e-02
1.500859677826980702e-02
1.452565444500560771e-02
1.393539249362503278e-02
1.420086386447392927e-02
1.390906009190916864e-02
1.358290973779462119e-02
1.322504890814520974e-02
1.309990676334237165e-02
1.284725295671219208e-02
1.248473710529706890e-02
1.223810200888012997e-02
1.219123131572651987e-02
1.185875016188908324e-02
1.168851147506450201e-02
1.137001232972194298e-02
1.151181384202500449e-02
1.104698907263109917e-02
1.084433630793548570e-02
1.043906638112303276e-02
1.045352977455276354e-02
1.025540367293949207e-02
1.020846848964923441e-02
1.008686677436619779e-02
9.904957189979531063e-03
9.606038907671442251e-03
9.702434476240579322e-03
9.424513713467917372e-03
9.264098404916824153e-03
9.131216841787494903e-03
8.965939039582749431e-03
9.101274338785898116e-03
8.743551925889882573e-03
8.712481347680255464e-03
8.650675433922342533e-03
8.211498842272405702e-03
8.472195188721772657e-03
8.079066930090869972e-03
7.965404235014218737e-03
7.799044516691311033e-03
7.612938471043058375e-03
7.674083374578734296e-03
7.496264233995065390e-03
7.423790882192953661e-03
7.422718902200134937e-03
7.100200486325401912e-03
7.184242840433339647e-03
7.171784407203970688e-03
7.136534728003917499e-03
6.963914115096093982e-03
6.777266935389130408e-03
6.740780599005265564e-03
6.684082568103809699e-03
6.761425089545492276e-03
6.685785612182634091e-03
6.814056696483726354e-03
6.617616893384092175e-03
6.510217736021941745e-03
6.483692608379243785e-03
6.480831257305051663e-03
6.464473994932502798e-03
6.566181914810126884e-03
6.416550473764024570e-03
6.339212520201847195e-03
6.379143195190613985e-03
6.513692863688276893e-03
6.404776219666673785e-03
6.365896581740684498e-03
6.250075785502687969e-03
6.304202637566968907e-03
6.261889005771945939e-03
6.253832873450220972e-03
6.068232240090727474e-03
6.227315490252354965e-03
6.098184037452798224e-03
6.012457901113748421e-03
6.047154630382057215e-03
6.096625266135708571e-03
6.100507213437107203e-03
6.108265019559574321e-03
6.039163663514724237e-03
6.053608101273132494e-03
6.079987621905568948e-03
6.089353332736115176e-03
6.210691952159133611e-03
6.092150507690144434e-03
5.953835179824886088e-03
6.124684010217231606e-03
6.136717926753769946e-03
6.126258580838418906e-03
6.287323336611315254e-03
6.118632190678308796e-03
6.211580461142866480e-03
6.249365215570012143e-03
6.362156204640248211e-03
6.269764043504374301e-03
6.233552787962196202e-03
6.397756265975016420e-03
6.442448524363287091e-03
6.459567542242132532e-03
6.466989978423856936e-03
6.525922557121010756e-03
6.576127999365414395e-03
6.541276243546976371e-03
6.553611256320330397e-03
6.616903880261881116e-03
6.612144347772823047e-03
6.528416045436351289e-03
6.638138062441470422e-03
6.763349958010877322e-03
6.873438653764098356e-03
6.795290943892256727e-03
6.778447718894439582e-03
6.867907811620324252e-03
6.849310005097260234e-03
6.910126828109449879e-03
6.984232246900062835e-03
6.872221094754752194e-03
7.035077986975299055e-03
7.020776568413582969e-03
6.953633302506801589e-03
7.030249406615902974e-03
7.036585461865148272e-03
7.027694087340755416e-03
7.082509467118438401e-03
7.145753707408613806e-03
7.204528562553210586e-03
7.154296328887731378e-03
7.231245060829002286e-03
7.214721677184517991e-03
7.223243072295373532e-03
7.293455822200617389e-03
7.352887791235246384e-03
7.334714981207106008e-03
7.259605048862149274e-03
7.256393086105907865e-03
7.388677565226436580e-03
7.326420159017386219e-03
7.428846540642028776e-03
7.389108356416626382e-03
7.325763990390536835e-03
7.380665637767337001e-03
7.503689265578037879e-03
7.299141173914243559e-03
7.355612292666830095e-03
7.366067278008567136e-03
7.384856035528982940e-03
7.280648255296059274e-03
7.446299366803329871e-03
7.400310038156707182e-03
7.420516153533228063e-03
7.363187173542739411e-03
7.337333490833065734e-03
7.322185867790458567e-03
7.461250838319003625e-03
7.445711975165317242e-03
7.480187937855048083e-03
7.476225141339546375e-03
7.536485066332329272e-03
7.529343302869612176e-03
7.487584524235855500e-03
7.562232400720835315e-03
7.503225416485318974e-03
7.453368671374474390e-03
7.603733850845810147e-03
7.598143144021080563e-03
7.584842437213103888e-03
7.568991003470833603e-03
7.494063045084980480e-03
7.581773499110036271e-03
7.620321342298235108e-03
7.613196214297974357e-03
7.627014095863577162e-03
7.591784801212177192e-03
7.733413613475471557e-03
7.698478129677733747e-03
7.774227185088557202e-03
7.730510110852530613e-03
7.858470343743959724e-03
7.775915670368525878e-03
7.763523122451780091e-03
7.772024014584461016e-03
7.916503049987397983e-03
7.806212655797882885e-03
7.733394989062197800e-03
7.811831827203965899e-03
7.878449747395788530e-03
7.844207729090177730e-03
7.863655800054897976e-03
7.903797485326482727e-03
7.914389785452006360e-03
7.895376356390877703e-03
7.917954727900591849e-03
7.890959696851253258e-03
7.871683321872203348e-03
8.050746727841827724e-03
7.786893492388356243e-03
7.904232360587647166e-03
7.990455700631459574e-03
7.946486307696527113e-03
7.844986093379940906e-03
8.007604879675691428e-03
7.971780509604916784e-03
7.978756535376144501e-03
7.954337606544696973e-03
7.896384463195096209e-03
7.856389366066435925e-03
7.877340694529900642e-03
8.059964038008449877e-03
7.669048126854306063e-03
7.725302814571125692e-03
7.711808002621100069e-03
7.744940097951320303e-03
7.688850409066454866e-03
7.685614004407215379e-03
7.607511038700137673e-03
7.562889700363293125e-03
7.637947347132219636e-03
7.734109738565498986e-03
7.536391266902499157e-03
7.567726857439775745e-03
7.537739657265900457e-03
7.662482035374061293e-03
7.708426736674915507e-03
7.761241590017216828e-03
7.720775792731141181e-03
7.892845702740680647e-03
7.873036084550675412e-03
7.963846271812683592e-03
7.914835500121271059e-03
8.069512858324244184e-03
8.112907941862940869e-03
8.212855132074956682e-03
8.274469204993273666e-03
8.171140897020839899e-03
8.344461376316810244e-03
8.427777704103630446e-03
8.672966701547709517e-03
8.555307935758779334e-03
8.626598308836691542e-03
8.915878308432415369e-03
8.798926125038018450e-03
8.876149442408526324e-03
8.946511708994407328e-03
9.218739688546428307e-03
9.218685001535685541e-03
9.142724079960621100e-03
9.336005567383655335e-03
9.289106497923815126e-03
9.555337585936352074e-03
9.537990498618541951e-03
9.548685803587789525e-03
9.549888154501249768e-03
9.785522277819778958e-03
9.796774606025199922e-03
9.908422974637287606e-03
9.916117843367981688e-03
1.007675743503006448e-02
1.013461373633614548e-02
1.017534903394323557e-02
1.030200985924136815e-02
1.026084202324906332e-02
1.035868262664524191e-02
1.034633885829433324e-02
1.049826591145605267e-02
1.054556401874921084e-02
1.053707479023178149e-02
1.054757746821006342e-02
1.068478994205171104e-02
1.078174372903263796e-02
1.074233991016646309e-02
1.091513556100703018e-02
1.091554366464291860e-02
1.101610956841703702e-02
1.109878239906853838e-02
1.103354466411993889e-02
1.113792038218674313e-02
1.117880241003522089e-02
1.121667041027068351e-02
1.124480176208105149e-02
1.139263029263655295e-02
1.129012334791731215e-02
1.139541699404415624e-02
1.151750086813850028e-02
1.146682215124016947e-02
1.156998793695558636e-02
1.157254721110119629e-02
1.159122160032504713e-02
1.155765431876997103e-02
1.168008655820655835e-02
1.168263900356943628e-02
1.179365237198241705e-02
1.176443533711548674e-02
1.185045311518482559e-02
1.189798115070696445e-02
1.197149133568831472e-02
1.201537442874643646e-02
1.202189451813312319e-02
1.204427799951074927e-02
1.208162388125000666e-02
1.210194539708461976e-02
1.210357170090673069e-02
1.217096375969361870e-02
1.219294775342740465e-02
1.225415885362573024e-02
1.224232006926833510e-02
1.242648013392049465e-02
1.233948202468417542e-02
1.233089935219023291e-02
1.244520112353987226e-02
1.245942372413524728e-02
1.238849912010721484e-02
1.248380195455785040e-02
1.259327346452348249e-02
1.256515556503285010e-02
1.254119372964140368e-02
1.264828488099980185e-02
1.267924727203060577e-02
1.272101866610352537e-02
1.269627895136683782e-02
1.274150252777952498e-02
1.275684227498616145e-02
1.284607905855457075e-02
1.283425515994767070e-02
1.289032563166107523e-02
1.287701679294731352e-02
1.281044942393664600e-02
1.295949477440717576e-02
1.298542525610310756e-02
1.297345481672674064e-02
1.298845492919464308e-02
1.301260375776615297e-02
1.303829525645519051e-02
1.307091777292895309e-02
1.308709337974341483e-02
1.321021824358925394e-02
1.318827678335269225e-02
1.320311750207186878e-02
1.319232284473756227e-02
1.316098589101950128e-02
1.319188914676324050e-02
1.332646116033032145e-02
1.341224216520500723e-02
1.340367960979003958e-02
1.338051188867306861e-02
1.332622561357314946e-02
1.340118642247572524e-02
1.347173435813591412e-02
1.339551720828579921e-02
1.343533198698710143e-02
1.347219211521734523e-02
1.351818410540132041e-02
1.362225587777669139e-02
1.359083750660905476e-02
1.358126511687741782e-02
1.365834612835989566e-02
1.368781283357714713e-02
1.361042988251525560e-02
1.365072282526145001e-02
1.372669713826563977e-02
1.373921522594708476e-02
1.374510081294401040e-02
1.374420880298621306e-02
1.384607990303112802e-02
1.377581736349019897e-02
1.380204375754031168e-02
1.387677797567644228e-02
1.387746662335982879e-02
1.393617156497971819e-02
1.385498289924392591e-02
1.392577038818277289e-02
1.399271210411956803e-02
1.399891207523245272e-02
1.395206946914036121e-02
1.403981884718312999e-02
1.402199107727091811e-02
1.408083528952229317e-02
1.406268426720725870e-02
1.413034140055377010e-02
1.417505511407700196e-02
1.420119659146218058e-02
1.417553290021026681e-02
1.424658498868427992e-02
1.427133238945648731e-02
1.427957497869650379e-02
1.429920224516480209e-02
1.431204385310432502e-02
1.427237060614307620e-02
1.432955612784701446e-02
1.434859879270549213e-02
1.437561937374737427e-02
1.435714175241015883e-02
1.441317301638927843e-02
1.437845548142583675e-02
1.442839892917334617e-02
1.445433588347820424e-02
1.448155918545384821e-02
1.452587149754268336e-02
1.448520566674790094e-02
1.449994231143289340e-02
1.456009232224405280e-02
1.450157455451839793e-02
1.457822104508339246e-02
1.465221891375563003e-02
1.464140205396963386e-02
1.458159256373204281e-02
1.465012137248164308e-02
1.471140043561064079e-02
1.463450200740550912e-02
1.467925576087316351e-02
1.464294138816416013e-02
1.463939922143079990e-02
1.463037256337421620e-02
1.467422448558661392e-02
1.466996208653967987e-02
1.472508588691230635e-02
1.471545806718444448e-02
1.475890276920123131e-02
1.477159935483891157e-02
1.472537190109221572e-02
1.482675314969092960e-02
1.488443452824837927e-02
1.481752881944662335e-02
1.480621081882432279e-02
1.482412243712079129e-02
1.481594370140801135e-02
1.480974564689803083e-02
1.484615123945592918e-02
1.481663224995084620e-02
1.479140206290038319e-02
1.477441862162161106e-02
1.477437426752890338e-02
1.479861453076332552e-02
1.476591601125285848e-02
1.478175135334784500e-02
1.476140883234657725e-02
1.474666394893424035e-02
1.475886054685695940e-02
1.475661718055750436e-02
1.472163549207132494e-02
1.472622962248034025e-02
1.470000933220054484e-02
1.470002719422144367e-02
1.472860826652252174e-02
1.465128365015543228e-02
1.473532975512873051e-02
1.466484248422861465e-02
1.471596484086153123e-02
1.468591335650147427e-02
1.470408295737999499e-02
1.462424040066479143e-02
1.469629006793909433e-02
1.467473835184431898e-02
1.461307555650269603e-02
1.472465856254672779e-02
1.472857150883338621e-02
1.468109194138558955e-02
1.472020888895772366e-02
1.475846367401447562e-02
1.481499541744858012e-02
1.477590234674855396e-02
1.486094295050280518e-02
1.487674338682598400e-02
1.481331788064797414e-02
1.484364388897017537e-02
1.488374566519181860e-02
1.487606874400389592e-02
1.494573495953076085e-02
1.501291913730048479e-02
1.496925539826635294e-02
1.503952758670825708e-02
1.499175423160342517e-02
1.506584030016351085e-02
1.507797741705268861e-02
1.510122509135402788e-02
1.517877775789125416e-02
1.515264965200088625e-02
1.517636969021513189e-02
1.518028407640036569e-02
1.524619102845751681e-02
1.530343676491411654e-02
1.530059694598225224e-02
1.527895199963794949e-02
1.529593074938659890e-02
1.528521701710748928e-02
1.541404686158375295e-02
1.540914025611767740e-02
1.538764944869697865e-02
1.540332279730864846e-02
1.543213607688048196e-02
1.547615883908043041e-02
1.550161158681252760e-02
1.547867703377277769e-02
1.550664413627144377e-02
1.548822223521207665e-02
1.564548798002064756e-02
1.555463490060005408e-02
1.559335410395100603e-02
1.566509005939610219e-02
1.565213537060827775e-02
1.569536251851227221e-02
1.574114649294091478e-02
1.566325685229944670e-02
1.570587154455358597e-02
1.574874442419659654e-02
1.575026779865077928e-02
1.586846616021128295e-02
1.582717878862169997e-02
1.584623149652673174e-02
1.585023619194822486e-02
1.586101121341862777e-02
1.593506701671812409e-02
1.589324794522126508e-02
1.596496964425985973e-02
1.597057677640571771e-02
1.600351408193215544e-02
1.601356760733601767e-02
1.601153852255854729e-02
1.600672189247636171e-02
1.610596908840919439e-02
1.608144894542890349e-02
1.607692347812100797e-02
1.611136616877461430e-02
1.609238546450413379e-02
1.617137569731267113e-02
1.615369684701927627e-02
1.617483298775234529e-02
1.617500429143135104e-02
1.620741598403697623e-02
1.623781884309359602e-02
1.629600912344188191e-02
1.623238736416598299e-02
1.626350126470084423e-02
1.634344779004660159e-02
1.634295770289694028e-02
1.638764633956698788e-02
1.635905744882064708e-02
1.631673299106641342e-02
1.641772996089216341e-02
1.644313516428729666e-02
1.644810967833658724e-02
1.644168622007853228e-02
1.645862603419600764e-02
1.648845462221483135e-02
1.653939443254662939e-02
1.653845167090225998e-02
1.654592750926447628e-02
1.656405112508232969e-02
1.658869336505232675e-02
1.661215645707394065e-02
1.658992689128060971e-02
1.664679125547463903e-02
1.664879918719405771e-02
1.666732291254508294e-02
1.666655988137719091e-02
1.670916525194033123e-02
1.673267231124452026e-02
1.673383442793031223e-02
