2.540477233769439323e-03
1.259859336445295994e-03
1.604852515740566718e-03
1.688848994662319261e-03
1.983155485558261901e-03
1.482754980417545082e-03
1.411742479907032418e-03
1.886303011963137927e-03
1.893320542217512628e-03
1.981568052050546990e-03
2.330233833050733127e-03
1.893258251415208190e-03
2.045083007879325721e-03
3.665196620974368186e-03
1.204114049814918519e-03
1.927861780785256442e-03
2.468232716060994678e-03
1.953116014399169324e-03
2.338582260856673575e-03
2.800604672091126183e-03
2.538047556290530006e-03
3.268943332979564777e-03
2.382345448824195380e-03
2.582178234278666423e-03
3.475877890699476027e-03
2.941218846524583722e-03
2.122665308524832126e-03
1.958101032115374882e-03
3.871397970153227664e-03
2.626506544611678911e-03
4.242461429914720465e-03
2.584141886172932646e-03
2.052594529733675361e-03
3.677061941089528919e-03
3.605738084477509882e-03
1.520958192727083196e-03
1.854750787024334437e-03
3.377700206529769822e-03
3.420642557272842669e-03
2.716619695825000895e-03
4.482349058347877800e-03
2.998358909258254205e-03
1.429068761798559265e-03
2.441577117915886587e-03
2.124092929889222648e-03
3.117329850359795446e-03
3.391999433330498796e-03
3.874007786599545974e-03
3.544746242048167194e-03
2.863612818007504803e-03
3.533467287769011082e-03
2.537099436217642862e-03
4.582096774435351696e-03
3.334054784667782063e-03
2.462216043811883085e-03
2.174649888461755408e-03
1.663390570394025032e-03
5.416385289763230027e-03
1.946730975594194221e-03
2.724287472329237503e-03
3.668975393723759425e-03
1.245360496776096431e-03
3.559960798614105002e-03
4.513105335236263990e-03
2.628176959374481196e-03
2.799013206490889426e-03
2.981809259257136788e-03
2.249752883394895257e-03
1.691838340741730817e-03
3.200381968481614756e-03
2.662407759994695096e-03
2.404916187544865920e-03
3.475831961117822888e-03
4.269330349622723134e-03
2.747903985497612226e-03
2.607011789909233733e-03
3.613531009709284279e-03
9.383375739005145929e-04
1.301342566877927232e-03
3.836365644621279099e-03
3.912683094039397930e-03
1.353371858274681925e-03
1.728402271948081869e-03
1.907997330749695462e-03
2.835388737152364207e-03
2.947045095038118134e-03
2.948741427857927856e-03
3.113481698426727017e-03
3.527590205974745659e-03
2.812192712830738264e-03
2.898584685707935801e-03
3.974853090533042414e-03
3.567261080013142335e-03
4.205355077491051800e-03
1.456749199998659582e-03
2.576378075914747840e-03
3.261311573738936813e-03
2.496984105736860509e-03
2.300066855944605474e-03
3.578507736819769997e-03
3.756687439791250166e-03
2.096880310508063890e-03
2.671034122745814463e-03
3.355106008306196503e-03
5.131080906826041878e-03
2.950737891244671098e-03
3.408405620307759787e-03
4.522212997017382996e-03
2.726851682545039773e-03
3.087642876706759090e-03
3.661717217982239994e-03
3.325435562604838434e-03
2.203248174358896343e-03
6.130094022568488739e-03
4.091183154449103652e-03
2.908473562256775821e-03
3.187312781585361406e-03
2.421368633195436753e-03
3.818669849967993354e-03
2.949895859204551812e-03
1.803832430905188706e-03
2.582844528417585234e-03
4.236336506581347451e-03
2.556531961473767264e-03
3.617900945456063548e-03
4.302190158111219437e-03
4.037978260469647813e-03
3.355428740132312786e-03
2.657440875975050805e-03
3.019801716526131739e-03
3.292717909274004307e-03
3.196732031763381728e-03
3.220358275036669209e-03
4.472928852282411459e-03
4.279102664315577280e-03
4.634507464441655657e-03
2.671643197507130030e-03
4.280434981937471066e-03
2.874236438986823086e-03
2.587411847898346117e-03
3.404808928409663003e-03
2.997485854579194555e-03
2.250683809198784219e-03
3.460283090308774977e-03
3.218542099291542453e-03
3.538617892640363079e-03
2.140412682046593639e-03
2.310087209020321181e-03
3.776133604981576648e-03
3.416294472649018289e-03
2.730272925315712241e-03
3.521229428582841377e-03
2.661633732804402283e-03
2.047410966028185772e-03
4.720391342029285967e-03
2.188061134127119393e-03
3.382516011555710290e-03
4.392612638965629271e-03
3.866756254896658307e-03
2.189763999110143963e-03
2.906704021002257630e-03
2.883964624067630617e-03
4.541682004083264119e-03
3.293761122406574544e-03
2.374279249339455739e-03
3.213008722928478202e-03
2.804498290990770429e-03
3.039616505865975604e-03
4.307447893820781117e-03
2.725767687333264990e-03
3.862342690422712436e-03
2.914961395860771881e-03
4.530669369874917342e-03
3.598647418263521865e-03
3.533312178512407805e-03
3.148526142784793119e-03
3.618456891851913864e-03
3.036338774556471450e-03
3.966363962621680811e-03
6.749653996122373378e-03
3.240520958880139125e-03
4.289085903628373289e-03
3.645787950236584890e-03
4.043911913619181037e-03
3.052904974053533959e-03
1.216578313686877532e-03
3.080340439282510962e-03
3.131671006711300286e-03
4.316381853239713469e-03
3.272714777730609866e-03
3.154643688509606476e-03
3.723131765891295446e-03
2.716577691988439174e-03
2.945425890950365347e-03
2.410494573522794365e-03
3.088033345890570103e-03
2.064138558115755084e-03
4.446079687856665207e-03
3.082895450995641867e-03
3.792225123803937351e-03
4.098658546703553771e-03
2.610537971757704266e-03
3.400097792018068246e-03
4.469575644847872953e-03
2.388574925059790133e-03
3.869613162382449546e-03
4.262443594825231045e-03
4.653714715696936378e-03
4.454099751794998209e-03
3.032914793138685641e-03
2.756744123038659764e-03
5.291066410110868527e-03
2.522037041270656574e-03
1.703501830998831656e-03
2.847052063052899797e-03
4.335556968544656761e-03
3.053567858804590029e-03
3.054465479936673434e-03
3.765693741113461477e-03
3.601306766472575811e-03
2.836451747850204323e-03
3.015732715469985909e-03
4.324772325415056178e-03
4.420465313961194874e-03
4.171883497688575609e-03
1.082564274781971751e-03
2.562331988171424619e-03
3.380149379782306125e-03
2.696589474446038116e-03
4.795708928561960051e-03
4.754218650226540305e-03
3.302566772338764826e-03
4.301409831713265061e-03
2.855942702995816276e-03
3.771386584887186262e-03
2.619454413237299207e-03
3.109619512712496255e-03
2.689450125823113994e-03
3.785765774496421387e-03
1.676365145217366967e-03
4.081238157793733862e-03
4.740151363451383312e-03
2.644173692523945404e-03
3.258704321369998175e-03
1.980329979395050160e-03
2.940163296579679196e-03
2.722592789540681773e-03
5.397695284621852226e-03
5.402790074466108823e-03
1.794178279207393756e-03
1.287860529177990970e-03
5.027345416625771113e-03
2.824170543912925529e-03
2.477724190455778044e-03
2.678455494704998045e-03
2.117735232136412019e-03
3.474461189580221616e-03
3.343946266341656613e-03
3.511705335525462397e-03
3.308605534527337810e-03
2.162363749642131402e-03
2.651047579047715718e-03
3.736559691696634405e-03
1.826457500163841414e-03
1.478008228297303210e-03
3.431451075181952103e-03
4.033234221229423794e-03
2.416299093322922097e-03
4.933729564583262499e-03
4.639446177829607137e-03
2.569208734905429389e-03
3.332467520706852617e-03
3.549738971456871308e-03
3.555039161706299248e-03
3.707665819750574458e-03
2.638045001402875966e-03
2.789593248836495180e-03
3.795422042519987216e-03
4.137028982901946525e-03
4.048262102611431892e-03
1.580756368796385359e-03
2.490896120007093928e-03
1.957783645980809475e-03
3.919963424249599260e-03
2.628017836829170048e-03
1.717228580134715554e-03
3.700008268739124993e-03
2.923929311995690158e-03
2.077496517020111042e-03
1.059440205544176982e-03
2.354818281807904978e-03
2.604585013057330797e-03
1.534317411296778205e-03
1.679536630135570162e-03
2.475736576583246942e-03
1.963965535495768629e-03
2.782849303728691069e-03
2.355108468680125813e-03
3.166450613608649909e-03
3.748542671006617998e-03
3.006289793366987654e-03
2.496095682963415247e-03
2.508252183124273435e-03
2.636615562593906496e-03
3.062920453637079949e-03
3.044521570372573944e-03
2.655761539461910445e-03
1.879500583401019212e-03
1.732243117526013725e-03
1.622518707507771213e-03
1.314284529152337164e-03
9.956686550769407260e-04
1.201338073936265459e-03
2.282461329751456561e-03
1.858310207130151525e-03
1.257776547459163452e-03
1.628227008952028241e-03
1.558372068219856989e-03
1.650842849677994001e-03
1.127219758020654326e-03
6.956457690395581074e-04
7.586477991621482300e-04
2.610303338244482135e-04
8.228737929750145437e-04
1.514990211629100225e-03
1.173784725944957124e-03
3.096456440171530336e-03
7.089454736750201019e-04
3.599616681714687882e-04
1.473660539493044973e-03
1.682949507059296017e-03
1.023366359439646829e-03
3.708458626653543164e-04
3.971965485116555803e-04
8.295990597229311193e-04
7.509733396606282311e-04
7.632134193822733741e-04
1.684152186970111660e-03
7.320092469176297254e-04
1.283758639896736805e-03
1.299184512578186812e-03
4.579062615069573678e-04
3.355172411672181602e-04
1.433597150869767630e-03
1.095387034763485107e-04
3.582169618723029039e-04
1.047699843275894235e-03
5.166570381575889695e-04
1.120854902285881331e-03
5.764900180976316067e-04
2.002789216754527132e-03
5.066084191151197513e-04
7.441491297189095980e-04
2.478257001866087457e-04
1.111349386371933987e-03
7.797904279141391675e-04
1.381422214283827704e-04
5.636983569286035988e-04
1.771169934149719773e-04
6.290189085064677157e-04
3.225818700938207304e-04
3.565779474939602552e-04
1.024658978316061531e-03
6.627931449079816186e-04
4.447580159385651510e-04
3.627371290393404855e-04
4.621810192017436415e-04
6.123522289810911763e-04
6.268996842039854496e-04
5.880670519667882462e-04
8.398445863656941361e-04
2.313569141444614139e-05
5.427146561014149729e-04
5.455562601538550480e-04
2.171026093295925618e-03
8.099871383184896597e-04
1.540443776988867841e-03
6.797812751554857058e-04
8.571353217241674607e-04
5.792311760744547509e-04
1.861967372156627472e-04
5.049664464731149112e-04
5.259069197982509406e-04
4.502071728044750964e-04
1.335437407463911435e-03
1.268679882152173128e-03
1.437415054689131092e-04
2.394898090177404647e-05
6.052047386303925820e-05
4.650433558256324672e-04
8.194460663401367676e-04
5.647763377702040739e-04
1.575754934941930418e-04
3.080877252898957079e-04
1.525126506579625165e-03
1.641208912822979434e-03
6.703691619386166283e-05
1.845142889803912545e-04
1.167170007123785646e-03
7.135772232675449299e-04
6.395502654416433978e-04
8.379690219981462105e-05
9.499787657116038275e-05
5.038550393090440770e-04
5.562631121585411183e-04
1.712120121133073108e-03
9.856394357536048983e-06
2.811274089401165181e-04
4.903135576499005740e-04
1.203337934456277238e-04
5.142345766713080600e-04
4.643375231876978055e-04
2.343429773128266548e-04
6.595346726700113040e-04
3.686603275582500390e-04
4.801442095566851040e-04
1.686027708355593898e-03
5.429821253095224289e-04
4.844313587904127555e-04
1.050290445711480041e-03
7.500108702328063450e-04
2.178876909211074865e-04
4.959655175568621803e-04
9.627956631570477354e-04
2.036707246346869784e-04
6.035032206237096481e-04
4.236022573037095083e-04
1.169075425397068805e-03
7.118449511232627196e-04
1.183082700720946125e-03
3.208562167703776411e-04
2.936931430512649882e-04
3.703881389617943099e-06
4.079600211193313447e-04
3.667160193011005436e-04
7.431468710150187671e-04
3.249291028148229045e-04
8.382645262388333483e-04
4.355239335389604334e-04
4.767671718908382712e-04
2.474731587921597670e-04
6.952687159923589058e-04
4.972653530588607557e-05
1.458167183256326794e-03
5.002039934312543139e-04
4.268989556782835167e-04
2.866342876971516044e-04
6.652206053054692718e-04
1.004692732452464304e-03
1.516434291794614990e-04
4.674855135886920969e-04
1.691076087204001143e-04
7.400966523630570035e-04
8.090325508534248339e-04
6.102299313124299541e-04
6.246885538036253335e-04
5.045906628762753194e-04
8.808913259106060855e-04
1.472154394475832953e-04
1.072184616615104821e-04
6.224804728115681260e-04
2.348934339700604239e-04
2.716339238800777670e-04
1.035174433599767886e-03
4.743089347327303991e-04
4.303556653224956596e-04
1.202524621498565673e-03
8.444673443707750372e-05
1.069781530030021943e-03
1.046460854358052979e-03
7.195621194316859559e-05
4.995837347677267552e-04
6.987514582195033754e-06
4.079856789745430162e-04
8.783813452850682560e-06
6.754896812335163724e-07
1.076731762726549279e-03
1.019618230166289153e-03
1.790447727391702071e-04
1.470216043741526669e-04
1.962404025287163914e-04
3.370104649693147873e-04
1.345597973998560216e-04
7.009258430168754115e-04
2.254695992704024046e-04
3.971602132385717914e-04
2.225679738921370861e-04
6.655279125805101418e-04
7.757832941674812970e-06
3.859531890088303114e-04
1.618790697682104414e-04
1.615646437347909503e-04
5.078609270400069944e-04
3.502038928323836491e-04
1.272935443872335909e-04
5.367126611904932598e-04
1.567140395002061294e-04
6.948392690007828061e-06
3.904297365316502025e-04
1.343092845900767125e-03
2.705009594759845865e-05
1.044670789582978818e-04
8.195909164900643190e-04
2.332893395015659614e-05
5.047319308328152487e-04
5.149835321843802220e-04
3.494857134417720963e-04
2.640518040268689652e-04
1.181045963036910120e-07
7.081902584566100712e-05
7.121559418249728433e-04
4.106852068847819184e-04
4.355938121603350932e-04
7.172526080520540571e-04
8.171183608976882045e-05
1.151548147439407973e-03
4.876681657363991806e-04
9.377070391545282244e-04
2.643235829202035992e-04
2.776294018613193349e-04
2.499164043229057061e-04
5.303970340906560225e-04
2.216211645301837188e-04
5.257022781550668667e-04
2.375167052351090608e-04
6.741176179070504067e-04
6.763252585729103978e-05
5.882812693937670197e-04
5.674962125481947724e-04
1.211268168342898287e-04
3.893364881916662923e-04
3.599595966481955044e-04
3.629077556372947472e-04
4.632514830724405292e-04
5.316204073797103783e-04
8.015235880688548458e-04
1.822406269861860499e-04
4.668800781605015921e-04
1.663716521197484836e-04
8.605068207537066747e-04
4.159155712293300506e-04
7.147181097921515361e-04
6.610505502979512451e-04
8.722457339760882489e-04
5.331008954678521060e-04
1.157227717890603339e-03
6.334240677935257290e-04
6.026063913128468143e-04
6.292588195534037096e-04
1.215102083639695235e-03
4.185231724518518616e-04
9.080622598117769721e-04
8.241725035190175736e-04
5.484280656209546351e-04
7.499182444711824727e-04
3.327131150285385581e-04
1.297528006847618442e-03
1.274667808493913038e-03
1.998356136112130858e-03
2.190848210113965954e-04
1.678220283394109302e-04
1.222208576099285049e-03
8.676560553636832171e-04
8.551297320955190181e-04
2.002294794292740036e-03
9.748726139634155893e-04
2.372808510944485628e-03
1.477703998697919852e-03
1.137570121223244841e-03
1.255234237009270103e-03
1.729345342075453438e-03
1.305134768466395014e-03
1.021157194192972217e-03
7.122825011492080237e-04
2.877439353273082527e-03
4.104937654496509307e-04
1.652004141886233551e-03
1.836453032795559931e-03
2.178457909008325605e-03
1.077125760098797012e-03
1.322592012032255872e-03
4.564522824653083994e-04
2.771099066661053805e-03
2.619526185164363936e-03
1.512919626352038967e-03
1.728595488507774034e-03
7.179717489961407991e-04
1.998477483645254727e-03
3.587047137914161320e-03
2.057719994318277842e-03
1.755594613075912381e-03
1.457276595069930368e-03
1.487266661867601199e-03
3.029264223163201288e-03
2.367071630412446309e-03
2.146799812881088846e-03
2.299427222636002670e-03
1.795121454503747572e-03
2.077209654442088629e-03
2.546412832886343295e-03
3.080571670386952812e-03
2.995211293144681500e-03
2.743020444167532709e-03
1.999422786921268864e-03
5.314903252996963819e-03
4.088625767632666011e-03
3.863129419740562055e-03
3.080826830592471154e-03
2.370324638615160795e-03
2.635573084713082898e-03
2.591190946854473025e-03
3.550946865113773724e-03
3.666077276737796098e-03
4.841746052146656855e-03
2.257409651659562401e-03
3.992802732633671768e-03
3.442782984967755495e-03
4.365463903744370988e-03
4.339854539179893202e-03
3.638719397759769460e-03
3.992699260096358241e-03
3.459505202313642273e-03
4.198272294059088999e-03
3.855491812477729145e-03
2.261173415718462261e-03
4.512602089203508401e-03
4.379484446983727269e-03
3.153782450328067744e-03
2.335160447841434263e-03
4.719375955896624487e-03
4.660064237877621467e-03
3.332008591480490039e-03
4.159890141805964829e-03
4.245539320200070015e-03
4.204215724738542478e-03
5.961507313339635059e-03
5.131867464157316774e-03
6.526572691105006138e-03
4.879077520449768245e-03
3.967675438826139857e-03
4.558018538282467697e-03
4.482456403347881251e-03
5.306991492539579053e-03
4.390300432320257476e-03
5.990046058240411364e-03
6.382631121880157597e-03
6.672830900553691769e-03
5.097639505505911599e-03
6.710125650152306068e-03
6.106318764335254279e-03
4.698612757209852560e-03
6.815560982310793492e-03
6.017908573324611508e-03
7.768805783981007872e-03
4.391697080659247472e-03
6.478789412384450795e-03
8.662447266846130464e-03
6.057625104504468956e-03
5.669061696527553061e-03
5.345109080618222833e-03
6.875202504096360537e-03
6.478514670324262564e-03
6.924604404854910883e-03
4.321103777178657984e-03
7.330830825406023897e-03
7.795671353726467065e-03
7.716710075515598004e-03
9.056497609665337470e-03
8.307179980685643408e-03
4.768408093265951407e-03
7.542327210937322876e-03
4.608246095161125377e-03
7.222525324507777025e-03
7.583899831471104490e-03
4.959482198941236181e-03
4.177622527816346812e-03
7.606538703572428110e-03
5.398075904225745070e-03
5.887680069338519472e-03
6.133572639962238914e-03
5.393916947286934993e-03
4.896134894385564644e-03
5.929901688834745763e-03
6.351916452706680288e-03
9.591213773257537337e-03
5.954226546779710881e-03
5.968334427612251650e-03
7.846427723286055617e-03
3.751859047702389097e-03
4.219024661523761155e-03
4.557263737598318994e-03
4.560659377671974317e-03
5.281227032596185617e-03
7.040866581688488834e-03
3.915104113415062044e-03
7.575478790633190934e-03
5.979670069777263258e-03
8.592109465456569672e-03
5.570183757842771428e-03
5.490439256612306661e-03
5.395205628571182223e-03
6.584429683067205379e-03
7.598900872527173354e-03
5.625746947808770750e-03
5.437575199009110453e-03
9.329039166324425494e-03
6.395048527621250041e-03
1.073626596735924310e-02
8.896411866679625538e-03
8.762958836754803846e-03
8.349049519376872119e-03
8.784013979983195525e-03
8.894924763279859689e-03
5.471640548297417722e-03
7.166657882196590841e-03
6.721517029575323730e-03
7.527820184184505492e-03
7.138355700374753726e-03
9.734241080307010421e-03
7.957337886591914558e-03
8.841370540834449579e-03
9.713367835924814273e-03
8.892191517954953911e-03
9.324599290381268765e-03
8.260309409975848810e-03
7.751027900436897530e-03
8.277545622173219930e-03
1.001248395895394834e-02
7.532735724481130941e-03
7.350523011593906690e-03
7.950658288871341114e-03
8.461944665252438963e-03
9.406811941262508206e-03
1.066360234640661986e-02
1.247224937757502976e-02
8.470371242918751931e-03
1.199284143908711103e-02
1.200651919331262134e-02
1.237159027235266474e-02
7.602868861207431363e-03
1.342252002991752881e-02
9.822095536284007958e-03
1.175144298482412239e-02
9.327325557232767766e-03
7.803030387581276830e-03
1.296612340663422583e-02
1.532869843652748254e-02
1.550289542046530238e-02
1.228406116362710208e-02
8.883274608110719797e-03
1.344571753671813114e-02
1.707837747811735696e-02
1.414295549907491900e-02
1.518561792572784702e-02
1.364201083900020740e-02
1.106302965294179118e-02
1.534283650851714538e-02
1.179034731148983009e-02
1.615596160737117412e-02
1.308418988953275949e-02
1.564763811912909391e-02
1.196263972624547062e-02
1.957184386151153768e-02
1.395493428803429997e-02
1.771670077029059362e-02
1.850499351028305969e-02
1.368530812557338175e-02
1.491603333240920821e-02
2.017468883193524604e-02
1.732733809191795357e-02
1.499646255228872377e-02
1.892855858808017988e-02
1.513134765362032091e-02
1.876916439844646817e-02
1.900793161221420863e-02
1.738862149048877453e-02
1.942539611726529572e-02
1.980117702241262351e-02
1.888307807124482707e-02
2.255150967763550757e-02
1.882767080955169772e-02
1.704917189835967670e-02
2.308479989571643812e-02
1.741310874854452503e-02
1.868397615774870443e-02
1.311557308944827013e-02
1.839924204055324794e-02
1.498610322303115319e-02
1.846257233230675851e-02
1.823315054867582358e-02
2.151721965770263256e-02
1.905201096133441949e-02
2.271260884020616030e-02
2.012066758674090419e-02
2.149906450333527452e-02
1.955425415304990269e-02
1.968933427133942593e-02
2.221027355418695934e-02
2.737254066985767703e-02
2.100109455467274316e-02
2.274705707825072296e-02
