2.504915207270604072e-02
2.606523227017658317e-02
2.530923182968225493e-02
2.148959518876816799e-02
2.662789805357429831e-02
2.568150547879597886e-02
2.585836837703081939e-02
2.104322931055439480e-02
2.660326907555906131e-02
2.486258321698014973e-02
2.679371006688455181e-02
2.282621731873768836e-02
2.419018754576404001e-02
2.508794362040879869e-02
2.339611698875015619e-02
2.176851679922375479e-02
2.649891101107676103e-02
2.503367943441750509e-02
2.401030212429289615e-02
2.682029045888889573e-02
2.581565124588875923e-02
2.316193847180999035e-02
2.592034594538793896e-02
2.376328151776900197e-02
3.099045838094282093e-02
2.194643341662752545e-02
1.789376619971815019e-02
2.256869428139292658e-02
2.894252759009107931e-02
2.535004695291084853e-02
2.685297342175804042e-02
2.437698718810435775e-02
2.221363372160445673e-02
2.646772955901397287e-02
2.806685565913438762e-02
2.356385310509705525e-02
2.891131797777157439e-02
2.646582016496727349e-02
2.330250702838669585e-02
2.608876201871636324e-02
2.877919620932483866e-02
2.051355696917309818e-02
2.844858754437274220e-02
2.447887859360702023e-02
2.423919621372257888e-02
2.632388845244114373e-02
2.663501293485660143e-02
2.398213894868705259e-02
2.897584509151682891e-02
2.593755020349650109e-02
2.595231175147403452e-02
2.604460998501985716e-02
3.087236032678173855e-02
2.778011527665468980e-02
2.342459791446699705e-02
2.280212479948063448e-02
2.074922640058288192e-02
2.667079476258710918e-02
2.462110430695660379e-02
2.617385713708773529e-02
2.348673626796590058e-02
2.295016104507498905e-02
2.144503435881372350e-02
2.265030822729565893e-02
2.448323592693061462e-02
2.868229968120806009e-02
2.537681408108694373e-02
2.384367485654678015e-02
2.396928748377865140e-02
2.689081191397788007e-02
2.634105345546874227e-02
2.640323310577278801e-02
2.536272882541132367e-02
2.518412727790144898e-02
2.813079608844045246e-02
2.264724852019713019e-02
2.359744491588718421e-02
2.208838378057559684e-02
2.541479271325716716e-02
2.846153463154028895e-02
2.872008378727507194e-02
2.719550251844789213e-02
2.658309062872036069e-02
2.820542945602243223e-02
2.971043201472126430e-02
2.496597374994313084e-02
2.252795517390856692e-02
2.592350289483653231e-02
2.328924178712461768e-02
2.567598494941875781e-02
2.949751896392134240e-02
2.527046184012117155e-02
2.512695779782680647e-02
2.407431219904277581e-02
2.140793313810656837e-02
2.306526087392534244e-02
2.541239327802098658e-02
2.450538352559812616e-02
2.518130198897854805e-02
2.251043776197855784e-02
2.188734610971596051e-02
2.169391786897874319e-02
2.682255827148416830e-02
2.633971379507623126e-02
2.666899813916472073e-02
2.297011684728056044e-02
2.227028542147226411e-02
2.636870270588278012e-02
2.781084200549756649e-02
2.402557708146126070e-02
2.633897005318983423e-02
2.668326535456877827e-02
2.529847849529063761e-02
2.343655726160595934e-02
3.126987332459952446e-02
2.606910471776507227e-02
2.808413108767316216e-02
2.529302903703328428e-02
2.335095415124043006e-02
2.640534409276133754e-02
2.272739327123862382e-02
2.732330681817599430e-02
2.585452668513150629e-02
2.200002524418812749e-02
2.523952055947861414e-02
2.963210515673660173e-02
2.275944493633704976e-02
2.982897967726036784e-02
2.488264637930524478e-02
2.595141769122823530e-02
2.336359255164463522e-02
2.885528371888903404e-02
2.605486636456050623e-02
2.844317067521408976e-02
2.460655769533297635e-02
3.319984563527750981e-02
2.460026113667202266e-02
2.500306167837875945e-02
2.102639339232722712e-02
2.732740565037416330e-02
2.541960680008852405e-02
2.581285236266875338e-02
2.586052495128784989e-02
2.785702177718761205e-02
2.239807098750301942e-02
2.599661497175506306e-02
2.803451940667714415e-02
2.992371552828057904e-02
2.385125678762119866e-02
2.347181365876803080e-02
2.403174791697275034e-02
2.657758866470303488e-02
2.418760766332847881e-02
2.511149515587782557e-02
2.602699571655936461e-02
2.711832348785005870e-02
2.608410783580961470e-02
2.757826950512351147e-02
2.427761561320502387e-02
2.519408974816057106e-02
3.036174901977614290e-02
2.418749565688792583e-02
2.377475680337350072e-02
2.346694373110092685e-02
2.674234643003509798e-02
2.741103246573096952e-02
2.739328035731011454e-02
2.857895199378331086e-02
2.429695732229735991e-02
2.656255974350962140e-02
2.862100977323950649e-02
2.490396750895043296e-02
2.403402079812315059e-02
2.574221571235326203e-02
2.965864107549393003e-02
2.357453564861322279e-02
2.575795920478936643e-02
2.701306844557388454e-02
2.355640550839101927e-02
2.611170493519476138e-02
2.980999341864804322e-02
2.045309385570673669e-02
2.373547215887942402e-02
2.575439382610305444e-02
2.612628007171914971e-02
2.498248794963115957e-02
2.579123733849610078e-02
2.444810890877241114e-02
2.488943125553296637e-02
2.636023678672447940e-02
2.318082104435257446e-02
2.643039829345317920e-02
2.824449995383967668e-02
2.451236153514291596e-02
2.587716923963468557e-02
2.261659436862701461e-02
3.032764603691270530e-02
2.488298960164762527e-02
2.623794713874820841e-02
3.050233494703635459e-02
2.369384340814520429e-02
2.322247141092871267e-02
2.668379321758007974e-02
2.385787859990783771e-02
2.604503779872799352e-02
2.724731188733075724e-02
2.094247778429120591e-02
2.425762990680684766e-02
2.484766853061644298e-02
2.036171015976319040e-02
2.230720025828313718e-02
2.683600972230883869e-02
1.940674274257681367e-02
3.169732136562209562e-02
2.899060584823742390e-02
2.439453517619736764e-02
2.586911002647922578e-02
2.639357398266372126e-02
2.493585582150046123e-02
2.677769904316630589e-02
2.465848988468066078e-02
2.594294711740878501e-02
2.789267494162946809e-02
2.242699972137875836e-02
2.358157740451029966e-02
2.354985827276604229e-02
2.085945104668315842e-02
2.301138745501911387e-02
2.519935008776429813e-02
2.547471716969451280e-02
2.257711113956101592e-02
2.204615758498261816e-02
3.068002330767191296e-02
2.510977502116020638e-02
2.197930600378034116e-02
2.252660461273187434e-02
2.615273906349459970e-02
2.044095891929146452e-02
2.424980003497882730e-02
2.454995725504191192e-02
2.382745201729017173e-02
2.663301520240221251e-02
2.828263995223006394e-02
2.606723088707883079e-02
3.296940216406393093e-02
3.044412494086352894e-02
2.572044473890754482e-02
2.580257337742658183e-02
2.455194371779488571e-02
2.751820021674840008e-02
2.156782951192452377e-02
2.318471999189728253e-02
2.411375414580449461e-02
2.139685384248799296e-02
2.203838226337290207e-02
2.269874222385346446e-02
2.451241853156032810e-02
2.816402207308222466e-02
2.693141893758213209e-02
2.389825028697317028e-02
2.223246042421880495e-02
2.298161740266414441e-02
2.169112099419421430e-02
2.431547760937431690e-02
2.759681372683127701e-02
2.487469710011202054e-02
2.761027340397557636e-02
2.799117676470929544e-02
2.651545047357341603e-02
2.428772896710110207e-02
2.788713534386310852e-02
2.501178023773150544e-02
2.014241429882910120e-02
2.440911844515940288e-02
2.924116261269406325e-02
2.755884762032564592e-02
2.481311218195110524e-02
2.235118087128777631e-02
2.111504572723086476e-02
2.462656029373574626e-02
2.763168290111059008e-02
2.455196162890087991e-02
2.279712837764747910e-02
2.378022427665791444e-02
2.560389031923130526e-02
2.083275327308796096e-02
2.177371596862319111e-02
2.295304219789738934e-02
2.379749504750514749e-02
2.499420562474932370e-02
2.443462731105107422e-02
2.478728268578623758e-02
1.918921099710372072e-02
2.528806599328675339e-02
1.987249615168811337e-02
1.884832108093840303e-02
2.448496388152328687e-02
1.662490757079591527e-02
1.938284297239259782e-02
1.979306913233673179e-02
1.851692961699907478e-02
2.002696049678079002e-02
2.161926664930742537e-02
1.519067971369457946e-02
1.875318483675072687e-02
1.735358078302252569e-02
1.496354536963335168e-02
1.506880471333030616e-02
1.523083664608350547e-02
1.806892324217358389e-02
1.333119059043880346e-02
1.327563205694381326e-02
1.174475445961821810e-02
1.246866471237834291e-02
8.419864761814301740e-03
8.615051712507140400e-03
5.325913272162534524e-03
5.851166195635522198e-03
4.893742892311696291e-03
5.188949271424258061e-03
3.326658140495836885e-03
7.703985432418844655e-03
7.044578256917287916e-03
4.102644128550886858e-03
4.148515192201039994e-03
5.662765075100328893e-03
4.369587571134819423e-03
6.686166498934577145e-03
3.227339772702422956e-03
4.145139020008854758e-03
4.909777692679599161e-03
5.566713826424172194e-03
4.645232861578613148e-03
6.229910966428619384e-03
4.451181529819103755e-03
3.873436942624693645e-03
5.245126923687040178e-03
5.303555216022848642e-03
5.806008030247783100e-03
3.133969405624707771e-03
5.630268878245863091e-03
5.154249831791548470e-03
5.845129030835826203e-03
4.788866420111488262e-03
3.959509686215095109e-03
6.291125305975445343e-03
7.732907751530872058e-03
2.691382982377868265e-03
5.583150624832687592e-03
5.407237641787567169e-03
4.012785532343988819e-03
4.384439030454753694e-03
6.724789837407301601e-03
6.349055838460006436e-03
3.535737133325839252e-03
4.727140092888586047e-03
2.628056093807430282e-03
2.987224798873135741e-03
1.645714346210121713e-03
4.934034327804218134e-03
2.523893861835268225e-03
4.082528750737092482e-03
4.116917950286035077e-03
3.896478034182423913e-03
4.011060105954963872e-03
2.557910327519061829e-03
4.266823536125228730e-03
3.706718981534471661e-03
4.227662975957368827e-03
5.551304394632305093e-03
4.664505438691729858e-03
3.560798777498517392e-03
3.656356290590303485e-03
3.146318566576886480e-03
5.362116586551095125e-03
2.748037350024068372e-03
4.290380439029907803e-03
3.285796465310219291e-03
4.061291682746690640e-03
3.608533304979539159e-03
3.142140283444795710e-03
4.205939065396615759e-03
3.460838404250881403e-03
3.955686199898359075e-03
4.304799735407587903e-03
4.609507188748644853e-03
3.618937603108817250e-03
4.093707838212007864e-03
4.754947422737082138e-03
2.599864517860673956e-03
3.316427015795243849e-03
4.209014864090037007e-03
4.346124972549891136e-03
2.639042713464603233e-03
4.687337634337714921e-03
3.212046941418286727e-03
2.542323112656256698e-03
4.170114063861586964e-03
6.522877257379224546e-03
3.871278058066024777e-03
4.309948735103453013e-03
3.687978153129733896e-03
4.171247104555763675e-03
3.145152376284193491e-03
3.467657450116618748e-03
3.381039849644366761e-03
4.524561577328143486e-03
6.390373308029606569e-03
4.195528511289610060e-03
4.797512522336652534e-03
3.709716613040501230e-03
3.925355585448934287e-03
2.847052055306062337e-03
4.337704670315941161e-03
5.448591650378283371e-03
3.423738029415114830e-03
2.988577873394640538e-03
7.613273353067605796e-03
4.812055890528644728e-03
5.337509912586731707e-03
4.633081220233515284e-03
3.453724165411097176e-03
5.326602096777844145e-03
4.417393204393114774e-03
4.576901504975174929e-03
7.162153672692499889e-03
4.283009945139549038e-03
6.314034634079262673e-03
5.748629118634678362e-03
3.733222103269388716e-03
3.682021032394928485e-03
6.544442242160962431e-03
6.400054878418787868e-03
5.447263947571285257e-03
5.794817523451943099e-03
6.275386208437109571e-03
4.887578023781866295e-03
3.384659834226203673e-03
6.548499387656742804e-03
3.668368219781297304e-03
4.203423159104672548e-03
6.837389287821148132e-03
7.117465404403729157e-03
5.732932588920485774e-03
6.323214519790253119e-03
4.021347015521910782e-03
4.729105201405915324e-03
5.628603441249452159e-03
3.811723510701546958e-03
5.609645376046102153e-03
5.325793400300370649e-03
6.638237208367183707e-03
5.396581573033406437e-03
5.296536863995645987e-03
5.100513858714716617e-03
6.568437632228332941e-03
4.632442116692265729e-03
5.085903263075200638e-03
4.778685786753908947e-03
7.286738656002444275e-03
3.586345467905184981e-03
4.980306753922312916e-03
3.286123051814698968e-03
5.056651307587490748e-03
3.431076854269191762e-03
5.597572719353187572e-03
4.415946725548715313e-03
7.713291028091568725e-03
5.784364544877566849e-03
5.792805066924699119e-03
5.826863829556656708e-03
6.505233355592528535e-03
3.601687248721749911e-03
5.719514281150760854e-03
5.136397522609869454e-03
4.768775326447839517e-03
5.985882618394481984e-03
3.085817340146528812e-03
5.407349947738322379e-03
3.553996463144096663e-03
7.971850257230250064e-03
7.200169264427218156e-03
5.475458361980057795e-03
6.392018894835538312e-03
8.977942728740985132e-03
7.102136329940818803e-03
6.407188633402476595e-03
7.818161748498815566e-03
5.652628616380496809e-03
5.813834242620542943e-03
7.688888871145584114e-03
6.953900832630294411e-03
9.016631418758237065e-03
8.521118262189812664e-03
5.549808851241143370e-03
8.382608389856513117e-03
7.981608307002155747e-03
6.952738722333827275e-03
6.766267911348428435e-03
8.233481307578206787e-03
7.506382506431497244e-03
1.109949322453164695e-02
7.611059718529824061e-03
1.043743469467921410e-02
9.944154714045942353e-03
9.929190809787526162e-03
9.373492543977960528e-03
1.033124384197770494e-02
9.455939045433056633e-03
1.330353004867800525e-02
1.041253452641009367e-02
1.300433467904068413e-02
1.018419895198287468e-02
1.137121248394724372e-02
1.166703757969688587e-02
1.259666698456239804e-02
9.577726225294449711e-03
9.414270571476339097e-03
1.228434826858767169e-02
1.479899790633933988e-02
1.232934670559018495e-02
1.235417415196887747e-02
1.240556492060504966e-02
1.161006030265374599e-02
1.302881050114017801e-02
1.149224155127530345e-02
1.449119551149656050e-02
1.415933337965278108e-02
1.232727658499182220e-02
1.865349536120155388e-02
1.382892841210985220e-02
1.561272022030414132e-02
1.721473979544989666e-02
1.545526448926026232e-02
1.329724070170061959e-02
1.691701251049215413e-02
2.074732533472284021e-02
1.583609147416776761e-02
1.923052294416839614e-02
1.468445529101622404e-02
1.947412185265651186e-02
1.508008442116260533e-02
1.758779749081118213e-02
1.950118617913143212e-02
1.697613221265475633e-02
1.385833573416716397e-02
2.060404612746912986e-02
1.464139788720226695e-02
1.425793690438084162e-02
2.395416241648757119e-02
2.131657661696738718e-02
2.316563618274490588e-02
2.004314819385871402e-02
2.074409458226520592e-02
1.971081686262168495e-02
1.994830812891814839e-02
2.158624994651885814e-02
2.023117201219452529e-02
2.187041150528207245e-02
2.217280168334231916e-02
2.274270821340465196e-02
2.367464212142028970e-02
1.854961768849521658e-02
2.449858673248131793e-02
1.944734438657370543e-02
2.325829550177995961e-02
2.470367040043189993e-02
2.321620778778979086e-02
2.480322394831903712e-02
2.149582582504836956e-02
2.241996631859215217e-02
2.434548667318047616e-02
2.781915088447444590e-02
2.260565522205400593e-02
2.761944041189314317e-02
2.145018342942715470e-02
2.920527921549169459e-02
2.320318382385988532e-02
2.402522443842238647e-02
2.438646168553022450e-02
2.638067971004021128e-02
2.803542891245206295e-02
2.223912592644600172e-02
2.725009811703623525e-02
2.430072176033835907e-02
2.341959505441756906e-02
2.388434182026382205e-02
2.716904538063474525e-02
2.358181722592618199e-02
2.679480368207253632e-02
2.429048136976607805e-02
2.536626909228533941e-02
2.706662809309177964e-02
2.445711872894819686e-02
2.307933878555833151e-02
2.455160199137092214e-02
2.859578754935223135e-02
2.599951121435435317e-02
2.480763032244166083e-02
2.255233436691764584e-02
2.317443130220311204e-02
2.332885076167820135e-02
2.514150449687739888e-02
2.421667781086109944e-02
2.091561385867365605e-02
2.765251364379707130e-02
2.714149432984601373e-02
2.780966164457976050e-02
2.550421972873551449e-02
2.595284448959055135e-02
2.718937598117452878e-02
2.404441440664826027e-02
2.862145129596390530e-02
2.570712374571107461e-02
2.347900856055574678e-02
2.407718126108476797e-02
2.947307097632999306e-02
2.806782257798456567e-02
2.268140938526746683e-02
3.116481818275269183e-02
2.346508581324203632e-02
2.732459859920582934e-02
2.105849000626003678e-02
2.068716236473309641e-02
2.220881748764287622e-02
2.773806131770468683e-02
2.515556664709314022e-02
2.130819505344862599e-02
2.959087544751837912e-02
3.300290128874042161e-02
2.456634725635560221e-02
2.368033450754542316e-02
2.069980938397862624e-02
1.940271850327873401e-02
2.444460917402424549e-02
2.041115375609872662e-02
2.418460730706760084e-02
2.440767022326885763e-02
2.241944681464012878e-02
2.940895589085438036e-02
2.496027001953701405e-02
2.327540407760331914e-02
2.451376237560493748e-02
2.516153566967955016e-02
1.774167544988337897e-02
2.526153567467144534e-02
2.406702310839852615e-02
2.152635727392760920e-02
2.746592165069632399e-02
2.397515697965804660e-02
2.749102169239267882e-02
2.272771113221008082e-02
2.677589060399104479e-02
2.243281024505939386e-02
2.955125919823374872e-02
2.071855068764559896e-02
2.720959174387002980e-02
2.257298420397504599e-02
2.633208265594184569e-02
1.845644974199047925e-02
2.498367780335981198e-02
2.356887542630882459e-02
2.702827413255387556e-02
1.899105577958805705e-02
2.050167084697105194e-02
1.997885363279286799e-02
2.280324200022038408e-02
2.150870234650930149e-02
2.017234717357286461e-02
1.915487100090932163e-02
1.919299688562305095e-02
2.043778656781590139e-02
2.158926280958160457e-02
2.589971766021227292e-02
2.220124736125845752e-02
2.341700495529414755e-02
2.118814683667810672e-02
2.415532039223487401e-02
2.282152332251920560e-02
2.324395137415886242e-02
2.069882780824323920e-02
2.369369513546581291e-02
2.446433739648835870e-02
2.489651603836140481e-02
2.032414607611296095e-02
2.140154588961411600e-02
1.965640280376408991e-02
2.373511605274967323e-02
2.965831907182106542e-02
2.262556697078482032e-02
2.398663365797162189e-02
2.384703222118901220e-02
2.328135753614453060e-02
2.426392429399680528e-02
2.690869839183224199e-02
2.271385289356642884e-02
2.421177404519992207e-02
2.233793123215408946e-02
2.304563275285257534e-02
2.238329296933916357e-02
2.362361778153233144e-02
2.155720044775293054e-02
2.565371389311084382e-02
2.073040274301696587e-02
2.009301748464253912e-02
1.579578762731269695e-02
2.231128487341668687e-02
2.308175240177341367e-02
2.343316952809260806e-02
2.655212789451963373e-02
2.257324136613777024e-02
2.288873031680700373e-02
2.370508812575096783e-02
2.244299439241936173e-02
2.058423522533521857e-02
2.593074933686772415e-02
1.986541607165486986e-02
1.902383403066664272e-02
1.751840534560859114e-02
2.101456795049466350e-02
2.341440232794373549e-02
2.029105220824856462e-02
1.983526706221375863e-02
2.163118956173076118e-02
2.337160482586220223e-02
1.801500476491428235e-02
1.799665503229269312e-02
1.979951457237551227e-02
2.228229567987977805e-02
2.072945265000247436e-02
1.971464395466760583e-02
1.698195894547390589e-02
1.660676231713613393e-02
1.850167869554652372e-02
1.381133055694845797e-02
1.830590372011691933e-02
1.956358967107464999e-02
1.622976421810665495e-02
1.781682416406252245e-02
2.290442072580503585e-02
2.032306919691271099e-02
1.840745930906160371e-02
1.969312879100838104e-02
1.936980929030270721e-02
2.127977481429164583e-02
1.628684419295201372e-02
1.094733509016079624e-02
1.662957623406310925e-02
1.986134822488615920e-02
1.833455064850497696e-02
1.820821531188852871e-02
1.533597864437475332e-02
1.278600876311197093e-02
1.263625258975820294e-02
1.669568382849137556e-02
1.798362979078072660e-02
1.142695971629799530e-02
1.426092931243143000e-02
1.225052943823449862e-02
1.236537484178515389e-02
1.675404703150561170e-02
1.318461885659252472e-02
9.121897310881749502e-03
1.145383102629460997e-02
1.190681228753563171e-02
1.132299907170260939e-02
1.215379441436845523e-02
1.136318653761956947e-02
1.139187673082694453e-02
1.189966558922559391e-02
8.036629196056055066e-03
1.149412460515185017e-02
1.245791679056675039e-02
1.241689748531571262e-02
1.085590764039672494e-02
1.037023033428792658e-02
7.954374456342085814e-03
1.034705283048994659e-02
1.076965205722926235e-02
6.188173075087444880e-03
1.267841519210444710e-02
1.332942222185641221e-02
5.621073631560666480e-03
1.154756054347053258e-02
8.804169665296434841e-03
1.145484377746157356e-02
1.063779959346612854e-02
1.185349039759537107e-02
1.108230447381203763e-02
9.719091240463851103e-03
9.929034193818827084e-03
9.854089347999320236e-03
7.097632220617849062e-03
8.941118792483706765e-03
7.932809675576401112e-03
9.766607855923575138e-03
8.412824304461091057e-03
8.726878381229619466e-03
5.353761302659789875e-03
7.348509367857396050e-03
7.356562717587657348e-03
