1.793139866803554949e-03
1.200210682668792104e-03
1.699403698758688436e-03
1.311660435805082426e-03
9.440698225225419016e-04
1.045677772790021493e-03
1.072052573818713887e-03
8.757403118720339091e-04
4.122958321835176482e-04
3.295058635600633663e-04
5.073168372994032657e-04
1.222240823670655858e-03
6.138107629073478707e-04
2.861636654385746087e-04
1.098383408148392989e-03
6.533271969132493657e-04
1.016659040785697571e-03
4.999340286116154110e-04
7.535913683108918376e-04
1.184905376643940415e-03
5.080363580540425911e-04
1.063718462313837558e-03
9.429632383915965066e-04
1.510767154360508849e-03
7.440623320892523433e-04
1.127627283453054834e-03
1.290546501067281037e-03
4.126378554370398752e-04
1.143895435293379708e-03
1.459932029784696784e-03
5.467690660253593429e-04
1.376560544739168250e-03
1.124860438148432779e-03
2.032180603601716536e-03
3.360153334573148754e-04
1.356285628843591174e-03
1.804482964956215024e-03
2.107765523951601449e-03
1.254916052104888564e-03
1.996609435086507938e-03
8.827853813330267590e-04
9.782837729501211565e-04
1.383217284902234353e-03
1.434751003450832453e-03
1.039626107158257836e-03
2.047590396679755623e-03
1.627849718858356744e-03
2.001627111189435444e-03
2.166433688899828836e-03
1.149560938522957692e-03
5.617871238644772756e-04
1.454735624537109497e-03
5.704745629125277480e-04
3.828711778047736315e-04
6.896446161491583864e-04
2.546563528430131201e-03
1.714775792992447511e-03
1.124769897460978435e-03
1.136787571083183995e-03
1.519361678482901261e-03
4.038767793298930525e-04
1.957319680727705007e-03
1.959607108218464067e-03
9.128054577380251495e-04
1.031616397549305281e-03
1.994520965591739005e-03
1.173243540598979022e-03
1.824481514268221950e-03
1.329952773938622955e-03
1.889352621965968704e-03
6.304369858486684941e-04
8.502462000854174497e-04
1.296835825438722020e-03
9.589429021332401349e-04
2.025030592077337824e-03
1.175362808509498608e-03
1.072463523699857197e-03
9.387885907093011057e-04
7.479848169014294626e-04
2.485690682658128845e-03
7.271498059556405372e-05
2.602773633171992984e-04
1.411452334022924877e-03
1.040635449254090350e-03
7.450021516490056700e-04
8.442819305254350287e-04
1.543286678653177542e-03
8.150033545826823513e-04
1.667378849242773719e-03
5.060487170604457876e-04
1.265457362157476097e-03
9.762726782394963920e-04
5.604704044349137059e-04
2.057010323345190642e-03
2.051743878374748340e-03
2.220527982419505473e-03
2.919205268339894487e-04
1.360285706171774408e-03
8.504620388769378730e-04
1.373801470755795905e-03
1.544460635231253553e-03
6.562728972736428176e-04
7.770703583456419362e-04
5.617869905049045418e-04
1.999621931195403376e-03
1.745682979701867078e-03
2.338609769178046137e-04
1.816601259410026382e-03
1.264779499014714696e-03
1.019544005774303611e-03
7.654113391666704643e-04
1.153833282427372013e-03
2.888090743419420049e-03
1.686577214351922798e-03
1.309997487776643106e-03
1.389031032240733727e-03
4.723728590666615400e-04
9.853778184186685104e-04
2.028631435377420238e-03
6.804270281321392463e-04
1.384353280920477261e-03
1.347109082172725418e-03
1.079197405849600293e-03
2.205879327492658425e-03
1.769126769115997224e-03
1.242034189677534897e-03
8.208286066379643720e-04
1.563051027776224877e-03
1.008016604971942150e-03
8.712226939561762157e-04
1.459702775544089674e-03
1.332920714111036388e-03
4.676915400453710036e-04
7.872377574962052859e-04
5.822017525778188209e-04
2.114279885311178258e-03
2.151201841376291222e-04
7.282339902725778113e-04
2.272300633716437934e-03
7.260309688628215812e-04
2.041308260662465061e-03
9.453501559455002945e-04
6.947859246948137309e-04
1.096464735422285688e-03
1.159420391550709589e-03
5.426716512752949740e-04
1.349312370954857407e-03
2.584629903466642608e-04
9.946529541121024252e-04
1.022329061739322194e-03
4.127009563482169296e-04
2.205153444039882182e-03
1.721969568671881346e-03
1.664886379630820023e-03
1.298527064503035349e-03
9.204378737355032973e-04
2.238278791983511554e-03
9.701461711277272956e-04
1.630642628908957753e-03
2.926909196428047547e-03
1.421055826683915611e-03
2.429452895384057176e-03
1.627714562561938813e-03
1.064642108175979434e-03
9.866288878966854563e-04
8.982823581643122578e-04
1.322123270683134028e-03
6.473063540063188868e-04
1.922731236522128928e-03
6.477476159335517243e-04
1.396700425445906871e-03
1.429817018925272918e-03
3.163042191477178212e-04
1.552528034963295781e-03
9.979014955861179731e-04
9.157222584608059246e-04
5.072179232486013958e-04
1.544117908218488279e-03
2.082606900549183269e-03
1.434872647814978757e-03
1.882812472498472840e-03
1.211667930082365330e-03
1.032459554234669771e-03
1.152183497019826103e-03
2.276835084893988163e-03
6.609610334504884216e-04
2.274462277102128668e-03
5.269954496962250736e-04
1.943564869276689748e-03
1.134665641027892205e-03
1.478053723161806918e-03
7.681130688759705291e-04
7.990046365536296541e-04
1.301266028061569486e-03
2.059316681234476653e-03
1.062130930263139195e-03
3.853647191784720025e-04
2.112740168344379773e-03
1.208565814602525611e-03
1.865297293402797148e-04
6.249192701464657829e-04
1.301331283019228685e-03
6.932060436037252617e-04
1.649006363534855817e-03
3.168914793940037951e-04
5.246752620539157311e-04
9.973519638351224445e-04
2.377527727551203684e-03
1.590866548193169052e-03
1.107876399222708537e-03
1.296843797939994459e-03
6.919805002823186356e-04
1.266934310830233456e-03
1.794548195486813345e-03
1.299759746569125688e-03
9.569719122238405564e-04
1.259089699073497352e-03
1.317851826702962689e-03
1.414004217253666184e-03
1.273694172347547386e-03
6.044085138931754812e-04
1.245220192950209854e-03
2.458956631026169241e-03
7.907360428288528770e-04
8.591366037446278954e-04
1.621325700656903656e-03
1.466910033484526222e-03
1.878488111764330636e-03
4.416235540717870236e-04
1.326669900204603941e-03
1.093955555933273129e-03
2.588608088428989880e-03
4.309373333265645897e-04
1.356221493693387939e-03
7.277993968752559687e-04
6.201883056101317434e-04
9.542603934858114945e-04
1.078439433291384156e-03
6.548917958554494696e-04
1.434291198161360883e-03
1.121187100759237810e-03
1.344201859980336455e-03
5.193312464655920136e-04
1.431909458677121114e-03
3.448903290260652769e-04
6.157496887428856027e-04
1.038603187498446379e-03
2.318928808476416505e-03
7.400161294601563782e-04
9.210024852268301537e-04
1.072301901113558234e-03
7.626565782065085081e-04
1.371900132491902331e-03
1.002282520658974874e-03
6.557355206850213128e-04
9.149324764780383682e-04
1.814642407918117461e-03
7.747324116596146894e-04
1.971290114889249698e-03
1.558551833121360995e-03
1.567008050352225804e-03
1.376775811319644284e-03
2.097244245733243060e-03
1.388095030941702323e-03
6.308912372950058710e-04
1.748568263101747894e-03
1.752593356111107822e-03
4.516844329831604414e-04
1.166774096049641310e-03
7.268585106935382791e-04
1.725226794711461412e-03
4.742634532146446287e-04
1.358556771828203476e-03
1.210678928561159141e-03
1.380950834686328231e-03
1.550184236954240541e-03
8.420044776109959295e-04
1.205869192528337278e-03
1.480895235203271874e-03
1.418487558842030771e-03
6.170407911507017149e-04
2.802394568870535899e-03
1.143190535806957054e-03
1.799978953019621590e-03
8.830645403698107743e-04
1.201388454297436974e-03
2.701076772855208388e-03
1.127629164227892571e-03
1.358684125488881199e-03
1.934299035949364797e-03
1.451244749488303423e-03
1.251989494207169122e-03
1.336912070973143374e-03
1.251615422279646773e-03
1.638920697810346055e-03
5.671250756764193704e-04
1.477573470251039535e-03
8.847110334115217524e-04
1.552425662297100264e-03
1.916537733488690417e-03
1.160143666263540848e-03
1.457334887852918589e-03
1.871301271025115238e-03
2.059052159812147040e-03
1.357716693400255531e-03
1.448105848168219347e-03
3.495853378685826341e-04
1.039723231464709588e-03
4.927643610059159436e-04
1.294818799722754479e-03
1.083583166505410313e-03
1.354897584491937361e-03
9.326580081664092269e-04
1.107926687041713197e-03
1.042439725856417546e-03
5.456656230738675395e-04
4.606518710541125379e-04
1.654684231235855349e-03
9.287076286297161771e-04
8.664680284202738508e-04
1.113105479903293837e-03
2.451815980429453753e-03
1.814485294474875486e-03
1.062067495440742124e-03
1.224617060124158800e-03
3.478111013332886104e-04
1.428878108734635190e-03
1.784227636081553306e-03
2.035900892310484826e-03
8.130703327343329718e-04
1.358150796139886247e-03
7.386409826471347119e-04
9.073965719005770095e-04
2.500108939634856486e-03
1.396769393246626630e-03
7.622803341177819981e-04
2.215832589511413687e-03
6.511979504570113327e-04
1.535013332287443223e-03
1.287437668421321331e-03
1.381890491068862642e-03
1.304146878739868365e-03
1.950580930929454119e-03
1.443953786418908716e-03
1.253726989039178827e-03
5.673163049753903201e-04
9.323762943682572602e-04
7.714694155918788319e-04
6.907482262890622844e-04
1.185669432502688483e-03
8.496174413283871319e-04
1.170570955239346074e-03
2.284008390866437872e-03
3.292876176969500063e-04
8.999915096693263247e-04
1.329430203896417046e-03
3.091277081313516598e-03
1.022631081438042698e-03
6.358110355919969212e-04
1.111045845691108029e-03
3.952248412342208557e-04
1.645993073255958049e-03
2.059841914395855230e-03
1.094000485646759490e-03
1.081888153514211359e-03
9.335710846967217600e-04
1.680979444371948940e-03
1.376620672629350062e-03
2.211482401774317232e-03
1.090478698236415495e-03
7.404770295560166157e-04
1.703178732042855874e-03
1.609957375509813967e-03
1.114593584134566983e-03
1.095310934374174334e-03
1.820000405054633284e-03
2.038677733313668059e-03
6.056834417338907662e-04
6.575931451158247834e-04
1.510138666663390786e-03
1.849798717135555303e-03
1.779228554161945385e-03
1.114564887112530316e-03
1.134194061556645025e-03
2.227358110081301742e-03
7.426495649060401967e-04
9.952523740462139966e-04
1.268098898680643629e-03
6.874354726439742182e-04
1.554974418792693432e-03
2.322892995771503894e-03
2.097602757698720233e-03
7.068050158285471519e-04
8.998461255562075108e-04
1.626504351636256325e-03
9.675488689709224946e-04
1.521745323782812322e-03
1.045103406637691102e-03
3.195568549199672044e-03
1.396000200747312108e-03
8.118355993926665857e-04
1.634353089600080891e-03
3.969881085415827597e-04
1.429213339424113957e-03
2.548773070085838446e-03
2.313946588788900766e-03
6.462662798919036489e-04
8.129123879318112932e-04
1.616835654089330068e-03
1.245116458380918180e-03
1.536946375123031134e-03
1.117938961960295886e-03
2.040293411237406422e-03
1.895528032571706890e-03
1.233300391314066978e-03
1.889691551663404611e-03
1.148242038611045840e-03
2.062723840990409504e-03
1.104654886137941940e-03
2.534753895113774167e-03
1.684125329502189931e-03
3.717316951832525256e-04
1.275301196975767029e-03
9.921525445625463662e-04
1.379543513753448639e-03
9.288234113082014269e-04
4.863457082156300818e-04
8.962473534678718065e-04
3.052079324982877816e-04
1.883380546903224350e-03
1.018878596374143833e-03
1.471612621965662964e-03
9.830895547067507265e-04
5.288815137931240744e-04
4.620753352101105338e-04
1.283583884674826484e-03
1.546553829458863780e-03
1.101999114932489515e-03
1.120998346121369416e-03
1.153476882732599323e-03
6.917854716127645655e-04
4.272458306029071253e-04
1.471034071432470369e-03
2.213940361175348922e-03
1.023146321128424584e-03
1.054098771437668360e-03
6.071569182566659891e-04
1.383650368361757921e-03
5.313320317441640748e-04
1.356347005596401532e-03
2.226360776559008485e-04
5.936407231785333213e-04
1.646173983855841972e-03
1.208855715534306284e-03
1.527341084485029634e-03
1.236328035536335673e-03
1.201252341826867034e-03
4.146514293308066761e-04
1.172537467277993180e-03
3.106331328983856152e-03
1.048751808484022462e-03
2.200453878099568102e-03
1.301001258781639977e-03
1.387279591996570197e-03
1.801605770029950787e-03
6.517326283082136443e-04
8.540368048854604394e-04
1.585792110977450467e-03
5.491342986943332149e-04
1.857255402799274551e-03
1.920990402977304761e-03
1.669533694921517583e-04
7.679463970623480983e-04
1.589338791479166096e-03
1.389650881414647519e-03
1.332729090560539264e-03
8.530537537126762484e-04
1.694829632900931009e-03
7.635156304075520987e-04
1.907215756206471222e-03
1.445745444110946168e-03
7.658358593562430419e-04
8.169475921397010383e-04
1.589995362807749852e-03
9.129262478751454246e-04
1.720166158204267581e-03
3.651508480738626132e-04
1.356438327412661611e-03
6.165764552252546004e-04
1.547200190813429604e-03
1.077547651888776346e-03
4.595183059220571235e-04
1.436576458155636865e-03
1.736834460135070922e-03
7.550524163011555290e-04
2.131289683243144974e-03
1.688380055619005454e-03
1.128425107207831546e-03
1.076415305629507867e-03
2.108951002909119094e-03
1.017411579346254097e-03
1.234732808561038106e-03
1.035470517727020900e-03
1.219982500960090999e-03
2.528412112406534882e-03
3.245343462472974013e-04
1.266224340986202204e-03
1.481294041286354514e-03
8.936550763567681658e-04
1.208811463462125405e-03
6.080877149337309169e-04
1.227537698118700768e-03
1.838176993801137696e-03
1.421122799402472310e-03
1.578186308715938098e-03
1.375306342288995292e-03
1.325823198127721973e-03
1.704608594935437104e-03
1.633091583899177850e-03
1.136178791479531495e-03
1.054490011412278832e-03
5.858519266785015920e-04
1.201234649295884662e-03
8.666344340336847767e-04
1.331958866323156715e-03
1.043614076330972792e-03
1.240107569637828719e-03
1.911498897481706113e-03
5.956954163632980411e-04
2.608807552925773189e-03
1.480300024901421135e-03
2.282238951654041233e-04
6.962958368974929164e-04
5.288078963443837606e-04
7.641548727097967515e-04
1.270079927613810330e-03
1.758478528508075362e-03
1.402892679816535948e-03
2.444814522363972838e-03
8.159824136485077347e-04
6.950632583928523581e-04
4.188361607183722717e-04
8.369172913878734216e-04
8.613535219243944685e-04
1.816015836782847040e-03
4.650453495919190834e-04
4.405181608822808449e-04
1.590195713485448650e-03
1.237730939886706044e-03
8.007612793288888895e-04
5.456241637953517182e-04
6.683033467300461246e-04
9.468615482193330074e-04
1.508553549004298553e-03
1.978077805237547608e-03
4.686659690776235395e-04
7.056705183526554336e-04
5.475454307208476364e-04
8.932251184729458502e-04
1.274539458208010694e-03
6.288889626876606812e-04
1.171970585224135037e-03
1.276743036738644350e-03
1.146675540164246009e-03
1.694726911824488008e-03
1.185123662371331561e-03
6.639281566042152085e-04
1.131725797248425138e-03
1.695560795941397246e-03
1.629274496796156296e-03
2.298003473949023542e-03
1.579560886854351710e-03
1.640495039769112164e-04
1.961785317536384084e-03
8.881579276761817363e-04
1.304067789329866993e-03
6.152672129982842287e-04
6.022003199167328628e-04
1.256280692833539698e-03
1.316502302022002236e-03
1.377512362025369976e-03
3.948316417252764892e-04
4.484230920805042857e-04
8.087249040567056138e-04
1.341434083874790215e-03
1.997884618393929498e-03
1.489393979241932430e-03
1.112117278354572822e-03
1.130395627660326892e-03
1.107097172464640254e-03
7.713169381469354340e-04
9.242721724147596237e-04
2.341357317536917407e-03
1.565745916540367587e-03
7.309752789451279828e-04
1.024826048214645549e-03
7.032333775124565648e-04
1.459903336912536957e-03
5.273812111570364610e-04
1.096558967323203607e-03
1.626628212167226251e-03
8.405062534003497274e-04
2.439321276073751904e-03
6.302650707446788569e-04
1.560299943289136272e-03
1.257199833327880085e-03
1.374771923559615179e-03
1.655665140316366340e-03
1.327577877412939320e-03
1.367029364396893376e-03
1.176835737654456822e-03
2.099243468967175626e-03
1.138149062349525257e-03
2.415303796397931697e-03
6.815117964330742089e-04
6.496678037512714160e-04
1.768379063518509074e-03
1.375513935246859424e-03
1.222394860921070456e-03
2.040438445539352694e-03
4.232358266367624005e-04
1.259786811647710782e-03
2.021155721753062438e-03
1.525599959321331236e-03
1.588883468919632426e-03
1.549663801193993913e-03
1.421169325373233252e-03
1.259958302555785154e-03
1.901473712712101454e-03
1.346334435715695757e-03
1.184204513386539342e-03
1.724997291051856042e-03
1.336854005724148319e-03
1.865526945835142359e-03
1.396396646352080634e-03
1.423796486361173516e-03
1.279052652885606829e-03
9.540135600303184266e-04
7.550513443134893596e-04
1.884942489067397602e-03
1.320396429506775137e-03
1.258810701078776810e-03
9.376330813732337800e-04
1.519968444951272672e-03
1.389710932034904497e-03
2.424874246006659094e-03
1.235803500659161209e-03
1.099539235596491173e-03
8.620320392816274192e-04
1.397719772713707431e-03
1.945069676246833495e-03
5.654637309215011570e-04
6.055574012780350545e-04
9.413352182819330685e-04
5.402644690575001329e-04
1.251727356626153743e-03
1.518258975783047223e-03
1.445777214992865177e-03
1.954063504525550918e-03
1.453972334033273688e-03
9.425131428694696932e-04
8.600599198140150342e-04
1.574234487952761406e-03
1.530522779634126227e-03
2.192955763335598194e-03
6.645144208433778881e-04
1.736893584064755532e-03
1.389059408227583461e-03
6.473939490296030724e-04
1.128135073619633772e-03
8.253014863796005133e-04
1.235850394384514338e-03
1.159353546547625636e-03
3.573045888195717341e-04
1.411985809946976391e-03
1.560826786290665574e-03
1.743818778334353843e-03
2.321423204375595850e-03
2.385662636503209713e-03
2.740755869289813844e-03
1.323826138825558206e-03
1.542259926303873050e-03
1.566807811766109332e-03
8.361412360592437561e-04
1.887589033345676327e-03
1.524965337704122133e-03
1.554446410836866172e-03
1.634626515452820318e-03
1.398709249027449853e-03
9.672515964199242169e-04
1.897132821296610957e-03
9.885500692441934276e-04
1.096421913435883990e-03
5.611280498321174212e-04
1.921115163193471038e-03
1.396533354089018455e-03
1.159141619109600426e-03
8.165283767211370999e-04
1.118097406572480731e-03
1.512589385506266397e-03
2.521791283377376259e-04
6.304083746631740197e-04
6.909817645643815493e-04
7.718605141916009453e-04
8.526094759050894742e-04
1.148371843540984486e-03
1.171171592417147170e-03
1.992099397606373820e-03
1.150926439390965485e-03
4.876397583037590301e-04
1.299990965431576479e-03
7.684627989686601416e-04
1.164967029460580285e-03
1.347682786047849210e-03
1.265803021817540853e-03
7.483835200710010557e-04
9.424550415927556357e-04
2.272119909811726787e-03
1.987394377428702841e-03
1.111798096959765733e-03
1.336667235029548925e-03
2.111121017017758388e-03
1.497440586547952191e-03
1.494973838996114471e-03
8.669153468581658906e-04
4.629523310858077315e-04
1.390071156601845092e-03
2.088491179587065750e-03
1.606571097425622038e-03
1.364244937350392100e-03
8.158538089179676132e-04
2.947747548013380028e-03
2.847788916914048671e-04
1.096896374157678780e-03
1.546094230610828421e-03
5.219332263662357927e-04
5.242651494075771263e-04
1.332463882143737708e-03
1.371729284676698798e-03
1.077270251340713613e-03
1.611246604579896985e-03
8.909393000385744865e-04
1.673109132993651346e-03
1.910765468509472353e-03
2.489145679581809562e-03
5.406378329032340748e-04
1.035739103867594577e-03
1.316773771009493695e-03
1.743750630555008889e-03
1.251730345681477527e-03
2.095883331416983474e-03
7.286449522057843534e-04
8.672093101458277185e-04
1.510597366565811150e-03
2.061651592317003887e-03
9.107905418068146632e-04
1.629860427258408460e-03
1.346945408856522640e-03
1.805649370294492000e-03
1.652953507578622120e-03
1.577202077929529354e-03
5.682461976113893903e-04
2.122210626714622281e-03
4.746378730391148269e-04
2.217761973923746723e-03
1.640636359320647242e-03
2.631254265811867280e-03
6.550438000829119332e-04
1.088438452634316479e-03
1.647594651562903512e-03
2.423353068827068229e-03
7.296522862089842602e-04
1.553531000287919784e-03
1.720517272916666880e-03
4.488678936733288445e-04
1.606788331691930702e-03
1.098391376801544387e-03
1.105650566874572362e-03
4.173631544977096240e-04
6.414745534115961221e-04
1.445432936579742981e-03
1.014786453543026212e-03
5.618462688103318097e-04
5.992959321612560761e-04
1.598194702868912208e-03
5.280393394179520817e-04
2.147971224524009015e-03
1.059557638144044585e-03
6.507350911293661479e-04
1.723285661334887642e-03
1.194458914464584373e-03
1.352800722528064862e-03
6.128991761200786731e-04
2.776944137491092670e-03
9.892646499671206052e-04
2.201606455360534918e-03
9.641084470465075386e-04
1.183452018914231711e-03
3.938105619851836755e-04
1.569140474615432143e-03
6.024320625377482764e-04
