1.536835597254661984e-02
1.521602820491538277e-02
1.499487505777095595e-02
1.483079204223116537e-02
1.450360840202687476e-02
1.440689050681200067e-02
1.423019034105403591e-02
1.386463879593412621e-02
1.347227634558095799e-02
1.344808734311052703e-02
1.312611207237616810e-02
1.298439226404433586e-02
1.239044006971815395e-02
1.237911696012502887e-02
1.195454341099796980e-02
1.173285898990045553e-02
1.133940739043010938e-02
1.099872388632901557e-02
1.081036768924266422e-02
1.037031212043303639e-02
1.021032786596682770e-02
9.648659036469112854e-03
9.443020122017746487e-03
9.003860702618330519e-03
9.067462191297951529e-03
8.409135021307394958e-03
7.845073159881466723e-03
7.671191807265242447e-03
7.411282800848441321e-03
6.993261640916412572e-03
6.628236050119719162e-03
5.895597261499199715e-03
5.455679326041990018e-03
5.104829636854437205e-03
4.517129721461930064e-03
4.031158490238351613e-03
3.699543502935213890e-03
3.175368170306129903e-03
3.029060084132848343e-03
2.567596663279844357e-03
2.004378570433250351e-03
1.779435196151359913e-03
1.473736625355702781e-03
1.453322954170047174e-03
1.339578352724651042e-03
1.733395718081351747e-03
1.442488217154725642e-03
2.242729773050012622e-03
2.661872928679548216e-03
3.155934317946929631e-03
3.425300633871481825e-03
3.205920624501785478e-03
3.750604656074152735e-03
3.346912095814121892e-03
3.332470404539365685e-03
2.978792335391054844e-03
2.822337553447835153e-03
2.606234346364811640e-03
2.133704140803633666e-03
1.874500756327988817e-03
1.698477666737643280e-03
1.554974821211979044e-03
1.406623937268571423e-03
1.382847076359448261e-03
1.502410069620283744e-03
1.646257465534830015e-03
1.854925125178565320e-03
2.015743631475155548e-03
2.127156152860772056e-03
2.242632156789502867e-03
2.815835824109559713e-03
2.989458155731261179e-03
3.302539460342351213e-03
3.203540852419311732e-03
3.298933459608458484e-03
3.615274582295564549e-03
3.662931197409827113e-03
3.501621595751725196e-03
3.771823745429361569e-03
3.570880561504141595e-03
3.622827184628866787e-03
3.690761109656228844e-03
3.436318364503275491e-03
3.638833655688104678e-03
3.746823545904696268e-03
3.909609602144060829e-03
4.209544719832869486e-03
3.755576921567373681e-03
3.705899919444546019e-03
3.967319757533128641e-03
3.964620002825354830e-03
3.821630970740727724e-03
3.617083675439052015e-03
3.684169692439892910e-03
4.100586700305747234e-03
3.631913829067476198e-03
3.700324404058861517e-03
3.665816718297406924e-03
3.533060215122309916e-03
3.625847567361458780e-03
3.301405248460606134e-03
3.247648422618096015e-03
3.277098104277112109e-03
3.083662544414628431e-03
3.418301277115413841e-03
2.991818353599089066e-03
2.873384009176643914e-03
2.939278392110463052e-03
3.102430500790231971e-03
3.093209464672294975e-03
3.021882294613863294e-03
2.974646183617707038e-03
3.085429396724479866e-03
2.830654200599489866e-03
2.926458883792991753e-03
3.090378448693031042e-03
2.986901936193879503e-03
2.917232936786775827e-03
3.102352716967443809e-03
3.085469138145721830e-03
3.020465857256435932e-03
3.156400328539329600e-03
3.164819750882204644e-03
3.186606812910393327e-03
3.370386529650041662e-03
3.365700522450445868e-03
3.175119857471334073e-03
3.280734635411355904e-03
3.197917126983252679e-03
3.212473016889351440e-03
3.202302702944735159e-03
3.130092219007033112e-03
3.313929847174777125e-03
3.224201052583962682e-03
3.172331016583278609e-03
3.332637086248888079e-03
3.186449197076383910e-03
3.263538324468606786e-03
3.414049737094830648e-03
3.153649627304561283e-03
3.363961699540894343e-03
3.352271863008551758e-03
3.275510555388563404e-03
3.274854757843502148e-03
3.329132553520647124e-03
3.298984802533277711e-03
3.320669274527129379e-03
3.275104185839815794e-03
3.245060794097160990e-03
3.291160846073330325e-03
3.288707978269164115e-03
3.139959245536008952e-03
3.323017185860767907e-03
3.269054986186343929e-03
3.322233628891691284e-03
3.373218929287221703e-03
3.053120843151498585e-03
3.164241341170715739e-03
3.151467298771456170e-03
3.346302834528377609e-03
3.319173234358421473e-03
3.479957993330458355e-03
3.061848425591005840e-03
3.427476763827462698e-03
3.250404575281712165e-03
3.005485834519762336e-03
3.241735868904049335e-03
3.256778319785027555e-03
3.342441170761344116e-03
3.195876050522394700e-03
3.246105620665584029e-03
3.195478040468035900e-03
3.225587284337545074e-03
2.970595123320298337e-03
3.195486592740553675e-03
3.147909016909841966e-03
3.272674764743149171e-03
3.161549899370007764e-03
3.031866297875037385e-03
3.136402543143982855e-03
3.060245876646246546e-03
2.997026376687112782e-03
3.153725997187862250e-03
3.177040007162699152e-03
3.074224177097681539e-03
3.021325792853911917e-03
3.069150359472437150e-03
3.127539819274141944e-03
3.090558028611331380e-03
3.015210002637071056e-03
3.193536405776422303e-03
2.888438240079492861e-03
3.103700604183188758e-03
2.932266821796437103e-03
3.023775545343336275e-03
3.220121154918204835e-03
3.150287856446705968e-03
3.194636739109276216e-03
3.133207862914689189e-03
3.199456656546699213e-03
2.986656551450450701e-03
2.974766510472580221e-03
2.991970836284926771e-03
3.034931913960577619e-03
3.167695192205104149e-03
3.004140275257276803e-03
3.005529133812794886e-03
3.033559944949117560e-03
2.967982261386408697e-03
3.188046955775661242e-03
2.989812883296114748e-03
2.921364190745197494e-03
3.047440455217971175e-03
3.086536107851296871e-03
3.059680177457529526e-03
2.998362448258133812e-03
3.001582002796603262e-03
3.045725936531959617e-03
2.885850627715774025e-03
3.007777804664345678e-03
3.111350191349732640e-03
3.102697687292257141e-03
2.857919465568947541e-03
2.943128086665729431e-03
2.918306408072266368e-03
3.021629723305246928e-03
2.899575321353984377e-03
2.883012146741360283e-03
3.143063522116787498e-03
2.958130394662274870e-03
2.951678928026187695e-03
2.955730272716432499e-03
2.791810210384540990e-03
2.923677795617772579e-03
3.132227289091239243e-03
2.860091397410532369e-03
3.007181190169619031e-03
2.927863882895153855e-03
2.768548867571501634e-03
2.846377554796203097e-03
2.983000872356136087e-03
2.916818024157437177e-03
2.889845100374512348e-03
2.958287871864013260e-03
3.155631024640009972e-03
2.998894147528414177e-03
2.880366051411148865e-03
2.880033545121071271e-03
2.721467134694940948e-03
2.959349624088414635e-03
2.850205326926244075e-03
2.834387146689956900e-03
2.859045516253462451e-03
2.779692349521942912e-03
2.861128820976575459e-03
2.948899371481952456e-03
2.934978941551274860e-03
2.877444476718074573e-03
2.940264786240614873e-03
2.919632727028532125e-03
3.040010558101911148e-03
2.827789890512030259e-03
2.936736143539778708e-03
3.026134966444611607e-03
2.941487874847646157e-03
2.847931653397674668e-03
2.922035644203569739e-03
3.002111017521053634e-03
2.932132169053660881e-03
3.103448412958602180e-03
3.023524016287280208e-03
2.848479301872729186e-03
2.877301254905230681e-03
2.886297851752660064e-03
2.939259864408564748e-03
2.975211312349460707e-03
3.014816979932419087e-03
3.185017515731089835e-03
2.982682383220248024e-03
2.843428057526674237e-03
2.952180458113707988e-03
2.995532501670234403e-03
2.976159425266601804e-03
2.965134704061035513e-03
2.989165907391905328e-03
2.867090450729433034e-03
2.816328512042291267e-03
3.045803230978414919e-03
2.869669482292252181e-03
3.192183889847371482e-03
2.945443148948450642e-03
2.965756795471514561e-03
3.028158366977767163e-03
2.895543506655647113e-03
2.959594994831448410e-03
2.894210415751290524e-03
3.114481643023552480e-03
3.025364153968854164e-03
2.896237167994531771e-03
3.026592174323572328e-03
2.866826743135063738e-03
3.039596567349988916e-03
2.852572681306634640e-03
3.015068576951670121e-03
2.803388361763574799e-03
2.998245741721953898e-03
2.899159154996699180e-03
3.048021774919619942e-03
2.888874526013412124e-03
3.050078178297641746e-03
2.983357206726746681e-03
3.083312365043775101e-03
2.945082541708683461e-03
2.998161128465437128e-03
2.812422036908042780e-03
3.013146055127633761e-03
3.054034718938361277e-03
3.029840649995295659e-03
2.965290636274546705e-03
2.987410601950960670e-03
3.074187844141604634e-03
3.241834516160672225e-03
2.801770416861327877e-03
2.998879414883192339e-03
2.993317818963764105e-03
2.955965850058214425e-03
2.887702122093882984e-03
3.025595364420842308e-03
2.978015493197211892e-03
2.959707798618562563e-03
2.980214418871031737e-03
3.119100162547383190e-03
3.073053158968804335e-03
2.922411857425858371e-03
2.980651116986342448e-03
2.990826629768164081e-03
2.991743382790366078e-03
2.872445105761388309e-03
2.963174357344694476e-03
2.926665677262650644e-03
2.813460705382039503e-03
3.035805631819826420e-03
2.764980460773737089e-03
3.056290722024196643e-03
3.126496031766299102e-03
3.061251880298659564e-03
3.013894738515534785e-03
3.029379344246155466e-03
2.948719275087148192e-03
2.976960527732938361e-03
3.001185406575369689e-03
2.856048615175976052e-03
3.039051140815654355e-03
3.072964314231417006e-03
2.991558903046849169e-03
2.951579276868160524e-03
2.963029653057191494e-03
2.796916575292940441e-03
3.157304467076254510e-03
2.935343884611310399e-03
2.825656156741763406e-03
2.975113262305215892e-03
2.954514781883395801e-03
3.060917853530967497e-03
2.912800264692843710e-03
3.026122051303023475e-03
2.963368699379465010e-03
3.054557963734463172e-03
3.117519650541182574e-03
2.924549566033796469e-03
3.133708129305070797e-03
2.959267049426837857e-03
3.183966082583081312e-03
2.942950534409736682e-03
2.990776655682414725e-03
2.939905774194465516e-03
3.084658948968701034e-03
2.977111704338351265e-03
3.091978256015022984e-03
2.964801878835405906e-03
3.015648609583679654e-03
3.019450146922694408e-03
3.208982450147378988e-03
3.139501199337244464e-03
2.986928421671188223e-03
2.841349120015618495e-03
3.173364419473826466e-03
2.911153810718334137e-03
3.179708323801933023e-03
3.019817044177913225e-03
3.114809331751590676e-03
2.917913967152979075e-03
3.197184005080222317e-03
2.929546735392227035e-03
3.118707927930113033e-03
2.798344341731598232e-03
3.155295514717106412e-03
3.038165887459131145e-03
3.169740595969572187e-03
3.100565641024629650e-03
3.037500492159623221e-03
2.907341009861807036e-03
2.901220626953347672e-03
3.066367332435766813e-03
3.016144142523268477e-03
2.954164209284073153e-03
2.913908558595057138e-03
2.957686369230342650e-03
2.993268040204750870e-03
2.992245817390019099e-03
2.953275476726116913e-03
2.996520788072244094e-03
2.982794921355419026e-03
2.877656572976687501e-03
2.986981607474072879e-03
3.076518977646324014e-03
2.995574998967358033e-03
3.065000261124347855e-03
3.028803928760597994e-03
2.983614373744709544e-03
3.072708682291811974e-03
2.919607083012922336e-03
2.965048447153314452e-03
3.047019034610814851e-03
2.908901418971531708e-03
2.901772015453992198e-03
2.922073443959881736e-03
3.038469415365036008e-03
2.839652528269548133e-03
2.805425724175644210e-03
3.063880095380285429e-03
3.083148359893464821e-03
3.137803236217349273e-03
2.973266188801079388e-03
3.032424865392703821e-03
3.099448421883950824e-03
2.933187336222577418e-03
2.985317203122453671e-03
2.985403012364028393e-03
2.913822943868757398e-03
2.832343630515442561e-03
2.944581188171636627e-03
2.992718980248330971e-03
2.873374753174202413e-03
3.054634925378763716e-03
2.863863128765294346e-03
2.999470976369777303e-03
3.107482138686586907e-03
2.946947878760828102e-03
3.040685785985178420e-03
2.933176331826628687e-03
3.094354786710725759e-03
3.006357935228327373e-03
3.044329369534012029e-03
2.924667639987878383e-03
3.045252831657100853e-03
2.819509488797918365e-03
3.127118115378225115e-03
3.131090787420331197e-03
3.109816881342530263e-03
3.125904726652070642e-03
2.950413410390085884e-03
3.024773401185735806e-03
3.003292476719244229e-03
3.080265600040418827e-03
2.933348913885939265e-03
2.967367486349391150e-03
2.887377229664212126e-03
2.941412365322649321e-03
2.981756904196857915e-03
2.962981750587581186e-03
3.047630238974637779e-03
3.032632376215658836e-03
2.979722186505978816e-03
2.887826289842121679e-03
2.967551648134014904e-03
3.128280590821372505e-03
3.108497271284968010e-03
2.981628630259580692e-03
3.087690138046885260e-03
2.944732779587674616e-03
3.074835304496641164e-03
3.098090788318571404e-03
3.057612425057503868e-03
2.970572002617430894e-03
2.954055165051485202e-03
3.046292741186097230e-03
3.122394177423171765e-03
3.000946215438008574e-03
3.044145337725297218e-03
3.060355260456567618e-03
3.024128620739225705e-03
3.181045834641137854e-03
3.203520259433685537e-03
3.109386436815028600e-03
2.940519494767347697e-03
2.920485093537792103e-03
3.028702593452524405e-03
3.188427323428954813e-03
3.124167742501193085e-03
3.102175410104384898e-03
3.236841639680495923e-03
3.121851352002767352e-03
3.261914757290072971e-03
3.019889647433351282e-03
3.068061967847584160e-03
2.956379377111826440e-03
3.070404728553144565e-03
2.924913114163331905e-03
3.005037185339023975e-03
3.098896727054249994e-03
3.109966396471634635e-03
3.125872875268735120e-03
2.862343504204846543e-03
3.076072248567702019e-03
2.849710156621240373e-03
2.996997627413162165e-03
2.965152265786139170e-03
3.083592971856378810e-03
3.102024485795858502e-03
2.967460111828411004e-03
2.968737494927965737e-03
3.023039083659708002e-03
3.066862172110710293e-03
3.033648495535791554e-03
2.815601319475096159e-03
3.106350821951681107e-03
3.051007261233236109e-03
3.102319041846893655e-03
2.927238183083485414e-03
3.012108076913448153e-03
3.018627521801271751e-03
3.055459830880826767e-03
2.959040801431252980e-03
3.055740086172763735e-03
2.899218983398779356e-03
3.083486328940902594e-03
3.001176966035419991e-03
2.806322621329453582e-03
2.937949503233009112e-03
2.879201928490262609e-03
2.965645042864930182e-03
2.862875879129937219e-03
3.189001668100990665e-03
2.978101370910765568e-03
2.972850701781201265e-03
2.860858148998609869e-03
3.054665457653525998e-03
2.858237801637355038e-03
3.237349120908457768e-03
2.984905757381431813e-03
2.939924874922890223e-03
2.817129735469446877e-03
2.689666557370868488e-03
2.880126953941839797e-03
2.849832590757911833e-03
2.824473497320508213e-03
3.070604558839194319e-03
2.738495774414581585e-03
3.122726418170584245e-03
3.044253514051140433e-03
2.917195852470048575e-03
3.052976492852885887e-03
2.828722776699574976e-03
3.023291154907761531e-03
3.044089488503936777e-03
3.091685877678675663e-03
2.996698399997539328e-03
3.056537921650699131e-03
3.186775279259940891e-03
3.085902775779545814e-03
2.921509838637245671e-03
2.816198853650738430e-03
3.040465947615634840e-03
3.196972976248292891e-03
3.115836267299144056e-03
2.927259930684206982e-03
3.104243569729877878e-03
3.039346419906920928e-03
2.925174475198413174e-03
3.126393193631665703e-03
2.939400179514167419e-03
2.971081919704097150e-03
3.132966954151037309e-03
2.859879941594115679e-03
2.993207173918762103e-03
2.995836714754015941e-03
3.040221094342751562e-03
3.013286007210606247e-03
2.972977892393698345e-03
2.901486564325158647e-03
3.067162608867064419e-03
2.787218819448568190e-03
2.920197076202120379e-03
2.937010831946964759e-03
2.781139680169155120e-03
2.933840527811149446e-03
3.017662423936976618e-03
2.987846270326687849e-03
3.082907604211853041e-03
3.245663214945215466e-03
3.088780752787291875e-03
2.995242141481937667e-03
3.028263120985560768e-03
2.958975254359899436e-03
3.058427595490379076e-03
3.006057881520160600e-03
3.043645208218945762e-03
3.083806610696073272e-03
3.192526698848602469e-03
3.034795771501233412e-03
2.989222547648532572e-03
2.993719908279109197e-03
2.921010733497861334e-03
3.125849351653425118e-03
2.896142304716464288e-03
3.140089055277118374e-03
2.926740411921643654e-03
2.979905672073252659e-03
2.914368433987873496e-03
2.994436151139542347e-03
2.809787324254667176e-03
3.181034699979887539e-03
3.048929160431201879e-03
2.981546270687761117e-03
2.993323578753792711e-03
2.956716387182996893e-03
3.106749523791208986e-03
3.078250969630738805e-03
3.101943964346519540e-03
2.988373148469009553e-03
2.950106605019722772e-03
3.161100726706924692e-03
2.949924306397200616e-03
3.001069277475262691e-03
2.905806934363911690e-03
2.902208289668493056e-03
2.997733437032870218e-03
2.938404883118423804e-03
3.116927336174096612e-03
3.016205993957253410e-03
2.911889124992432173e-03
3.154527901848695401e-03
2.895140911471055789e-03
3.125427915691974569e-03
2.888835130773109543e-03
2.939010284362810355e-03
2.999275979184409368e-03
3.222925825800253882e-03
2.860287842559702982e-03
2.768989240496715770e-03
3.038628973649462085e-03
3.220966856905894352e-03
3.064034669042503892e-03
2.942515050231267210e-03
2.960297386878227126e-03
2.981444142330873411e-03
2.984208677035898177e-03
3.068344520042128910e-03
2.961900381506723298e-03
2.763093645621065176e-03
2.993205674742656364e-03
2.973879361945400319e-03
2.871748415050373766e-03
2.977945560990298557e-03
2.979761593072135714e-03
2.931113788717477995e-03
2.884450066799216540e-03
3.195078327866699569e-03
3.141668926908938730e-03
3.067225568042719012e-03
2.930734257626081869e-03
3.069795653481367272e-03
3.006186653377748708e-03
3.118608834029343996e-03
2.994106231710428039e-03
2.922427791844688354e-03
3.087232347750963959e-03
3.245066198884406349e-03
2.958703036045159940e-03
2.959929413453604718e-03
2.787112098372253495e-03
3.028274770871929294e-03
3.184806064826242560e-03
2.923685452572693817e-03
3.110899857338930621e-03
3.246341397384583816e-03
3.052155833142671144e-03
3.028930190096154954e-03
3.054680302110728517e-03
2.916232552293438786e-03
2.895925782860221676e-03
3.319716698993834501e-03
2.979814201499907805e-03
2.895377215511132571e-03
3.038789852069380838e-03
2.815194070631130314e-03
3.097372442306730450e-03
3.101484830321606882e-03
3.198541124491745963e-03
2.937552586459510687e-03
2.982056272563435653e-03
3.047964669479343719e-03
2.924126303198002277e-03
3.075083040859069757e-03
3.090130432136074280e-03
3.160877915615184670e-03
3.118204281004272223e-03
3.079809813272316871e-03
3.049098035548598873e-03
2.958384033907668006e-03
3.087329933350249720e-03
2.966754248765818541e-03
2.827935415955505453e-03
3.077267186233812943e-03
3.120028187072619932e-03
2.886538974829102114e-03
3.001072590483056142e-03
2.986486670313317875e-03
2.967816803565654846e-03
2.882639290303593005e-03
2.994819037435749072e-03
2.934357150911152349e-03
3.046665182075575153e-03
2.973283958445016237e-03
3.187709378714194929e-03
2.998755935583490104e-03
2.942923034641262148e-03
2.946313176240206340e-03
2.956194059963612297e-03
2.858019017381004025e-03
2.999736046687801871e-03
2.891033551023246880e-03
3.046095683953156663e-03
2.757661439796840665e-03
3.052512261380539455e-03
2.935193252826739582e-03
3.019742594381322112e-03
3.138033076156117578e-03
3.056171568632035877e-03
2.990789875886773475e-03
2.991884945250991405e-03
3.165114595247182829e-03
2.923530779927034987e-03
2.931363512075378392e-03
2.994788513975567799e-03
3.158519893406446736e-03
2.845685082863970601e-03
2.940786129311126831e-03
2.945993058066690394e-03
2.962471530787874965e-03
2.818892103960013700e-03
2.867005613323357106e-03
2.913066545627910221e-03
2.743889987382831103e-03
3.062987851276954832e-03
2.896287926880642544e-03
2.989798317316334775e-03
3.052324382148546237e-03
3.001562478959269534e-03
3.082877745670565151e-03
2.967112301745373094e-03
3.194446334671874072e-03
2.991831398311427595e-03
3.023301474920341708e-03
3.068079992589364466e-03
3.001798430722344476e-03
3.089799892019027064e-03
3.183533116966129600e-03
2.994123542101624885e-03
2.947538725375140577e-03
3.183413561801465980e-03
2.946068150645415450e-03
2.988448495823601246e-03
3.061181173711468445e-03
2.996462054316888311e-03
2.854272985470377322e-03
2.959155646543463504e-03
3.020496753409175877e-03
3.128014312768111465e-03
3.174672906116046689e-03
2.981382569084535007e-03
2.873379838332190250e-03
2.935010358421048966e-03
3.037341427718946892e-03
3.009518599976210296e-03
2.980913548401866418e-03
2.978740108416483810e-03
3.056674003381203847e-03
2.978191015174546340e-03
3.031006423455900271e-03
2.853671654248578823e-03
3.117263972969692119e-03
3.143255579704342870e-03
3.160140342934754897e-03
2.977661470164031775e-03
2.927592130412524224e-03
3.122120983910661209e-03
2.951804808306246301e-03
2.992397656326146148e-03
2.966702177296246142e-03
