1.174117747836115862e-03
2.794468137697999743e-03
1.360622851387695287e-03
1.670702973733574712e-03
1.292185285242497322e-03
1.513513238632461198e-03
1.708073948959683242e-03
8.974618583756045417e-04
8.309034496042782018e-04
8.739309279277148942e-04
1.269477271023315527e-03
1.646175509510853802e-03
2.265372168483553803e-03
1.650112028730627923e-03
1.726949426922948574e-03
1.485797912329905922e-03
1.229947651351883135e-03
2.406991875694263015e-03
1.409262293400344486e-03
1.437080316952512715e-03
2.026755664040425387e-03
2.171919486654818460e-03
2.010605735087301737e-03
3.641413300637447907e-04
1.536135385746640681e-03
1.644189385494366790e-03
2.605987486992983413e-03
1.054859262933094139e-03
2.427180780375337837e-03
5.876357793858926100e-04
2.017769112444855930e-03
1.181802814873081364e-03
9.088367423871698565e-04
7.573204062282439886e-04
1.621097439813148520e-03
1.751599398434983091e-03
1.530034281950242228e-03
1.062668079114358630e-03
1.147005390699948942e-03
6.990368490900594322e-04
7.521246276483863459e-04
1.558156262140775227e-03
6.888088585255582172e-04
9.817594837448605921e-04
1.000303617014603819e-03
9.180941148699276930e-05
1.314229540215788861e-03
1.225862946411009329e-03
1.030592751221258473e-03
1.286082723940145268e-03
1.466396825863561367e-03
3.313956591946381190e-04
6.018932132158807610e-04
6.271707533237950820e-04
2.128081191858948362e-04
1.069633335297543375e-03
1.024981816192305478e-03
1.180065310711180199e-03
4.412861246704437171e-04
2.557170805611388032e-03
3.883997831484971080e-04
3.230853407736737387e-04
1.748095920734706217e-03
5.067352708225507114e-04
9.548931376854418850e-04
1.120598085841159261e-03
2.733692183914158773e-04
6.786874004198268284e-04
3.739282355649477989e-04
1.637201802704610863e-04
5.269350363944537170e-04
1.445545742138809511e-03
4.969921147782948613e-04
7.607093346775306271e-04
5.403781539391329207e-04
7.005522077378157839e-04
9.260619858277273353e-04
5.770127785221675337e-04
8.777660240900827778e-04
4.975275156551772987e-04
1.754049865496862259e-03
1.906145560590014011e-03
7.781289870132225648e-04
8.818874199581875099e-04
4.298583462056182946e-04
1.928999649384777323e-03
8.014805863539213940e-04
9.154627740670413924e-04
1.067151753557678674e-04
1.258220198614371475e-03
1.345689674559165643e-03
9.847954302341925710e-04
1.171267507520420362e-03
1.361531614434062900e-03
7.748718635793390083e-04
3.342776390908813017e-04
1.158565159239478663e-03
6.647006814539472555e-04
2.041530052569375669e-03
8.644730126537398607e-04
9.979476308266371342e-04
1.336875924091931404e-03
9.821809639753539996e-04
1.342835219646694184e-03
1.824547404829940768e-03
9.963254808861316415e-04
2.178043311140245245e-03
9.361633929664942531e-04
1.824649300378432216e-03
1.823787474427179941e-03
1.801481039945426700e-03
2.203256498007762423e-03
1.279957338036197311e-03
2.715172307519875521e-03
1.406154092389168102e-03
2.050791702500329768e-03
1.495445389201443837e-03
1.764784171438430220e-03
2.861520651599653350e-03
2.913595247756993901e-03
1.753957577006869367e-03
1.243454010162501440e-03
2.038967553266548497e-03
3.718241799354694583e-03
1.952580314249240329e-03
2.119753497873276722e-03
2.967384536375624465e-03
2.159008233489538922e-03
1.528476560140154712e-03
3.155518533843133279e-03
2.568926715761280129e-03
3.366361704549982164e-03
2.970171206578598160e-03
2.107516458659666921e-03
4.002874108587222562e-03
3.155436854077619570e-03
2.958991860205096181e-03
2.254102170721619149e-03
3.602797855327682843e-03
3.605984177775357381e-03
2.469464647289626186e-03
3.535884313979213277e-03
2.975502177892988629e-03
4.617249079420421114e-03
4.728877754148984834e-03
3.085653716104230868e-03
5.695767704132138898e-03
4.266961099156583656e-03
5.348168585009123975e-03
4.155932314813627626e-03
5.355529839112639114e-03
5.173185019214330931e-03
5.135118203108696676e-03
6.923574020115580256e-03
6.818481978095182472e-03
5.441768639047220996e-03
5.211821319858672696e-03
6.252352241374677273e-03
7.754004473554453568e-03
9.437428450318318535e-03
5.886126839899241507e-03
5.513394219846642214e-03
4.923234468860043962e-03
7.078189285961899481e-03
8.021141190936014256e-03
8.138498014121052504e-03
5.127837048662838189e-03
4.776678106513695780e-03
7.932923084310311915e-03
9.901082108119015762e-03
7.892883264610590227e-03
8.240273292396764135e-03
6.902383603007487475e-03
6.872967760664924937e-03
8.595375076788699248e-03
7.826570951827040504e-03
8.419762397133901191e-03
8.733150344302375093e-03
8.890495938825525996e-03
1.151201801487212843e-02
1.043407390028027772e-02
9.674782033681579921e-03
8.261998199889566269e-03
9.570569080487197761e-03
1.347575967038731025e-02
1.302712461682532623e-02
9.994365056848551754e-03
1.036411764604027418e-02
9.570022219205217423e-03
1.011213177074785780e-02
8.023782986255946839e-03
8.555529384070892363e-03
1.368965287544434556e-02
1.266689054879347083e-02
1.057851980654985619e-02
1.336109691443669242e-02
1.275720299047136339e-02
1.583062970130946420e-02
1.538662803065254416e-02
1.390102175164422034e-02
1.337197754321866813e-02
1.721953422856672966e-02
1.536608716052553260e-02
1.682035861473232113e-02
1.474602296970452427e-02
1.749430939560374723e-02
1.421206161924041221e-02
1.641456051240968231e-02
1.462803017414034991e-02
1.821167551066711285e-02
1.347632570027264103e-02
1.503813508143066711e-02
1.331494258073860799e-02
1.605167073253591786e-02
1.458856578212935212e-02
1.445935395104205705e-02
1.531436702774562932e-02
2.020220216483822537e-02
1.642350497592727845e-02
1.560003947756135288e-02
1.649918314627552007e-02
1.502709922411954793e-02
1.712843416211909386e-02
1.862019713187645573e-02
1.543941439066945885e-02
1.574066767732008876e-02
2.024899580766878135e-02
1.428060889644420031e-02
1.872388937761433614e-02
1.322757466888741483e-02
1.378523747560884451e-02
1.867009873518631069e-02
1.806036380701447897e-02
2.010803641357713709e-02
1.436120598488687013e-02
1.632778785445876055e-02
1.846483536293703695e-02
1.847054120290009607e-02
1.892918549676761431e-02
1.713194145650457495e-02
1.499968443407825175e-02
1.816937885191395943e-02
1.881771252172328990e-02
1.533210436424379403e-02
2.244417730553144308e-02
1.977924960101824781e-02
2.254335361578994890e-02
1.378804252666320819e-02
1.843375364249443676e-02
1.603963571010257744e-02
2.045612556015984421e-02
1.873241207715558090e-02
1.995007015404397580e-02
2.182082698222837652e-02
2.182020537032719823e-02
1.705904972248497090e-02
1.837770487492003044e-02
2.349808097153551628e-02
2.391825246878707956e-02
2.350018745990994570e-02
1.974976657763293994e-02
1.822071485824721879e-02
1.800041250499045953e-02
2.378309876868762995e-02
2.384887434460901054e-02
2.691256343311803148e-02
2.277897822363608715e-02
2.774835677719617033e-02
2.185047220446087457e-02
2.611614496476657651e-02
2.020563248123599318e-02
2.549736137491124405e-02
2.270460898174977982e-02
1.725014181303267946e-02
1.941555165287640883e-02
2.493571577690517974e-02
2.214108233572849652e-02
1.783759477380012642e-02
1.610649158838035541e-02
2.012527281389776129e-02
2.031314880212244794e-02
1.664528919094796638e-02
1.594371798104317686e-02
2.027756874874710180e-02
1.677241352522086670e-02
1.819489230930754556e-02
2.283305403616977050e-02
2.290384620261765036e-02
2.095012857915315441e-02
1.860677137206263529e-02
2.706411203140217381e-02
2.341233601383057097e-02
2.323442103392209246e-02
1.924438297742876725e-02
2.308157905614294583e-02
2.086616782512006052e-02
2.367727063444240859e-02
2.162523947051058978e-02
2.314123424150587444e-02
2.727604771819852961e-02
2.573082083259086925e-02
2.236200047775144945e-02
2.097461439610437406e-02
2.340356525172946831e-02
2.413110666780846070e-02
1.870880739682446656e-02
2.382825656883259813e-02
2.048476885610468756e-02
2.388662077579191412e-02
2.644696976048152223e-02
2.272766357001902715e-02
2.274045011778357342e-02
2.008460731753808348e-02
2.092485230191303697e-02
2.343155528414967922e-02
1.959088661488387478e-02
2.450917906765449905e-02
2.293777193608922613e-02
2.336218740524300883e-02
2.258553635048973773e-02
2.059005789484097057e-02
2.285156195329448095e-02
2.263754107454524905e-02
2.655542596626378135e-02
2.484209779662318804e-02
1.871613401202648630e-02
2.066907032205275718e-02
2.790821579880025174e-02
2.476883331030745733e-02
2.903777951440154187e-02
2.106142745092654672e-02
2.060259699136070266e-02
2.601483895578243777e-02
3.175663945324258552e-02
2.076437311883641557e-02
2.094629038448226482e-02
2.053057157044427955e-02
2.034366048555951573e-02
2.033506388428209244e-02
2.039314747842865469e-02
2.295400552313168335e-02
1.846589193934102327e-02
1.940233512726503851e-02
1.904334510755266441e-02
2.152281536070319024e-02
1.931988148578700493e-02
2.223216420448798428e-02
2.055766695115157291e-02
2.021703527791413393e-02
2.270339976667441056e-02
1.890866495971179478e-02
1.752825690252894295e-02
1.966156945108041634e-02
1.719890257815604243e-02
2.104986039927255262e-02
2.132959575232318272e-02
1.797265362429017674e-02
2.044331721170888905e-02
1.867620110159284863e-02
2.275193949878891522e-02
1.998609442311477871e-02
1.962866169244637318e-02
1.887937721299575919e-02
1.836978659275781411e-02
1.585199441404650314e-02
2.088598240442492843e-02
2.469855934985560469e-02
1.634447018342716218e-02
1.880935405544828520e-02
1.831073812583711852e-02
1.807599605087488806e-02
1.874228037413867842e-02
1.929252076616732106e-02
1.949249429296165750e-02
2.026571952237195967e-02
2.109447261647999158e-02
1.933852113854785462e-02
1.611760298621085774e-02
2.267997332629579157e-02
1.952662015450095517e-02
2.104991375786129104e-02
2.030639404695632963e-02
1.695840032130723624e-02
2.112654180383710320e-02
2.067096259192028121e-02
2.147798804106281281e-02
1.927475105841471720e-02
1.847949510749780436e-02
1.682355872003572089e-02
2.219559871311056753e-02
1.671534531035918231e-02
1.968851415194686899e-02
1.960259531569683369e-02
1.761182672340936423e-02
1.932098445332327066e-02
2.367451661776501584e-02
1.456043727784181625e-02
2.049371709699426142e-02
1.968303952307836821e-02
2.095660949352691482e-02
2.226878099406614728e-02
2.247451797242266958e-02
1.510973484642257753e-02
2.443439978889706127e-02
2.270227798176034650e-02
2.199351360884057097e-02
2.125384012291035504e-02
1.990404241045233211e-02
1.969614442072208788e-02
1.866443485682581227e-02
2.291381832075524080e-02
2.386975080875454805e-02
2.032442662058016672e-02
2.268721271270449438e-02
2.640812638593228664e-02
2.118850112529894331e-02
2.293409423089995056e-02
2.122611005357662520e-02
2.501955758967296106e-02
2.473732869310070817e-02
2.155140100145342547e-02
1.958493519109686179e-02
2.437031562821158001e-02
2.118427434687870578e-02
2.434062474830620687e-02
2.136045338376393529e-02
1.931643945642977367e-02
2.191336878881642788e-02
2.531849706281022808e-02
2.166648162916173098e-02
2.183383207458440209e-02
2.168416771062836937e-02
2.377374605876050526e-02
2.171640753756818101e-02
1.891322056824406087e-02
1.783012386808789304e-02
2.167991589723887100e-02
2.075975756172528455e-02
2.086564280073097133e-02
2.265353071738950702e-02
2.040438079586471762e-02
2.269388275060206170e-02
2.803767865915580623e-02
1.841238060733165621e-02
2.610552162694890210e-02
2.024087956241800781e-02
2.010570829034233689e-02
1.944294969968103290e-02
2.165716522808302721e-02
2.153860973963362541e-02
2.443526867987765028e-02
2.602106644180943174e-02
2.365853314091555942e-02
2.046629175288553967e-02
2.413068265888392364e-02
2.022355034409345845e-02
2.682234797121279060e-02
2.349510696866646473e-02
2.195612945651191986e-02
2.367822884489016386e-02
2.304950680520247500e-02
2.449220438273923273e-02
2.741114878411213956e-02
1.987972005910813161e-02
2.349614855891860032e-02
2.264400279551240236e-02
1.817920112454932471e-02
2.422828365493505734e-02
2.153882072185216850e-02
2.302971300286053499e-02
2.596678254691889287e-02
2.223764830840116100e-02
2.517025999975984127e-02
2.662657651733772377e-02
2.390643478567914398e-02
2.572051030903724569e-02
2.432207592970520027e-02
2.727587577652080750e-02
2.348484398102508239e-02
2.206758123310867056e-02
2.265288533970995222e-02
2.504152690329041614e-02
2.700111649658575030e-02
2.594952219083844144e-02
2.814810100554159672e-02
2.369502009147515798e-02
1.820202573505077387e-02
2.520036205748538496e-02
2.301802619064903174e-02
2.129990472893955600e-02
2.512260689923019596e-02
2.402891843090514817e-02
2.780131793754719166e-02
2.458190808711858619e-02
2.107876610648785204e-02
2.671033987744582394e-02
2.532985495907530415e-02
2.609136033688039952e-02
2.439659229899989248e-02
2.591328978735153374e-02
2.580699879876203681e-02
2.535981402663302006e-02
2.904933813725052438e-02
2.814248427376534606e-02
2.312281716468288575e-02
2.186751640629603505e-02
2.453584889631693980e-02
2.553815842496418714e-02
2.654435682593760115e-02
2.543783065170977797e-02
2.094791320638477589e-02
2.404590265137514921e-02
2.573136892017334823e-02
2.860114405189112530e-02
2.383889464391886551e-02
3.143471020431809482e-02
2.950002248112675377e-02
2.619270803025582420e-02
2.796274964763342114e-02
2.504314914178012302e-02
2.401018537042280340e-02
2.206117618952806864e-02
2.891071168735095259e-02
2.673435794423439232e-02
2.338777509501512031e-02
2.695909189904055828e-02
2.570970218419601702e-02
2.062562555377522172e-02
2.519436648941656906e-02
2.696030936596932256e-02
2.581353680909001871e-02
2.956131122950013748e-02
2.797560841720573080e-02
2.444937914686203667e-02
2.856835205080443182e-02
2.767624544670872766e-02
2.270374092261620569e-02
2.684021560432084050e-02
2.729249396374963665e-02
2.881837810830421842e-02
2.845739643133950170e-02
2.938568289632455255e-02
2.239836607374162333e-02
2.946715626293811008e-02
2.806707365823456202e-02
2.393855405458422680e-02
2.814315913805152253e-02
2.344868639621116094e-02
2.529657045089331313e-02
2.493347842354207838e-02
2.429169842008140415e-02
2.719943280327373133e-02
2.486705419076542731e-02
2.677515304096541801e-02
2.264963123773193129e-02
2.637656853500279508e-02
3.015002203957516114e-02
3.123690382483575861e-02
2.718873778597245480e-02
2.412044805096395447e-02
2.805306999033620879e-02
2.557091101009600215e-02
2.205885998613037538e-02
2.978001249997613148e-02
2.630280520258589799e-02
2.978415861085631153e-02
3.138419659879413542e-02
2.652638267263166677e-02
2.788215450957934327e-02
3.070771837981541366e-02
2.459754973807977418e-02
2.373495523586783076e-02
2.858749473248542103e-02
2.647658160339615846e-02
2.902243559924962829e-02
3.173660260485466206e-02
2.701238685148977386e-02
3.079271170267890503e-02
2.843509244513643675e-02
2.974889304920797298e-02
3.026378404721185092e-02
2.807064206073464283e-02
2.632242406575061727e-02
2.977562141896868131e-02
2.221963424545194202e-02
2.479586226511617739e-02
2.367321998899411459e-02
2.515333220949843643e-02
2.882645882559924100e-02
2.324129140849867312e-02
2.781214189657440009e-02
2.606653726035672997e-02
2.740863639173165417e-02
2.930191616110392611e-02
2.912304707409804280e-02
2.390173841883526384e-02
2.568834441473440144e-02
2.325375289237959289e-02
2.990776836644223197e-02
2.442854477580128428e-02
2.989627386873149745e-02
2.894701182387390825e-02
2.442729271577948058e-02
2.408457712542360490e-02
2.902568109824262693e-02
2.709761546216530453e-02
2.798776539288602011e-02
3.095456698274041268e-02
2.631518980113321804e-02
2.981569790304225073e-02
2.846993901426661533e-02
3.263804740373849045e-02
2.951530501563461376e-02
2.668714208523363662e-02
2.507512162440168543e-02
2.700782456538286525e-02
2.777834627326526348e-02
3.281427110977953171e-02
3.058283681760403175e-02
2.345279095299367123e-02
3.080244284990899667e-02
2.767604290826378502e-02
2.519842163647383407e-02
2.348937753556349164e-02
2.507313281436100716e-02
3.123859007000761093e-02
3.179390149370196067e-02
2.681007601067711757e-02
2.918562748685963118e-02
2.291220475956494765e-02
2.732769946556531590e-02
2.463688023487348513e-02
3.074895503763869914e-02
2.994907063809864808e-02
2.879474040767386264e-02
2.425723685982236061e-02
2.917945313007719310e-02
3.311984736634658588e-02
2.783348664266351372e-02
2.793288727630053106e-02
3.033519491556379427e-02
2.772686476324807969e-02
2.940903715420771503e-02
2.931042623842524189e-02
3.140269959955560575e-02
2.966322060715343573e-02
3.042120932295129879e-02
3.324962619037852979e-02
2.764773620157613340e-02
3.489610041718289174e-02
2.892009390313232328e-02
2.335278464784535518e-02
2.563007478238822634e-02
3.175185075373208182e-02
2.541492170669896328e-02
2.770534542891403204e-02
2.837292166932328316e-02
2.297314012995988614e-02
2.689054754546113188e-02
3.108607609315361051e-02
3.026750547829304763e-02
2.417944529199699336e-02
2.923168750818984363e-02
2.882166084599173048e-02
3.138411412614798557e-02
2.922161232124219354e-02
3.307163146065387332e-02
3.150850958740789021e-02
3.024163512555787248e-02
2.637488896695639254e-02
2.920659522802817806e-02
2.760675965219163558e-02
2.627906426560355779e-02
2.590809849758196962e-02
3.197022239613055150e-02
2.805462019989648018e-02
3.071033945724092884e-02
3.517382678110357597e-02
2.877513715926137763e-02
3.646493881239912249e-02
2.839978551494059048e-02
3.209433352915012916e-02
2.867447972781977591e-02
3.317629265642669384e-02
3.100931180593044512e-02
3.207183632657521766e-02
3.258233415550600837e-02
3.312618795821097029e-02
2.888729472601659493e-02
3.420356832440497874e-02
2.862875509335863211e-02
3.062182205677667010e-02
2.860840236722175800e-02
3.185703469581711855e-02
2.786485488952793882e-02
3.065969477061164863e-02
3.051227528983275691e-02
3.123108082557022810e-02
2.663367479383992736e-02
2.407229615220197322e-02
3.232355122267024927e-02
3.400551375701797024e-02
2.911252276946556250e-02
2.978885035944911497e-02
3.138749607275133358e-02
2.798227570873053002e-02
2.890307993297440078e-02
2.917614052859907742e-02
2.468325213205716656e-02
2.874597889651139132e-02
3.220093753888192412e-02
2.408438950022126837e-02
2.895509290158786164e-02
2.311991420375152442e-02
2.950921081782785851e-02
2.875688131927586766e-02
3.315504912667071452e-02
3.538229749656828654e-02
2.999707380593915132e-02
3.608938255795086231e-02
2.834720496417574356e-02
2.616294191878518194e-02
2.964709122012123069e-02
3.301621175857614998e-02
3.435386667184851806e-02
3.453011144580553360e-02
2.926269053709927917e-02
2.600464469592384323e-02
3.116898882199367962e-02
2.983718440103868760e-02
2.981554941777851339e-02
3.098475988813953474e-02
2.386316381121926511e-02
3.396521188612100506e-02
2.985147041582757871e-02
2.796010293940877703e-02
3.712772068806747400e-02
2.677547874482312518e-02
2.741084259822692409e-02
3.425288107856400144e-02
2.880307219453856482e-02
3.191880344550664106e-02
2.393904458056794401e-02
3.249268988495804950e-02
3.513426198182189458e-02
2.982548137687819970e-02
3.665513190450046116e-02
3.224464692855583126e-02
2.867703789666581002e-02
3.355928758333648343e-02
2.931201000039567947e-02
2.923018022069423863e-02
2.869854603392177697e-02
2.637376619354554752e-02
3.040211486943488958e-02
2.940541326118084955e-02
2.842049877889746279e-02
2.765972149129805949e-02
3.212229588428903992e-02
3.074500774431842762e-02
3.197296804676235532e-02
2.456156248425481886e-02
3.555637352655786898e-02
2.939173304578816120e-02
4.064352386670855993e-02
3.107346583639504153e-02
3.599399041249443099e-02
2.841266058243658785e-02
3.215468835055814573e-02
3.027153670975205393e-02
2.667501268420545413e-02
2.974361783873707629e-02
2.878013692612384211e-02
3.143634345714866468e-02
3.072429337006031547e-02
3.121360715421288637e-02
2.965987031181237937e-02
3.264675437813820830e-02
2.888621032471076766e-02
3.192179572175881525e-02
2.675597675785249333e-02
3.012353230983588065e-02
3.624415625626412757e-02
3.266288673674830334e-02
3.037720539005140871e-02
3.376626242481749196e-02
2.971128471482351735e-02
3.653343074604903373e-02
2.686820616631312511e-02
3.305543089275032181e-02
3.318741032710484373e-02
3.197024850819715075e-02
2.975993070319622041e-02
3.084189819830294998e-02
3.312466381064593790e-02
3.514420057017041826e-02
3.033633869790626839e-02
3.171791923456733497e-02
3.690500957324051312e-02
3.562647509879480340e-02
3.172875358629263093e-02
