1.693517698624964372e-03
1.881093190890342293e-03
9.461175212656702848e-04
9.725821353681285376e-04
6.623425005059311969e-04
1.437029391561994024e-03
9.780119900161556284e-04
1.624841952420113395e-03
1.252281076923043076e-03
1.825202609327643190e-03
7.142683429163780183e-04
2.007025119535869005e-03
1.492405838609948444e-03
1.330359224460621456e-03
8.564000500998711915e-04
1.289799682389793437e-03
9.026125119834919625e-04
2.286082012727198246e-03
7.513930480018706469e-04
1.110634248518025920e-03
1.607877108795592504e-03
2.466846319112528038e-03
1.983379388797959931e-03
1.544773620777011112e-03
1.800021082286343927e-03
1.138082190665400464e-03
1.714960708518166411e-03
1.699709297641657834e-03
1.283339593893016240e-03
7.010804056350914640e-04
2.443842319368321175e-03
1.051022036421240570e-03
7.711927853451335142e-04
1.891319372296760507e-03
9.122180614867294582e-04
1.416489612545417109e-03
2.456604698450313897e-03
1.870072956524346675e-03
1.493529478322375582e-03
2.581968564626142305e-03
7.967846426525310513e-04
1.004374540078333336e-03
1.237127139496113203e-03
1.907059514575367353e-03
9.358977726449835711e-04
1.197151837206127806e-03
1.727408711241035190e-03
1.713343862291089644e-03
9.475986592356508940e-04
1.853559240796491536e-03
1.426404863551496626e-03
1.849089145620320214e-04
1.770456787676900597e-03
2.217401357155990033e-03
9.173977267070443928e-04
9.847023985335200472e-04
1.024004869802951252e-03
1.765525786033848897e-03
1.017150965417119813e-03
2.432198944058890089e-03
1.320020784304186574e-03
7.531985647495707380e-04
1.883541420945888684e-03
2.761318285292418181e-03
7.980886264664128907e-04
2.356215187980265947e-03
5.030861554689474227e-04
2.058391050599957944e-03
5.396716088056148931e-04
9.697181133025042617e-04
1.093839296385601487e-03
1.401507536592055698e-03
6.050128115041919019e-04
9.025925703142917986e-04
9.343686475817756208e-04
6.071150148774256570e-04
5.460097926189560070e-04
9.411622541620352214e-04
1.004731878508210649e-03
1.380463002472262371e-03
1.330239854657194883e-04
1.058779764999854623e-03
1.221619615687637769e-03
1.093812644227631090e-03
6.144870406905476520e-04
1.450891857429837360e-03
6.797840332884551176e-04
6.011126940537325639e-04
1.578444394215037377e-03
8.280910993066202021e-04
1.350524166101009981e-03
2.982573853989680160e-04
7.503068223017345800e-04
4.267985589400813819e-04
2.744622008074517781e-04
6.147446191378514151e-04
1.455240903957718364e-03
1.680866259298997249e-04
1.017914939528643007e-03
3.854784529679531561e-04
6.472764607451869179e-04
1.280159387839155546e-04
7.628624237865452460e-04
8.264253095042199855e-04
5.441665619021494914e-04
1.149858473277066810e-04
3.935870673101925601e-04
1.692310012640779195e-04
4.122586781539283401e-04
1.439664968665395675e-04
8.910066567529537377e-05
4.754110822761539539e-04
3.712046511637852515e-04
9.524763813209280190e-04
7.037561879237370802e-05
7.319034700978369621e-04
3.376156806882729309e-04
2.478585505774298908e-04
5.160671101966881908e-04
3.088358571340013418e-04
6.689813965158239971e-04
1.673703808914883716e-04
4.405413090931959395e-04
1.591441186046774095e-04
1.328146886761660676e-04
6.012107233004126451e-04
3.158042209174456738e-04
3.978009054878675269e-05
3.728815153712475056e-04
9.250596254218907029e-05
3.275229834794661591e-05
7.568938824214008599e-09
1.762238278706716027e-04
9.048219582798919507e-04
7.235699006668065139e-04
3.554691392197110848e-04
7.472922773181244784e-05
1.506013393913381935e-07
7.193540999587896766e-06
5.203247927410658939e-04
7.311711331892992467e-06
8.847705055238470678e-05
1.227575512013776154e-05
2.245680841379200964e-04
1.959494257474506172e-04
8.895747869599579172e-06
1.894277894547506365e-04
1.441687745222979234e-05
3.426470826182695671e-06
1.602359726693835401e-04
1.655353079447805626e-04
3.200713529776278723e-04
4.924975565494926332e-04
3.314667083371607777e-04
5.741637167616503830e-05
2.888555472672532415e-04
1.103050880876845145e-05
1.952730716131530556e-04
5.469297348311688220e-04
7.693053888090214043e-04
9.106261596795225260e-05
2.064816278585957659e-04
4.821586144258470071e-04
3.388941716897467412e-04
2.536561474661956661e-04
1.672035681049769415e-03
7.374206084085055933e-05
1.414363430019204514e-04
1.384000287641663719e-04
4.636638800432053647e-04
3.865646198218693338e-04
7.368620291076142343e-04
1.782154315554555833e-04
1.171634061865900760e-04
5.357271996283035275e-04
2.992400394894254571e-05
3.432837040387943855e-04
1.862986568459560146e-04
9.876634402506887216e-05
1.822528795754098374e-04
1.508252658857010364e-04
9.151870093689428278e-04
8.502179872445739684e-04
1.722240172254922285e-04
5.094270688473357235e-04
2.336448456461282647e-04
3.826893850482661341e-04
2.823725975014510121e-04
3.996484719429600871e-04
3.258408381477282209e-05
2.425563481578632162e-04
2.384810790308565889e-04
3.103666527072684042e-04
1.112108012968113019e-03
2.988790870482382965e-04
1.411139201647755408e-04
9.421671480319733375e-04
5.567674107350623937e-04
8.686937859217816731e-04
1.316068902419969796e-03
6.811839654512172630e-04
9.820902788663151556e-04
7.097606918775383692e-04
1.022990357656717491e-03
1.234596481011032731e-04
1.116720231962538236e-03
2.477537228894777406e-04
7.240776988846289340e-04
5.494844796843884960e-04
7.892544332390053017e-04
1.348618794255172478e-03
3.028337137220912670e-04
3.049346488752806327e-04
8.203652986172076588e-04
3.044133073108507177e-04
4.289746104235121825e-04
1.120832359866214510e-03
1.340042147106479181e-03
1.043141317813649563e-03
1.134782263316696984e-03
4.593672654409466428e-04
9.227400871321749746e-04
4.889830194720249214e-04
6.198091344859247035e-04
1.070107068044915153e-04
7.634816726817692184e-04
2.310816881098064560e-03
2.194431178143809922e-04
8.551542048138937148e-04
8.227902249454725151e-04
1.310772264523710503e-06
6.367539289100260409e-04
9.452186274835752472e-04
2.211992231747171665e-03
4.068049534865688646e-04
4.803499645331499963e-04
1.452131393121109618e-03
1.529045928623358691e-03
1.609377205732602121e-03
8.768836654700478414e-04
8.600682948149972499e-04
2.008478472178912896e-03
1.152152901822711163e-03
3.166254548726825011e-04
1.424587220398626595e-03
1.757772545436123894e-03
1.368716231013371700e-03
9.625168081058799131e-04
3.141141944052174505e-04
2.748049155189430121e-04
1.044352198605583279e-03
4.300120629064342007e-04
1.216110461699864169e-03
1.384344320658711632e-03
1.619251973153884886e-03
1.479916923846044110e-03
1.778959206610474485e-03
1.240856143617119749e-03
2.797431398648362547e-03
2.453010825024405390e-03
1.623818616761632180e-03
1.400265534632620440e-03
2.498802022241136938e-03
1.759132565907759078e-03
2.319154469017105456e-03
1.831433302343452290e-03
2.125950385540607834e-03
2.960562805437297502e-03
6.242035380015994745e-04
2.448102536574174592e-03
1.364090224461500479e-03
2.970056730032301969e-03
2.261588499430867028e-03
5.472174465421762984e-04
2.006324543940674054e-03
1.741905735941099050e-03
1.973280588612271336e-03
5.221762362739796118e-04
5.663692080902620876e-04
8.668000391789189340e-04
8.663082179142755869e-04
9.707216987442451005e-04
2.961606964804660300e-04
2.265163412936553600e-03
2.732320998584930778e-03
1.401108039097524131e-03
1.862398587455047416e-03
2.213995412032385059e-03
3.782487402106857102e-03
1.656574608333960530e-03
2.568694197952097261e-03
1.705523991723434298e-03
1.683272460895422285e-03
1.674215519934025686e-03
2.222665176528478004e-03
1.294697817814295052e-03
1.220483312074098405e-03
1.605284090248680715e-03
1.393304369006552901e-03
2.742184518675255464e-03
2.688763901014092159e-03
2.007184607257558005e-03
4.547261119431748595e-04
1.948316166874283772e-03
2.414448324584713302e-03
2.314491987818655117e-03
1.472337055148514005e-03
2.094144124550631567e-03
1.532609112603397624e-03
2.308211003916311836e-03
3.422622086445947787e-03
9.529336544908619975e-04
2.293358550712768038e-03
1.542944585036819857e-03
1.936738015590363116e-03
9.471170760190092625e-04
2.212216173657952523e-03
1.679542573626695203e-03
2.828438198073802545e-03
2.624596094589673207e-03
1.426560941659496800e-03
2.370507284939780100e-03
2.163479328094311538e-03
2.855095888222497057e-03
1.244717147625298273e-03
5.053196127307518293e-04
1.018337587309622828e-03
2.377048804100414820e-03
1.101750144101830160e-03
1.506301916395276540e-03
1.195568146374804573e-03
1.007321612937376243e-03
2.017429586870171220e-03
2.671639375727158112e-03
2.912426477660769088e-03
1.129423345373640987e-03
1.199745492331731481e-03
6.110153077711457173e-04
1.181294687045587139e-03
4.510975415882922468e-04
1.595400010877792447e-03
6.941775208391504862e-04
1.073280146712143543e-03
9.986338228190356353e-04
1.210333345395568552e-03
1.982153405772102504e-03
1.568224377393409065e-03
1.220483753894881056e-03
2.747897967208714608e-03
2.193096876383066225e-03
1.002438890942740617e-03
1.725462248944755741e-03
8.446046259883440528e-04
1.404750231195660238e-03
1.402279365818561840e-03
1.500889539009121233e-03
1.471849838854459754e-03
1.307489015988260632e-03
7.711989312062894446e-04
1.180857113832873466e-03
1.697238172025664548e-03
1.785667753253189103e-03
1.956617370496445060e-03
2.315602486292570386e-03
3.813337110432591325e-04
2.378630088007793394e-03
1.489684606663308365e-03
4.629436614221826515e-04
5.267686177934794009e-04
1.591622740433579902e-03
6.437070544382173702e-04
8.608126115054613638e-04
1.814596705588289319e-03
1.783544559590391357e-03
1.455050266959133235e-03
8.356987659755012957e-04
2.042882642954441628e-03
7.368797848515210849e-04
1.172516461220821701e-03
1.629807757383123709e-03
1.280171113980683702e-03
8.072413295475874525e-04
9.215892049771874607e-04
2.727645252068399903e-03
1.139962585582617993e-03
1.471216509854427574e-03
1.302373299605267794e-03
2.062886762251221664e-03
9.053812092967499859e-04
3.088130527127120727e-03
1.681585748060262803e-03
8.933143205077132302e-04
1.532306185370061738e-03
2.616141761262679951e-04
2.175063946047071060e-03
1.071506340063361432e-03
3.265380662885928025e-04
2.499492814232947419e-03
2.092344007208305455e-03
2.168191278606524872e-03
1.426502850182431248e-03
1.937136292390030266e-03
1.284034311002946573e-03
2.105365589058735484e-03
3.046150827206223297e-03
2.431412612004623178e-03
1.360534613292644149e-03
1.000523899648079031e-03
1.626797626303275656e-03
9.936369638128667546e-04
1.758577915828022243e-03
2.238198849320377753e-03
1.032044046044300074e-03
1.928446115959725655e-03
1.550848385212451200e-03
1.995008465141312991e-03
8.959582369629095567e-04
3.001608460366605741e-03
3.186987171313330775e-03
1.440144424907536429e-03
9.617658844199949812e-04
1.113941988186882169e-03
1.340766589284047954e-03
1.161930925322096110e-03
2.147984897753686846e-03
1.325133217664265341e-03
1.000058751880500635e-03
9.391466998905024025e-04
2.161358851392119942e-03
1.837142697914544891e-03
1.245004940727148816e-03
1.565666511720008010e-03
9.329035226753167737e-04
1.061538972033651594e-03
8.866810219704694468e-04
6.293947001270102119e-04
5.406649354213133784e-04
1.238338338330308933e-03
2.208979055259381510e-03
1.896497915949623900e-03
1.110359508807606506e-03
1.464329584613080059e-03
1.495277501575873868e-03
1.776021950037388842e-03
1.771530140615661802e-03
8.935841816356227766e-04
2.439351117550352024e-03
1.012210803008609409e-03
1.251178360161891772e-03
2.257641239016511345e-03
1.935767107236921079e-03
2.447187716827593784e-03
2.958296429164265339e-03
1.906259087140776574e-03
2.484598864255574413e-03
1.460135105367231425e-03
2.828006821340209483e-03
2.107968025971232538e-03
7.937055450785077387e-04
1.355031853121294776e-03
2.467350860816918713e-03
2.464499941489855031e-03
2.210949821850682374e-03
1.304951285417788520e-03
7.526330689405424587e-04
1.487475075487203549e-03
1.083212220090259883e-03
2.908801591921440170e-03
1.079417512142833400e-03
2.977417894195149347e-03
2.031338660407589879e-03
2.364772173848841801e-03
3.417472425656977071e-03
2.256440969211067488e-03
1.819605982715353501e-03
1.811004515727142371e-03
2.859197088407447115e-03
2.891903129982816532e-03
1.614874219197646879e-03
2.279002986934032787e-03
1.895250569905926070e-03
1.854987520905239081e-03
2.916183480980043697e-03
4.126145941924552578e-03
1.704701695423824735e-03
3.866509810533633879e-03
1.914208898024754744e-03
1.624741754361326302e-03
2.638358497021306426e-03
1.067522355177381865e-03
2.260394793899753868e-03
1.821762520341946171e-03
3.079239444812864167e-03
1.945812912072620877e-03
2.624422632321008440e-03
1.425003175882299383e-03
2.732297755027027729e-03
1.473809695416678205e-03
1.929578089077999253e-03
3.179746450082190055e-03
1.354212940153379664e-03
2.240641138120120623e-03
2.464101465814708212e-03
2.763086800390027794e-03
2.841251601832563752e-03
2.159631189853383412e-03
2.448251621108479565e-03
3.255048811385276211e-03
2.699044115114021015e-03
4.072928199134306232e-03
2.336960016160978711e-03
3.377384749922004905e-03
2.881308761202663361e-03
4.839885877555220699e-03
2.635980571776833353e-03
4.833517660707469486e-03
2.157100095733630127e-03
3.355280665376893321e-03
2.734398678836448722e-03
9.580136303672943509e-04
2.282035687052864220e-03
1.859892624628246187e-03
2.996968898668528943e-03
3.328820154492412916e-03
1.078436013851092907e-03
2.796834422427085277e-03
2.266115547669388542e-03
8.048396283022762106e-04
2.624476931029629846e-03
3.509602909265135962e-03
3.791525679568643128e-03
2.024148365140426495e-03
2.683887216599350686e-03
1.470677563795367258e-03
4.162604486419464039e-03
2.669086684377287681e-03
1.395548235717285895e-03
5.602389397476903107e-03
2.066467601872571530e-03
2.238213807025130498e-03
2.958855992250593141e-03
2.541400893337443598e-03
1.684619483096965473e-03
3.675938064552115511e-03
2.061250960008242754e-03
2.446374192919016557e-03
4.565545909836764803e-03
2.519885593328362924e-03
3.314962475007591711e-03
1.495130251661715669e-03
3.866905415949796650e-03
4.281546977588169926e-03
2.883922198954491905e-03
8.567011164708139732e-04
2.259686843821410215e-03
2.794567122861409819e-03
2.997764426643662657e-03
3.383419925162674258e-03
2.865966157829441096e-03
1.664070653314920524e-03
2.990786489249500774e-03
1.066173448677349735e-03
2.919592861094812575e-03
2.253900888531775587e-03
2.975861438125578136e-03
2.175206078063281374e-03
3.799878035739762301e-03
2.277318888036005805e-03
1.760069228708766942e-03
3.313517870379432354e-03
2.088530836165260630e-03
3.555506491934047695e-03
2.678258721031310814e-03
2.265818971527660576e-03
3.352204972473155076e-03
4.331168833445689891e-03
4.997618689816320930e-03
2.670808140549218741e-03
3.083442523408795946e-03
1.927283325243392452e-03
2.729317727440329529e-03
4.137891438491475213e-03
2.829731407367723148e-03
4.049257722007463048e-03
3.321562756170936756e-03
2.081282713355470451e-03
1.778358159197078328e-03
2.726194094134967109e-03
3.608271918842663115e-03
1.174698571813490933e-03
1.596101513320971827e-03
2.413679863215221263e-03
2.884886691652332330e-03
4.204279310833438851e-03
3.914927264700860526e-03
2.088307382376282297e-03
2.529185716851040534e-03
2.781893081157535245e-03
2.147291277107337901e-03
2.909925932143014090e-03
3.391204663010705025e-03
3.382047026504373353e-03
1.946376346586426321e-03
1.559307985065223629e-03
3.619886134388439290e-03
2.895013071768428540e-03
3.382845653229427790e-03
5.087649519419371741e-03
1.905367102375986419e-03
3.333387031854324889e-03
2.797694020289762801e-03
5.806016211767806197e-03
3.114296256558118405e-03
3.861156612623056587e-03
2.193196282208605130e-03
3.373612111177271174e-03
3.132561268343745948e-03
3.271298108082032214e-03
3.622599527596955058e-03
2.036090786573350239e-03
2.860483693662845082e-03
3.896152424463800862e-03
9.284377585377344162e-04
3.853547354240306061e-03
4.449734929010325593e-03
4.997273801333241075e-03
3.139940301614771272e-03
2.131148513548874676e-03
2.505885175972258263e-03
2.217053768262380441e-03
3.126664432292513337e-03
1.977207034171375288e-03
4.077435690672330873e-03
5.859744854059359756e-03
2.715410979485691038e-03
2.808867715331740504e-03
3.651132959574495025e-03
2.713318863130763630e-03
4.268590739415032732e-03
3.018239845811167450e-03
2.546144144623186008e-03
1.619987700412442054e-03
3.029141818954955885e-03
2.241951531762798999e-03
4.913462252752050577e-03
3.339568743079225112e-03
3.038971910544591669e-03
2.504352023450060524e-03
2.204005770790369665e-03
5.546207239582588190e-03
3.039459815694239148e-03
3.129339737585976316e-03
3.513214975388907410e-03
3.281852777883601750e-03
1.509688026973528361e-03
2.853833439140815789e-03
2.972527785294231100e-03
1.832682928538396320e-03
2.234926042311689669e-03
3.173791058577451942e-03
3.993096497217828340e-03
1.531390964242852325e-03
4.101973015309509814e-03
3.454603064469097696e-03
3.776585570217467266e-03
2.975549018504448917e-03
3.825508951593252580e-03
2.880609078975937456e-03
4.069722351544804127e-03
2.539747197694231396e-03
3.165740733628067370e-03
3.110649004616075370e-03
3.408797192304924891e-03
2.692219601479693344e-03
3.315642974085328178e-03
2.367180157775549548e-03
2.072869964678010404e-03
3.379054254349198212e-03
4.999801063060968671e-03
3.819145268806678224e-03
2.090158674941818527e-03
5.071209351116720034e-03
3.953340190757096383e-03
5.256310585005337724e-03
4.600699857609865696e-03
2.451515006383242923e-03
3.345791826471427189e-03
4.764017960748178661e-03
3.087519367353252792e-03
3.764947791589514682e-03
2.181994234223575031e-03
2.282618213865368270e-03
4.548794638980718265e-03
2.285507042410114039e-03
4.133629309511533366e-03
3.223102824288255532e-03
3.653563740787244777e-03
2.201130083527044583e-03
2.897283464335904859e-03
3.822724624241907298e-03
3.819712470982639021e-03
2.613263667212654701e-03
4.127202649752374254e-03
2.906838409846557430e-03
4.916712032068655189e-03
3.427241122286099791e-03
2.828849101763473550e-03
3.850969581413280027e-03
2.650035406504589342e-03
3.077012166683662595e-03
2.861502197506949306e-03
2.651756122277326624e-03
4.709612210571724293e-03
1.199970322997348992e-03
4.194397280928978747e-03
4.573897489936491929e-03
5.377785542060602511e-03
4.134533797758671754e-03
1.543427314130097362e-03
4.570204274385999618e-03
2.757135312758760698e-03
3.471686502951541829e-03
3.343255320458845929e-03
4.421263614726556913e-03
3.469108408320600682e-03
4.992262444846922234e-03
3.829659157930702384e-03
2.646328306484611002e-03
2.225818171090877644e-03
2.682651508062005533e-03
2.357595394217746210e-03
2.779759085652768868e-03
2.984099391853068262e-03
5.827898611583503218e-03
3.332751654386267078e-03
2.553926457729323828e-03
5.996023368008143554e-03
4.319858250060363246e-03
4.941529085765554441e-03
4.793108090939268186e-03
2.312594175627832004e-03
3.650858750252782958e-03
3.172123954882547815e-03
4.756148962828070717e-03
3.283755592204640975e-03
3.868447948735120098e-03
5.360651717741183458e-03
2.109543979105040715e-03
5.272190849694788871e-03
4.392690820738394224e-03
3.328746613207087587e-03
3.650263162250316860e-03
4.031750012363042625e-03
2.078756082792307478e-03
2.275680841258366765e-03
2.904882715094371862e-03
3.694537421859741058e-03
3.168030975650739951e-03
3.038664353671139198e-03
1.879984100804888434e-03
3.197925445349187983e-03
2.331419031540525773e-03
6.410656893457358264e-03
4.210489359002939774e-03
5.318072202686319194e-03
3.476955750709556908e-03
4.237909171706812604e-03
5.482897168510045792e-03
4.119517711893229753e-03
2.896495875775235984e-03
3.116156333578565946e-03
1.560681607511220977e-03
2.874580122492467402e-03
3.670273914028367255e-03
3.017964612092163129e-03
2.666090791648392973e-03
3.757660649144455977e-03
4.590910341968224700e-03
4.416155934730109887e-03
2.782988864106577219e-03
3.509987109614336274e-03
2.536265728481796808e-03
3.447062930038536938e-03
3.537064963576274680e-03
4.831864236395784842e-03
5.687304511339422858e-03
4.541050672780109869e-03
3.537868350083767533e-03
3.539787588937646882e-03
5.775858626055817464e-03
3.911851930221602915e-03
2.978717643033600843e-03
2.625474148262501705e-03
4.277764151630102443e-03
4.178832929165448955e-03
3.813860001123469887e-03
2.153100286373359293e-03
3.520768847635345235e-03
3.832461544962439438e-03
4.964048249542504267e-03
4.800695081630215397e-03
