1.845227192153727630e-02
1.485306662953296726e-02
1.577682313053132765e-02
2.020820531762828123e-02
1.714818603406462541e-02
1.935092907071393059e-02
1.748994213159727959e-02
1.710462380361901791e-02
1.838428801333577556e-02
2.076341048440546663e-02
2.099755334974639023e-02
1.724547212055638559e-02
2.027441810984270676e-02
1.677040880789204894e-02
1.929846246418488731e-02
2.096498109258596379e-02
1.794054720308898773e-02
2.220854408104114275e-02
2.031220919420660687e-02
1.927179915483671555e-02
1.675256941796506374e-02
1.709872739233136291e-02
2.284537873464228055e-02
1.909769908761327351e-02
2.136719119595108587e-02
1.753543337635986299e-02
1.810585088857712133e-02
1.864295213731999648e-02
2.109802448645115361e-02
1.938150976612187590e-02
1.887360053849962069e-02
2.246720465498034877e-02
1.897365209420026275e-02
1.908744281162132184e-02
1.998776506530087343e-02
2.127175545094191558e-02
2.067278531032822400e-02
2.052928337937048528e-02
1.333840236133836989e-02
1.686279854778484008e-02
1.618593099941076363e-02
1.824039456025045372e-02
1.582173173099932217e-02
2.012618734586318903e-02
2.023697620535100730e-02
1.658641056789638205e-02
1.743743278750998008e-02
1.763890723588100451e-02
1.752373951138454233e-02
1.890409493819409162e-02
1.507126665458125014e-02
1.636108596214714758e-02
1.201710074139521363e-02
1.600370100282978020e-02
1.892356393440558157e-02
1.538426272561604219e-02
1.271988461970374566e-02
1.369601489713160626e-02
1.702280110979115940e-02
1.333716813894370024e-02
1.637273782116113394e-02
1.144255394893968492e-02
1.622640288133103681e-02
1.542437552741361337e-02
1.469155034164912159e-02
1.454616357582019792e-02
1.272646660265181265e-02
1.450947295041166152e-02
1.565297992387710072e-02
1.248696443501021679e-02
1.396445952383627495e-02
1.079441637064024705e-02
1.318969937848518681e-02
1.453198962564418960e-02
1.555010775667345704e-02
1.139619093843913938e-02
1.139924108285761926e-02
1.291540517372751287e-02
1.376068708735862268e-02
1.345504550761525767e-02
1.405865051904804652e-02
1.166612288327542081e-02
1.074290791460841797e-02
1.227863700000453306e-02
1.129516308094621370e-02
8.766322509769783680e-03
1.235439837757258685e-02
9.739875455864974510e-03
9.832827793037925840e-03
1.041863125398801750e-02
1.400847065881078574e-02
1.173644642847592075e-02
9.587408119698591705e-03
1.117524060875702517e-02
9.178799328331446739e-03
1.075989674835299906e-02
1.073403762898759474e-02
9.320931340301104318e-03
8.159500729176398168e-03
6.023533319126883091e-03
9.232365122690712814e-03
1.075539298502470147e-02
9.612893866040040855e-03
6.418617415698458020e-03
7.601983181891709684e-03
9.301337314529900188e-03
9.041502894324053921e-03
6.884704592989545659e-03
9.793482793225749897e-03
8.324612035235132851e-03
8.910760466251069212e-03
6.823674244417069108e-03
5.867300270155181852e-03
6.306626943507757238e-03
6.573568877282027524e-03
7.804794602780466481e-03
5.648384632273719709e-03
6.126496832128765571e-03
6.863072343351525606e-03
5.841083930998618862e-03
6.939643957003764976e-03
7.388127209250529639e-03
6.416039253508336836e-03
6.526675697030202665e-03
7.296618659497020737e-03
5.220117139193137731e-03
4.144121098436168681e-03
5.872589093743920720e-03
5.603146285580977957e-03
6.977391521062663825e-03
5.812841144236956595e-03
5.461904365349697608e-03
6.782159324805258488e-03
5.403616405511917423e-03
6.733576907773535826e-03
6.411602926314037380e-03
5.303523132413247992e-03
3.802853856600819493e-03
4.588953441372695119e-03
5.184024974944450442e-03
5.950078107471511862e-03
2.919469464902267782e-03
4.852809391580449085e-03
4.457412858307175339e-03
7.315957894623757556e-03
4.694547954024205424e-03
6.950277388909741581e-03
5.468923875733166205e-03
4.957682396542879844e-03
6.168001731083537671e-03
4.838218318900637700e-03
2.531419327729388796e-03
4.986762018002737808e-03
3.285677685094784591e-03
3.625246250366650092e-03
3.947612981612880906e-03
5.054657681149318967e-03
3.949786825064940249e-03
2.447006284582146744e-03
2.625466938308813371e-03
4.401435546868394735e-03
2.704781969118263355e-03
3.277927245380180075e-03
2.775762908109565604e-03
4.634764950513498190e-03
1.355615309797124487e-03
3.504020356720996109e-03
2.451239435699542873e-03
2.919961655963583362e-03
2.485797371389915442e-03
1.791642764248975494e-03
3.686664688378111978e-03
2.477742207547794714e-03
2.619214611706982294e-03
2.720378551496708836e-03
2.277997791464217870e-03
2.940576194005336836e-03
2.440140795369122057e-03
3.742546032831813464e-03
1.649677220653804907e-03
9.719353522705963169e-04
1.684828651435977187e-03
1.433113305565939920e-03
1.882719967935756866e-03
1.553604857606116860e-03
1.767756699333062915e-03
1.258866640458016894e-03
2.630428032816872243e-03
1.279746963825361978e-03
1.398697625639812271e-03
1.344255338634264656e-03
1.489481044864269599e-03
5.035738671772741057e-04
1.280422412781416931e-03
8.884879343796805952e-04
8.910264247317595861e-04
2.748723507663006693e-04
1.034440321159573297e-03
8.360878208000671618e-05
5.252309227691631752e-04
1.454483629672764355e-03
1.090958981552055210e-04
6.849244346078792569e-04
1.616283921179439411e-04
6.080270318249226050e-04
5.257085469572962428e-04
7.854943483892979587e-04
4.660821833284457816e-04
7.182186604511627947e-04
9.124486309646752044e-04
2.473722030384598947e-04
1.091040184464332850e-03
9.096076997603562073e-04
5.693940126103078482e-04
1.476706259269312555e-03
4.251929504730370449e-05
4.067722393724779628e-04
4.653133992242157197e-04
1.707333016425512107e-03
6.761098325783289125e-04
4.235744266388225443e-04
4.077234894401334138e-04
6.229387580890370386e-04
1.173535394028710422e-04
7.142390520217854017e-04
3.424786877325401431e-04
3.848708779310237166e-04
6.235644012547016200e-04
4.514754873504344865e-04
2.802677658256517057e-04
1.062446318962395869e-03
1.619465507406053263e-04
5.765214727173833224e-05
3.065069092283048517e-04
7.489846821239565320e-05
5.368065721665657777e-04
3.329367749257880742e-04
5.570712365949824361e-05
3.269831833182607820e-04
1.914259674211528769e-06
1.561876700159653040e-04
2.065488742917487974e-07
7.653097608670866620e-05
7.998501876010185761e-05
2.829914873821811374e-05
2.587905887098522506e-04
6.595185411028520292e-05
2.014127619251744985e-04
4.038178453074623732e-04
3.202803033764310220e-05
7.930385140224381450e-05
2.715747818972055771e-04
3.176947390491595283e-04
2.028854897805539280e-06
2.211217980496888523e-05
9.559445595813039631e-06
5.427266829174720239e-05
7.378121168349043239e-11
1.123459125937100692e-05
1.153867897980414978e-04
4.312435932342779899e-05
8.573211755725794267e-07
1.906823912268210824e-04
1.988249126127170920e-04
3.499593676319406548e-07
1.977919695918851917e-04
6.341251431583960036e-05
2.135845454513930438e-04
1.765788189409971920e-06
2.288620236711979688e-05
4.766732210390050504e-07
6.910858409415302525e-05
4.840767683985454129e-05
2.733433601480463022e-05
1.594809407989722665e-04
5.086471881499798870e-05
9.102715690270090916e-05
1.127126478843929321e-04
4.165571231174423476e-06
1.503989717093417804e-04
1.884608895219361117e-04
6.197706326386547027e-08
1.302258546090306857e-04
1.632574330895216350e-05
3.547762534141525950e-07
2.519788120108401109e-04
1.491503348041008828e-05
5.088107120618454787e-07
8.226473942397617397e-05
1.573445252443748661e-04
1.663800523249568888e-06
5.056957225277960999e-05
3.113689086533099612e-05
3.937494175030124957e-05
1.665419781174837599e-05
1.329974553496689822e-04
8.185594090714581113e-05
2.894899783881749197e-06
1.964337124614849581e-05
1.380398353714006997e-04
2.979117316525164173e-11
6.204340595697589592e-05
1.170945773968345147e-04
6.358871767937933285e-05
1.425694674652062603e-05
5.558659072415500162e-07
1.381130224970902745e-04
5.296223196732037801e-05
2.206937588244520547e-04
3.939367569092081797e-05
2.739839756548463514e-04
6.593819570604698437e-06
1.091598573567841083e-04
2.181765095123855901e-04
9.436856530224924057e-05
3.509071471731968131e-06
9.706738772481485753e-05
2.671832172224496561e-04
2.599201024208972621e-05
1.673506952861726594e-04
1.180421964513472948e-05
1.912921113401185459e-04
4.769171220379699678e-06
6.793655087923476069e-05
5.038039292179352980e-06
1.684403083465064226e-05
1.212043299699319979e-06
3.072567493614514179e-04
5.945999723006413842e-05
2.541900944065351853e-05
6.693195459111264843e-06
2.157205029757488646e-06
2.165175334429184193e-04
1.431402695784204386e-06
2.026233705604056038e-04
3.553377108481637280e-05
3.081294732555253890e-05
6.262254821163028081e-06
2.912349954252632018e-06
4.396723995717202624e-05
3.891007518714802689e-06
3.551302827225270505e-06
2.467021837452199303e-05
1.126455451554508549e-04
2.262069844534856621e-06
1.120493886023461035e-05
4.027512039615028047e-05
1.201017235011940759e-05
8.840077838886988064e-07
1.470583990607540415e-06
2.424479792756409834e-04
1.034997363063164613e-04
2.648316126960968057e-04
6.545498371892340453e-05
4.912298714350590915e-05
5.439053070434561315e-06
3.749939261297016480e-05
2.630750028299406524e-05
1.684930035260732604e-04
4.660801785848932348e-06
4.585002065287245468e-05
1.594858616399491232e-04
3.082330824836188190e-08
1.258032322575655985e-04
2.366061990957116893e-05
3.919068047976596923e-05
2.006352025986817879e-04
2.499819032343600042e-04
1.365709590409130655e-04
1.180573442858726092e-05
1.233061517700037952e-06
1.000185077259474720e-06
7.356701812487549729e-05
8.720447224281246881e-06
6.045338068276792560e-06
8.014417763966829873e-05
8.190142779587789208e-05
2.077659359238189689e-04
1.324563239751631356e-06
2.281834939637005844e-04
4.880821775448751439e-05
1.055592830866691881e-06
5.750173306560702738e-06
2.225318340840883716e-05
3.884028868736627647e-05
4.060271545598317239e-04
6.523651478912828840e-07
4.104239819482026276e-06
2.733161222133259124e-06
2.836536332792350137e-06
1.122103330217581578e-04
9.907630494485720552e-05
3.591108183853126788e-05
1.892907620624138766e-04
8.122763203561927589e-05
1.705553081320976123e-05
7.821610541420661775e-05
1.023568572369339922e-04
1.462490312848578172e-05
1.202387890625606792e-05
2.139704226123829341e-06
1.669324441636854390e-05
2.752316507381118822e-06
7.063971043530145093e-08
1.618925043529617908e-06
1.503706855956164778e-04
1.054774582146166718e-06
7.978213237132062688e-05
2.556647090900061850e-05
3.003562509110273564e-04
2.754798303993752351e-06
2.838157587425926728e-05
1.086948880288570482e-07
7.017276732642678213e-05
8.213116258359072174e-06
1.070317438469496989e-05
2.334214456206236806e-05
4.102343906655562091e-04
5.591067728293213545e-08
7.764832328868115732e-07
1.003353210920129686e-07
7.162991663317045071e-06
1.736827820942999485e-05
6.655123274656190883e-06
2.828630527292394373e-05
4.506891367251867492e-06
5.326090293838876664e-05
1.447676212285350223e-04
1.486523501960140456e-04
1.675387776180978374e-05
1.568449463711106874e-06
9.011973893090264407e-06
7.067741439656942848e-05
1.113820714315704045e-05
1.226915453528839028e-05
3.941101696233085320e-06
1.371115373206096561e-05
4.180942999268713286e-05
1.567510538553000792e-04
9.803876649210029607e-07
1.177661770339779690e-04
4.511903623400403660e-07
5.331581687411128187e-04
7.292225693249939603e-05
6.182107559064138841e-05
6.112113002087607023e-08
1.428504733300469509e-07
1.154945246885763957e-05
3.268310487786612201e-05
2.846232869767003231e-06
1.196414936117054398e-04
7.399687315830738736e-08
5.109520911354558948e-05
1.565012190634755492e-06
6.677098346640341232e-04
2.797823266422895094e-04
3.778011293827015843e-04
6.891745040438593836e-05
1.633615247358113516e-05
6.943224697796049848e-05
2.527555225418504623e-04
1.149433860216916461e-05
3.750695635316690386e-04
5.477523847352614003e-05
1.476581403625031974e-04
2.306266492486792300e-04
6.946085952902599989e-05
1.295086527640689205e-04
7.136716026008267790e-07
1.036885691397253256e-04
1.032265179272205246e-04
3.580785215501962153e-04
7.214159297239809796e-05
2.221468314772794610e-05
2.718481817497566191e-04
3.307014163903140239e-04
1.203872207587678990e-04
2.200506580910338247e-04
4.284368937041121007e-04
4.378172680742409327e-04
1.788285409577813735e-05
1.087790412191687302e-05
7.528789155330315591e-04
2.250843681791785122e-04
1.226414982894466173e-04
9.625771836433170752e-05
2.416708536086395378e-05
4.194425821021516911e-05
2.824971703708750574e-04
1.502041648161723478e-04
9.650328208843946107e-05
9.137687208751124211e-05
1.134252635447298007e-04
2.096107583502664746e-04
2.168517851499377695e-04
1.845348380323229580e-04
4.563591732388257226e-04
1.228581786692585552e-04
1.575131296522979524e-04
2.961349695541413258e-04
2.225757840779994700e-04
1.399134521860729825e-04
3.566043344697616231e-04
3.990090132856760272e-04
2.360822018333232010e-04
1.369232930075255539e-04
1.579762119079397564e-04
8.706766138268921438e-05
4.853146780086839548e-04
4.762251701483934639e-04
2.243630890826324854e-04
7.913611319441160347e-05
3.129113030603477316e-04
2.057732375570128487e-04
2.128288096054366761e-04
8.388052067486884578e-04
4.220229309783296709e-04
4.513441916213846742e-04
1.344901684103281853e-04
1.407562883736284624e-04
3.843351602642105928e-05
1.785743942570785917e-04
8.918708730257590635e-05
8.374441670472821623e-04
9.663301579441713315e-05
7.679706600605545275e-06
1.492438439388186708e-04
8.782495853672871405e-06
1.841752468801248954e-04
5.750410145882294813e-04
6.678934681678118336e-04
1.103718945239513485e-04
5.559382662307556103e-04
4.664448437154667900e-04
2.864727163254965499e-04
3.539472283677603213e-04
5.109611484428042616e-04
6.888299996690821743e-04
3.567628801053846724e-04
2.835747129062943337e-05
1.765619099355281228e-04
6.515011638807693560e-05
1.266710738720042378e-04
1.463829841980294664e-04
6.574510119467908646e-04
4.698764593616607823e-04
1.663771442727642231e-04
1.020963164247609114e-04
9.261987382762753305e-04
5.842488871824509785e-04
2.940606485101764545e-04
6.060304762854698546e-04
6.553369016115959990e-04
3.309794756603462516e-04
8.372996936779986219e-04
3.121641953991604766e-04
1.609031477638275147e-04
1.862401122066438845e-04
5.869638050549532814e-04
9.712852559117287471e-05
8.079261959725965924e-04
1.163998640592538018e-04
3.820493786508303907e-04
1.182259619448613021e-03
6.726614599551960713e-04
8.757403160043769228e-04
4.831514018402818301e-04
2.308955513938365728e-04
3.839273200978178795e-04
5.020995933124885405e-04
1.144703598019969218e-03
6.990182166533190182e-04
3.869665103768545294e-04
2.470585707646830533e-04
9.265115625974614357e-04
1.069148926968448415e-03
7.438435145337176074e-04
4.853859938752691549e-04
3.766140680120290559e-04
1.267484642944026072e-03
1.345600459703080471e-03
5.415205691244541399e-04
3.533642245492040466e-04
4.970330880983145827e-04
3.432698409942995326e-04
4.501603337216949856e-04
3.440892392133760550e-04
5.192271311608734298e-04
1.470023803634808916e-04
3.914908944153586379e-05
2.846963714313140772e-05
2.698378082037584057e-04
1.938390383521649890e-04
3.614111898099972141e-04
5.241351288503422971e-04
2.923953452972627150e-04
2.486986190666339437e-04
1.607951999713545061e-04
3.482903120683924635e-04
1.490826414554979646e-04
8.540945132999928002e-04
1.084989035531424553e-03
4.933777489441208350e-04
5.472311271620543298e-05
6.930341138095896065e-04
4.120813460336831668e-04
1.339252455442320174e-04
9.436376557105102944e-04
2.014217405424733123e-04
1.642843616352457304e-04
5.453845906595721372e-04
1.468749203954661849e-03
5.195168230555534308e-04
7.705923371010373621e-04
8.561337899437570240e-04
8.967916873744449877e-04
7.443789946357695468e-04
3.089971808060345691e-04
1.030963716261326700e-03
1.651244682656470694e-04
1.091512484383721685e-04
6.790672623091858692e-04
5.573693399515892814e-04
1.327866581114418984e-03
4.685480502410193531e-04
1.309861607182191733e-03
4.480294977865878448e-04
1.176886708857807387e-05
9.248245250029626333e-04
9.722923746760628880e-04
6.559877834032979815e-04
4.516946107502337960e-04
4.940422763973733970e-04
1.576196042250732187e-03
4.118447842987081413e-04
3.145894768068445966e-04
1.572815164788073788e-03
4.820384961117927147e-04
8.189538443197654470e-04
1.093206403084663299e-03
1.581773913210644334e-03
1.831828876245124337e-04
7.760348677262167167e-04
9.244354508283112142e-05
1.495221062567635454e-03
5.027250725735491485e-04
2.998171670232155361e-04
7.879090870096338130e-04
7.403190796596833070e-05
4.386909726538171781e-04
1.341493447787355832e-03
2.525674092175216674e-04
1.564143866031137255e-03
1.089609540819314526e-03
9.501330077900632231e-04
3.544713496834689094e-05
1.020553129842781490e-03
1.007507192833399139e-03
5.788325866967329478e-05
2.442109113343685599e-04
6.860383680311573414e-04
1.817034259473171605e-03
9.102402115052138278e-04
1.068159116403958036e-03
9.719304974423549669e-04
9.714919203966394367e-04
7.992865201982293994e-04
7.138225320453532195e-04
4.857993167569386330e-04
1.216123139555478011e-03
6.732373897858813386e-04
1.279328067173409779e-03
1.234706650847734559e-03
1.564861827743612658e-03
2.692014770390695959e-04
4.847003316170632003e-04
3.554339029626863355e-04
1.186428777067600592e-03
1.179718848176052786e-03
1.034999397050989731e-03
5.483228580988921399e-04
1.770669902464476952e-03
1.557529633927733754e-04
2.397063643404435420e-04
2.347670271028314101e-04
4.227567381625449124e-04
6.954432998332212013e-04
1.027773614262578140e-03
8.525658879028241884e-04
6.736372371380800481e-04
2.144386561236937428e-04
2.959001056772866739e-04
5.254821788590913504e-04
9.257046282434273996e-04
1.500565432920375258e-03
1.018780674287666881e-03
5.659320360055112914e-04
7.692215931970981585e-04
9.609108356220041414e-04
3.762058922032011921e-04
9.222505140805811654e-04
7.195009657239524997e-04
8.590643740937478276e-04
7.908796541835214555e-04
9.629379342169281817e-04
1.088505605626229750e-03
7.588978473880633865e-04
6.319419152765487924e-04
5.718241276649178818e-04
4.190045539698331154e-04
8.363727891037919067e-04
6.304973473512472028e-04
3.054094893243209470e-04
3.780107743739683987e-04
1.268160962693076679e-03
1.320502888549360482e-03
3.578843631594414744e-04
7.358126914695286300e-04
2.463443889666438449e-04
6.926572985072502282e-04
9.655436334553942805e-04
9.920047181375517015e-04
7.558072019240886109e-04
1.453617900114326754e-03
1.267819486200345500e-03
8.704215354044273021e-04
2.047888862949470874e-03
2.886042262468645897e-04
3.358658135210775670e-04
1.316262241212424067e-03
6.730455761319120798e-04
1.055382205933420598e-03
3.983464401618715209e-04
1.389424446369736527e-03
1.175597924918249425e-03
4.414522207348550915e-04
1.213819355681328670e-03
6.391224653067149224e-04
7.874686753625090166e-04
9.069159692400250447e-04
3.311841787694723622e-04
1.449847508630556061e-03
8.923632578009220700e-04
4.683003882032517697e-04
1.077232775694809182e-03
6.181435752751877639e-04
1.511040140609850105e-03
2.038596971243004528e-04
7.234117288560463479e-04
3.842551202793795685e-04
1.285580978745860109e-03
1.397103096910016704e-03
4.146918126948185234e-04
3.028909513712243085e-04
3.682087942274520575e-04
4.031374115502708855e-04
1.332521677972077706e-03
3.066874097598189437e-04
1.317838777974380225e-03
4.481280638597897464e-04
7.298389724679348609e-04
5.054911589394999507e-05
1.043385869081728430e-03
2.671865487592287557e-03
1.359956703520872039e-03
4.519726418230106749e-04
1.216678834159989897e-03
7.253282398520697564e-04
1.078378422511119036e-03
1.625636964371974602e-03
8.443920865755854752e-04
3.722170947233292685e-04
6.958752123549660643e-04
1.503899231979327622e-03
3.612221528108230419e-04
1.892056925659562272e-03
9.196485812716122385e-04
7.571999296882072359e-04
1.123769556336974475e-03
3.954802468568264042e-04
6.431374365456488107e-04
7.172741796927305886e-04
2.091579843611232614e-03
1.981223684655723447e-03
1.495669202178780697e-03
1.319469250801440577e-03
2.020222930389477169e-03
3.923470091996035655e-04
1.287215197170525323e-03
1.411907651380051466e-03
1.357965340421151594e-03
1.614295595725748645e-03
1.374055950564067458e-03
7.074797536108883272e-04
5.170158783525652781e-04
1.151973504657034623e-03
3.412331934684833981e-04
1.285772791995700923e-03
6.146536866578420754e-04
9.420046129246607619e-04
1.462749763354816808e-03
