5.347331605283907503e-03
7.035744737474419232e-03
4.109363391097207129e-03
4.471196748184027084e-03
3.702881046714679748e-03
4.679658657156702921e-03
7.472332127280876743e-03
5.464034713647001294e-03
4.893487446135664186e-03
5.087404514385643686e-03
6.606125449588448086e-03
3.967805167043031780e-03
4.230664639111611156e-03
7.051294832639655626e-03
5.217627838877110860e-03
7.562140568243154101e-03
2.572362375670597407e-03
5.149450966774759934e-03
7.238998254340331742e-03
5.765118181772673801e-03
6.479706112227427012e-03
3.198477421878584935e-03
3.373169415795543476e-03
5.851190729416920998e-03
6.620603285414378841e-03
5.555703908152395676e-03
5.188496933141419944e-03
5.156382192861005964e-03
7.245861079280335043e-03
7.372759729544905820e-03
6.407351226383469628e-03
4.240452723556284789e-03
6.621683045738568051e-03
4.879108307571927185e-03
6.364266049238420132e-03
6.060931798652382380e-03
9.390382152892094020e-03
9.109898226222559736e-03
1.075289487174981018e-02
9.099743379244327329e-03
1.230937251434245129e-02
1.131534412728685442e-02
7.673127252133257054e-03
1.183673560054859623e-02
4.654248660327290829e-03
8.530385382112105550e-03
1.008129921978731525e-02
9.017753684641284517e-03
8.391129869547273371e-03
8.114053764775714522e-03
8.510083091711957357e-03
6.823659572015338022e-03
9.416407208444077873e-03
1.131432807694367389e-02
9.517486906697961851e-03
9.786274184730683195e-03
8.993721284356128581e-03
7.910203793242233383e-03
1.033921771221171446e-02
1.031562574287308957e-02
1.271532380012013741e-02
1.337757128640646581e-02
1.119232221500128521e-02
9.611590609319790521e-03
1.017086475097166327e-02
9.515250151845617080e-03
1.401208292726249111e-02
8.852041940735293213e-03
9.349368041058113768e-03
1.297712130374029105e-02
1.443245668507385851e-02
8.623796927453721006e-03
1.181159895534575344e-02
1.501236617161945223e-02
1.049841476420614733e-02
1.049132657860382851e-02
1.065040964208437135e-02
1.122196649360829822e-02
1.354604704525035931e-02
1.394634220534717028e-02
1.132835841531573684e-02
1.228250602963799898e-02
1.624557062588329395e-02
8.066937893569275583e-03
1.334251689409915280e-02
1.030338591954461924e-02
1.195611342834531493e-02
1.168371163107123460e-02
1.490495202788432935e-02
1.499498760887259773e-02
1.558945293126165477e-02
1.573655137779872079e-02
1.622910496188460436e-02
1.481968739278536999e-02
1.632835280289570909e-02
1.502595054974273370e-02
1.556957281279341965e-02
1.492793891335416311e-02
2.159353263595969671e-02
1.377467918937371263e-02
1.918764836878304042e-02
1.805332978037810232e-02
1.981153208643502903e-02
1.666892731632976452e-02
1.571992893282557133e-02
1.666017797071564152e-02
2.185687066191514816e-02
2.319115239807617926e-02
2.519794109283747183e-02
1.554233580238296823e-02
2.145682351101451182e-02
1.788024239338625171e-02
2.226297536960427162e-02
1.971317679285304603e-02
1.758917894067594037e-02
2.293914414628215465e-02
1.779561244557826757e-02
2.173229332519480486e-02
1.806371662741380890e-02
1.837277383602505323e-02
1.541371864169503378e-02
2.266696104473185300e-02
1.801840954665630268e-02
1.740026402987945864e-02
1.925686504342215971e-02
1.787138411238512956e-02
2.199744013407683302e-02
1.708975396017317627e-02
1.775292444762066602e-02
1.583189316080891793e-02
2.120186272321422649e-02
1.456435305251301340e-02
2.124985153747247293e-02
1.992503120560088978e-02
2.509055007626382477e-02
1.997344633006521708e-02
1.940575069939216163e-02
1.813008311452138366e-02
2.416227542142474621e-02
2.031877513707705876e-02
2.039603286895217901e-02
2.065591849139869485e-02
2.305913455763934986e-02
2.140436630133375068e-02
1.969396265744631849e-02
2.445333219466875110e-02
1.658887417164656847e-02
1.791974576289927235e-02
2.410534549688600481e-02
1.822923803881576835e-02
2.517486694797971963e-02
2.221823546156180551e-02
1.869613580834183011e-02
2.162428370494604707e-02
1.857605762400129160e-02
1.802693479906842047e-02
1.885592284951695397e-02
1.802016406967795956e-02
1.556957726196885744e-02
1.936593686440399309e-02
2.288825505044175465e-02
2.012922526024694958e-02
2.324870147403458598e-02
1.983480821533043295e-02
2.202413745195189176e-02
1.993137851991892695e-02
2.023461365169039461e-02
2.224585246211728193e-02
1.935511219685614667e-02
1.854708364838231205e-02
1.946784522924773983e-02
2.302454645451137288e-02
1.716069271805092250e-02
1.860333586337180323e-02
1.446726869149964415e-02
2.133877502406164930e-02
1.888364527561799469e-02
2.275912675001842342e-02
1.835404740567579338e-02
1.581903438296133890e-02
2.050506772695876237e-02
1.504461259277635292e-02
1.448192014862881467e-02
2.007089060911726106e-02
2.201098491068603086e-02
1.866349020782170562e-02
2.324844350493192671e-02
1.987315834727943278e-02
1.687269181617600741e-02
1.856459015444575714e-02
1.644073057473511082e-02
1.994876303957446653e-02
1.958746362822476328e-02
1.826802129734738517e-02
1.793888778001018203e-02
1.647543773682930493e-02
1.741322333443544659e-02
1.784086559473604602e-02
1.984149094010498673e-02
1.703949134324842310e-02
1.862524985391162194e-02
1.800610022100897906e-02
1.651001711015662177e-02
1.772183584280487278e-02
2.210959271367290285e-02
1.944723022231251500e-02
1.733987956499733959e-02
1.988584554199866045e-02
1.609597590028824521e-02
1.717898140546549740e-02
1.400457773635427859e-02
1.688340917455477888e-02
1.577182279272583421e-02
1.939281955480529757e-02
1.398612004888756533e-02
1.785055953771324047e-02
1.798348054413332134e-02
1.943885989263698100e-02
1.855363920632880845e-02
1.617057350037223729e-02
1.956642071448018438e-02
1.674509004025365178e-02
1.485269897442407713e-02
1.744241269375277487e-02
1.382762689028258982e-02
1.536040659364537771e-02
1.821247532219736134e-02
1.767076884446524068e-02
1.468767599855864796e-02
1.692476383237357870e-02
1.687299746228931516e-02
1.707225724079029783e-02
1.885850576190797878e-02
2.241825403951758569e-02
1.680945350221783527e-02
1.690626454084888028e-02
1.411372675448131948e-02
1.634586706361038783e-02
1.735752522865632169e-02
2.560679862460699119e-02
1.656030705523661023e-02
1.554873092988517773e-02
1.651861605076420172e-02
1.712354196303175757e-02
2.004998098536775811e-02
1.810445594328482025e-02
2.039358344972365400e-02
1.578572241283860214e-02
1.531782244287470396e-02
1.712851445209105997e-02
1.623024597354306292e-02
1.577208553885402903e-02
1.546191491044529923e-02
1.724740745909552481e-02
1.548760390580020997e-02
1.723663111796016820e-02
1.580395439503999230e-02
1.883574794320891713e-02
1.575844466949097647e-02
1.760914066849977866e-02
1.569572559376091261e-02
1.667081526726125335e-02
1.789448827754267987e-02
1.238407698014549162e-02
1.237030175607890976e-02
1.611794663012177872e-02
2.020414722287207018e-02
1.803215215035491523e-02
1.528097182661367071e-02
1.559995217405785346e-02
1.605438740884646345e-02
1.423844119004644311e-02
1.812836028129038990e-02
1.967630277429582852e-02
1.375407411984344401e-02
1.754352413465030264e-02
1.365538272758303785e-02
1.419426288776402985e-02
1.754071666984763356e-02
1.375322722490347239e-02
1.696699145375456935e-02
1.673025953989130954e-02
1.477972049019256849e-02
1.759435966746279029e-02
1.275312763142554678e-02
1.994061466812294126e-02
1.596384173256737427e-02
1.513090337991709715e-02
1.532933805045040565e-02
2.434212802230912437e-02
1.595261104154253179e-02
2.046224556837592315e-02
1.358656498431718915e-02
1.277306757005972938e-02
1.278920898768672390e-02
1.673144132619065749e-02
1.728500179497906991e-02
1.112561658167473579e-02
1.467213838494802955e-02
1.490137829365504110e-02
1.806874295073301537e-02
1.508256706977326514e-02
1.508498346605891167e-02
1.606411266906818472e-02
1.524515627095575886e-02
1.443579164950427839e-02
1.306981753902684493e-02
1.664653173232011688e-02
1.616909377209859930e-02
1.297413318088361765e-02
1.493751305599567807e-02
1.376362148283305151e-02
1.463154844207315182e-02
1.784506712007151788e-02
1.529577285470580701e-02
1.391306044219396860e-02
1.473929252291300736e-02
1.268193543662164170e-02
1.298589897000771050e-02
1.443023179176958215e-02
1.549341897691555031e-02
1.173141343548497577e-02
1.528083957991517236e-02
1.554937728830580249e-02
1.276776754890371519e-02
1.892089590078944311e-02
1.428576093229316085e-02
1.719982343806684619e-02
1.478469138577782199e-02
1.419009977583199876e-02
1.213288123800979577e-02
1.168183229867088106e-02
1.432102745103070764e-02
1.632127683476589791e-02
1.940927601416050224e-02
1.322756344747590129e-02
1.485073529583388029e-02
1.393263961331419297e-02
1.660685417756279161e-02
1.762523343008090895e-02
1.315589953794661648e-02
1.210977200760994348e-02
1.526312991207487944e-02
1.611178228244415644e-02
1.478980892770908467e-02
1.445262959733389224e-02
1.309221529911356284e-02
1.287212629583819358e-02
1.639722881326345985e-02
1.774767955033053693e-02
1.418762906032150148e-02
1.147195287534076048e-02
1.485859906873653220e-02
1.653466633034897382e-02
1.563375441791253762e-02
1.422483314443275838e-02
1.428923609654180263e-02
1.258957020508652373e-02
1.328271996507644943e-02
1.379179427172572830e-02
1.493740073691355620e-02
1.136198936529115439e-02
1.358310872376769854e-02
1.186732930827627194e-02
1.059511179261159695e-02
1.391533607010035992e-02
1.414311137707317638e-02
1.541463620498890498e-02
1.415766704910507642e-02
1.324780746581563119e-02
1.485482887088989887e-02
1.437081808947384721e-02
1.197558053799609168e-02
1.351203537104367358e-02
1.368427420853077746e-02
1.341214206009627360e-02
1.206993370484698604e-02
1.359807779936166028e-02
1.543539154031246113e-02
1.323369477378011187e-02
1.334307713888165450e-02
1.927517447495993158e-02
1.559923994727654278e-02
1.520648666237471580e-02
1.110631996717512809e-02
1.317647462160819252e-02
1.574840451180385681e-02
1.615823120754985784e-02
1.640757341946190093e-02
1.326459308570225940e-02
1.412251730769188349e-02
1.234970716329763032e-02
1.519206087280500911e-02
1.254979974462684840e-02
1.486208397840690747e-02
1.395213604402592913e-02
1.392585574970041894e-02
1.117377623654511147e-02
1.283039517692167140e-02
1.548221946890727257e-02
1.224560777373173877e-02
1.288340041005341455e-02
1.547828354009138374e-02
1.397911266886644154e-02
9.595177861399493274e-03
1.396503250491621349e-02
1.179128017288016798e-02
1.415645733972414715e-02
1.283102350387618426e-02
1.288024477793302779e-02
1.354589906582714942e-02
1.317632947833984568e-02
1.576719471978521581e-02
1.644293631972926564e-02
1.393430943048169952e-02
1.410204450572780967e-02
1.197639134835667279e-02
1.115066131453040614e-02
1.324435431792319109e-02
1.694837888708024959e-02
1.226439205001275852e-02
1.342010115226954445e-02
1.258110901965482469e-02
1.497986001410335152e-02
1.465105158322007120e-02
1.345001991930268488e-02
1.419523897810981428e-02
1.195296947147312001e-02
1.359959155085371969e-02
1.705999607118923594e-02
1.096816508873643681e-02
1.506126651737201699e-02
1.139420402044795042e-02
1.642368031491934360e-02
1.363936833257766747e-02
1.102267855580430118e-02
1.010397740117903280e-02
1.455938159163332538e-02
1.105747070817446678e-02
1.028678594033832251e-02
1.356147897776724572e-02
1.462315876778738470e-02
1.448256195144448540e-02
1.168570879134042326e-02
1.063593398636354659e-02
1.368238581639741672e-02
1.408791000362694980e-02
1.472943242800057659e-02
1.155826147465184930e-02
1.369352767655032665e-02
1.228080324445689729e-02
1.218025229287424648e-02
1.170073783696798549e-02
1.454310686113602716e-02
1.051443468836741821e-02
1.519583534066810439e-02
1.205870089380128504e-02
1.365886254336350775e-02
1.335481601598793346e-02
1.181230405574419662e-02
1.061102993462111066e-02
1.347227996002395116e-02
1.175962749126605728e-02
1.449568937309788329e-02
1.311590929695275083e-02
1.580208751399250766e-02
1.193847567221692670e-02
1.314091382125394912e-02
1.425737501895789350e-02
9.218604133724465563e-03
1.518159058766887365e-02
1.348087117857667792e-02
1.530328494096331975e-02
1.315335542790184789e-02
1.027903876027232676e-02
1.415906026349092461e-02
1.400694452960217148e-02
1.170882657681255115e-02
1.076860537689653188e-02
1.273730247309740396e-02
1.130195077230633678e-02
1.303043463536121722e-02
1.199934862365122784e-02
1.294106017093340881e-02
1.376846746281693880e-02
1.287956043535835697e-02
1.214602311336255777e-02
1.247670249568629680e-02
1.151123247664677905e-02
1.293005960506356765e-02
1.031291569524813573e-02
1.037728241116950278e-02
1.213088717059567292e-02
1.561342623490437516e-02
1.171357103093469999e-02
1.441045285666649536e-02
1.065218704798143179e-02
1.180832721024414368e-02
1.143109909347792864e-02
1.241131594339764214e-02
1.084569390188307864e-02
1.340672279459424743e-02
1.272173833685694838e-02
1.494608209613350162e-02
1.094637880076155048e-02
1.412878699626980358e-02
1.231109179296011567e-02
9.781021373467617061e-03
1.383201494731112896e-02
1.792832965843215581e-02
1.021108489807624926e-02
8.210480126441788498e-03
1.473432301165100884e-02
1.477777780311376014e-02
1.385068693277226662e-02
1.134185783235443744e-02
1.132760838742787740e-02
1.382779994343891899e-02
1.086751944033154810e-02
1.047072594101638998e-02
1.665097632036631817e-02
1.548659792033668485e-02
1.414523204246956670e-02
1.129737730760359271e-02
1.251890946590297586e-02
1.598653343846076491e-02
1.484430550156162765e-02
1.200422751888037542e-02
1.054952576362649073e-02
1.430716484642381887e-02
1.303674665028668050e-02
1.168026373261932954e-02
1.471046509195488190e-02
1.267876275751814857e-02
1.489206704237712627e-02
1.279006423359346951e-02
1.479208400993461438e-02
1.221519588919283035e-02
1.477180160837938266e-02
1.296012539947465937e-02
1.432244937799955625e-02
1.417938944285244106e-02
1.518029202180486321e-02
1.244513042130837577e-02
1.357160491439847981e-02
1.467144830891552523e-02
1.214674802612077976e-02
1.176874094498329797e-02
1.127201195541094846e-02
1.225423841673743686e-02
1.436615035205399127e-02
1.348794997772888651e-02
1.263268260467440528e-02
1.390828433193046568e-02
1.585163786673209063e-02
1.194588922444958165e-02
1.370689754222249347e-02
9.291754996426038193e-03
1.533894817811976355e-02
1.438243843159097389e-02
1.257924315612989237e-02
1.039121173883297312e-02
1.095709430507159528e-02
1.278141209126041136e-02
1.003383681131602041e-02
9.684866434005633823e-03
1.164791715103545566e-02
1.213358225536648009e-02
1.418402745895815456e-02
1.311361865486602128e-02
1.280738252590437470e-02
1.396401118208220708e-02
1.453000419916212170e-02
1.008259357573886537e-02
1.085736715217907634e-02
1.116252102781964753e-02
1.450388072608251727e-02
1.392855740385707045e-02
1.132268202377093198e-02
1.122793460928262280e-02
1.139157497287237794e-02
1.481942211341550839e-02
1.276950381053382558e-02
1.279138111664684420e-02
1.647927020460776201e-02
1.299597449439042311e-02
1.162768898137290369e-02
1.397820932297563941e-02
1.374712605893173636e-02
1.158924468201183097e-02
1.320723366940594265e-02
1.194034740807981519e-02
1.174084916594178400e-02
1.349634347668756014e-02
1.277397935254133941e-02
1.037574140198765926e-02
1.231825616510676472e-02
1.099134533799006087e-02
1.592023069567102822e-02
1.189888317677676582e-02
1.297594170847121871e-02
1.518055256293085638e-02
1.035964637961039186e-02
1.334169356628119897e-02
1.234836927646001080e-02
1.447490839557058311e-02
1.393613880204302470e-02
1.498303131814423574e-02
1.280359881485931134e-02
1.254172947067740997e-02
1.152534956081616158e-02
1.452052084671823402e-02
1.323656149411933831e-02
1.389250920511784712e-02
1.350277663241822995e-02
1.328404337886304916e-02
1.321338775980336611e-02
1.004534079816541553e-02
1.191164804055942772e-02
1.194131091858351666e-02
1.164917465412843023e-02
1.126264445826703764e-02
1.055091948068095573e-02
1.541915754548877499e-02
1.219675334446011263e-02
1.060222937434206029e-02
1.411401422548694100e-02
1.355345954715673172e-02
1.488104710322955306e-02
1.232433126587859432e-02
1.347813323813201736e-02
1.362109647550750584e-02
1.385322080124884968e-02
1.259266391056053022e-02
1.069287112084861893e-02
1.413935322051384537e-02
1.233048585118376970e-02
1.231163026384769592e-02
1.205459493917915292e-02
1.543198340001467050e-02
1.550642106192063469e-02
1.312364260090599817e-02
1.368149187399742006e-02
1.268188401602656813e-02
1.206630426615326254e-02
1.179076710659237096e-02
9.614814372727667480e-03
1.226695755320165483e-02
1.228947029881136827e-02
1.409595335824950779e-02
1.100339856300645847e-02
1.645496265453367732e-02
1.529973659641720336e-02
1.440295025388650327e-02
1.257435157624596858e-02
1.275032881379566108e-02
1.298377435990378387e-02
1.301917376196687869e-02
1.182776987960469997e-02
1.244714188600645061e-02
1.429792104056973844e-02
1.294931982037263347e-02
1.576327069059524008e-02
1.361159137245458554e-02
1.367862873471245057e-02
1.220526827089129726e-02
1.445485345295376839e-02
1.407291301897138115e-02
1.209550810950599589e-02
1.222382467492886746e-02
1.425487823945304627e-02
1.335822777671221741e-02
1.478096399157655463e-02
1.311896517835845107e-02
1.164834695909700533e-02
1.671050552215222473e-02
1.167474470230766073e-02
1.361560671364284679e-02
1.144896562386718553e-02
1.605847144128771595e-02
1.177803171304712092e-02
1.040865947204392718e-02
1.023371821924486461e-02
1.164124069417288299e-02
1.329891425978712953e-02
1.485304295675281272e-02
1.369591390861679692e-02
1.797138100526997351e-02
1.138729371869191473e-02
1.055345504209631753e-02
1.082755259151643723e-02
1.282112306993870958e-02
1.349806810514769632e-02
1.221348588283709125e-02
1.104643171088295038e-02
1.223803077553392051e-02
1.030686770918808753e-02
1.004460298496581694e-02
1.532515953253273285e-02
1.100590062939648707e-02
1.403499792661703181e-02
1.209864195833021926e-02
1.234477170796492891e-02
1.238006509498308302e-02
1.173403075599916204e-02
1.316419351772200354e-02
1.405803973772730940e-02
1.641510248015489934e-02
1.307711073208915782e-02
1.370845527548314804e-02
1.172304178075841280e-02
1.233855834826256236e-02
1.675736007993348931e-02
1.158570591127587764e-02
1.203710966118609442e-02
1.047818490004066502e-02
1.587104131226532364e-02
1.414495908240410993e-02
9.881432729364106327e-03
1.510240939477103250e-02
1.410789472428479463e-02
1.542158339310915199e-02
1.034520922767964701e-02
1.321648880237122521e-02
1.568058645983952393e-02
1.144609125464034205e-02
1.366435115063253762e-02
1.363396120412241515e-02
1.397818161868182377e-02
1.388662029394495054e-02
1.137129353870887025e-02
1.175152446033223171e-02
1.410730309921995329e-02
1.286660237109708317e-02
1.409630283474606720e-02
1.402550881502647243e-02
1.010181384989401569e-02
1.014964049325580743e-02
1.296812009596540367e-02
1.573091560910648209e-02
9.949067407152683770e-03
1.357897841558046957e-02
9.691263131528972050e-03
1.172793449056374823e-02
1.441408052165395540e-02
1.371238891296393432e-02
1.419677864689628845e-02
1.205961804789112794e-02
1.246983819169623399e-02
1.368544107028270979e-02
1.528632231519771317e-02
1.453511084970215625e-02
1.328716897100255291e-02
1.393952188724017181e-02
1.306670487468385676e-02
1.401614402410867460e-02
1.488469158831204689e-02
1.361182853101403772e-02
1.234002354139793721e-02
1.249951260278011136e-02
1.341833971712210437e-02
1.306114393540318622e-02
9.438674978290668288e-03
1.412641144257889211e-02
1.230910792973438986e-02
1.652630467121700419e-02
1.153163758084789492e-02
1.580740893350120191e-02
1.051642284237759226e-02
1.320541104466742971e-02
1.370108553595303195e-02
1.287701436114425078e-02
1.296097630117202734e-02
1.503926891740366839e-02
1.408443786413465099e-02
1.539823155367944264e-02
1.237333278927330200e-02
1.316421777768901624e-02
1.273361673997219778e-02
9.844425796888350844e-03
1.675091441532326059e-02
1.052681681828830998e-02
1.329944565364469741e-02
1.162463324793261768e-02
1.482582772945990716e-02
1.281992567869085289e-02
1.231456502025414859e-02
1.376883202087009206e-02
1.629603531228237742e-02
1.305966689777008499e-02
1.233806146279461426e-02
1.170035758583479191e-02
1.308522172710001492e-02
1.449222812596199540e-02
1.184035361261252979e-02
1.039469494194850477e-02
1.292268449391874470e-02
1.230294062558663290e-02
1.197049230881895750e-02
1.231239420910066468e-02
1.303482968200297097e-02
