6.254913306105079618e-02
6.208754617007965215e-02
6.255557157995210449e-02
6.218643254972132384e-02
6.193697518730456597e-02
6.212061558793664784e-02
6.243379053171041471e-02
6.199380794208477624e-02
6.176217211740352153e-02
6.195391212439992079e-02
6.168133905452950760e-02
6.191826967069347099e-02
6.089375789513243320e-02
6.182955834826572850e-02
6.153668371438089646e-02
6.119056158399000661e-02
6.095055717140600987e-02
6.149025494635447509e-02
6.063110048220833603e-02
6.062663456258889083e-02
6.019817041905908134e-02
6.074890398706378480e-02
5.964143387967187765e-02
6.040874173760971133e-02
5.984076788363128230e-02
5.950404423370396489e-02
5.949697650553432970e-02
5.946142957588791689e-02
5.904330354370885409e-02
5.868777989248865484e-02
5.928033985042696630e-02
5.858158711359687243e-02
5.832078488877513733e-02
5.796404402404606304e-02
5.765682356313393819e-02
5.785082829454374354e-02
5.765130398928147021e-02
5.739949540661400118e-02
5.636773648845180840e-02
5.721537660237391992e-02
5.699183821659620924e-02
5.664619333994443812e-02
5.626534144637453105e-02
5.623170135025278710e-02
5.590526023313461407e-02
5.590660902126754622e-02
5.546266483171255479e-02
5.516189850967602448e-02
5.490692833961138830e-02
5.464985362402394187e-02
5.411472680346265940e-02
5.430191494195129448e-02
5.411647805521596633e-02
5.428382725319555457e-02
5.357667699742053868e-02
5.342299440724461446e-02
5.322773940685020244e-02
5.292143788205684596e-02
5.294242905666508847e-02
5.224717311005426523e-02
5.180560630140883943e-02
5.141070027001101717e-02
5.161282413563533095e-02
5.110613336493741166e-02
5.097833135044846364e-02
5.082814774266228297e-02
5.055466009090126001e-02
4.970033480668624437e-02
5.013509927291756596e-02
4.953177148681914277e-02
4.939153028991016825e-02
4.924357886994223249e-02
4.913629630886743455e-02
4.847463513362321869e-02
4.824234949907677678e-02
4.784971054551329095e-02
4.783394572579553056e-02
4.756813629558936246e-02
4.692067354764006132e-02
4.653797446577871699e-02
4.615130843939378030e-02
4.587970297411025911e-02
4.520049809557160486e-02
4.497738744781597242e-02
4.448011246333784252e-02
4.377657470839446674e-02
4.435538619319026599e-02
4.357551843772278916e-02
4.329504849719751497e-02
4.244863826662416406e-02
4.266362385476183544e-02
4.261520834458201734e-02
4.173203630030863226e-02
4.109079448649496230e-02
4.094315866129737136e-02
4.032375856162947331e-02
4.087719967912975538e-02
3.966440679932177471e-02
3.928295918380594887e-02
3.901493639244843492e-02
3.909853059402695896e-02
3.853693137311439004e-02
3.806398377113964782e-02
3.783592603597299431e-02
3.729763469532169223e-02
3.751047506323059583e-02
3.698678437885441483e-02
3.636045989351601587e-02
3.621388920701124753e-02
3.618172133396436313e-02
3.565499078875895844e-02
3.520683560980632926e-02
3.508736236028529853e-02
3.416163197342151486e-02
3.401780479919223193e-02
3.402756115464348335e-02
3.313008332417845953e-02
3.284110728176035249e-02
3.284179389885752420e-02
3.201751112065321508e-02
3.203648234809951256e-02
3.174907311856190600e-02
3.098869535474569475e-02
3.073604734460547161e-02
3.102509639908411151e-02
3.062621123963799041e-02
3.039778537341772391e-02
2.983148247494950278e-02
2.955748341362173306e-02
2.928842136311464103e-02
2.910330198409692704e-02
2.897431913381246296e-02
2.810579319569166817e-02
2.803093721213059664e-02
2.811817410711605486e-02
2.754926234043931360e-02
2.763764733526177797e-02
2.705781263525980362e-02
2.685218562650427271e-02
2.663073069824764549e-02
2.592721071394214413e-02
2.611675609214494584e-02
2.583546017476034962e-02
2.545407304838616033e-02
2.552266615900193603e-02
2.558672553967463598e-02
2.450877320349886118e-02
2.439977311059972342e-02
2.467873586509108930e-02
2.405613103380806889e-02
2.400491674751155033e-02
2.364868761047534199e-02
2.327453999064396650e-02
2.295857853610240584e-02
2.251114155475671813e-02
2.265919369654162061e-02
2.200644740056640833e-02
2.184442669507138599e-02
2.194332105864647831e-02
2.231418032732323392e-02
2.144977463910519716e-02
2.170266176260468929e-02
2.045770942390301786e-02
2.074046326696842718e-02
2.068792806225822414e-02
1.979564321289893625e-02
1.993716542093301042e-02
1.997598150974186706e-02
1.962727614383786429e-02
1.920979111672547340e-02
1.956202649982397013e-02
1.907673112325361520e-02
1.864861749051499248e-02
1.912254411393608106e-02
1.859060141286070222e-02
1.872174515928666863e-02
1.848733587707698453e-02
1.810800919120961888e-02
1.721478955816757236e-02
1.772409284216452593e-02
1.731475822070359036e-02
1.722796416407353787e-02
1.682614338519474242e-02
1.639240726657778882e-02
1.663304198842884690e-02
1.659407845460906389e-02
1.599203401723438625e-02
1.608447238621066311e-02
1.588971066317625830e-02
1.639925671656839931e-02
1.553362527726385306e-02
1.529282203542640245e-02
1.521820780188378255e-02
1.534000340467592260e-02
1.487223914209135321e-02
1.447431011317576108e-02
1.480362366244073261e-02
1.440305644794797474e-02
1.413238758187132862e-02
1.434463892131026229e-02
1.395808008987051152e-02
1.410348930206764204e-02
1.373556177424248639e-02
1.349403114347257591e-02
1.309207277431548994e-02
1.323761462929974771e-02
1.318919562044850238e-02
1.261898663773894196e-02
1.254634759533974214e-02
1.234268900709178593e-02
1.247282217752470647e-02
1.215722307928634137e-02
1.218554615745879796e-02
1.160619728869756971e-02
1.174254501974902366e-02
1.195717156637301180e-02
1.134959145906900418e-02
1.181608139107460931e-02
1.165994146781509401e-02
1.152624704179561546e-02
1.111704986291689283e-02
1.060363103929613110e-02
1.052020891064704006e-02
1.068479041478345715e-02
1.065837553196555612e-02
1.025339853218597969e-02
1.035786599447541083e-02
1.028293330567238775e-02
9.963845218220763328e-03
9.919463114057686798e-03
1.007268424314411090e-02
1.005492715085619902e-02
9.561684137100906131e-03
9.759315607875334447e-03
9.368847751412908917e-03
9.676738818997001126e-03
9.123252050491838239e-03
9.343321263018221703e-03
9.322042811301629178e-03
9.012919136969221867e-03
9.030471062356958123e-03
8.806182149598140371e-03
8.591097359606753026e-03
8.692156035278139278e-03
8.166127706771933101e-03
8.140343667455472373e-03
8.398953228137634452e-03
7.914351224589321124e-03
7.956936844540659151e-03
7.711769880233741194e-03
8.167079485962311022e-03
8.155669618045414265e-03
7.544808668613209139e-03
7.714178417323820820e-03
7.400582902023877634e-03
7.229466614779593049e-03
7.507484035145050097e-03
7.408846647389698455e-03
7.039196358710752242e-03
7.265293564361985021e-03
6.600193490197770255e-03
6.382599333200804706e-03
7.031434431444930598e-03
6.671423667414933326e-03
6.949002754126194781e-03
6.819472209908586206e-03
6.623255336392640941e-03
6.121867454251561300e-03
6.246531526149628685e-03
6.110605945453657928e-03
6.387637216293699793e-03
5.853451052262692404e-03
6.172552539819025838e-03
6.089990272549939201e-03
6.052366981075164680e-03
6.020250152382757014e-03
5.654725019923943774e-03
5.693721058499330058e-03
5.890315026683270311e-03
5.960669533662678321e-03
5.609499773669116181e-03
5.788636688533872927e-03
5.191608874147502981e-03
5.205854997858384674e-03
5.313403415797281551e-03
5.096644359914669249e-03
4.960111839091258835e-03
5.087550422743047744e-03
4.720332948113491189e-03
5.072244895059076393e-03
4.546975504899635097e-03
5.066926627689840451e-03
4.693474251102791768e-03
4.379278144182402466e-03
4.438131160259049628e-03
4.217686775513020125e-03
4.250309425953800735e-03
4.378306711522689937e-03
4.380902752594069416e-03
4.009703221524215516e-03
3.840528239871950598e-03
3.947279963391602323e-03
3.933273295265403424e-03
3.824561678378945225e-03
3.904729760688021700e-03
3.898295658938215162e-03
3.589293505374305249e-03
3.652523431052413349e-03
3.312549059442356121e-03
3.616723877677181873e-03
3.421679582945921089e-03
3.522994631897784744e-03
3.376046651481768440e-03
3.380767200525565137e-03
3.090170238310373328e-03
3.286542316045098448e-03
3.218805462279518415e-03
3.215788416040266714e-03
3.146303696611782615e-03
3.488123546803965913e-03
2.959495717244627327e-03
2.911548864621737835e-03
3.148342712525033487e-03
2.831970031677496190e-03
3.148112398076242761e-03
3.120064789004298178e-03
3.022028906663208007e-03
2.854541226935568363e-03
2.647923591526572026e-03
2.799705686031605210e-03
2.910114018372176713e-03
2.741631046162291020e-03
2.496029348921786732e-03
2.531286280858672903e-03
2.448235526114939369e-03
2.650621359716163680e-03
2.566825159491818633e-03
2.438470382124113042e-03
2.339082804812877940e-03
2.480474003860271351e-03
2.436097493314501143e-03
2.396122989571908887e-03
2.321454215438641892e-03
2.550488261667605179e-03
2.389816203909766578e-03
2.155994269403740688e-03
2.306958001123008382e-03
2.265379689923867693e-03
2.442128439166197339e-03
2.362424407520253775e-03
2.379791479061339234e-03
2.228309952128912971e-03
2.215798595402815752e-03
2.140565929778028096e-03
2.280123419617235709e-03
2.178046483628921521e-03
2.138420579943641105e-03
2.273387363085130515e-03
2.323929169502818651e-03
2.147689413367531112e-03
2.167522556643526263e-03
2.269481439938052410e-03
2.133308299074941454e-03
1.991097882453958696e-03
2.197681580798168180e-03
2.175987102981584084e-03
2.202798822456950370e-03
2.059470336883675347e-03
2.092578818205841941e-03
2.160078713520644650e-03
2.128261023867745235e-03
2.246462654551360447e-03
2.122175271812162638e-03
2.307325760062747810e-03
2.092971740898329561e-03
2.257877969125094125e-03
1.944167445264191087e-03
2.164207751945098658e-03
2.164953798865104986e-03
2.016536475280581147e-03
2.057625107456349366e-03
2.055599549352724736e-03
2.082078479381818756e-03
2.166372037075348176e-03
2.213904015183398421e-03
2.242988552692675493e-03
1.987701668408205224e-03
2.048399254135528386e-03
2.309109700725416655e-03
2.187818650365837801e-03
2.035884088523902576e-03
2.138124284883991325e-03
2.131443769113104160e-03
2.323154474584293323e-03
2.098299784744356820e-03
2.356403507881600461e-03
2.266793474602106333e-03
2.243210751395998629e-03
2.236706255685820370e-03
2.371461069301466097e-03
2.214456189503792496e-03
2.282426268434506987e-03
2.259651448500630405e-03
2.151254077689557058e-03
2.217346767421543227e-03
2.242806365168922844e-03
2.278920365595561021e-03
1.982032055084927396e-03
2.263046235907502628e-03
2.193538794179692147e-03
2.193138562694747426e-03
2.250268729967110342e-03
2.032093580576259818e-03
2.173807696086540227e-03
2.204831828606005836e-03
2.207005284146829928e-03
2.487500580851947397e-03
2.341431161138888412e-03
2.173788504128190864e-03
2.082372647232226016e-03
2.456146312883352237e-03
2.375308426531336746e-03
2.400061647976290020e-03
2.249999286556773025e-03
2.471687923136719166e-03
2.328343293688473360e-03
2.226715316880347687e-03
2.240925336818490148e-03
2.286914687309649866e-03
2.268238026642402372e-03
2.326175568721560068e-03
2.267111592161045498e-03
2.408361091819539307e-03
2.415322460560816176e-03
2.430921724498800313e-03
2.527906194053166668e-03
2.516358554924098649e-03
2.400599035179929071e-03
2.428560218602223309e-03
2.686395815128549136e-03
2.500273735346194431e-03
2.615967363476364750e-03
2.517657768431447347e-03
2.417938096404745850e-03
2.430484234730287841e-03
2.315282891710566601e-03
2.267055965948834399e-03
2.438851356901705798e-03
2.434562461693626396e-03
2.436545220798456372e-03
2.362405581704635129e-03
2.585306306983339679e-03
2.599864662358987444e-03
2.446921882675395787e-03
2.447384710849971265e-03
2.440380268456702854e-03
2.265590466935528922e-03
2.365329875916530496e-03
2.471224713453927177e-03
2.334525019243647963e-03
2.532070516444182972e-03
2.368093248801676244e-03
2.551512637971499985e-03
2.576572354769288663e-03
2.548509705768788915e-03
2.517365265263782001e-03
2.628399259238196894e-03
2.412916507343246600e-03
2.659630927759009007e-03
2.582505943225353422e-03
2.648145241435771735e-03
2.652556585453365832e-03
2.676171879052827249e-03
2.481668175910125250e-03
2.620583658814482249e-03
2.468899870543360148e-03
2.700612833887763766e-03
2.542576795542748382e-03
2.520710274907643749e-03
2.597514992724042279e-03
2.553456438188673669e-03
2.506301644816579313e-03
2.558510730244873202e-03
2.591306433831606741e-03
2.481614046469658025e-03
2.741845818975669098e-03
2.562697624592200941e-03
2.350353793751757802e-03
2.488751723591614562e-03
2.292520389111534808e-03
2.510898291943105230e-03
2.712916784167462847e-03
2.597234129382032779e-03
2.414160231533878705e-03
2.610530303303569988e-03
2.548607804982570661e-03
2.508989030574841801e-03
2.692414289610259130e-03
2.663296074999578489e-03
2.564120301335858637e-03
2.774388623106516065e-03
2.638760140236168575e-03
2.449556298210040298e-03
2.508903911362068105e-03
2.564696095019592011e-03
2.469918302308264126e-03
2.512143996878985278e-03
2.860985109824525259e-03
2.510090986252294654e-03
2.385177571895568706e-03
2.579350989160299028e-03
2.691191713920656862e-03
2.625025411067993027e-03
2.712467172809899726e-03
2.634972535342162709e-03
2.706431740258055836e-03
2.578155056391865513e-03
2.754373963049057232e-03
2.795651157621321936e-03
2.742179764844261680e-03
2.546679408628495667e-03
2.433115283657022801e-03
2.668432225309413149e-03
2.501485707781990475e-03
2.634138994368222589e-03
2.520455245585148576e-03
2.553410384197745981e-03
2.826359821947099435e-03
2.678533119181614533e-03
2.699907645930570838e-03
2.653480280122438861e-03
2.672670827392883194e-03
2.450499138546466046e-03
2.823956080106929632e-03
2.615935832738870703e-03
2.689609965930723351e-03
2.453366671538391962e-03
2.929323885107063766e-03
2.633975629943182458e-03
2.650274651559226917e-03
2.580253504838464669e-03
2.513820417705448299e-03
2.843715425289352911e-03
2.558518271194944183e-03
2.805848528357099934e-03
2.502709526709011572e-03
2.432289458206308205e-03
2.463566938076733846e-03
2.641871300993700947e-03
2.671381400626750106e-03
2.405879999567831808e-03
2.597457662706775805e-03
2.745775342572931606e-03
2.641415895646631335e-03
2.564372588339473152e-03
2.654754331719401134e-03
2.526049726268859118e-03
2.777348900115656286e-03
2.754986257572343295e-03
2.669630220039043069e-03
2.713857831700041377e-03
2.577992990673059516e-03
2.762496687547215043e-03
2.475063447455007944e-03
2.655592425383217388e-03
2.634506563354648521e-03
2.672763565195494448e-03
2.739683754511122119e-03
2.482337831473926861e-03
2.401166696841521703e-03
2.886795667023833462e-03
2.606330155065989147e-03
2.580687871861155232e-03
2.622762959156151041e-03
2.792082729807246737e-03
2.782626602127466660e-03
2.490089649460648907e-03
2.579377069079145067e-03
2.835201502299512615e-03
2.624848165342171316e-03
2.652679604568997096e-03
2.876831278643140945e-03
2.534254305602294879e-03
2.708037890965654497e-03
2.578483421410599462e-03
2.626807369785789763e-03
2.476815978321083266e-03
2.605140033193523164e-03
2.655645367824303882e-03
2.700708157499563753e-03
2.549768117591395388e-03
2.700440820800293316e-03
2.687956870255637110e-03
2.521967902978471468e-03
2.683447487649830935e-03
2.610511550401880577e-03
2.655944099597508552e-03
2.642699720741351239e-03
2.503210508396031507e-03
2.574622489173454716e-03
2.712992703966849665e-03
2.402421739176915927e-03
2.608424333196220427e-03
2.627366616177477000e-03
2.674100941780479124e-03
2.596748936443840292e-03
2.675385895047096944e-03
2.745183331328382697e-03
2.609688085738900987e-03
2.743493341603974334e-03
2.695127360548915663e-03
2.489049636697091006e-03
2.613377584161304459e-03
2.601473892593462664e-03
2.705740910123509858e-03
2.750716444890721757e-03
2.604429717461285813e-03
2.476476809701159878e-03
2.551347089739472614e-03
2.620552597962035740e-03
2.800360838050431570e-03
2.518266767875267619e-03
2.784812605470081848e-03
2.440511796518529761e-03
2.683590530757683484e-03
2.363103867322626991e-03
2.491771728056296070e-03
2.553020552236426755e-03
2.671064329336318970e-03
2.921801676330976379e-03
2.893975317663900412e-03
2.783954992380412163e-03
2.585190657016425871e-03
2.514582135143072529e-03
2.740115892303827613e-03
2.507220653553387732e-03
2.594813883455158055e-03
2.574112584591665802e-03
2.503862122959465888e-03
2.636978655322615075e-03
2.645592853924325777e-03
2.554222692369585365e-03
2.388669707650478528e-03
2.534088694457173937e-03
2.635640825665252172e-03
2.606611736574236497e-03
2.650009242365094185e-03
2.658340217434768896e-03
2.701354278929724365e-03
2.665137001429851611e-03
2.493774078679261708e-03
2.558995228936556017e-03
2.614806828979457896e-03
2.655906947481665586e-03
2.426321163319472909e-03
2.408768852969746851e-03
2.578376958725561024e-03
2.579312010554040552e-03
2.518105947990347329e-03
2.562724612985411293e-03
2.532432849456918260e-03
2.785992057840527662e-03
2.505529499344851321e-03
2.574064993433395482e-03
2.655444670275235348e-03
2.603742181682675016e-03
2.693563866300899452e-03
2.697057262981730243e-03
2.650187283708966939e-03
2.591915059621605587e-03
2.573460451412922737e-03
2.530634673433566212e-03
2.489322294715808591e-03
2.391346141252585940e-03
2.515439822921866457e-03
2.579538106194061067e-03
2.577683646463486793e-03
2.493372732688140404e-03
2.675850119659727022e-03
2.502924923772372953e-03
2.662284705658743249e-03
2.684684405192015039e-03
2.821385523447761737e-03
2.671765439689866972e-03
2.511923431960125762e-03
2.583085353533192893e-03
2.606414582759902440e-03
2.556345420841222345e-03
2.579581341056863368e-03
2.673880992644725972e-03
2.619973222870022184e-03
2.580721357783602021e-03
2.504236288311565556e-03
2.627143147199563489e-03
2.634468913081917853e-03
2.424740511641888894e-03
2.793612405995757851e-03
2.356344949475798131e-03
2.522072010339467332e-03
2.777289909478683830e-03
2.663691968208916402e-03
2.727699443301104254e-03
2.509932803085495982e-03
2.674772505907373893e-03
2.664152497613751346e-03
2.606589527242222405e-03
2.533462606647675017e-03
2.487970775243966617e-03
2.540668872917765247e-03
2.611196279322427691e-03
2.691491426975093151e-03
2.600046100203658259e-03
2.655558820189047025e-03
2.573726791856648100e-03
2.536215667968152229e-03
2.822685170495124653e-03
2.489689051603515522e-03
2.298746613144244527e-03
2.750674595818053143e-03
2.616501717644525212e-03
2.468688528517899716e-03
2.608266337823851502e-03
2.488814232063445500e-03
2.797870869111243088e-03
2.410033226357478995e-03
2.660638970350596641e-03
2.574462745894116021e-03
2.678194994145234077e-03
2.639973223530944942e-03
2.567765534751340496e-03
2.599403783694108436e-03
2.579559877767052985e-03
2.444609703467146445e-03
2.649194410352270941e-03
2.646928237276100892e-03
2.643000466045378888e-03
2.688053217139819290e-03
2.434973868226246105e-03
2.576047854824950988e-03
2.454482630493224054e-03
2.782670977125132651e-03
2.704082331732133963e-03
2.614288612641521049e-03
2.464562824059247058e-03
2.425357740269278549e-03
2.551949238609869681e-03
2.463995185748161718e-03
2.561396538923955447e-03
2.373743396487728273e-03
2.604896526827590007e-03
2.635884936772281504e-03
2.816965390843034853e-03
2.818447445624312590e-03
2.922688785634813824e-03
2.726304529311972431e-03
2.485625362718279878e-03
2.632635757467722149e-03
2.668509559109888060e-03
2.420673191946532375e-03
2.584780013307191350e-03
2.598796909738642063e-03
2.472979169363595346e-03
2.685227164820712734e-03
2.791971278725254545e-03
2.501878628706142617e-03
2.360739565870957884e-03
2.734650295909770573e-03
2.539416143778044227e-03
2.514706289810403773e-03
2.512993604388936292e-03
2.698945536067765168e-03
2.572023276052443595e-03
2.534680910088201507e-03
2.557412359451058121e-03
2.646996267419918225e-03
2.589354503040561337e-03
2.610746041392681543e-03
2.659400083511793533e-03
2.588451038509079899e-03
2.744165378866509145e-03
2.514757976129008629e-03
2.511017699949349286e-03
2.743611834568279034e-03
2.509459740062991266e-03
2.678961675496312634e-03
2.848715835436652077e-03
2.807109435792585518e-03
2.578926927603989762e-03
2.554173683919947879e-03
2.802324179018545781e-03
2.816292872704816153e-03
2.746711092782259944e-03
2.635424803844075865e-03
2.729792339821884156e-03
2.645292039623339808e-03
2.500316566920337755e-03
2.736111541816817379e-03
2.507966355523514202e-03
2.463301783607839846e-03
2.447032690363292601e-03
2.721180254573519509e-03
