6.280313986396549551e-03
6.032034723898785020e-03
5.543063603156492616e-03
5.932150100719055241e-03
5.458480945453259014e-03
5.305529275646384858e-03
5.437373076449987519e-03
5.302202774380618440e-03
5.082528404452262699e-03
5.164077265580716697e-03
4.993427146534801589e-03
4.912033522089406107e-03
5.020665664277196294e-03
4.586713785735377878e-03
5.004578594399893866e-03
5.192513485942802653e-03
4.647247804140273650e-03
4.236761069012915520e-03
4.594340932212263688e-03
4.627646948199356722e-03
4.664994265699238217e-03
4.438273483429859036e-03
4.244038481610528692e-03
4.310019954759069551e-03
4.380679200379049461e-03
4.171137436473082612e-03
4.369359307693429506e-03
3.929244113731572043e-03
3.998586208595043302e-03
4.494696048270856344e-03
4.111820357983428029e-03
3.879231208090902494e-03
4.228236606091987163e-03
4.074884372836706792e-03
4.129608335588052029e-03
4.228066995078496974e-03
3.734362630580060575e-03
3.808647156328785061e-03
3.742470168725855681e-03
3.738697767969549526e-03
3.658535711500772013e-03
3.947695593994620181e-03
3.734129088669124220e-03
3.608482561473955099e-03
3.716951180155663413e-03
3.827902727414505147e-03
3.783524239434289151e-03
3.657151449158391014e-03
3.627444868221364228e-03
3.793683984452536802e-03
3.505674066537272510e-03
3.596575183199925575e-03
3.593566889957054526e-03
3.551178420448296725e-03
3.592996567073549787e-03
3.793034411604240090e-03
3.560142120320054782e-03
3.650330113333717652e-03
3.626432134677595211e-03
3.604063525891138160e-03
3.322654095190357738e-03
3.434985925714892970e-03
3.579143166047871541e-03
3.551134203610923322e-03
3.484265253489452364e-03
3.698207311795400059e-03
3.300940665921761781e-03
3.602524632565004027e-03
3.417208488209291274e-03
3.526666733939736158e-03
3.340691891969253466e-03
3.450732638313581437e-03
3.512516411747718635e-03
3.347294068976656642e-03
3.770403507937857002e-03
3.298038586386938236e-03
3.450692997340962416e-03
3.535053726944592870e-03
3.476085084520867154e-03
3.607610654138363078e-03
3.532382327717306560e-03
3.253329861346744480e-03
3.352483073718462610e-03
3.343617061565908738e-03
3.420572908129713985e-03
3.328078922127659326e-03
3.163813348258543226e-03
3.214202023551131302e-03
3.383190137374309740e-03
3.337342079477899608e-03
3.216819178223865889e-03
3.136133453239929245e-03
3.432342981129772163e-03
3.274127087821585014e-03
3.282268702647792025e-03
3.311693716487811891e-03
3.576977062445435823e-03
3.241077196391308791e-03
3.527594324288931427e-03
3.593538122663546275e-03
3.429681830853490571e-03
3.328207915989195645e-03
3.295687882306180642e-03
3.449202681022768731e-03
3.318546389591289694e-03
3.591865614801216522e-03
3.686541917959503326e-03
3.550539561293208218e-03
3.561906294616405157e-03
3.316959369584467597e-03
3.386153085180649246e-03
3.645770825053201540e-03
3.384572624956289598e-03
3.530124227667322430e-03
3.388056592288989088e-03
3.142339524132610213e-03
3.384138352074715812e-03
3.141305686838168423e-03
3.270601046453138795e-03
3.213457095309763846e-03
3.228753859077505752e-03
3.334332466958022344e-03
3.607288821760837923e-03
3.037598044978034179e-03
3.297702508899879280e-03
3.426006310356597730e-03
3.501149673227994027e-03
3.253616823264732401e-03
3.301675941752042678e-03
3.330736915431869137e-03
3.488217681354488509e-03
3.288899374085431544e-03
3.239013702785259029e-03
3.341773273841386338e-03
3.414513000090728303e-03
3.627435440835167016e-03
3.377879134094282851e-03
3.396879112249432189e-03
3.568302463678983422e-03
3.166295133996966694e-03
3.625346438670703272e-03
3.691054701323436427e-03
3.248536520314852620e-03
3.058493939751427953e-03
3.244605377648580175e-03
3.170440842633762309e-03
3.434568487856500246e-03
3.384063327094473557e-03
3.306019636136228648e-03
3.441556791574403376e-03
3.447402250405540505e-03
3.465761387299874825e-03
3.233722543995715300e-03
3.566006692215873200e-03
3.328936318646721643e-03
3.756894590320889165e-03
3.293558247435518505e-03
3.446862132172680976e-03
3.443830959718944228e-03
3.315595054234429621e-03
3.614712365321436256e-03
3.440873563820345121e-03
3.216617951559808987e-03
3.828907598618959407e-03
3.279472339645336451e-03
3.288559114198399361e-03
3.301719352783162760e-03
3.499036770117944315e-03
3.364695151142908965e-03
3.464463964151853499e-03
3.371107359901417619e-03
3.332133352271970418e-03
3.514323305830133540e-03
3.362758056929896974e-03
3.718223856026158045e-03
3.479798144018712847e-03
3.559126158564739593e-03
3.404517018759755168e-03
3.296582579314165373e-03
3.397182903478907032e-03
3.662078393655876594e-03
3.226039183561855376e-03
3.234634710622092107e-03
3.393207837917256928e-03
3.347083810865915908e-03
3.403976521979420588e-03
3.241130654627659424e-03
3.583414198227466603e-03
3.393015629305210900e-03
3.617219152611286966e-03
3.534341485105950940e-03
3.237835387498889418e-03
3.278947854875488045e-03
3.522515034716387251e-03
3.459365536631529847e-03
3.569226441074294272e-03
3.519904085851405327e-03
3.405827261350818751e-03
3.222641449270216563e-03
3.071009280712389510e-03
3.289905482662110886e-03
3.586108327869656949e-03
3.554689660485800366e-03
3.414255855544650903e-03
3.574850287901112315e-03
3.370724429867905016e-03
3.206022102371983498e-03
3.596355874139765211e-03
3.515171062690467061e-03
3.351065172945874061e-03
3.297798006462290127e-03
3.354634911710276286e-03
3.384682086237826310e-03
3.425304760631841909e-03
3.301273611071259100e-03
3.623273482691391403e-03
3.524765171246236825e-03
3.280914914046451601e-03
3.603258952633904728e-03
3.682230896587070090e-03
3.635993110495146577e-03
3.438100216260646467e-03
3.628030131407522420e-03
3.239977531115984747e-03
3.568282206412558798e-03
3.562502996833453398e-03
3.423020521686018745e-03
3.266934997959302853e-03
3.782846392506286019e-03
3.344088411212343091e-03
3.777928586382847936e-03
3.442701249440710543e-03
3.534332287617176875e-03
3.496913455364259252e-03
3.580275856317758840e-03
3.433180641057144086e-03
3.628800189901677450e-03
3.244626080044398213e-03
3.482064766806507172e-03
3.203490792806589285e-03
3.306666590227731045e-03
3.351202109972253700e-03
3.270845493534968191e-03
3.115607431430500104e-03
3.615736964588920493e-03
3.412946841343494908e-03
3.222347891776963010e-03
3.567725169343712987e-03
3.175795514672574010e-03
3.450462491176929485e-03
3.469242438384316680e-03
3.529487368141965686e-03
3.121770768550943213e-03
3.632093011702190732e-03
3.241381621202537970e-03
3.524493735995888870e-03
3.518529207325235379e-03
3.590785008868840975e-03
3.465403113183488770e-03
3.467776809317240500e-03
3.374593184693910290e-03
3.373430480800437836e-03
3.481110109061107735e-03
3.449881802752301826e-03
3.443293144442316663e-03
3.366190863117984010e-03
3.526977159191884217e-03
3.497205824614788537e-03
3.014579290443281274e-03
3.551462733190820144e-03
3.772601932601708959e-03
3.555349007381927717e-03
3.559143374875616515e-03
3.244568000701543616e-03
3.478451649799174129e-03
3.183325227319417500e-03
3.199979593800491781e-03
3.407008210203045506e-03
3.398604896085100600e-03
3.161678109257420183e-03
3.402071847233782264e-03
3.206232416583357919e-03
3.347368920853452390e-03
3.014003785137687845e-03
3.207942579375247516e-03
3.141773870563626010e-03
3.362042133932575082e-03
3.380232160065954356e-03
3.100107880413872832e-03
3.612518339054108032e-03
3.199955143928899601e-03
3.151018425927983643e-03
3.128246359606920522e-03
3.176015120205094057e-03
3.090049950083508488e-03
3.377238150970784773e-03
3.391173789114377071e-03
3.592981526334103337e-03
3.475527669067056923e-03
3.401040287712594774e-03
3.351221496984656267e-03
3.728676145701747754e-03
3.644566579972245268e-03
3.316096523090454780e-03
3.538505866075206292e-03
3.516686300335727412e-03
3.578344850849768475e-03
3.324388270586814409e-03
3.577939232413787033e-03
3.307184990094536644e-03
3.315720337763498459e-03
3.628042639752761776e-03
3.264003775647263128e-03
3.623076437830488258e-03
3.633301530586947447e-03
3.413910374329181402e-03
3.392941361173665640e-03
3.301722033381216618e-03
3.320678498959752940e-03
3.619995258919409768e-03
3.427273264783093666e-03
3.512990084574731022e-03
3.367567644916848353e-03
3.641941346131672905e-03
3.532012424845596809e-03
3.583247776185996894e-03
3.606668579980442518e-03
3.102794005336665002e-03
3.658939915295976106e-03
3.309358325452496207e-03
3.802644076956592997e-03
3.469317317046489730e-03
3.666766976901339892e-03
3.915224070769337573e-03
3.566535438367532396e-03
3.215971473572571977e-03
3.542389907050557014e-03
3.430407336461986211e-03
3.453849263820442210e-03
3.348396287911511050e-03
3.459722366198231605e-03
3.549086691690180734e-03
3.687320897259950374e-03
3.268085836490550004e-03
3.314279348341845656e-03
3.303728701779876098e-03
3.617678985422667116e-03
3.579682471582234030e-03
3.216979343289051718e-03
3.436015488301206924e-03
3.288770266953683873e-03
3.498186817376182280e-03
3.358173769144988906e-03
3.190022254708613399e-03
3.531149891098260205e-03
3.370791631695361102e-03
3.371846483612105615e-03
3.489715141257569014e-03
3.616788839659502638e-03
3.408600395068504298e-03
3.675104134862465597e-03
3.363813413174664840e-03
3.404444323353262528e-03
3.298694306594803817e-03
3.548616416284758497e-03
3.528129724413811997e-03
3.570252600446864426e-03
3.283073997321877061e-03
3.493924639523584078e-03
3.231515205467104610e-03
3.326028592738692301e-03
3.332230766583512641e-03
3.572895788167862550e-03
3.307326295350537619e-03
3.612279502815175271e-03
3.512776085284039385e-03
3.538392739303612700e-03
3.178093013015943682e-03
3.787630647167358929e-03
3.512161211327552001e-03
3.539949238020033938e-03
3.254928991747418378e-03
3.431230943952148608e-03
3.525622017937320857e-03
3.544708543214199030e-03
3.581318029302354381e-03
3.618978817906856518e-03
3.624826720137352357e-03
3.442196598913897440e-03
3.429675973186791654e-03
3.760766164322406398e-03
3.384601902104963315e-03
3.555452981037120208e-03
3.236786099175375988e-03
3.435317767648062535e-03
3.474819235433483557e-03
3.583681546777658326e-03
3.760367512999058734e-03
3.359094887462984579e-03
3.382061002629373724e-03
3.564502666716369388e-03
3.538561603684199815e-03
3.627962700819100869e-03
3.650050182378713863e-03
3.479093452435454061e-03
3.385640161629557485e-03
3.341504306805153247e-03
3.712707474515858450e-03
3.634544546442581691e-03
3.503789444316150921e-03
3.104891108397045060e-03
3.316782742541756271e-03
3.799752269908131426e-03
3.116676555123524053e-03
3.432828130806756233e-03
3.278229089443059855e-03
3.208122209836536919e-03
3.735777456699078316e-03
3.451145671199200033e-03
3.513469408907756580e-03
3.555383888773826304e-03
3.362946962890902333e-03
3.448664628818831797e-03
3.268453874001069591e-03
3.500085061197226108e-03
3.383196269958974219e-03
3.832628104749692677e-03
3.260776708623451970e-03
3.431990930109547321e-03
3.651373820800852491e-03
3.580766567902300256e-03
3.735950634782408963e-03
3.552338251271272389e-03
3.700884040904155702e-03
3.361061884781371255e-03
3.683360579240526744e-03
3.498763881236923497e-03
3.728263731528869487e-03
3.274714745295353394e-03
3.370285470238258696e-03
3.489836445186302386e-03
3.572196629112853530e-03
3.651217394330537411e-03
3.630772499125243732e-03
3.316541678545034070e-03
3.606129854867790724e-03
3.140321742415487331e-03
3.125122384751643015e-03
3.243351383720138349e-03
3.173361955454995047e-03
3.437127120616096862e-03
3.528292001027009354e-03
3.426181646338217687e-03
3.687303530958713910e-03
3.725210278283115368e-03
3.381886539345909694e-03
3.383308468927279621e-03
3.613956824622606943e-03
3.508466793752010315e-03
3.379658953880307001e-03
3.354920811536120373e-03
3.523480009163484916e-03
3.436922974655439930e-03
3.415299720483455995e-03
3.234776608581717543e-03
3.227850523855607320e-03
3.279242064472283336e-03
3.395494278570328900e-03
3.288680820906962621e-03
3.284438587216215524e-03
3.378248791410048534e-03
3.566816695116317368e-03
3.845743818449205969e-03
3.712589470624944911e-03
3.604800233040649296e-03
3.234469467167933911e-03
3.015726914419117506e-03
3.289119037311747946e-03
3.525413378825686343e-03
3.268120103424651882e-03
3.404572556698391619e-03
3.305303323697746879e-03
3.458703623180858517e-03
3.218770263358532169e-03
3.545825898963282565e-03
3.631546593158166501e-03
3.098235830054888937e-03
3.522862770684089331e-03
3.457860558081831282e-03
3.412427343931791028e-03
3.230519387143207955e-03
3.743540373044801708e-03
3.452823662144486640e-03
3.194093773604553092e-03
3.156109396317752745e-03
3.753630090185217354e-03
3.429799152525200671e-03
3.387763559592848420e-03
3.405067632570959058e-03
3.459497575855379620e-03
3.232609680481655836e-03
3.249516186743120569e-03
3.440196771310506749e-03
3.688755744603226024e-03
3.660457284511500937e-03
3.381745355152613285e-03
3.190963795798846311e-03
3.648729869763322423e-03
3.278598194639502621e-03
3.479130412548053428e-03
3.467823267050584857e-03
3.475249101718940262e-03
3.452302991599303077e-03
3.234235197972623772e-03
3.205161407346366481e-03
3.423917249289597925e-03
3.508658565053879123e-03
3.523586911124703888e-03
3.322244517446051957e-03
3.444335703624811819e-03
3.110369403109239546e-03
3.332820784865534337e-03
3.391563981399220787e-03
3.626276469750825803e-03
3.457105619921395281e-03
3.499548112305595274e-03
3.531553057142710478e-03
3.461347974973712476e-03
3.693925615025332992e-03
3.229971578133537455e-03
3.278367309413916277e-03
3.206698487230453913e-03
3.317365613028906354e-03
3.352702247535233569e-03
3.303934113420494909e-03
3.202947173330162114e-03
3.574090111573735313e-03
3.326693553356252671e-03
3.301665382498325182e-03
3.283320506395553690e-03
3.541937727197041509e-03
3.407818190545342484e-03
3.614829370572657588e-03
3.031744094579038023e-03
3.503493610954236739e-03
3.279627621109658733e-03
3.354840069738734311e-03
3.244156076493978462e-03
3.353551600145440910e-03
3.770667019343663939e-03
3.306680748191553193e-03
3.690235845101481026e-03
3.565393793045225010e-03
3.408159721360589332e-03
3.496160118037134647e-03
3.074646572453839429e-03
3.682626735990537220e-03
3.514308895464910831e-03
3.589778528054229749e-03
3.425512250566651977e-03
3.352461830210281754e-03
3.487932152967386165e-03
3.509112728015417910e-03
3.659983622240754915e-03
3.462846625067252625e-03
3.461193809646691700e-03
3.148230635353358592e-03
3.422258662681528646e-03
3.617159416160296327e-03
3.330334768377831746e-03
3.363593237101339655e-03
3.454511191597176012e-03
3.459135750655050606e-03
3.131482877471595920e-03
3.319959257574635596e-03
3.447904987427885017e-03
3.565945706367663632e-03
3.264344522720633891e-03
3.373332603258308478e-03
3.160343206135736438e-03
3.506703197143267760e-03
3.173641121239607378e-03
3.654581727683651245e-03
3.468946985055401493e-03
3.513560586433358678e-03
3.422859344008475670e-03
3.609404773063621882e-03
3.330503926189155601e-03
3.379878462753807718e-03
3.298716739852071249e-03
3.426678261671880620e-03
3.328872239833033288e-03
3.355208680490251536e-03
3.393004539945916782e-03
3.527453091595651475e-03
3.432588069501345956e-03
3.604375298043423215e-03
3.289365732448099825e-03
3.245687218037338322e-03
3.082058977700408414e-03
3.256052499535579299e-03
3.433268817468576942e-03
3.456521381415003473e-03
3.643846678039798417e-03
3.592271951722957567e-03
3.333853275142565319e-03
3.244000556327503951e-03
3.710934324463476854e-03
3.566117720043227024e-03
3.499528360009629760e-03
3.773724478398987961e-03
3.656442600699427899e-03
3.429306033619592808e-03
3.659485734477111157e-03
3.690234840090311687e-03
3.580526784503696922e-03
3.581745695121531410e-03
3.637837343074274820e-03
3.170257580132172012e-03
3.448602566228386491e-03
3.483397836585468057e-03
3.329584199082255905e-03
3.437646875472849528e-03
3.256158324162916010e-03
3.450915020155322435e-03
3.632259256372588185e-03
3.284579032516724267e-03
3.369175110724542243e-03
3.599859139630447354e-03
3.546575547110349374e-03
3.576953827260158716e-03
3.411884837049034697e-03
3.303660157315186415e-03
3.363428020180253206e-03
3.435008710424276510e-03
3.330594170053392464e-03
3.535270193128298155e-03
3.483449026230344293e-03
3.524016250027288411e-03
3.176218073433306061e-03
3.538838211907919043e-03
3.424521521350579710e-03
3.368180493100422605e-03
3.318089845914015679e-03
3.443241225012165681e-03
3.288498441234233988e-03
3.385283934383213379e-03
3.552847593645003417e-03
3.297989046050310569e-03
3.401633096409445358e-03
3.607133917206310249e-03
3.352876661370852475e-03
3.349606982505371530e-03
3.344215735810113568e-03
3.451445782672468536e-03
3.353403852177240692e-03
3.366161069269624651e-03
3.258703210269447634e-03
3.462797620965135312e-03
3.731467116503365579e-03
3.730270127026906295e-03
3.106188113462067177e-03
3.563221187270036380e-03
3.666535951806187965e-03
3.474505123555667561e-03
3.591456611641162013e-03
3.604724349099400118e-03
3.445874796924941648e-03
3.209696263889975573e-03
3.625770197914440426e-03
3.573392887965492690e-03
3.263741274958600717e-03
3.398674410921400605e-03
3.714554433151719907e-03
3.362807086177380111e-03
3.636828581876938495e-03
3.457855981046585245e-03
3.166758767123873525e-03
3.513370050090182037e-03
3.564315086633551653e-03
3.385644404835199371e-03
3.399791618660634972e-03
3.233204444288295329e-03
3.536621969024298078e-03
3.413475081324616328e-03
3.633262444908874882e-03
3.399527263510472401e-03
3.571187630304879443e-03
3.528510086691523644e-03
3.144783643750905400e-03
3.456558016327689400e-03
3.791628318077178324e-03
3.360963697672953929e-03
3.248564117323420736e-03
3.428669525316688227e-03
3.420735744402740239e-03
3.752596814857347366e-03
3.391536878071337979e-03
3.417693714772334062e-03
3.216129508177394992e-03
3.180652729284860758e-03
3.320318821433959101e-03
3.391963490466253124e-03
3.954420709445420970e-03
3.385857130462192627e-03
3.479409237010288713e-03
3.388139076057644639e-03
3.644148473333353247e-03
3.504098288336366697e-03
3.394622128353772840e-03
3.250276533384007828e-03
3.590035343663748602e-03
3.497690971053849223e-03
3.401211696270356813e-03
3.690950039306155686e-03
3.296618119341380819e-03
3.303319887855979582e-03
3.270432213710839156e-03
3.329307725984058126e-03
3.645256961528155204e-03
3.238868648778381494e-03
3.286232610965956688e-03
3.211662791218964589e-03
3.660390166025197841e-03
3.401266820942054799e-03
3.735395557120948194e-03
3.430425707696183307e-03
3.675422943088792194e-03
3.822142490393936557e-03
3.413974509184680706e-03
3.316098899487206902e-03
3.492408956206384269e-03
3.217351303222702828e-03
3.198084409752030826e-03
3.543908163283197420e-03
3.732653315644599706e-03
3.410345178894221875e-03
3.512088516442729742e-03
3.256915528238860623e-03
3.381778099811884233e-03
3.285181587681409911e-03
3.302526884289991999e-03
3.466561414966738870e-03
3.457853156154715776e-03
3.539116988337785447e-03
3.337223790501680880e-03
3.366028291638367611e-03
3.401792294241599672e-03
3.355369858999863834e-03
3.239487265894845300e-03
3.498258281834681210e-03
3.424451722414899833e-03
3.195619583091923940e-03
3.436130643940410456e-03
3.719984231897076159e-03
3.201064248245163134e-03
3.669941101105869685e-03
3.263889579398385459e-03
3.289530052275838751e-03
3.725769847927526239e-03
3.516540076195203649e-03
3.351454383667727601e-03
3.238450755370071536e-03
3.356788330901265029e-03
3.620310206002091101e-03
3.398060768779256891e-03
3.267805313940331559e-03
3.718201957661103601e-03
3.535050536083360079e-03
3.343194270160622459e-03
3.368553131017157018e-03
3.631183838089122907e-03
3.524462506883207190e-03
3.447940025811247703e-03
3.487182484283775103e-03
3.326002030308470789e-03
3.384475460303511523e-03
3.185036058387042627e-03
3.347205320727536342e-03
3.553530913446398438e-03
3.300292146377627710e-03
3.419536014112044796e-03
3.614946237659593786e-03
3.566116380548610236e-03
3.478783737394714783e-03
3.236418982439589771e-03
3.437210470187430662e-03
3.664740304061803178e-03
3.423215128620882459e-03
3.505819282769460487e-03
3.341359927544350697e-03
3.696437671276303540e-03
3.689913332517187790e-03
3.412998205398256116e-03
3.587079226838296372e-03
3.705273392199739946e-03
3.489222987627992566e-03
3.638173639630463800e-03
3.507839597152894416e-03
3.334653877880585857e-03
3.375919153861805036e-03
