3.625312228455606755e-03
3.372074439896080144e-03
3.446739952254688610e-03
3.830953369004273541e-03
2.300206848979996933e-03
3.241124288909457297e-03
2.550334832282716725e-03
2.213093335539688660e-03
3.263332007179412311e-03
3.763721655386589003e-03
1.958559315923893724e-03
1.446321357021294451e-03
2.412858021904556657e-03
2.160094463317674580e-03
2.809667790780019658e-03
2.752842149987293121e-03
2.377823848912231572e-03
1.896815190683652941e-03
2.170735600969031075e-03
3.277080774682367657e-03
1.573935509832757006e-03
2.447935176739711016e-03
2.757785652197024696e-03
3.039335827294607599e-03
2.289532639305459638e-03
3.409854252205744927e-03
1.243928552638547602e-03
2.140963433515568129e-03
2.836978986752594547e-03
1.590033035895802851e-03
1.836202911016745435e-03
1.686207355321666301e-03
1.443608673237715663e-03
3.984321276536748448e-04
9.994101524181985604e-04
2.335625770268457552e-03
3.146755232077341063e-03
1.805748795494293299e-03
8.536722267227981773e-04
5.893712161858904704e-04
2.267563420282166491e-03
2.055578865616951127e-03
1.671276836821786963e-03
1.141814920928837206e-03
3.054190765045177412e-03
1.733742036374023724e-03
1.478898357616538787e-03
1.712127522319990131e-03
2.060282757541633241e-03
1.857468888533289402e-03
2.291082878337232214e-03
1.343310135022131400e-03
8.230057010512941904e-04
1.229288392309209462e-03
1.318851355603689948e-03
1.907662113991584474e-03
1.061127914476042667e-03
6.911849034629485118e-04
2.357844375769873116e-03
1.842390869059320991e-03
1.994724972368754328e-03
1.404752219697082355e-03
1.599226199181031944e-03
2.009832136631490435e-03
1.027793493814665310e-03
1.363603318965903293e-03
1.022289007156924152e-03
1.408626915465022861e-03
2.004601116162138888e-03
1.245271841631825265e-03
7.068936527732683781e-04
1.697488344285344626e-03
2.084114470157997362e-03
2.394133413793845654e-03
1.282726096461337490e-03
7.289143250774492199e-04
1.917830759251682501e-03
4.421150132745134648e-04
1.582754549475134899e-03
1.754451721289077048e-03
8.000326850464129337e-04
1.186393640755141433e-03
8.861438273959164726e-04
4.082104327796749949e-04
2.434333851291450423e-03
2.913823240069432930e-03
1.329249967792743093e-03
1.785362291399439491e-03
8.470520399071837254e-04
1.954489081584394848e-03
9.749509828383777759e-04
6.540966789214508036e-04
2.540418321635567155e-03
9.544156776465050063e-04
1.376161953115591103e-03
1.771968033383686291e-03
8.713027423831376170e-04
2.468115974181821909e-03
2.047860443376584450e-03
2.307014275569240196e-03
1.271684353194407670e-03
6.768976690369573257e-04
8.818952439081418921e-04
1.649552843719958792e-03
2.145358923866283376e-03
1.143094679885696451e-03
1.460601524580727988e-03
1.284369253889254721e-03
1.468407731055545225e-03
9.764292757288320313e-04
6.332943768350394759e-04
6.577364600413955140e-04
1.271289856841062828e-03
5.360850090226190788e-04
1.383392534074108070e-03
7.468792881829506907e-04
7.932005254699197282e-04
9.745731935193427571e-04
9.147284117440315169e-04
1.990999496206370938e-03
1.144408876555423702e-03
1.877418646053315501e-03
8.130101160581754095e-04
6.266525551528978307e-04
5.804878878623474184e-04
9.840336701634072331e-04
1.319794778027214271e-03
1.721570523199901330e-03
8.505319733840254739e-04
6.546209946288895215e-04
2.556154420035559004e-03
9.690010807134840070e-04
5.072789337133506733e-04
7.323070699234744208e-04
6.964124515081023762e-04
1.461593162300541893e-03
1.204175460162288519e-03
2.001271306196308105e-03
3.722113453386173532e-04
2.267530938271417507e-04
7.185247461123665585e-04
1.326210333951237733e-03
1.386236050297063064e-03
4.525364125893451407e-04
1.041326083684433051e-03
4.719411036121224355e-04
1.827644611833959378e-03
1.157181980451433981e-03
8.632356371546510455e-04
9.037677181972907916e-04
7.704929684369650695e-04
4.952811942084046513e-04
8.104964851578541716e-04
1.268751736354924121e-03
2.115424327121477772e-03
1.567874537380047062e-03
1.822647573413233935e-03
1.830823530728442399e-03
5.498486981584774528e-04
1.330616649772642336e-03
1.653076534771262063e-03
2.910698224372113528e-04
1.299854568575705208e-03
3.523121508749935561e-03
1.221116496730878390e-03
7.873555295559447756e-04
1.642997082102321893e-03
9.854631693794111118e-04
1.131825683992315843e-03
1.204128831219180131e-03
7.538342834627101115e-04
3.010843352938195839e-04
7.508861748148303429e-04
8.239958487742828465e-04
2.177053050519176056e-03
1.739266104762935035e-03
1.160236207271538944e-03
1.264554466343960175e-03
9.437130525864475617e-04
6.754679104818802271e-04
5.305414818272688807e-04
6.753886777849793651e-04
7.105887202364635216e-04
3.562318990507914811e-04
1.689049829442858990e-03
1.292552587728458329e-03
1.015030171290339867e-03
5.913708430585141920e-04
5.456825976269642168e-04
1.153243065539302694e-03
1.575152186268629229e-03
1.498752904477058468e-03
4.077553140446486726e-04
8.382453677979968603e-04
1.151878522921104047e-03
1.065976528904889449e-03
1.903472145121604423e-03
3.938810633189584803e-04
1.085562274809235899e-03
7.614946391555885196e-04
1.254468949824476352e-03
7.440069359552363469e-04
8.645130040740162114e-04
6.910413846157549209e-04
1.417529914644011409e-03
2.973499157301381229e-03
1.370239566647195838e-03
1.453570702552853082e-03
1.171979275349349734e-03
1.605133191149785794e-03
1.433600113418719013e-03
9.621121997133741952e-04
1.905082104479104621e-03
1.393432529148987001e-03
1.561933520620429304e-03
1.018647737571021531e-03
1.352382095942660780e-03
1.168776269933791091e-03
1.237232678008975571e-03
1.181715654840466857e-03
8.950075005732834174e-04
6.920164891604015794e-04
9.329690296653583501e-04
8.533828315723557571e-04
1.604178579358199594e-03
6.357913044959998374e-04
1.130286920894820780e-03
2.411914705364361783e-03
1.535843042930514889e-03
6.654734259887252817e-04
1.717921417771442515e-03
1.073762978139536188e-03
8.368784863361499468e-04
8.030909013642073503e-04
1.065476535215936120e-03
1.336216500533575187e-03
7.840466555848079515e-04
1.417064675421257115e-03
6.673467316015893993e-04
1.263071731485493430e-03
1.184184515856385837e-03
9.864126350563804085e-04
8.754111349885846391e-04
1.048023489291702998e-03
5.982701284463058135e-04
1.123726763203462689e-03
6.775660914141459984e-04
6.357862295195355938e-04
1.121758371375435439e-03
1.551696469973561565e-03
1.064194140225100706e-03
1.158146735441933570e-03
3.937333433910942659e-04
8.825144987304535697e-04
1.475175445144859352e-03
9.837693069461488429e-04
1.067413735521277043e-03
3.908236110939088690e-04
1.880018048510251328e-04
6.233685919177956065e-04
9.380149111689926140e-04
2.528182223162647670e-04
1.296098588128182525e-03
1.560769811837573341e-03
1.337450497422700696e-03
1.139788581267133904e-03
1.622841663981250057e-03
1.204736803455407545e-03
8.835054071323014289e-04
1.678231426351284219e-03
1.303123428495761875e-03
1.252922496735941723e-03
1.718151945941331134e-03
5.854823856232156676e-04
9.033362847169249758e-04
1.858808080227706628e-03
1.012785874768530820e-03
1.407686734296878083e-03
1.262422200177346510e-03
4.372251793928517722e-04
1.037453181114210898e-03
8.069938055610226084e-04
1.304365934565977813e-03
7.706897445984314896e-04
3.500113991216853614e-04
3.469700918768951910e-04
1.271489670904034147e-03
1.039458880595275784e-03
7.732063867887461290e-04
9.262501735953532515e-04
1.592753833006512430e-03
5.023547452683066981e-04
7.810886228836034064e-04
1.365209016325963842e-03
2.054894617837042629e-03
2.053002257976447448e-03
4.427138786630608908e-04
9.961567918959687157e-04
8.795659917139350518e-04
8.382369231380703417e-04
4.179591292881752458e-04
7.509621094776693182e-04
2.564108524184129535e-03
9.855761595671346225e-04
6.388095750069949829e-04
1.782559075107531706e-03
7.438358481620435106e-04
4.389724463321870683e-04
1.412006899330407609e-03
9.726918297482974431e-04
3.693028490674409308e-04
4.805745955324468668e-04
1.828571561435727091e-04
6.415540601836768530e-04
2.674970090027668085e-03
6.587113303371302381e-04
2.041934376015600515e-04
1.349756531517846579e-03
7.103025573456600789e-04
4.788999528809822592e-04
8.558876686053481153e-04
2.442066196802468534e-03
9.961068730684149476e-04
1.926642283978843699e-04
1.429693578867632106e-03
3.042299312265683408e-04
1.106570917269774105e-03
8.512116117533281628e-04
1.898780243510341317e-03
2.057863426679073203e-03
1.345994901603760063e-03
3.819627076167232053e-04
5.850934124105599838e-04
1.323884981459935240e-04
2.291372208510364210e-03
2.194400491779017678e-03
5.447858810650913234e-04
1.229951060544061479e-03
4.408807610746060001e-04
2.239987984612310716e-04
9.785515605481326807e-04
1.546938602909024010e-03
1.289724111581185386e-03
5.420454168903974254e-04
1.130799563402975355e-03
1.677784691707877914e-03
1.386100012527955155e-03
2.107429711315157890e-03
1.565522271172951462e-04
1.880920357746819699e-03
1.220727711546387359e-03
9.082265455187462115e-04
1.838424378512240609e-04
3.180597832064662464e-04
2.795357046954482887e-04
1.355291156341420066e-03
1.000500531255790748e-03
1.082078612478073023e-03
1.451643553110841273e-03
1.129754760858651865e-03
4.913108903931060444e-04
4.806923720777564750e-04
9.225572323230372832e-04
1.117776392078166821e-03
1.529782286516153614e-03
2.502957000209161346e-03
1.458948600860268717e-03
1.138491549489959549e-03
8.701545066677466482e-04
4.817119341088066994e-04
1.163560050282907727e-03
1.367453616755588686e-03
7.954295171419696045e-04
2.545259653738794888e-04
2.283825362178670479e-03
1.052573679838600135e-03
1.219326296381973611e-03
1.542417790133609502e-03
7.777426246239175795e-04
1.672968507302316629e-03
6.826827338457715786e-04
5.950225973580275819e-04
6.540261319540589422e-04
6.123906159049567928e-04
1.416177308923562530e-03
1.022274563848092665e-03
1.659059564468854742e-03
1.017316440816373518e-03
8.581035104277835160e-04
1.230198983488807593e-03
1.448024558607229713e-03
6.883774617046704803e-04
1.112338956440230659e-03
8.763752149512145807e-04
1.190294072183450133e-03
1.286388822568058444e-03
1.216064896142290437e-04
1.281920418608427630e-03
5.116872746012845639e-04
8.666075211325667115e-04
1.558340243413434230e-03
3.439747112923927531e-04
4.669723595282083257e-04
1.408864708395374168e-03
6.659850027607731784e-04
1.119488720493149164e-03
1.905408390376768383e-03
1.183538689739078390e-03
6.840065010417455517e-04
1.032186390175736162e-03
1.412064140344894544e-03
1.231594957436293793e-03
1.391793841673236425e-03
1.622785029198313541e-03
6.379291271496768251e-04
9.197368154037998105e-04
1.781968912185738930e-03
8.306709611322945618e-04
6.813319147158683432e-04
4.770661315322197431e-04
1.394063800622432573e-03
1.540919830030427389e-03
1.380754565255024307e-03
9.227035438818646535e-04
1.202438396043078441e-03
1.057150663981892011e-03
1.072100864660268825e-03
1.487930469398537122e-03
2.201179965634388579e-03
1.276829971591485592e-03
1.005408170397547804e-03
1.391030621283377740e-03
1.071234994876850725e-03
8.660391098289341215e-04
8.306415360352603595e-04
1.868567232624300913e-03
7.875102623682733206e-04
6.335113449393543284e-04
2.125718781259073459e-03
1.576238895670590309e-04
1.587450577887966662e-03
5.270421587605341514e-04
1.207455964965657366e-03
1.402221042418609577e-03
4.389608812171144278e-04
1.764122841672699548e-03
1.114135525458068588e-03
5.128177243152111549e-04
1.165609690209800514e-03
8.100440931456467930e-04
9.609696873300116937e-04
6.978671794854825932e-04
1.338976095263882038e-03
1.049505441023644960e-03
1.137613459269653767e-03
1.280843648152984885e-03
1.553905211046082368e-04
1.182910667575613403e-03
1.878094796273244464e-03
9.486292832373182434e-04
6.017302682554499446e-04
6.369249748731216571e-04
4.959437014761853982e-04
1.061958603245689728e-03
8.670553574281698915e-04
1.631481838223274809e-03
1.068280204338693112e-03
4.537284882191533410e-04
1.324208626136944705e-03
1.078134497807894205e-03
1.118804469512948421e-03
1.215811689023633306e-03
7.448699924898795604e-04
3.570470749111079659e-03
1.618723049599105936e-04
8.510293010097455578e-04
1.055263533107783209e-05
3.328888984198884941e-04
7.234956617582041132e-04
1.072038687676827792e-03
1.042557414136735701e-03
3.652507572164290055e-04
4.951128206521427299e-04
1.499621305400663553e-03
7.499342224854469016e-04
1.428254742121299855e-03
6.581345966469826858e-04
1.037692372628834471e-03
4.011564864328964644e-04
1.235015679785393021e-03
8.695957519123865187e-05
7.252277111199428253e-04
6.426098398587478007e-04
1.498452816936696186e-03
9.306318051296223835e-04
1.245739931540918019e-03
1.148533156413424723e-03
2.191465119834930145e-04
8.375367790209638924e-04
1.017731526917125401e-03
6.288913998248634504e-04
1.367129245358335993e-03
4.887272289033357375e-04
5.097444026424664777e-04
4.861473717776381679e-04
8.635315991786405784e-04
2.358582933683000074e-04
2.010568014456208270e-03
7.984362177614111409e-04
1.146016318220830247e-03
9.323978255588570184e-04
7.695467772498298942e-04
7.394073372867312902e-04
9.423206186706171951e-04
2.506696266468181711e-04
9.147141108666722448e-04
9.502174542484669115e-04
9.690138857483323329e-04
8.823792714296705992e-04
1.096452344126944102e-03
9.778342259645523161e-04
7.349484390657247748e-04
9.699875918368417501e-04
2.064008257298057415e-03
1.167226311766137153e-03
9.848389543723858400e-04
5.825593201732862840e-04
1.860580963981600623e-03
1.015080580670521017e-03
5.971320374555974357e-04
1.158815111494629606e-03
7.395728140670838977e-04
9.092418875727933426e-04
1.243861690880027852e-03
8.956214753394440035e-04
5.749055747835895517e-04
6.641683945081889489e-04
1.734820803371451810e-03
3.475834260925635176e-04
1.262985372707255789e-03
1.167259453874056746e-03
3.083266402849748223e-04
3.117063975220339591e-03
8.201259736975001231e-04
1.732878638479952048e-03
8.553021123178232866e-04
5.128470969610779244e-04
3.479207088379028057e-04
1.159184382857994392e-03
1.319073888028729361e-03
5.929540985869463611e-04
1.522865660854069584e-03
8.524715063288885834e-04
9.059145127953454257e-04
7.020162458367955501e-04
4.511613130343249145e-04
3.464310344496104453e-04
1.333824715770348755e-03
1.362365829991653461e-03
1.126195559849888211e-03
1.155253406166907365e-03
1.048722693671085178e-03
8.659497956853226151e-04
2.015948296857924139e-03
1.229964898944106060e-03
1.051109261081639972e-03
7.176056624535892287e-04
9.357299531267433820e-04
1.541886636736557051e-03
8.169310341967799720e-04
8.872608247289220495e-04
9.309806373442330342e-04
1.286282666930288043e-03
7.982944065474254555e-04
1.067496515572888445e-03
6.006191269453952123e-04
3.617408366622953150e-04
1.408627217659638763e-03
7.704114047244667567e-04
8.030573540099522449e-04
2.246951924577806747e-03
1.131177444258287630e-03
5.548725169538615363e-04
1.569948473241937871e-03
1.702904858354638978e-03
7.260640387611622549e-04
1.910479149193605904e-03
1.289627701988987777e-03
2.770877223703858646e-04
7.670754146940414594e-04
7.393121867234373834e-04
8.405680179619619751e-04
1.352838859731807534e-03
1.262118905551733866e-03
1.156517016293157714e-03
1.250913373860618009e-03
9.702403711260442105e-04
8.149764611052015724e-04
9.212880665398975400e-04
1.323600949751418000e-03
1.525252663626969945e-03
6.357794459728908316e-04
6.716210072279084429e-04
1.126043177373488692e-03
1.494925535891789524e-03
7.176597634900024969e-04
1.337342883747343362e-03
4.053291318521601121e-04
6.794692702465108614e-04
4.442358342354336270e-04
5.100091565983109945e-04
1.353021383611561611e-03
4.273833488815533509e-04
7.375271838749309890e-04
2.727500857441109757e-03
1.075069875760676546e-03
2.460991721062281978e-03
1.129197161625024965e-03
1.342108067126416681e-03
1.527848862437684906e-03
1.045997087181148050e-03
2.141670898604588070e-04
6.775369695609532918e-04
1.425439889745032775e-03
6.558773549541714381e-04
1.497270772678136082e-03
4.472852024876078554e-04
1.492274656398381210e-03
6.225735969006216666e-04
4.448871253866903811e-04
4.759434325479510093e-04
1.183372692218117488e-03
1.395169140199699212e-03
6.756715624173564774e-04
1.432004646877362833e-03
9.690764454930222765e-04
9.693209893536398891e-04
8.828440385733587331e-04
8.537813434896452183e-04
1.101035802411378653e-03
5.419832991512483740e-04
1.120744906202382788e-03
7.857273785938430778e-04
8.322104102176127024e-04
1.071537822621477240e-03
4.601306945162339664e-04
2.125715118895980110e-03
1.520727898961216811e-03
8.815994405821254163e-04
1.193067352115953928e-03
1.258509696087586329e-03
1.894395827271871556e-03
7.596644908401475622e-04
7.437512770913525363e-04
7.481852935738390192e-04
7.564792376181930312e-04
1.509138310924678728e-03
3.731872354790372330e-04
1.373224521520287388e-03
1.086695339944760428e-03
3.965206264669977540e-03
1.134944958866719459e-03
1.195551496319927640e-03
1.006783479158732033e-03
8.058842195706704403e-04
1.459243082225853555e-03
9.427860411061910785e-04
2.088067140849013317e-03
2.903241925128863254e-03
2.775631755836641839e-04
2.073749931693144241e-03
6.095408433445046858e-04
1.423407338323270021e-03
5.698334843727965960e-04
1.030530315521728741e-03
9.436490640048673419e-04
5.821526566714237865e-04
6.742493599167341404e-04
1.999590945355453949e-03
5.352953877933150145e-04
7.237691807031866554e-04
1.640149951073900225e-03
5.021298842189867969e-04
1.872918590278562683e-03
1.437839678176123116e-03
4.767655558737908788e-04
6.305849222568292878e-04
4.321740527722230194e-04
1.392658047699166842e-03
9.366071854520225531e-04
5.854955873911207734e-04
1.855006785290223229e-03
8.304893851463502610e-04
1.602064139885715690e-03
1.240124662555035142e-03
4.594079674967200557e-04
5.932423455371724523e-04
1.267067661049236594e-03
9.568090849299422905e-04
1.483051374293132283e-03
1.117322059997717535e-03
7.636543644056053041e-04
9.285557031779688312e-04
1.076803647816005141e-03
5.021122264247901380e-04
1.474220587241086965e-03
1.163443807345658867e-04
1.887708880486845854e-03
1.282677812679344906e-03
8.379730621274064043e-04
1.427052394036788926e-03
1.053240941365890613e-03
7.888846081922247771e-04
9.138961227784512305e-04
1.323349961939036378e-03
1.231796096491895483e-03
9.509668603434061384e-04
1.083664358381464720e-03
1.614980783486061420e-03
1.130253052589175102e-03
8.489988818313562056e-04
1.333966414008783434e-03
2.878143749528273647e-04
4.919970867069839177e-04
7.181644308147242580e-04
9.681085313103618851e-04
1.779541640847447526e-03
1.559824009525419318e-03
1.173926772200771908e-03
9.934946506339865056e-04
9.426487944444876576e-04
2.046387522655711668e-04
3.144197917512651626e-04
9.530382519593621387e-04
5.658820394031196296e-04
5.880602607254504025e-04
9.259677800973558325e-04
3.432902002515778538e-04
6.554923810448102118e-04
3.751255660294625831e-04
1.229318494414103268e-03
1.077694196554623840e-03
9.433763161656693848e-04
1.072499915146656350e-03
8.501367006339559428e-04
2.001894128741503996e-04
1.747752702180864004e-03
8.571085056270544202e-04
1.276824611363717868e-03
3.208080687395481879e-04
8.234612054703021721e-04
1.910246640325414429e-03
1.017286603460312378e-03
7.043529597035152199e-04
1.428591859703005939e-03
1.328534893917462109e-03
1.633106202690262198e-03
8.581836990466484676e-04
2.548204555036709721e-04
1.422075392760586065e-03
2.995105705123695620e-04
6.980878008112565130e-04
4.118638230891071223e-04
1.176479666453973628e-03
9.022540702920795689e-04
4.158601797403478693e-04
1.176942242944834004e-03
1.221269300652456794e-03
3.562409843943752227e-04
6.311639482365806334e-04
2.113578715519039055e-03
6.341957108720856382e-04
1.397898091422158755e-03
1.087064934466467096e-03
9.078837035210860678e-04
9.159951314422150369e-04
1.652549792044370964e-03
4.626685598651065958e-04
4.559706581268774717e-04
1.450395892930165945e-03
8.011004730943005079e-04
1.267229901639012075e-03
9.774126025346410902e-04
9.652112935937775433e-04
2.838269135987847754e-04
1.849120885745129256e-04
5.407949675831339896e-04
6.167870960902614415e-04
2.069870226871700809e-03
3.504865205737494227e-04
2.616954217591583535e-03
1.518067698805642372e-03
3.065374914809578292e-04
5.594287822181016499e-04
7.477841387609162043e-04
1.080404419902710128e-03
4.541369878922550370e-04
4.511853200491235940e-04
1.002412733213776204e-03
1.422515967920763135e-03
1.212940026997805492e-03
