1.268335833654222035e-03
2.323720328019310971e-03
1.719981938760585527e-03
1.478277108951701673e-03
3.613751766741475548e-03
1.643294870304092686e-03
2.038062875942453760e-03
1.403715358172160808e-03
1.560607658574557886e-04
1.321136268678094628e-03
2.053367856324229360e-03
9.536511533037768124e-04
1.098271986722987228e-03
1.986102015152679465e-03
1.233535905095303189e-03
7.329379734384731861e-04
9.503907359162221255e-04
1.974848440711230065e-03
1.029004738264644760e-03
1.622047157147321573e-03
8.780052553153864072e-04
2.164390543727827496e-03
4.053367477784754354e-04
2.462571557996819094e-04
9.971565408645095569e-04
1.043295380588469884e-03
1.195928764072559067e-04
9.447053510362096512e-04
1.496692758374290871e-03
3.885140725815399001e-05
1.370438783525977471e-03
6.074909838100219731e-04
1.313857128628521931e-04
1.097922941049631025e-04
1.499699241137817567e-03
7.611107120587241133e-04
7.388794727847682693e-04
1.420224188042577427e-04
6.283350753483006720e-05
4.849618931554684829e-04
4.154127446949707684e-04
3.489373591341185586e-04
1.813359898629425331e-04
3.937537396644123430e-04
2.833804491452041161e-04
2.439986117698451408e-04
9.292182480349453315e-05
6.209169743561468750e-04
1.073422408781893626e-03
4.622002506397113099e-04
5.970387851406263810e-04
1.005063735295002073e-04
3.358954495254910040e-04
3.803529528162417927e-04
7.127226476418476462e-04
1.216642016595295488e-04
2.526839318609477468e-04
3.688341756855626819e-04
2.275164212917450419e-04
3.448981692969934742e-04
1.263184493710792938e-04
8.394539788417090635e-05
2.555237583054992102e-05
2.442477588595074133e-07
5.071500299143099423e-05
6.050146715966040449e-05
4.180762999867226643e-04
3.175273080281549687e-05
1.639966219192359655e-04
1.293246920456994436e-04
2.280880250363313409e-04
2.854348607885961908e-06
1.130176368508889245e-04
1.363048342761211563e-04
7.160403207391984200e-05
2.466544742305397629e-06
4.891987188316173458e-05
7.105688358560104004e-05
2.522425856433251371e-04
1.812487522127795151e-04
2.040368381087160910e-06
8.100256910854450527e-05
7.485265988233252724e-05
1.473768225880957630e-04
2.170978128870944680e-05
2.421806360208792895e-05
4.575236981866147138e-05
5.373839971551606864e-06
4.183301067719651888e-06
4.491512342186842963e-06
1.371158264971266696e-04
3.997913667721455639e-09
2.210217862534894363e-04
3.634609205739465330e-05
3.325644697780019656e-08
1.705149943490420978e-05
7.088422733051331847e-06
1.954449218023796949e-05
3.607184922078689783e-07
8.768929958446606057e-05
1.834973604888028660e-04
1.337923313754516106e-04
1.014504806454905028e-06
1.758318345646066964e-05
2.017504993526469308e-05
3.176882014167437961e-05
1.874555893885856798e-04
4.894329893265720802e-05
2.483602249465699302e-04
2.970178003498731871e-05
1.709243003582531739e-05
1.773362370816861219e-04
3.338294578564137034e-04
7.368308072297478701e-06
1.971356899847423580e-04
1.480869887313326520e-05
1.491460845772899549e-06
1.536783572388622727e-04
1.576588470189281210e-05
8.448115096673791007e-05
3.470788117994059768e-05
2.359584583582719441e-05
2.351620078515391304e-04
3.238048516418178365e-05
5.864656382961516549e-06
4.739803524614107099e-05
1.684242571132606398e-04
8.069546257696619176e-05
2.893445870351059367e-04
2.714227772396903102e-05
2.944797915367503125e-04
1.188892535386089100e-04
2.795507059244346353e-05
1.804012006790041856e-04
4.465444116430518384e-04
1.791183930061948434e-05
6.043033173925348796e-05
1.420979078243602804e-08
1.612861578381456437e-04
1.975099732095580627e-05
3.461195100470291727e-04
2.822314477293323166e-04
7.002356264366251274e-05
1.356066377287688568e-04
3.554708983137534447e-04
2.357941463719861184e-04
4.237584757503494253e-04
9.214523380469669513e-04
7.993053245546679090e-04
2.475183443928544690e-04
4.663345086045317790e-05
1.723648778661434039e-04
1.734821829432273973e-05
7.581432206370342726e-05
6.831108495206509386e-05
4.873456716105260128e-04
1.284374374006366872e-06
2.167625324185848965e-04
3.137902850376240267e-04
7.443845400932414588e-04
1.179680452139708521e-04
7.157807131956498434e-05
4.021138190276310931e-04
2.697939804214356569e-04
5.444224104812611230e-05
9.100418140969927230e-05
7.708040286300709039e-04
1.880976745133010331e-04
1.169988265853350707e-04
3.636133639659665674e-04
9.153775510584265522e-05
1.595565264732617570e-04
2.491632718992608099e-04
3.545035621883470267e-04
1.219011761292810958e-05
4.106928402459289235e-04
1.700994823334900757e-05
1.042813252861358939e-05
1.051666859533997277e-09
1.032784472645548971e-05
3.446844245249850391e-04
2.847414829184736324e-04
6.262358151658642229e-04
1.129841947861479074e-06
1.577366090660288760e-04
1.053626235013144621e-06
1.609606950704502019e-04
4.261518457454026320e-04
1.841740464315891530e-04
3.009907256156271575e-04
2.429589666850296727e-04
9.129319701588884100e-04
7.780481055485004294e-04
6.379243590752327634e-04
2.543211282489975830e-04
2.530734682444467777e-04
2.526692675203538133e-04
1.233161570221759113e-04
3.826032015087769728e-04
8.117495868517670072e-04
2.809699812169931272e-04
1.685193561499772979e-04
2.948572381708875118e-04
1.699198764298728869e-04
8.968409083139556378e-05
9.185485237032739317e-04
2.615581992345466177e-04
4.072126162250162764e-04
1.184086863166544228e-04
8.081377813910691496e-04
4.476920678833134679e-04
4.900647734905009406e-04
2.702391810460034105e-04
2.063583057573964170e-04
1.425124782707866292e-04
4.502767100859959674e-05
8.756031529006154260e-04
1.729782113272160444e-04
7.504253638979337983e-04
4.080522217332711778e-04
1.391269179969623776e-04
1.043809836487918571e-03
3.336610433308543694e-05
2.008149794795466563e-04
6.103135259055266154e-04
1.522655941296472879e-04
8.852449647906034027e-04
7.386947324224801131e-04
2.055002299958285966e-04
1.563724279669359508e-04
7.017804766664615572e-04
8.878600609316593222e-04
1.094584381342681047e-04
4.799419137607526691e-04
6.275676380611364688e-04
7.220343150146031402e-04
9.190611046160058421e-04
2.313395529387228056e-04
8.178298750522989104e-04
8.916719802143413575e-04
1.461116308299836928e-04
1.153054295290920170e-04
1.252379995894749775e-03
3.647706102721968643e-04
1.591326353111791601e-04
7.526432427030408214e-04
4.187574509140017912e-04
7.791730255443926395e-04
2.387647612200832032e-04
2.323311336937349382e-04
5.788370706844490855e-04
3.331193047017402321e-04
7.470493630470741294e-04
2.933923737881011511e-05
3.261948986183329851e-04
6.889830225402732503e-05
1.606442230852083894e-04
3.611798090278768017e-04
5.436820313152368380e-04
6.477084006569899929e-04
1.364341435182458192e-04
4.634899554179290507e-04
1.378832818742980668e-04
3.873604507349846598e-04
3.478255398479295000e-04
7.039537324103168573e-04
2.901497415553045919e-04
1.687998738794524380e-04
1.182276704617167681e-03
3.608298615246917802e-05
1.002128888352801610e-03
1.095192322817211127e-04
3.438500958290565323e-04
5.320016930161091707e-04
8.753173256669148986e-04
1.293795912821973807e-04
8.794486686923146416e-04
2.024277062185695232e-04
1.083755333796713137e-04
2.064952011584262411e-04
9.386031494151517789e-06
2.508458562062066029e-04
5.933129716614378608e-04
2.988166732508582002e-04
3.314536502713654538e-04
1.494510846157006984e-03
3.757736669367741809e-04
1.026763594999522859e-04
2.580725796580370562e-05
2.359257334359110190e-04
4.608152272070131645e-06
1.671563432680944609e-04
6.183272743857586929e-04
9.843818087614047366e-04
3.975427810329941079e-04
1.074387753310613539e-03
1.395182756856780230e-04
1.475014001585960878e-04
1.431016777812449718e-04
6.780928205517403095e-04
2.610926676355901366e-04
1.977679204815224225e-03
1.115926203075758786e-04
4.434668887043340265e-04
1.020505070254304437e-03
7.758944081436837349e-04
4.085644035979710568e-04
4.786994172456628983e-04
3.169981509058021125e-05
4.429924856768692356e-04
4.993619238611923328e-04
4.554096584099439596e-04
4.848094898234806037e-04
8.050037827712839796e-04
2.476299241356101828e-04
9.538531812571275290e-05
6.792080757839934939e-04
7.314341555583677183e-04
2.070983594807036018e-04
7.822108825685220425e-04
3.718894355523790786e-04
1.116549344731442494e-03
4.703998782032204110e-04
1.042022862753439415e-04
9.748472756188945008e-04
4.231032541375786887e-04
3.042686068731045119e-04
3.770366902104913269e-05
2.493382233425358078e-04
5.624071678927654565e-04
1.221444727103551979e-03
5.176065858645916397e-04
8.702566464068473440e-04
5.732804603290277308e-04
1.082248277799984252e-03
2.676776266106606762e-04
1.440017177606062323e-04
5.279482659800245527e-04
1.233994525900511700e-03
2.200643302657535058e-04
5.745779382544432667e-04
2.421209290518370550e-04
2.467364892400897422e-04
1.514212909778124008e-04
5.420441523586580143e-04
4.790942978766022406e-04
8.401303450696951704e-04
4.263278048961137347e-04
3.062572182514794353e-04
5.458208611751152973e-04
2.370300479884753886e-04
3.429164349109621915e-04
1.490399333354861346e-04
1.160008322608369622e-03
6.207954091625246572e-04
1.660140005750920572e-04
3.217759968739602799e-04
6.409339735903638166e-04
3.546584749177032455e-04
2.249154121704989410e-04
1.943251541113060398e-04
7.187030322328251668e-05
2.066239806818252604e-04
2.128964023745290573e-04
8.289055904523349267e-04
5.134119327320107356e-04
4.363859758397679498e-04
6.740640010851954534e-04
4.058515632299421107e-04
6.231990110979289529e-04
4.901300117058632463e-04
2.503743148871613610e-04
1.380783681986166985e-03
1.015345479311149544e-03
5.778920046759242419e-04
4.037737050927840839e-04
3.190513681713454531e-04
8.342460744158339497e-05
2.967852606403067941e-04
5.939362315655233619e-04
6.463425605982947271e-04
7.208235538160932387e-04
1.635850812143427866e-04
2.168721713927074333e-04
8.929022700584774222e-04
4.791268530969576794e-04
3.331143019896643095e-04
1.405450075612973276e-03
1.225702339852086315e-03
5.791814052590010635e-04
4.808317109299405459e-04
6.124833099337895269e-05
7.869617834478279637e-05
1.462496190279732650e-04
6.345289773039343743e-04
4.310201857592085828e-04
7.474636535181701036e-04
4.158896474344383793e-04
6.893135599097916996e-04
1.243200432608196251e-04
6.298053224409628104e-04
5.891687943003595836e-04
3.386498452842535110e-04
1.046619532478488754e-03
2.497457429903579876e-04
6.276574220198417051e-04
4.580204872492370607e-04
8.490784598276365162e-05
8.079497528422399091e-04
2.472663747010572918e-04
6.291656505974641380e-04
3.246431261542747997e-04
1.626157551724536645e-04
1.331599721636916877e-04
5.821303925788200769e-04
2.101203589292796364e-04
3.721888139515474605e-04
5.471335708991855590e-04
3.934040748031878711e-04
4.593550366430661268e-04
4.466943180737745428e-04
2.408398802554247197e-04
4.139492079851613102e-04
3.953696776003746429e-04
6.015514961879688330e-04
9.360645519624412629e-05
1.295502722560636132e-03
3.316538773608195250e-04
3.395100217297029508e-04
6.526071859108606345e-04
4.626400935449072284e-04
4.756512099894327096e-06
9.216246443904513828e-04
1.273816482522838406e-03
4.597922009976885909e-04
1.095883457659683124e-03
7.258977485353527125e-04
1.840385710298126027e-04
7.683476726654228824e-04
1.519240893523351923e-03
1.093888895013770020e-03
7.832111159913044719e-04
4.026729826908079820e-04
3.820714764413312607e-04
2.202788616601570920e-04
4.875360994858381897e-04
1.371423148236705874e-04
4.889835637480870753e-04
1.592704591428127300e-04
1.494865119552576450e-04
9.817546650648029723e-04
3.649118823756941480e-04
2.030620132766472257e-04
5.218111075726571168e-04
3.899102082233691963e-04
1.729784664556356286e-04
1.402961165197481820e-04
2.529611203807534403e-04
2.944126750647278312e-04
5.396675171723657729e-04
3.474824562545048576e-04
1.309618788485536868e-03
2.459762586504292718e-04
3.978402505027139760e-05
4.337679795374661633e-04
3.549831563514345249e-04
2.684122969037363964e-04
1.584285103677472316e-04
5.770093505086058274e-04
3.987942160757068644e-04
5.199206742311240524e-04
3.827337199333259092e-04
1.083422874865858912e-03
3.212269541242545158e-04
5.578098531612539230e-04
4.338672133635043801e-04
2.874842732107885340e-04
1.136117617087883225e-04
5.484306344794397233e-04
1.264098475110495283e-04
1.532460901408693539e-04
2.790235847271795326e-04
1.221917961873296714e-04
4.120791518453779966e-04
5.756771486277235429e-04
7.973264786502993031e-04
5.677949739660779734e-04
8.439267066570207108e-04
5.555150895685888974e-04
2.433709791308947667e-04
3.361811572550448273e-04
3.980405177690412417e-04
6.172009404366601186e-04
3.909588004442711336e-05
1.882875267035741858e-09
4.217033332189122044e-04
1.066898379512670574e-04
6.774727086097230176e-04
6.602901013243509367e-04
1.690797222542570784e-05
1.432447047396747926e-04
2.273526061388411875e-04
1.766143197575961200e-04
1.826454659184700347e-04
3.753289020217303890e-04
9.703852791854269879e-04
5.595805853343908259e-04
7.410685821897227549e-04
5.909942901740161767e-04
2.293522949787184489e-04
1.206004423567042628e-04
5.450913628267007476e-05
5.398380386370672367e-04
5.780568313604313125e-04
1.165088391353672203e-04
6.374613102459554190e-04
4.995025387536618840e-04
1.355763156303366147e-03
6.380421356086119194e-04
1.014452792445440102e-03
1.715622737352126060e-04
6.969932431791723551e-04
6.162545261030390620e-04
4.249054115591388721e-04
1.555742910097939651e-03
9.108912631010668021e-04
6.973972843513968033e-04
9.684867844246393496e-04
7.769040761955828571e-04
6.518082543200730619e-04
7.069669361696340627e-04
9.661826472961075293e-05
6.519077198867492427e-04
1.814757698072227748e-04
1.811072688415242776e-04
8.891251112448203173e-05
6.130022859294695240e-04
3.673086094771477877e-04
3.191979500724220070e-04
4.844258746821914472e-04
1.361904397972678185e-03
9.075621548401206469e-04
1.458009973727700866e-04
7.385458514231455938e-04
3.957436710118212978e-04
1.842368155048440764e-04
6.335501716589990581e-04
5.535288950833181908e-04
1.563686161298251560e-04
1.071845561515161524e-04
4.307883696681472042e-04
3.340014639224340542e-04
8.182708043116156387e-04
9.934903273948136014e-04
2.632365921567041221e-04
4.161303866656256267e-05
3.664528318705911501e-04
3.251073292096532882e-04
1.111895009111893212e-03
1.129023953747173518e-03
3.923334809284203238e-04
1.269147203409045016e-03
1.963446571971721462e-05
5.784140341631391910e-04
8.003443173162659617e-04
5.583920032847082288e-04
7.214623047811733608e-04
1.189185364653863467e-03
4.081891609914875475e-04
6.820754372676464394e-04
9.080718562679606027e-04
1.065862575989091378e-03
5.880239855874990016e-04
3.023817421001125929e-04
4.086449101173611400e-04
7.283208838612244100e-04
5.314068310090408779e-04
8.944710718201061587e-04
3.325611291558441037e-04
9.109779763824491644e-04
6.586053826245107838e-04
3.060020468823774716e-04
2.285363367806528127e-04
4.496858335557250559e-04
7.763054013178840099e-04
5.556101939119149555e-04
6.652191752019899484e-04
6.768530410716726937e-04
6.001827762796995867e-04
8.458470863329192692e-04
2.973477916356668475e-04
5.387044173502524317e-04
1.280938796674664952e-03
7.132756783846821188e-05
1.257448166372436484e-04
1.537099178608370168e-03
1.772819283100903962e-03
7.697056451259709855e-05
2.262745553508901887e-04
1.629428515219587519e-04
4.081659658429915693e-04
6.850904026138976942e-04
4.180219292314248537e-04
5.832784190825687862e-04
1.347430399202687338e-03
1.987949980946600564e-04
3.192519802369360378e-05
4.561420148439753169e-04
5.485283046591455172e-04
1.391168109966272335e-03
5.357772623595834704e-04
5.289724946716250223e-05
1.801482625785919261e-03
1.415185526807970250e-04
1.148669128555037007e-03
1.535729901027185480e-04
1.742719535162512662e-04
4.846387613241110847e-04
6.436481457400570951e-04
7.516582851487036863e-04
7.682012634518545560e-04
4.654282306883065004e-04
5.904514042165737078e-04
3.286549147488796721e-04
1.641662526810399507e-04
1.209825297665629651e-03
5.818183141221434495e-04
3.768630709795863171e-04
1.051659497763056828e-03
1.126217466194143939e-03
5.121409309952870605e-04
8.945991104138962787e-04
9.034418756990292938e-05
2.395841581207495009e-04
6.195136146348654942e-04
9.047722286848425505e-05
1.113041397160505598e-03
2.977057699302666197e-04
8.482698683324844946e-05
6.709042655084173615e-05
5.048069172017180094e-04
2.355480391596535762e-04
4.929555962045577278e-04
7.148482059917754192e-04
1.822099580758718281e-04
6.518680213448055892e-04
7.618072415775661984e-04
5.182068414311589120e-04
2.559998534696875821e-04
7.664631754108766843e-04
8.329351023645448259e-04
3.646607910038255859e-04
1.895758128676515181e-03
4.261241086542680670e-08
6.915136127599435254e-04
1.226191662759795568e-03
1.383559491345396253e-04
1.509488327324599790e-04
1.846971071860895638e-04
5.966682438453219323e-04
1.469907583505713697e-03
2.375855857786607220e-04
6.352136291613178030e-04
6.596417583889324730e-04
7.826227518327599645e-04
3.592620967871748496e-04
3.409652354616398090e-04
3.751855526048785165e-04
5.216320190850780910e-04
1.285070625222576972e-04
1.021769770632002068e-03
9.131750742981631190e-05
1.473619917352208695e-04
3.344256121459103070e-04
3.701437650912508485e-04
5.624021299331473985e-04
9.968141274867173100e-04
1.006015797857823940e-03
7.331748953783639110e-05
6.688796087402908586e-04
1.091872726446746315e-03
1.611178413209832455e-03
6.631842563415699717e-04
2.560635006935946083e-04
9.440426771094900305e-05
3.413635679486888021e-04
2.631835735808022705e-04
4.218021588644984177e-04
3.100491058278116957e-04
3.535832995629232742e-04
7.125303718381953899e-04
6.369949805077778282e-04
1.097822876201095735e-04
1.758205590815538734e-04
7.824307785530213973e-04
8.320884576443889980e-04
2.118437948306143008e-04
1.241455243952867271e-04
2.744437783709160355e-04
7.809553053826624692e-04
4.967820865677688240e-05
1.609536415657901605e-04
6.306188155093032065e-04
2.569185389749205437e-04
1.844463093470724558e-04
5.768684894014844194e-04
9.174060120229717615e-04
1.438855416424562319e-03
5.868785826534026178e-04
5.464401466464340702e-04
6.631961201386620507e-04
2.297609851632384178e-04
7.627915131803599371e-04
5.755845552894719259e-04
3.272182243053946217e-04
2.518388155041302590e-04
2.041100337290417991e-04
3.402432973085579826e-04
8.152258203339626938e-04
8.866273624500714415e-04
1.872281538550209310e-04
7.780813503790224737e-04
1.208989763363595366e-03
3.613099280579075206e-04
9.108972074102191299e-04
7.664392840297998407e-04
3.450940780306441203e-04
8.061228914591384324e-04
5.399408882477764763e-04
8.657999435740264987e-05
1.116461330967687517e-03
2.323151481716262553e-04
4.196520269260317301e-04
2.492373495523647815e-04
1.015342397378266167e-03
8.702331035657985027e-04
2.995182383659486438e-04
1.099216127189535028e-03
2.071246028720766328e-04
1.368417214595887799e-04
3.611118654119335405e-05
2.112355257434531054e-04
8.197401197948617560e-04
6.039946302625532519e-04
1.223546770271535626e-03
1.838800628323952464e-04
8.487161903942086558e-04
1.446751945146020936e-03
2.118787590020584487e-04
2.190944875729280495e-04
7.308326575006437184e-04
1.079118552222262930e-04
2.931107319892770980e-04
3.114247745836673130e-04
5.645671839747226943e-04
1.217040829661661600e-03
9.970684797260258737e-05
4.620244102787745568e-04
1.283869813233100418e-03
4.551093720385433468e-04
4.473475970505918120e-04
2.103312151046887973e-04
5.814047285439716706e-04
1.436750924067105751e-04
8.181296201616432978e-04
2.645631325077004445e-04
4.341809839828795993e-04
1.952065066184332273e-04
4.572407186156693371e-04
4.226540147579301303e-04
1.231255875742670982e-03
1.587623026616087293e-04
9.589934589777477335e-04
4.954617150722846882e-04
3.477966441067660672e-04
7.473829803008542666e-04
6.070150759868685186e-04
4.981261420467552117e-04
2.399673832463689136e-04
5.346492015617870059e-04
1.691281250991261782e-04
4.840515779471826156e-04
3.843414546053290875e-04
3.639803307401686728e-04
1.485665827344171037e-04
4.067246211422880669e-04
7.592096369551867840e-04
8.014136407907830172e-04
5.843914057733649641e-04
9.515348030465684524e-04
2.835064398833776539e-04
8.247590774989307710e-04
1.647716007360182800e-03
1.174989709367089139e-03
4.579055786697705630e-04
6.757167196997866708e-04
1.373225279910624084e-04
4.616277304661223126e-04
4.229255422614781185e-04
1.034933595979771427e-03
2.948756573179185181e-04
