4.445012525622344182e-03
5.117297428571197446e-03
2.830519519720201861e-03
3.047282236381432339e-03
3.189032532252958352e-03
4.693576836040540268e-03
5.228964151408768343e-03
3.123229346568462666e-03
2.884848891777592062e-03
6.562405198961526395e-03
5.090812737118751569e-03
3.805357644859649717e-03
5.064014641787711012e-03
3.797806976393933512e-03
3.796052312566041038e-03
4.075531276868144155e-03
3.436085988952483454e-03
4.362385356062189155e-03
5.919878224928558363e-03
4.510523512938076351e-03
3.893328687155014033e-03
6.134834079484940798e-03
4.711838362792807391e-03
4.604854210841651668e-03
5.696251019271110147e-03
5.160880045413830317e-03
4.081136738979748886e-03
4.460648226981174524e-03
5.417696766111411780e-03
3.828016635618067785e-03
4.424941408342649568e-03
4.496239020717115488e-03
4.098654551888552405e-03
3.369507855708642717e-03
5.661945960554894131e-03
3.801216001828312298e-03
3.793709191640649240e-03
1.812508706682607832e-03
3.682389947789816570e-03
3.964604096736464370e-03
3.276650706471761175e-03
2.979904864032361083e-03
5.614883788627501177e-03
3.643920180290915588e-03
4.171495439476429964e-03
7.319834797183340062e-03
2.826935948740138139e-03
2.816013406934162605e-03
2.321258596345916747e-03
2.980963666411920107e-03
4.618949892318204367e-03
2.903734088373242581e-03
4.091155509961395126e-03
2.768885525140011346e-03
2.323144914080368332e-03
5.283358846146240899e-03
3.567346980787560861e-03
1.963404014736735027e-03
2.109712010522551279e-03
4.111748084800193916e-03
5.361126514703660681e-03
4.055252784662170817e-03
2.796922163544171558e-03
2.735499522308170416e-03
2.790446187365444152e-03
3.745174026993449996e-03
3.074815985097163838e-03
3.901662564747925260e-03
2.027382740318639173e-03
1.359680228715053670e-03
3.793325679090307594e-03
2.236303376295262994e-03
1.404882410044037879e-03
1.915897710288594173e-03
2.207769780625612379e-03
1.349214041459807214e-03
2.270971026012909375e-03
2.902027847487328744e-03
2.565596051701083801e-03
2.811873313292422277e-03
2.484839921493924540e-03
1.967925955367267211e-03
2.454483816829814216e-03
2.190122824459677254e-03
2.991597322791310094e-03
2.524608234662979386e-03
2.151901502159644930e-03
1.950751048478538375e-03
4.006655726736285325e-03
2.168104324545039839e-03
1.677784837836759479e-03
1.723745559658152772e-03
1.755428008083425055e-03
1.949248223376940205e-03
1.253685387776771023e-03
1.069543987060212484e-03
1.026825330864875952e-03
9.669886352968109318e-04
1.499573569248936538e-03
2.429007678305021047e-03
1.695661182683645121e-03
2.350328244504534293e-03
2.322068354117757302e-03
1.566011593633486300e-03
1.686192793931149108e-03
7.676928738767364304e-04
1.625618736477312193e-03
2.042500639972170354e-03
1.130757101559222650e-03
2.137169952229017820e-03
1.479184243664670830e-03
2.238364297634040309e-03
2.251300562226605032e-03
1.185302660457046749e-03
2.797802070812612559e-03
1.606518222259908533e-03
2.144408405296424885e-03
3.984612739731766516e-03
7.388135271903879722e-04
1.497147349113734770e-03
1.828344255070546908e-03
1.253696303257715054e-03
1.384495184353568345e-03
9.867306260698787811e-04
1.764174224528413087e-03
1.256208000840455504e-03
2.564600558215167012e-03
1.157692815730763849e-03
1.555172003948281003e-03
1.435802817870719412e-03
2.240255134311035842e-03
2.321068226840600039e-03
2.090276679760250111e-03
8.087293083293522859e-04
1.562169283198576973e-03
8.162902863172682945e-04
2.326582910808962321e-03
5.952288296980000294e-04
8.328958754774670519e-04
6.757765481292561790e-04
4.007426387467051521e-04
2.429818711982923828e-03
3.103921385860247554e-04
1.527195633408991561e-03
2.158216680413465281e-03
1.519454642771598044e-03
1.264115451284476268e-03
1.266930492006469516e-03
1.415109251052422672e-03
6.594635333381149893e-04
1.483519655915760058e-03
2.214406631645126321e-03
1.204201435231720685e-03
1.144060583976442636e-03
1.329557317030488541e-03
1.548737636547583424e-03
6.317017834074735785e-04
8.974107968590847549e-04
8.308046652597595892e-04
5.913687936603476136e-04
1.893905115865847279e-03
8.281264841093457021e-04
1.746924066913398393e-03
7.207906931691949104e-04
8.367350215780975081e-04
1.214078581295871626e-03
7.568036114351704095e-04
4.260579149589534135e-04
7.845125637918010184e-04
1.631314455411709890e-03
8.299028350464892961e-04
1.166947796701978471e-03
8.904848145239120574e-04
1.270993150695212594e-03
4.839764979604565631e-04
8.839155808201960667e-04
1.531963569880772464e-03
8.168654702237528997e-04
1.230358403718761953e-03
2.629637900993472854e-04
9.332227439410153893e-04
5.707337984042219932e-04
1.819483244278144582e-03
4.280153084346172165e-04
3.427805084966053313e-04
7.345975957190767434e-04
8.356365651093237631e-04
2.098606311969346445e-03
2.499795851764440848e-04
7.177896063033103275e-04
5.181618528155407894e-04
9.732393431720725565e-04
9.662763443392055488e-04
1.570079512683677570e-04
7.730019169997472345e-04
6.776401004318754594e-04
1.518233364595993496e-03
1.575570070370010695e-03
1.253760713787879528e-03
2.464384378945125732e-03
1.692317749538879137e-03
6.242665725641641065e-04
1.350348224743735254e-03
5.421025885374345342e-04
1.492741667320737417e-03
1.360257351734427958e-03
5.222502339933624829e-04
1.397698808359405624e-03
1.582689081577625702e-03
1.457361283695101598e-03
5.802077833513412690e-04
1.375599280772201794e-04
5.984772202436365162e-04
5.126351511684723800e-04
4.836938297429628063e-04
6.403924931843375974e-04
3.781194867753539688e-04
1.005472248578282834e-03
1.296061899772800148e-03
4.889129760242229067e-04
1.257966332240068909e-03
1.379630968368925374e-03
9.769594904330807655e-04
6.268479147829999305e-04
6.756769759024272830e-04
1.695220605798400751e-04
1.084547763827301481e-03
1.228388778618114824e-03
1.129601375485583857e-03
6.238488671427198061e-04
2.918146985448526873e-05
7.846341326048054824e-04
5.992905222810637105e-04
2.645098269019403783e-04
4.473594980569766126e-04
6.024667591883633945e-04
5.333849565342926652e-04
7.013224323110338592e-04
2.432988829856660843e-04
1.542756842332121858e-04
7.916510660283641865e-04
2.834919177106948445e-04
8.583973587410377451e-04
6.337746822623606825e-04
7.056958842499404120e-04
6.635763527946842311e-04
2.163182245330226388e-04
9.686365136922833047e-04
8.253346534976628264e-04
8.293681612094693900e-05
3.462308872755179745e-04
3.361095062011949103e-04
8.553270750403345335e-04
5.067183201619726400e-04
9.103234008248942090e-04
6.572458229920682526e-04
5.445450350030277232e-04
5.185963074487952296e-04
2.642180534139552082e-04
1.086031434898860953e-03
1.094040348461944746e-03
7.842568116657953328e-04
1.501897878811803090e-04
6.302152678112198656e-04
5.721893002193765600e-04
3.846743160912891534e-04
2.022595297804068973e-04
5.113745078286767746e-04
9.020897962735433201e-04
1.293239435370150206e-04
1.311042997637262624e-03
1.604047425728669974e-04
5.782851600728206639e-04
6.096665953908188143e-04
2.493203881531886050e-04
2.080447904946468752e-04
1.039291832703664263e-04
7.482275459906355874e-04
8.378206987950687643e-04
7.525566784923968513e-04
2.156332905534601033e-04
3.264862338100039821e-04
7.606081644686854895e-04
3.927044963141918519e-04
4.579648139886637395e-04
3.677608742326831694e-04
9.692367780658325219e-04
1.466779160625154268e-04
4.703190813593334627e-04
4.906150421200652662e-04
4.027934660621125453e-04
1.802825534849316399e-04
1.107335116530854717e-03
4.990542867407374598e-04
1.123190343257063654e-03
2.809074750090030507e-04
3.341135001153812140e-04
3.617344889762928901e-04
7.123575362102267704e-04
1.939056865673661589e-04
4.581643461621688076e-04
4.378060128852109129e-04
7.055635971758729679e-04
3.167432615582024781e-04
4.271690376066598948e-04
8.406678934582049556e-05
1.033290098152555604e-03
2.027588725769192678e-05
1.462711104342926446e-03
5.199439829232337508e-05
8.386843006229039799e-04
3.634949292624085177e-04
1.248705036257237683e-04
8.588862688996303212e-04
1.677855510346931559e-04
7.222413218409577326e-04
7.827786583277156164e-04
3.867120433103895020e-04
2.597458968898963636e-04
3.366324123150791180e-04
1.758037666180463712e-04
2.332514440666378383e-04
2.600997941787235620e-04
1.024231029695195805e-04
4.026597478528159513e-04
3.495442112450684478e-04
6.560196365165615537e-04
5.861718861166100155e-04
5.552232667192591800e-04
2.436980134542269668e-05
6.425655079967461749e-05
7.129301878959690402e-04
2.863238279817197562e-04
2.277142976575097059e-04
2.431557268847247730e-04
2.039471761151243057e-05
4.555748042482439964e-04
1.274554522664635701e-04
3.623269551544645818e-04
3.035179395278959132e-04
1.251329481934061261e-03
3.217454297186207978e-05
1.525291088241101671e-04
1.322986521813285243e-03
3.223297739294837556e-04
3.578217312180050655e-04
2.552804943509924692e-04
5.592897691513767358e-04
6.687825785807905181e-04
5.188406524689747766e-05
2.042005923779402965e-04
9.225496719503680073e-04
3.413769598313859269e-04
1.094685466633091514e-03
1.750483011213876396e-05
3.692996644347059472e-04
4.226797290929307466e-04
2.400895285930971612e-04
3.602037079520809849e-04
1.463921764921577928e-04
2.324219595662596648e-04
1.790914781338329585e-05
9.881314519929549484e-04
1.812708934922907652e-04
3.493686140927672714e-04
7.722298462309620760e-04
7.015415152447181720e-04
7.397150222466154128e-04
3.764684954629633031e-06
4.579401389407568995e-04
4.565574663995460047e-04
1.364771196905714202e-04
5.970338496726189940e-05
1.189503228134550488e-03
1.355910123847908755e-04
1.026480802510660977e-04
2.012333977942087221e-04
5.067685890916532763e-04
2.079492712779861289e-04
2.905164437825898268e-04
3.170289508670655473e-04
2.592196159630851026e-04
1.401514081610530046e-04
5.737642661602989236e-04
1.033977398907473565e-04
8.724724505791333349e-05
2.365763765946048586e-05
7.211000152069975714e-05
1.843429912397742535e-04
2.233244506765253194e-04
4.306988579496170326e-04
1.433178679697160764e-04
4.915825562896575511e-05
5.928416212213533142e-04
7.155472548305408362e-05
9.132930576771409754e-04
5.272411222442537982e-04
3.666267648649211238e-04
3.919279451729975705e-04
3.698168748341809252e-04
9.002642998412800721e-04
6.329876964645893994e-05
4.105830937095288611e-04
4.252817975607318908e-05
2.707246773513077658e-04
1.746426360891476756e-05
2.470898161992113318e-04
3.405178341462646811e-05
3.554869864348042465e-04
3.563986044064961097e-04
2.180055035407854407e-04
8.746956745559942735e-04
3.629888465349874146e-04
1.501766095924341956e-04
3.117983364501351526e-05
1.513520259841792692e-04
4.989052670703308110e-04
5.203436218334186753e-04
5.298224174587999607e-05
1.182885162559735043e-03
4.361230152045930219e-04
1.288407396943010022e-04
1.795476948968276957e-04
3.394001767124877516e-04
1.730535906562830507e-04
2.900382226257143623e-04
2.601667993901699195e-05
2.562297175805717479e-04
5.043019162363098808e-04
3.595955701471917083e-04
5.830895392571367342e-04
9.442731572122037623e-05
3.861935046194390694e-04
1.678063958632767009e-04
1.673702683580850401e-04
5.329136158465229596e-04
4.338518150783922758e-05
1.092534039312951155e-03
1.019447044315417559e-04
4.346513262957614975e-04
1.693037589595610391e-04
2.348486230537074617e-04
8.586209597819878970e-05
3.678298622354013144e-04
3.982961976730910268e-05
1.967868766472088819e-04
2.976235582731589363e-04
2.004713535663266871e-04
6.246352779240559603e-04
2.504317212464837760e-04
9.559949081847575903e-04
6.781324647742255265e-04
4.358361974513341383e-04
3.387908991175199664e-04
1.720439497553793290e-04
6.447082776010114270e-05
2.768260324346413261e-04
6.345178462174221132e-04
1.183307279479155156e-04
3.118868500528312816e-05
4.234041620775057138e-04
1.261089907741219391e-03
7.785129864117353634e-04
3.383716491719866910e-04
3.513321101446172665e-05
2.364489274787263582e-04
9.152949967018760165e-05
2.882234712167650181e-05
2.371315233105901368e-04
1.174557232616149660e-04
2.127270903881921141e-04
4.158375141281650525e-06
1.853339517176093526e-04
3.746069026682951838e-04
1.197467170861300198e-04
2.810937587744459986e-04
2.170330889847015996e-04
1.538461981072221320e-04
4.096048786388908013e-04
1.146353503431357711e-04
1.361183296501959515e-05
2.903309661058620247e-04
3.151800350323970962e-04
2.234019507319246221e-05
4.390211091852179112e-05
1.140757324933600834e-05
3.549954238307547112e-04
2.317118322238093325e-06
1.825499031281095457e-04
1.882263689193057997e-04
1.554824565918077651e-04
3.724191309706429407e-04
1.658590338530257417e-04
4.553824295753092146e-05
3.464729520119362019e-04
5.695562566288592558e-04
1.431063831842936706e-04
3.329744556709385094e-05
7.474776364542784664e-04
8.194211113404519951e-05
4.610932279134783308e-04
1.344189600729543071e-07
8.093416775636548836e-05
1.479612011938618926e-04
3.370721382265843971e-08
6.318290783680793714e-04
5.619052789871619531e-04
1.441005541533498576e-03
1.806685275191994232e-04
1.237015551376565303e-05
2.250040330036206181e-04
1.882207744636392802e-04
2.295865617749752666e-05
3.859244634421037036e-04
1.054392891637156684e-04
2.644405686990336751e-04
1.186507967429234923e-04
4.642451773087680753e-05
1.737422043163953499e-04
1.717204145023755815e-04
1.122691030887526683e-04
1.563455081054764841e-04
2.811886480010238575e-04
4.486858402149750060e-04
1.018166100584360484e-04
3.276883822075421564e-05
2.208238153028355621e-04
1.383693482924177503e-04
2.477509827807895608e-04
4.718633845179163598e-04
2.455835823422098372e-04
3.842995404218046388e-04
1.800939443989802067e-05
3.677373403629739497e-04
4.818740837099124569e-04
1.281497299369951069e-04
1.292696869302403192e-05
8.282089065997836990e-05
1.697615818947043943e-04
3.610857316428235588e-04
3.862105449863913057e-04
2.613157413930298212e-06
2.820867204421574517e-04
4.928759138371019508e-05
1.106651881121632823e-04
1.254265649934172026e-05
1.052304328956781058e-04
1.314549194107168632e-04
3.523571257920140947e-04
4.366848270823898352e-05
4.288742410727428098e-04
6.635379762089377829e-05
3.430095064636766292e-04
1.006559403446103562e-04
3.062935823096074508e-04
6.197658933623984580e-06
3.248944382177309793e-04
2.688820060097554831e-04
1.729880477895597490e-04
1.501538945756290382e-06
6.155348590538465506e-04
1.485015728683653142e-04
2.445507637144876006e-04
3.559560701847184886e-04
5.413631790099828357e-04
1.006820265731066938e-04
1.910977987136482700e-04
6.828203946937775237e-05
3.983517259071926676e-04
1.494334055243620023e-05
7.128857412705420619e-05
5.324269135503922499e-04
1.943644411477487812e-05
2.964507437530818231e-04
1.263737116403645749e-05
2.235007032722479846e-04
1.341490775755264529e-04
6.582328034533659544e-05
4.138164595392799031e-04
2.139247194909908408e-04
6.281494811510192474e-04
1.617714938406695634e-04
1.671686845614787475e-04
3.140022095392417181e-04
2.802948511549467592e-04
2.034862322459757701e-04
3.332896081271151389e-04
9.629369743171945894e-04
1.480493388262517829e-04
5.901158656500399280e-04
4.048623376534436443e-04
1.284444286838369825e-04
4.332228787057923636e-06
1.017751687044127516e-04
6.076169605158039970e-04
3.436722214021908505e-04
1.457579473056712202e-05
6.266289091142390267e-05
6.221780647702175148e-05
4.040846887679147483e-06
1.866394333903884908e-04
1.387173948718431840e-04
4.061957594820458668e-04
1.055447363212521305e-04
1.599165744995921501e-04
3.133096367786103692e-04
1.056771190888482236e-04
4.418253189815359032e-06
4.286442905670544644e-04
1.811948188948715973e-05
1.183369659902086828e-06
3.977319424355506240e-04
4.791983806333341661e-04
3.643031938771347901e-04
9.130220069669433940e-04
3.272967906401693067e-04
1.509468573469378838e-04
2.427240008793340564e-04
2.233012763126956198e-04
3.078179595679367167e-04
3.074550283285012640e-04
4.110879231236467672e-05
4.496038040288775190e-04
2.720075148176756856e-04
5.098861027939373917e-07
1.092752741115425461e-04
1.805055179313009770e-04
1.918103022411822651e-05
6.100604381664539088e-04
8.868296470601848139e-05
1.191684940259549186e-04
2.681784381414815202e-06
6.964482186198871001e-06
2.653784629743606100e-05
2.115776315797250531e-04
6.664214457046192027e-04
9.996521244139831743e-05
3.636191651837195429e-04
1.137523964986156288e-04
2.255052809391524247e-04
1.318863543701184044e-04
8.689173706844716182e-05
2.877182516524336045e-04
1.612327087600430098e-04
1.463513290132229926e-04
6.331539999249295465e-04
4.675559534493736844e-04
1.821363655395974847e-04
3.538637388133965256e-04
1.786949290206355675e-05
3.831818587617718879e-04
8.537232344781056853e-04
1.922199881824324043e-04
1.797533689824963701e-05
1.028141059725917131e-04
1.635818326124361278e-04
2.090206776694630538e-04
9.720259843377209569e-05
3.359996473294257053e-04
5.238946518185249451e-04
7.231334969128206140e-04
3.026648292933832872e-05
9.338210722296368387e-05
7.178829687833149990e-05
7.858551306442103379e-05
2.935696761336628732e-04
8.130905029046208701e-04
3.210736292030288587e-07
2.225480444486157791e-04
1.782392336926276531e-04
6.129579860274976815e-05
1.737917966127251561e-04
1.630896979538784726e-04
5.193711240534315066e-04
5.341551149072156575e-06
2.254288834030790519e-04
1.229648671081338138e-04
7.451843415621853815e-05
3.489995674382223427e-05
7.096987567408994703e-04
1.185468415222751894e-04
7.674813369772357809e-05
5.755776917868086866e-04
2.372223381103011414e-06
1.917790340039255651e-04
5.543242672137409758e-05
9.227400349922382380e-05
7.738922080010838958e-04
7.848153261241666394e-04
2.506973388185183014e-04
2.649707064314217207e-04
2.725022840469574917e-04
1.329788950409945664e-04
1.622100989071182612e-04
4.224033745114801107e-04
7.393161141964431891e-05
6.598003813446346811e-04
4.164753176675183477e-04
1.565881519705093229e-04
1.572952219799557020e-05
3.712749088149493995e-04
1.504410061640604917e-04
3.575666142096860676e-08
4.930760105535136363e-04
2.386666673517303851e-06
6.423462975805879305e-05
3.983670530286406516e-06
9.852125469172616544e-05
5.287223782901527706e-06
6.013284796840012058e-05
3.788723690232991150e-05
1.208849210466300135e-04
1.231785190302842384e-04
1.367040175658863245e-04
2.367624904929629376e-05
2.798328175798614915e-04
4.038133408640456255e-05
1.184664474514896925e-04
4.098555712459607298e-04
2.871176431130101003e-05
3.957935227569019446e-05
3.017237042226001537e-04
1.605656206269029157e-04
2.119505690695773514e-04
5.142991101550886538e-05
8.396167963780051054e-05
4.791712823439495139e-04
2.039755005872795118e-04
8.345223278736462868e-04
5.534920806974392423e-06
6.095119820053737994e-04
6.010594945892387789e-05
9.447362759612570491e-05
6.277691336452408425e-04
2.618082258032991658e-04
9.927548197608125668e-07
7.535666974397363022e-06
1.214881396167876809e-04
2.278585683346829986e-04
8.963483618418393055e-04
3.079982819987663262e-04
1.707188102322798021e-04
3.211766848986872072e-06
2.092983258741353892e-04
7.147861576726476942e-05
7.719785424146695092e-05
3.087490017361623016e-04
4.880310309243778488e-04
2.037715605757249972e-04
3.830369564348797240e-05
2.180066680599890012e-04
2.742323587814841359e-04
2.109136160313468156e-05
1.063819432481452913e-04
8.057060087746841046e-04
1.275080253661782059e-04
8.139407926677422927e-05
1.661062246407050838e-04
1.362172669769505301e-04
4.507350941513086707e-05
2.555551047523667830e-05
2.396098129575232423e-04
5.265156987104424190e-05
7.781848307934687917e-06
4.680240424271343326e-04
1.354127946815602549e-06
3.084405605129091933e-04
1.759526382002334901e-04
1.034342920913564757e-05
6.257156859648286629e-05
3.881568941516119254e-04
1.497434448819405105e-04
1.272861784651206662e-04
1.696789861349783741e-04
1.703601981091867586e-04
4.376203566740063846e-05
3.399060689224009810e-08
1.607220844545541869e-04
2.022281815008557292e-05
8.449528627387079797e-07
5.650603740412820384e-04
1.685083777836199727e-04
1.783053047657924805e-08
5.264273327658508037e-06
2.443574786382450917e-04
3.050182675325501016e-05
3.797508509946213298e-05
5.136096383647077216e-06
3.941296453321634601e-05
3.732916769276737870e-07
2.925090547822441580e-05
2.294832176415844403e-04
8.176338786313782758e-04
4.664187362359337825e-05
1.518726599902568079e-04
9.521703109899343654e-05
6.951180374969803383e-06
2.132311953838180168e-04
2.722502468158887961e-05
3.942355800049199559e-04
1.136410638101827288e-04
