6.430994208293454306e-03
5.890633803787756126e-03
6.108692078280106991e-03
5.487051386879540291e-03
5.561356437310246981e-03
5.230640231503987797e-03
5.172273159107804857e-03
5.013861890561778500e-03
4.588976058391478971e-03
4.237823636603853771e-03
4.037699765662045547e-03
4.033174566948337716e-03
3.872951707678849460e-03
3.744771242270164037e-03
3.520536476432432893e-03
3.486717163296653831e-03
3.188210702700149286e-03
3.070266392042929251e-03
3.279182148673572862e-03
2.971978590502964354e-03
2.882734075350666756e-03
3.060156793475891403e-03
2.806299835644815877e-03
2.898439753749661695e-03
2.795705659143909918e-03
2.707251385647091012e-03
2.481063048041705962e-03
2.645503427644172248e-03
2.697707302281182867e-03
2.619825998602379712e-03
2.705590748794717976e-03
2.590510913617002225e-03
2.583326494676810303e-03
2.355976347225607719e-03
2.485012483812187780e-03
2.455092394372475513e-03
2.521196830862795953e-03
2.658186781821173222e-03
2.539971325605027992e-03
2.539968393020093987e-03
2.458865527544885562e-03
2.557787900764059430e-03
2.354773081869978354e-03
2.582378625909847146e-03
2.679543930182671715e-03
2.544045708591175306e-03
2.526452113238519901e-03
2.650600693976705446e-03
2.626039671610336072e-03
2.577361515542278374e-03
2.641059710479232159e-03
2.648042391197410594e-03
2.478380316639374956e-03
2.386251388812462952e-03
2.554462882173451441e-03
2.590427015301068753e-03
2.622386671098810625e-03
2.666381528335492763e-03
2.575267828593102125e-03
2.474108218308195776e-03
2.540886261232085455e-03
2.509732164105066537e-03
2.573466057480107427e-03
2.569909745716239188e-03
2.642994736411686911e-03
2.511518136755886040e-03
2.600946520727055039e-03
2.536672417414362855e-03
2.400822594294378838e-03
2.538477786156958030e-03
2.587853411877982009e-03
2.467593844662408289e-03
2.579331795518228793e-03
2.479169680070929943e-03
2.637081377431711206e-03
2.541378134175544326e-03
2.541284789852625570e-03
2.423226313508483609e-03
2.461881845113344722e-03
2.701673659279545808e-03
2.572272908588984011e-03
2.666778808806856416e-03
2.681187234821256864e-03
2.594510994722107160e-03
2.539941766280536840e-03
2.356399095831094269e-03
2.695974316012854626e-03
2.541775108514561510e-03
2.714511213355985404e-03
2.596617384858243213e-03
2.605060470783003047e-03
2.530186932320063406e-03
2.693656352963981829e-03
2.532515396115468925e-03
2.624472334875903572e-03
2.585729687814622684e-03
2.481338246150785118e-03
2.593426656617756933e-03
2.393880210752253462e-03
2.465011381361875697e-03
2.445255530187190503e-03
2.495400478780916871e-03
2.614005739338052560e-03
2.344025760417394431e-03
2.671933253095277842e-03
2.810095026574060528e-03
2.517620138094271189e-03
2.608019719623679272e-03
2.526674688974114326e-03
2.550313149429780414e-03
2.600988603938985018e-03
2.641556473783637955e-03
2.619082791819550473e-03
2.813811068950779377e-03
2.647933087801093103e-03
2.571386572208509899e-03
2.565064466851943101e-03
2.512120397468352567e-03
2.602632472174808923e-03
2.657628545280786656e-03
2.697156814061500100e-03
2.502897806495660640e-03
2.771395461391241034e-03
2.587418469611225957e-03
2.347058448413133405e-03
2.493349460287567782e-03
2.570226217910486638e-03
2.745154027326976703e-03
2.539725930673743422e-03
2.511490379860428605e-03
2.471473408482381673e-03
2.690393052811883463e-03
2.659583650885888242e-03
2.494853542419518157e-03
2.565880786060177436e-03
2.560063044080334443e-03
2.635947418940132181e-03
2.505275305296794305e-03
2.378090139829762591e-03
2.711772715035880212e-03
2.500695971302253299e-03
2.580730814698636508e-03
2.752669174677415450e-03
2.593944921450021257e-03
2.626090912073436069e-03
2.571197752700281336e-03
2.642264904529504320e-03
2.422036364263133353e-03
2.580492549492635623e-03
2.754364913730621579e-03
2.649832885802062311e-03
2.752810812373877002e-03
2.550051677455147329e-03
2.514246715240487425e-03
2.596583009949099234e-03
2.721344351059050426e-03
2.435333676523072401e-03
2.795410943017494730e-03
2.582235505155346805e-03
2.633789592693685892e-03
2.741107547939381807e-03
2.586204774229128658e-03
2.587993263939033627e-03
2.604971075657500860e-03
2.607472188915473110e-03
2.446065510081874179e-03
2.676673379839396988e-03
2.413915531349517321e-03
2.673809730564875170e-03
2.524182386575532250e-03
2.542076936587958115e-03
2.616036905053132668e-03
2.504748065916480391e-03
2.473309966075017650e-03
2.470074576504728558e-03
2.674732479053714210e-03
2.684173576335237548e-03
2.412036925529431955e-03
2.618465110769865878e-03
2.484178224501890249e-03
2.518468460691032466e-03
2.667595331386717582e-03
2.599583677852395237e-03
2.778915775794266359e-03
2.541751752690591792e-03
2.443210668706454272e-03
2.664220168352081537e-03
2.639392178521195176e-03
2.710764816894992678e-03
2.630627979005845107e-03
2.584501686541831097e-03
2.577206743650032467e-03
2.662003244987587534e-03
2.614786964149806020e-03
2.606802893459976220e-03
2.683476039058175274e-03
2.459825305531584093e-03
2.787704240675062135e-03
2.552582591417690283e-03
2.776113072999374098e-03
2.757396369388558002e-03
2.605492329698261798e-03
2.756969157390690497e-03
2.673097495815262258e-03
2.711958417004759272e-03
2.543501615410713804e-03
2.801830342047406403e-03
2.698326477440639564e-03
2.716826584909441504e-03
2.699409783965324352e-03
2.631440474616155920e-03
2.362333424675205039e-03
2.595676138585826295e-03
2.649661000321450969e-03
2.688184452126806193e-03
2.672813426766534883e-03
2.708377823402271806e-03
2.558031404334258456e-03
2.671937998414677419e-03
2.676085178704420107e-03
2.635704814163556016e-03
2.804457739266859317e-03
2.599356720948920504e-03
2.644957933544472058e-03
2.768198021465744906e-03
2.554111740921794806e-03
2.743649630091319312e-03
2.580127342046785628e-03
2.616325143004513253e-03
2.509687775049685918e-03
2.717834641721733613e-03
2.833355547287491009e-03
2.774113197082496950e-03
2.580708395039142157e-03
2.741916882512540100e-03
2.669108783812731197e-03
2.623666000878655414e-03
2.784566526621526806e-03
2.758888572082581099e-03
2.534752547010883997e-03
2.595079039292941866e-03
2.678152813670546355e-03
2.773312713747622636e-03
2.637792550049617747e-03
2.689595842551174149e-03
2.720252307299378045e-03
2.627411740931842859e-03
2.976066908432457164e-03
2.873035017495017066e-03
2.563836515822218165e-03
2.836908503342963628e-03
2.645603225657977824e-03
2.419724608350336086e-03
2.655940675673860475e-03
2.605708075405617930e-03
2.619788091511421335e-03
2.577816622469997557e-03
2.603367662885166123e-03
2.692286392640380176e-03
2.663671713940827732e-03
2.564618615192706518e-03
2.580891322526228469e-03
2.506195456676979343e-03
2.699734589228001969e-03
2.600928582007091573e-03
2.622255020846023243e-03
2.575443846004047375e-03
2.562852482080559078e-03
2.724653404595462659e-03
2.688009156595620903e-03
2.686608001802114065e-03
2.575853909512084046e-03
2.786078985322682812e-03
2.554734620588736127e-03
2.831334289813074168e-03
2.849426910438150606e-03
2.445450114550398301e-03
2.733804170254559417e-03
2.735857842514522083e-03
2.614510787090531217e-03
2.567824816303266103e-03
2.579627459572872081e-03
2.751437637808110386e-03
2.724465257165902855e-03
2.597745549822862848e-03
2.516047269051785180e-03
2.777569678438872487e-03
2.753352232290953109e-03
2.570845781241525019e-03
2.858875421999538917e-03
2.637583312269310004e-03
2.615605322460032647e-03
2.638589540719165835e-03
2.627572523315775156e-03
2.752567236338532980e-03
2.859316407267813859e-03
2.832468207281293136e-03
2.636148834081744260e-03
2.769989187547271595e-03
2.858623234541059557e-03
2.737382151897116422e-03
2.816457413278888617e-03
2.675385884757593320e-03
2.601046612885488975e-03
2.633387172465568356e-03
2.742704669239904702e-03
2.624411988337240712e-03
2.667138597124150794e-03
2.676498040907625622e-03
2.690833150434970584e-03
2.913463037336265840e-03
2.922379339413987923e-03
2.609168944818676672e-03
2.718924331622981846e-03
2.736468272992709748e-03
2.728920938583236436e-03
2.721939271204539337e-03
2.792798694996013412e-03
2.781455121294552045e-03
2.693559270172083374e-03
2.876602971298166268e-03
2.766746116679169414e-03
2.729858041260996727e-03
2.658689958053876354e-03
2.662681869645688870e-03
2.691291711488619058e-03
2.793652574456846876e-03
2.639706058872625435e-03
2.804881747689264623e-03
2.639467254397922374e-03
2.693209252721630309e-03
2.639012145819238670e-03
2.730202638665794011e-03
2.731170462386863819e-03
2.865647095371858660e-03
2.706687715703631932e-03
2.738114622836184363e-03
2.654244244738142994e-03
2.621657547043555747e-03
2.656541612713905331e-03
2.733753634228395721e-03
2.689746136909795370e-03
2.666523926966423395e-03
2.761165829164902424e-03
2.618460906131625868e-03
2.800366047710891974e-03
2.825922255141806796e-03
2.787863536590402119e-03
2.752160433024647846e-03
2.606220915593474106e-03
2.678473659253932920e-03
2.587035716031216639e-03
2.658185549521077922e-03
2.844869815172954182e-03
2.663410339703957842e-03
2.914166561854200036e-03
2.640889623307381834e-03
2.681067541351905663e-03
2.546523810460490141e-03
2.716741179899239116e-03
2.926904475733227255e-03
2.620509499800762442e-03
2.882165475442091847e-03
2.808711938916165496e-03
2.751022275830612360e-03
2.706523157465467056e-03
2.715990143404053980e-03
2.764923917735950462e-03
2.766172009222737059e-03
2.748664192873200105e-03
2.758539297555873127e-03
2.745864319851689175e-03
2.870646976704361621e-03
2.830705920845071836e-03
2.673301808041317340e-03
2.793563524810234108e-03
2.644930430146312864e-03
2.906404017475068720e-03
2.653824927468174250e-03
2.770971582249234181e-03
2.755586692033434870e-03
2.767670634824630650e-03
2.578738984254413773e-03
2.761269315247741329e-03
2.691724474443261093e-03
2.750260628445416397e-03
2.588390118237178170e-03
2.610247746741754804e-03
2.841505887289652588e-03
2.810989931192125861e-03
2.786629950073692998e-03
2.788976422656111800e-03
2.647136650156303381e-03
2.861759743289142652e-03
2.773451100978978345e-03
2.645328019131865972e-03
2.477197370657257050e-03
2.825664258017720337e-03
2.765126997313132381e-03
2.617836497329277274e-03
2.855460393355026272e-03
2.766434350371430127e-03
2.705985131777018278e-03
2.635274082426349550e-03
2.796888240752124378e-03
2.603370680760905796e-03
2.679110492501174563e-03
2.602206347663428131e-03
2.660979752222803960e-03
2.922790826402566367e-03
2.807863188950399450e-03
2.765909834593823727e-03
2.694109179092328728e-03
2.996175894154786898e-03
2.587483803634678566e-03
2.625304886331764238e-03
2.830519681881268554e-03
2.737430459872308101e-03
2.749354842926187044e-03
2.730882324241499549e-03
2.754085466383286024e-03
2.576841442629265559e-03
2.501573323938553056e-03
2.555590399743830430e-03
2.590779695874191255e-03
2.665129334839507272e-03
2.681646947517419329e-03
2.795857208285679619e-03
2.717294557078005126e-03
2.839939507692796315e-03
2.672274921596255563e-03
2.778173945984030360e-03
2.675050979468196651e-03
2.744965788606761742e-03
2.662653893833082704e-03
2.734488540166593942e-03
2.778231113287192924e-03
2.745008067927825861e-03
2.825429554606955374e-03
2.772579818550902249e-03
2.692658424494469207e-03
2.727280726479049990e-03
2.785951772089229842e-03
2.708144899803375909e-03
2.754544168949520869e-03
2.606341484914097457e-03
2.817684204045727784e-03
2.861951409697824442e-03
2.658641513283867015e-03
2.692412427499583840e-03
2.831768314072017224e-03
2.845960898242850569e-03
2.864123391079957150e-03
2.585961576797001556e-03
2.883007785865724423e-03
2.638144259222499621e-03
2.893860158219461239e-03
2.860945555797051766e-03
2.675030565491190015e-03
2.802853488638317857e-03
2.852832503350507566e-03
2.828681331206770334e-03
2.735901220361814084e-03
2.649819932134428978e-03
2.558155692761942754e-03
2.852388247286550584e-03
2.813484731222865454e-03
2.634366336693965208e-03
2.863358066748206230e-03
2.868584882088192397e-03
2.688072319668501423e-03
2.760377904632667877e-03
2.534981404078843689e-03
2.814115810253764102e-03
2.691720567804537639e-03
2.757690446750674790e-03
2.796091148628866707e-03
2.761592518416610201e-03
2.705795243151173229e-03
2.814495829934096464e-03
2.746333969200360266e-03
2.709496562507221831e-03
2.605221137765675182e-03
2.879199260979398503e-03
2.784846430168545425e-03
2.704031017976965372e-03
2.803326421960938928e-03
2.808854424412915354e-03
2.778267405440805558e-03
2.754979067688955851e-03
2.781999787814301052e-03
2.778566257366398701e-03
2.730364083922877643e-03
2.719169737216040397e-03
2.678217999559028960e-03
2.811255853107147776e-03
2.792160007185009226e-03
2.760476151520582094e-03
2.712474471528557828e-03
2.758064428979979752e-03
2.899841048015356238e-03
2.597571794886879316e-03
2.606688949217450969e-03
2.809517413527090699e-03
2.822417468550158983e-03
2.846723835059271519e-03
2.754257574841696352e-03
2.782033084555777039e-03
2.810559192290677973e-03
2.730671491119219130e-03
2.717286792464164782e-03
2.653571507436293039e-03
2.868563552391212388e-03
2.754221942250430731e-03
2.758311696523549177e-03
2.794138227518996528e-03
2.702722353786318667e-03
2.918109774204194571e-03
2.511621471963479922e-03
2.554881376662540733e-03
2.604123205240380101e-03
2.655887152589939820e-03
2.729797786973777764e-03
2.700467124492055351e-03
2.729296799221151912e-03
2.725632122045254513e-03
2.800207813868244369e-03
2.641567732202595910e-03
2.727450912790073748e-03
2.735569252058036530e-03
2.480012426221460224e-03
2.981682332404535143e-03
2.870340207786310598e-03
2.789494364870144082e-03
2.666397064138890417e-03
2.708837474851230782e-03
2.735398221589758691e-03
2.681750158384481851e-03
2.740172714726446784e-03
2.641812405454030052e-03
2.716943944159528647e-03
2.725611783440048258e-03
2.749008436665058546e-03
2.651684799592790923e-03
2.688017287321156027e-03
2.824489077321178879e-03
2.763982969716303681e-03
2.857366130483728062e-03
2.722353123835149005e-03
2.627394692961056502e-03
2.614963388245518730e-03
2.897625484968920084e-03
2.917333872118803642e-03
2.749424045054493435e-03
2.795701176058032998e-03
2.709161354604211307e-03
2.496958363314065975e-03
2.639790174985638324e-03
2.894101145354465061e-03
2.691715474884427695e-03
2.678127856390009887e-03
2.720423196745634566e-03
2.803050788968970957e-03
2.776075204322919938e-03
2.725041556861474562e-03
2.801299100966294503e-03
2.661462054835844054e-03
2.719692657972512095e-03
2.728243705747365917e-03
2.659390799762288704e-03
2.670556184206926333e-03
2.721904520581929811e-03
2.876178388320754960e-03
2.766334584184815606e-03
2.691741710270792367e-03
2.740108265789810947e-03
2.704115553040012648e-03
2.840876667149833199e-03
2.679645765407579362e-03
2.791390943682518343e-03
2.723200635043064848e-03
2.789743010482246925e-03
2.717717829134391923e-03
2.822437503474529118e-03
2.797317675002295931e-03
2.786205518460394773e-03
2.762728032245615785e-03
2.822744832951329299e-03
2.571799473159722387e-03
2.676321144659510234e-03
2.562144031041796877e-03
2.854278466534894507e-03
2.845809811417204620e-03
2.802911517411573600e-03
2.767863431394563048e-03
2.837646166389708527e-03
2.851222948618691456e-03
2.838224395598664372e-03
2.801184607174015892e-03
2.630991138705616496e-03
2.751510821098325163e-03
2.765388756551588438e-03
2.781122587729886915e-03
2.737122239912351956e-03
2.693923885410544772e-03
2.701979571690427389e-03
2.849810609426287143e-03
2.679885755803105771e-03
2.918005494239480063e-03
2.603347790267194345e-03
2.745767698875569915e-03
2.647487697436857416e-03
2.723267733216806416e-03
2.641742047134994133e-03
2.758899510227847372e-03
2.719397819361335858e-03
2.792294076266848158e-03
2.714948028419431753e-03
2.894209028517390724e-03
2.750680361426870342e-03
2.795862105103883583e-03
2.734201493264161627e-03
2.674518823668303995e-03
2.778987087665207682e-03
2.918182325374979631e-03
2.594070620916473155e-03
2.801893809591099634e-03
2.739542409335157542e-03
2.888822048445078769e-03
2.528288420495104077e-03
2.732436110047457237e-03
2.894859118276298104e-03
2.568122934967864788e-03
2.946048686141683123e-03
2.700118033197490379e-03
2.618093505700436543e-03
2.773686161493577225e-03
2.702732343866840609e-03
2.663138784479601728e-03
2.902250177500679401e-03
2.631804915247535487e-03
2.656795417857650381e-03
2.665521851042650103e-03
2.637361217429327106e-03
2.621585498519831813e-03
2.952162275722073140e-03
2.794839825179983289e-03
2.880957865489075769e-03
2.698966910561030781e-03
2.705541002060240108e-03
2.845988980330152809e-03
2.678730861827541884e-03
2.900377659131703201e-03
2.619733141000387105e-03
2.652637269109435481e-03
2.669414032824838929e-03
2.771939208644010229e-03
2.593654222663576737e-03
2.724139608479234434e-03
2.799308896651419264e-03
2.760260841387769410e-03
2.667836220536729756e-03
2.659106961405405430e-03
2.658989817330638557e-03
2.691953182936621548e-03
2.615537457766873696e-03
2.784430022336780493e-03
2.729083024126323538e-03
2.714588710938829492e-03
2.797620806864566708e-03
2.764607053494419920e-03
2.757800382049412427e-03
2.765263901927963314e-03
2.822835728645681653e-03
2.632341281419882904e-03
2.571655157314060164e-03
2.768452219805584563e-03
2.833136379845696551e-03
2.696896465467938341e-03
2.911945452946291136e-03
2.597402746316472121e-03
2.919096787349014475e-03
2.805797296042223353e-03
2.814074473733820577e-03
2.796550114169085721e-03
2.898105867563861241e-03
2.617743291684568058e-03
2.746056765176668746e-03
2.880533808251676750e-03
2.869999282448113323e-03
2.836596341141348933e-03
2.716887139945669064e-03
2.859329070207685883e-03
2.727622954854509556e-03
2.537432081627950115e-03
2.740204842766379243e-03
2.949463984861431815e-03
2.811276872382784207e-03
2.830641815066481815e-03
2.898461614210935330e-03
2.685113293360440797e-03
2.815993537621548116e-03
2.765426407930136801e-03
2.728635043794828095e-03
2.642772263054886297e-03
2.760165213288089201e-03
2.675776106626392113e-03
2.835470621608362531e-03
2.755045417136554268e-03
2.683714353388422930e-03
2.801679556067962137e-03
2.724705026905689925e-03
2.846812136490147957e-03
2.655961277019036268e-03
2.558579130398808132e-03
2.841805064976382980e-03
2.775209945149301541e-03
2.647261206601718951e-03
2.838339201960419361e-03
2.714532004482315963e-03
2.655082704733301678e-03
2.748414288349825593e-03
2.870383961681669850e-03
2.691753803869115225e-03
2.611796557572011561e-03
2.658982278303322067e-03
2.632105974788103570e-03
2.758230183058900907e-03
2.699233712424860959e-03
2.726347769478595483e-03
2.781813196605175450e-03
2.797458596566188872e-03
2.695580962310623920e-03
2.772052663466996296e-03
2.986330649263876317e-03
2.670291438693709815e-03
2.738424382531627187e-03
2.620926937992767644e-03
2.769326555589982346e-03
2.836761156613536086e-03
2.597879785236780533e-03
2.608887445966433325e-03
2.659235505305582344e-03
2.614244619750179070e-03
2.580766612629892091e-03
2.746229568021345876e-03
2.674718926307525450e-03
2.937971179084381598e-03
2.648491025550054907e-03
2.902435697979166736e-03
2.707059673692721775e-03
2.664296204618994083e-03
2.681807298316177344e-03
2.546153774048607980e-03
2.573992026601984711e-03
2.531000059700221592e-03
2.807665504514556855e-03
2.763438584721910219e-03
2.761686712761533130e-03
2.576950907756628273e-03
2.821377454089305133e-03
2.719428739638791483e-03
2.653400955847958279e-03
2.763720432661714074e-03
2.555365338048558310e-03
2.761404436958415486e-03
2.787896898246365520e-03
2.646747947925469531e-03
2.587541635193619551e-03
2.700462163449161585e-03
2.762171984418026159e-03
2.604062077804626327e-03
2.899907123973589820e-03
2.824779845674641344e-03
2.774023002014472817e-03
2.725600855333732125e-03
2.741191019614013999e-03
2.766704487714002035e-03
2.810469266423244912e-03
2.630719894317660405e-03
2.769692144495466621e-03
2.789164999670066137e-03
2.706276166225471402e-03
2.738881345093517432e-03
2.810944138130411739e-03
2.778247550410760554e-03
2.615370452692711116e-03
2.749221026900421604e-03
2.580682677861060627e-03
2.594402461850933792e-03
2.790181554795560272e-03
2.889303210753947030e-03
2.501460029047755575e-03
2.616604501165671268e-03
2.682920027984942151e-03
2.669400659552326541e-03
2.553064118399375228e-03
2.773636606904561659e-03
2.528282817687783554e-03
2.807832964220182987e-03
2.699317085247114178e-03
