4.739008492320819638e-02
2.795235604402190183e-02
9.573876559296437549e-03
3.907964714545585777e-03
1.095983645155718979e-02
3.706809173157342777e-03
1.174161057587360009e-02
3.455486875158894806e-03
1.085075715306514296e-02
7.496834526182966085e-03
1.216462649626975055e-02
1.203068640142515230e-02
5.574419516959078572e-03
8.679519292017136289e-03
7.784396769841751829e-03
5.471904879758989274e-03
1.070518598375565060e-02
9.927545884258492243e-03
5.210763488930993982e-03
4.085527011628915968e-03
9.005801803482987519e-03
6.384765865794844383e-03
5.216556141790291978e-03
1.075312296184077754e-02
4.879808733420210216e-03
7.965661131624203473e-03
3.596290857936072262e-03
1.504309862544980780e-02
1.896631846716735972e-02
2.637502822353512445e-03
7.048986522236979496e-03
1.064286946446942224e-02
6.040212986450919745e-03
1.014438302488153074e-02
2.056089608801592306e-02
4.972242454223169475e-03
7.467500986883436262e-03
8.696222916266697911e-03
3.537989607552605078e-03
1.714339231123048965e-02
2.032363475031900846e-02
5.085992821478427066e-03
6.624411874732861853e-03
1.054708983010411300e-02
1.186094741059843735e-02
4.576728253993963408e-03
1.061072168587961356e-02
7.082392138398776668e-03
6.331618599467568262e-03
6.100588174929406568e-03
9.166540509829221306e-03
1.600089662110937283e-02
4.406373234536405809e-03
9.644678730073404788e-03
1.164937181993590254e-02
4.528402081091658510e-03
9.622767270377618684e-03
2.468330517770157481e-02
1.411988782040804469e-02
2.586446989951237795e-03
7.766664291203305773e-03
1.193999999164140416e-02
1.075471677460033276e-02
2.374759362096520894e-03
1.458683446906883924e-02
1.787917901163599624e-02
3.610762178366293089e-03
7.742713942238264868e-03
9.309962364512576125e-03
3.663764634370328312e-03
1.129538976312817813e-02
1.434968188219682556e-02
4.220621371387230786e-03
7.321023296320764220e-03
1.193018843088744854e-02
7.832784788693468794e-03
3.808649735265147267e-03
1.297934103308014120e-02
5.781849347060504830e-03
4.411558413846298696e-03
9.753552815382744365e-03
7.667403313195864795e-03
1.924096136974407217e-03
1.327530352339678470e-02
1.501592620529427005e-02
4.014789622149369727e-03
5.025583412973259889e-03
9.927352927715606123e-03
7.420564040041670653e-03
4.210458650949915754e-03
9.560456553930729573e-03
1.813550861293149186e-02
1.607204893966513240e-02
6.718983873108583249e-03
4.465304646247340165e-03
8.945711275730464790e-03
9.984261505389162294e-03
6.605333246829873071e-03
4.990330973024897053e-03
1.427968167066085217e-02
9.776408549094220066e-03
2.223696731733890326e-03
5.349183566620729045e-03
9.036364750948390132e-03
1.008149764736094092e-02
6.404046561963499216e-03
2.725749319910801809e-03
1.201943223295606072e-02
2.431883719665807464e-02
2.921815907960562120e-02
1.793241162538815325e-02
7.110368033016796485e-03
2.631746250810025872e-03
7.192890351126990725e-03
1.112718961684464221e-02
9.966237881277352495e-03
5.450391360494351994e-03
2.938209851819860094e-03
1.073619816578761689e-02
8.068425419730320541e-03
2.334878979582762429e-03
5.719907026210821477e-03
9.186004695756973953e-03
8.474447202476689464e-03
5.080433670114902454e-03
2.466759619226814148e-03
7.721755106595522625e-03
1.612418213778892342e-02
1.240614723769414493e-02
4.980498653188901274e-03
2.565194108040384172e-03
5.853832569126821844e-03
9.059018695753689315e-03
1.041607761543053914e-02
1.090661096162044361e-02
8.883509181747574826e-03
4.004731578546921397e-03
5.336135035288709118e-03
1.342602282880526153e-02
2.139582118627202101e-02
1.555834163377350574e-02
5.968051007674851464e-03
2.270105526378770992e-03
6.934069569961919845e-03
1.008048571049927067e-02
8.387820145779049247e-03
5.670354250631434723e-03
9.607401411439623479e-03
1.562201482817248722e-02
8.051596787808663197e-03
4.341588034340091058e-03
6.719434906562187990e-03
9.693948183607636881e-03
7.755375962668422524e-03
3.671319894042291733e-03
2.622805690004806085e-03
9.286116972091121649e-03
1.609387416463584422e-02
1.208199849980479829e-02
5.613480965611977215e-03
1.267850386311627272e-03
5.187413342111608233e-03
8.635623475621710676e-03
1.087191592813520347e-02
1.186131220955950749e-02
1.124991606747314035e-02
8.522228802957242111e-03
4.424305527963517427e-03
4.314417257829702979e-03
9.052508045033146392e-03
1.702155652101668831e-02
2.317155175197431471e-02
1.669214473513977795e-02
9.056697827541961010e-03
4.346657245471462899e-03
4.260197852429984527e-03
7.658222858369596875e-03
8.069704464971240790e-03
5.484106469014525878e-03
3.409167773536736674e-03
5.291374195190321102e-03
1.063967967479531075e-02
7.875337703313460905e-03
3.783291251236662808e-03
3.429118725717208646e-03
5.639907889224084550e-03
7.982012324860586483e-03
9.166524699166934964e-03
7.451493869339253368e-03
4.788102725052461456e-03
2.758755328606412368e-03
3.568216350162390759e-03
7.383057200644707607e-03
1.260370791187302719e-02
1.540515552550641293e-02
1.050442105078348322e-02
5.433743676470489427e-03
2.764072252778212654e-03
3.202533643591097545e-03
5.467149995145466172e-03
7.568075745945682456e-03
8.957690924290608384e-03
7.236355801425271503e-03
5.058610613203218948e-03
2.936493822276409812e-03
3.215246692911294911e-03
7.173045933656752027e-03
1.231673477237652491e-02
1.502724297793127384e-02
1.031939171471375934e-02
6.016841717697147575e-03
3.088521151246144836e-03
3.271740306192389130e-03
4.945475499496095051e-03
7.123278929737677720e-03
8.712430473167366574e-03
9.956214940120944323e-03
1.091597858988827344e-02
1.125288755398842072e-02
1.149645998238487538e-02
1.108288769349185209e-02
9.038698508367021614e-03
5.991591777568219118e-03
5.237260876590823025e-03
7.580464349004680490e-03
1.141716427233127260e-02
1.013729703752868673e-02
6.886032722498328790e-03
6.355120359157728424e-03
6.919622392622897140e-03
7.878757972974831034e-03
9.501487973504932349e-03
1.044587114445579695e-02
9.089566877720292593e-03
7.157273026812504928e-03
5.237178147480018968e-03
3.504632102319953438e-03
4.169039355719200875e-03
6.715616699006110579e-03
1.079654293790173122e-02
1.608553721608885906e-02
2.099847824268990040e-02
1.649135027340895357e-02
1.142522401020031747e-02
7.429912145991790159e-03
4.514000506488272113e-03
3.516919616191254566e-03
4.360634021188395174e-03
6.414985293167644459e-03
8.445988779707645430e-03
9.836869636164447331e-03
1.084946339908744034e-02
1.147040775827945849e-02
1.233247277067570438e-02
1.256794436621285101e-02
1.236585559840967276e-02
1.184063862556991066e-02
1.068058125247361295e-02
8.862589390881119716e-03
6.755390879126705467e-03
4.407815742443489324e-03
3.688518987897991281e-03
4.748054893384320331e-03
7.734343488502838301e-03
1.151804268344341388e-02
1.516374035781713897e-02
1.389994958302881271e-02
1.018935114207964593e-02
7.013472940366735631e-03
4.693302970288512621e-03
3.668232814424967139e-03
4.061328283490151826e-03
5.300458955608637439e-03
7.398679543732997882e-03
7.758769814035160889e-03
6.665338040484905177e-03
4.826125751237692399e-03
3.656968139727830892e-03
3.454122161012042249e-03
4.565755989793729083e-03
6.818509131626598017e-03
5.713552305212956685e-03
3.913228500482977476e-03
3.144415981328914627e-03
3.725862481212474306e-03
4.868154193047449091e-03
5.442300917808748015e-03
3.943596914245000619e-03
2.843895506738210784e-03
2.676437360206540203e-03
3.251740411822247670e-03
2.709093736554732661e-03
2.842260102979680004e-03
3.508729744161209578e-03
3.436383017510745777e-03
2.517848394491875846e-03
2.436745422250420103e-03
2.057847027800177326e-03
2.601775562942281947e-03
2.669905545282589242e-03
2.237079723313160559e-03
2.297248237503945328e-03
2.045065477451297239e-03
2.305556099687432192e-03
2.223145347201832545e-03
2.175397497884220752e-03
2.287850348989854069e-03
2.215336351417843651e-03
2.253893929801660881e-03
2.368592551212445572e-03
2.431671703330590649e-03
2.491503006828931031e-03
2.298733288487449060e-03
2.409832295532312804e-03
2.766471004220298104e-03
2.612403678404311147e-03
2.613939231329884955e-03
2.690594599003926467e-03
2.695517324741796960e-03
2.695993118375522753e-03
2.785799781602042897e-03
2.613331048960385213e-03
2.825934202262074708e-03
2.730124053718886116e-03
2.894015341287561795e-03
2.747324904354996912e-03
2.665894601877520295e-03
2.912370788639496218e-03
2.900392859313551206e-03
2.912381375512041945e-03
2.858484325851545511e-03
2.711197032091930501e-03
3.056697430924453819e-03
2.861687757714440582e-03
2.763217773681426320e-03
3.007025767209124331e-03
2.831120000704914329e-03
2.794742928041876653e-03
3.054122432474172619e-03
2.956948985312479218e-03
2.901116060004339629e-03
3.026953392362240116e-03
2.863065600676649620e-03
2.902471285884168552e-03
2.969171025618948852e-03
2.955273159596002661e-03
2.980554734494884894e-03
2.858793186259074234e-03
3.002891527339730197e-03
3.107876719994290618e-03
3.151526313548213415e-03
3.189934976328466162e-03
3.032210769153451460e-03
3.161419361215909562e-03
3.185092702361267715e-03
3.148498656500006276e-03
2.909558437132306503e-03
3.259911691789159262e-03
3.133974086786999770e-03
3.102885925551046500e-03
3.017276806370540812e-03
3.034971639233101370e-03
3.050646348663934269e-03
3.074618555642694932e-03
2.762671915889445412e-03
2.730264449089573296e-03
2.535051437687013774e-03
2.559910633365732133e-03
2.408359657186925212e-03
2.312770768171535513e-03
2.162205056276299102e-03
2.179363531064714907e-03
2.020139221635956772e-03
1.972129084061386307e-03
2.080041962949633148e-03
1.996274534284959296e-03
1.897759702148504000e-03
2.154028606550967978e-03
1.676415325353041493e-03
1.671279111626377753e-03
1.849418182790031617e-03
1.591676036997826445e-03
1.521830546018170189e-03
1.592891980668117600e-03
1.636191509179265539e-03
1.441682251618960813e-03
1.765485228034518149e-03
1.602509021246598022e-03
1.399882705271702880e-03
1.458974637575406134e-03
1.404362427564943665e-03
1.666059017634104363e-03
1.393380804227089273e-03
1.535858982943443408e-03
1.290073262335912846e-03
1.457644189578285489e-03
1.231058258629705695e-03
1.421960002630119537e-03
1.653211515262208902e-03
1.519923947824717431e-03
1.432396792515836870e-03
1.399565457738429159e-03
1.370293405859907172e-03
1.398638077805283274e-03
1.398246482187498170e-03
1.315441422088430706e-03
1.174617388867144844e-03
1.325935088225791130e-03
1.314101804600222847e-03
1.222445761492357624e-03
1.409716803868955003e-03
1.479480182824927537e-03
1.554693455173711660e-03
1.376089794814434582e-03
1.233908912557287905e-03
1.458162318661558121e-03
1.424252317688275626e-03
1.510354830666197495e-03
1.486993310743363588e-03
1.611011644721282955e-03
1.517405079179229895e-03
1.273836143178069640e-03
1.530693289231874633e-03
1.385297052334461812e-03
1.599441629633047797e-03
1.412857808003412661e-03
1.456862570809846179e-03
1.520707889209456766e-03
1.483676390472149585e-03
1.439807516381813590e-03
1.456827508462200677e-03
1.422511253395869826e-03
1.301585041208035750e-03
1.319362469084754035e-03
1.478293350779628316e-03
1.338584926139226375e-03
1.496266814152646344e-03
1.393598705153344369e-03
1.393530605684079743e-03
1.512947069100276445e-03
1.377372642814439236e-03
1.582518359202478081e-03
1.409422657077274554e-03
1.475613162348580511e-03
1.412898209846451736e-03
1.456689735744903097e-03
1.501431292681466205e-03
1.557771402693864261e-03
1.505091292301760121e-03
1.652281260979078861e-03
1.435243577775936362e-03
1.513373328809081890e-03
1.498842144748984513e-03
1.376108440042987094e-03
1.380777319149653452e-03
1.568379586475719505e-03
1.617732762778379936e-03
1.479430284812099363e-03
1.520063174394683039e-03
1.499487517945948803e-03
1.487114666403043092e-03
1.502971560397976152e-03
1.562679027078415876e-03
1.370836888883002636e-03
1.481020147818850469e-03
1.370030529148475850e-03
1.323736292681351864e-03
1.482750995856361043e-03
1.465937925255197819e-03
1.641586171846062770e-03
1.464653236703351369e-03
1.369486063384030717e-03
1.631667607972958709e-03
1.413866232258790927e-03
1.476572730646831446e-03
1.438790830779980087e-03
1.382241195652022343e-03
1.448264775617111658e-03
1.520041455759026192e-03
1.353300472818683500e-03
1.303076705219819841e-03
1.362401083277904384e-03
1.399689506621324504e-03
1.436841535873678664e-03
1.527383933046410529e-03
1.440218892535715745e-03
1.424276837435943218e-03
1.474520259277294293e-03
1.454440370518213319e-03
1.275532383438372644e-03
1.400318161506194058e-03
1.224013699859318426e-03
1.271535778389582460e-03
1.261485957502747135e-03
1.268112932754973578e-03
1.156774363269780963e-03
1.171211227047306430e-03
1.265641267153659946e-03
1.290778067541359679e-03
1.170216307095704299e-03
1.215537907950896583e-03
1.299411863249703373e-03
1.205167883861765505e-03
1.150861650041293564e-03
1.371578212576255677e-03
1.418793433345920136e-03
1.307823464158675312e-03
1.153150852071466257e-03
1.230715790983158160e-03
1.228491565375456696e-03
1.267970170029046389e-03
1.423725241352466692e-03
1.372399274177909601e-03
1.236655582197488269e-03
1.466893972695627098e-03
1.423546197307304318e-03
1.285599183122534397e-03
1.282687513622264748e-03
1.119747875317180430e-03
1.256169488582562551e-03
1.405541278455587533e-03
1.490618082053333073e-03
1.238032189837084442e-03
1.409520531381322668e-03
1.273998251436147004e-03
1.191025087965869467e-03
1.357629509861381367e-03
1.204549312121632864e-03
1.206980058809642778e-03
1.414720824806399348e-03
1.306916699025520174e-03
1.424437376902967138e-03
1.161302960357235917e-03
1.399087161463381324e-03
1.361440071476135560e-03
1.306844721172545657e-03
1.307855924066168114e-03
1.448816970784813770e-03
1.361908863198437424e-03
1.306460022627137100e-03
1.330122530684533415e-03
1.279017454361771212e-03
1.256969709048733714e-03
1.300780783062052779e-03
1.324968342597427793e-03
1.219701262129014143e-03
1.343699835323956988e-03
1.149968419570967940e-03
1.247353960023110143e-03
1.210235879887199386e-03
1.293813947296287414e-03
1.252131724541859312e-03
1.284512418778480450e-03
1.189546123797476269e-03
1.207758350771199161e-03
1.304302583677628604e-03
1.282477743451426039e-03
1.287181807475349044e-03
1.494684983806135112e-03
1.273718136719515122e-03
1.353784774786935584e-03
1.250774456486946403e-03
1.339311340337319238e-03
1.186891690306942282e-03
1.350961850308899596e-03
1.373890891465008807e-03
1.240903717771594779e-03
1.235145539644115411e-03
1.137698457876245087e-03
1.169543027652112689e-03
1.239491696654181508e-03
1.087044021503514365e-03
1.260656700522272758e-03
1.225626959972425829e-03
1.268926660426984666e-03
1.295920995310699412e-03
1.215129349600307159e-03
1.221325958913759696e-03
1.230110243904179593e-03
1.331763180976385050e-03
1.313850557298441857e-03
1.310662903145977691e-03
1.250790898712310839e-03
1.311669012227044580e-03
1.411106803465233227e-03
1.343487430292911308e-03
1.270847118755964776e-03
1.353704912315242728e-03
1.334812192908129032e-03
1.506795622691372216e-03
1.224508573896108173e-03
1.260857701194777799e-03
1.286931000628955494e-03
1.260733955613960351e-03
1.383882314569431608e-03
1.274547611631315263e-03
1.195998423319392543e-03
1.177910036148176577e-03
1.320594202991103115e-03
1.273114375152147298e-03
1.209844011943398377e-03
1.195799528319647139e-03
1.382733712232786776e-03
1.174200039511323493e-03
1.255757509644741914e-03
1.061768727010839811e-03
1.276688881017673527e-03
1.371534264474232219e-03
1.303459803125140912e-03
1.331372088689121089e-03
1.453002453511530092e-03
1.398201947060577271e-03
1.416732269364351544e-03
1.299581761495516123e-03
1.397573391788462828e-03
1.136453087104704034e-03
1.318679843603764220e-03
1.306502197918608769e-03
1.520490267013550369e-03
1.214316438888834136e-03
1.314257922501054811e-03
1.309093318280085336e-03
1.425969896194282001e-03
1.173993970061851288e-03
1.284913829652515899e-03
1.398503200501372825e-03
1.330525559197010248e-03
1.447135179735598368e-03
1.173260325006514728e-03
1.274287902332154991e-03
1.331736288246848296e-03
1.297444855026322775e-03
1.399528475135768330e-03
1.285842978125223326e-03
1.308340431541936584e-03
1.226604480433680314e-03
1.399013854081771835e-03
1.266757560357800174e-03
1.144446537393772629e-03
1.133351767175846611e-03
1.407163557852737432e-03
1.585041688052873064e-03
1.201468638733776181e-03
1.262971510583371908e-03
1.232991440945840943e-03
1.318865242491229798e-03
1.356484646312394911e-03
1.244405416009801771e-03
1.335904930385902606e-03
1.054994986167092719e-03
1.297738092444563609e-03
1.395569376754272027e-03
1.341360672517506302e-03
1.273501961415968772e-03
1.267574112105209708e-03
1.393610062200774250e-03
1.377022781524518159e-03
1.265219794780648565e-03
1.229139201507256597e-03
1.303704605386319347e-03
1.348241150238066151e-03
1.261818298196965655e-03
1.245527238750310500e-03
1.191549009539329910e-03
1.298960320945472934e-03
1.168842335467088368e-03
1.436716797830952987e-03
1.118689505120774169e-03
1.428531354389882269e-03
1.462012173316542705e-03
1.546172085153876526e-03
1.290490700478326858e-03
1.230921990884391304e-03
1.522952356114159588e-03
1.201703428322380748e-03
1.140681545713166873e-03
1.344698749902888124e-03
1.045456771649580334e-03
1.439781066943578939e-03
1.233162765750041821e-03
1.538799644422423826e-03
1.282352428143694167e-03
1.371171634057881741e-03
1.362581036986480146e-03
1.370873947565960475e-03
1.277455661621406139e-03
1.460832388552350466e-03
1.387054425746267862e-03
1.395987455134333009e-03
1.454399281546958156e-03
1.298979301268429710e-03
1.486517608829311535e-03
1.233342834960695104e-03
1.393727807755166127e-03
1.499323939956242286e-03
1.367827465105716372e-03
1.339232783512284012e-03
1.377415220547026711e-03
1.488088738198541615e-03
1.453829925501384747e-03
1.453251739444063511e-03
1.401000358492773996e-03
1.321970940197434666e-03
1.464494738256921303e-03
1.324007527878384976e-03
1.352345512686182159e-03
1.355173660262542221e-03
1.330449638775074326e-03
1.206199725785830120e-03
1.419451591480005992e-03
1.243835124325594083e-03
1.363975026300789147e-03
1.383684649482873341e-03
1.244227189007795402e-03
1.323209908118668475e-03
1.423356087650144708e-03
1.194832914880481975e-03
1.361209097435116342e-03
1.469927251847839454e-03
1.330089670119204278e-03
1.473278491204173431e-03
1.375234538623067724e-03
1.600489465287349960e-03
1.259821249081323653e-03
1.366746354025616828e-03
1.430298180925757218e-03
1.509493750263124837e-03
1.617866446726130836e-03
1.427348758950075036e-03
1.266938085419894253e-03
1.409819265487689648e-03
1.294477757480229189e-03
1.379613705918041489e-03
1.505521257371537176e-03
1.287289215302989467e-03
1.642354111557823909e-03
1.257551875740941551e-03
1.593703599909245244e-03
1.512887575516225040e-03
1.242481400773196021e-03
1.468903860815340152e-03
1.374471395001145013e-03
1.501445819777026984e-03
1.555504516206435324e-03
1.424095164918881074e-03
1.487964282961042658e-03
1.466541607222164286e-03
1.227833178381185480e-03
1.507028754039261252e-03
1.420674925752251575e-03
1.378213935783181941e-03
1.261598112787828182e-03
1.430634418786549782e-03
1.388870576688446511e-03
1.412721238941733615e-03
1.365488510056865005e-03
1.200288542726929463e-03
1.411272338305702770e-03
1.188246964562891372e-03
1.525474894130688297e-03
1.504534237886650996e-03
1.346522670495594546e-03
1.567251564516518141e-03
1.225189773235242120e-03
1.605623031563184391e-03
1.374343042185642658e-03
1.298036516958680966e-03
1.358743504928408043e-03
1.405002716509573491e-03
1.354461731116877923e-03
1.398222752493843892e-03
1.185882557094280945e-03
1.127689405362682085e-03
1.164400637724416574e-03
1.322803379829739275e-03
1.366618596067073086e-03
1.284044209064384321e-03
1.276360925584939243e-03
1.344867178674717407e-03
1.353514256910421428e-03
1.357486882095985427e-03
1.210093854253140207e-03
1.346641157264687368e-03
1.559168821666091385e-03
1.324893190069505872e-03
1.217095638262898115e-03
1.155738498190271276e-03
1.052996674864272592e-03
1.390654997286504529e-03
1.215143913775243315e-03
1.256683426693105737e-03
1.566545461923112524e-03
1.268825560512630134e-03
1.277056576067936563e-03
1.487259451648581705e-03
1.273428238261510841e-03
1.408395333291784365e-03
1.342559946365616194e-03
1.262660438056861702e-03
1.201024664213871376e-03
1.322512124204924420e-03
