6.803767917281868145e-03
4.168193257786001471e-03
2.215016311045589232e-03
3.136645460344299110e-03
4.446374166049660466e-03
2.943142998844158146e-03
5.172406253353811073e-03
2.832043648919844742e-03
3.073578376790501998e-03
5.866192736674380459e-03
3.457256947733987774e-03
4.371906191168089227e-03
2.602998048787156637e-03
3.052816955057033668e-02
3.318888543072857390e-03
1.691354755530339845e-03
1.383737518924005880e-03
6.141913295040399810e-03
2.982112747580130917e-03
3.553731272030288997e-04
5.026606521058759594e-04
4.303196829475056800e-03
1.236355288128038188e-02
4.643199584296427845e-03
7.277350284755042262e-06
1.169039258665808146e-03
2.922470679954191405e-03
8.595640711384903946e-06
1.560921163592775230e-03
4.978810632776784276e-03
1.397172013273432828e-04
8.843494625766981990e-03
5.935869609729979915e-03
4.934597303618182447e-03
2.527314802730554460e-03
5.134802788769690131e-03
5.942750774933096107e-03
1.295301681842084751e-03
3.725882668728664696e-03
2.980689771795438665e-03
2.553408261584577416e-03
1.085569303885917285e-03
7.463961375432502003e-04
2.855265569007978382e-03
6.399146546560397289e-03
4.293663658995985899e-03
3.150407268931456565e-03
3.731272363035471797e-03
3.595850025458796357e-03
2.905636367644572841e-03
2.093864340075113004e-03
2.598875703065269254e-03
4.758659017573256371e-03
4.699353564339382380e-03
4.438594894312260231e-03
2.885391531823144288e-03
4.285310191924870601e-03
3.675943989491507486e-03
4.973244829272656549e-03
2.660452593107682541e-03
2.707204117708345622e-03
6.425462215342626383e-03
5.235688606213477481e-03
4.101199768136810052e-03
4.617398080333855008e-03
2.597117135981711050e-03
3.709845748666106349e-03
4.197802063170865718e-03
5.431636143523333078e-03
5.251346325388635793e-03
1.385862180495713069e-03
2.927243389932820353e-03
1.361085788846928693e-03
3.360642507417779725e-03
4.265071568142951575e-03
3.308461684152394847e-03
2.279290691018930233e-03
3.674294352230002801e-03
1.504122785537416029e-03
1.976838780629271587e-03
3.474067272142834697e-03
2.975916591397731025e-03
1.311020104229138755e-03
1.137957765146316953e-03
2.330924207538216490e-03
3.212834685509837612e-03
4.310459571633063793e-03
3.381975724236968746e-03
4.850011761845744902e-03
2.401107036665036439e-03
4.405083304374124605e-03
3.396816600864883007e-03
3.182874106197405449e-05
1.898541297858390739e-04
1.513573186980369818e-03
8.162924826250899518e-03
5.721352672887822580e-03
7.421020250864589912e-03
4.932485577002188558e-03
3.752849716186754808e-03
4.093867891892076852e-03
2.755378044501287805e-03
2.114030934711673328e-03
2.617410261713233252e-03
4.575753426509873538e-03
5.662009472585936495e-03
4.999360168916158406e-03
3.568137218659261575e-03
4.606209507554400416e-03
4.352557564107961685e-03
3.119017138910677635e-03
3.684593488972725053e-03
5.626671737725549675e-03
4.007141394199486943e-03
8.335949513281539283e-03
4.575326812687810496e-03
2.948070940718442931e-03
2.956876811797432437e-03
2.692302805164975641e-03
3.223960642537393624e-03
5.004963192430093855e-03
2.023732006509413976e-03
1.768327147110183503e-03
5.879252935311752269e-03
6.682761286249881173e-03
3.609472813565907205e-03
2.839141976311976030e-03
1.573212806678412267e-03
1.632665872117066005e-03
1.382781598199833446e-03
3.245205540864089765e-03
2.659447330975568246e-03
5.353109338170024961e-03
1.039438339173075036e-02
1.363007532015914243e-03
5.963964951219685035e-04
5.271406095712811123e-03
4.727457073223300700e-03
6.300354465284472606e-03
4.165079120620323976e-03
2.837707614965674814e-03
3.645111034813790663e-03
3.742531352942374875e-03
4.426371319589907614e-03
4.866132930525435794e-03
1.899396133524731446e-03
4.505215391001978105e-04
7.860193373445768912e-08
1.119938150190447328e-03
1.448174758253566695e-03
4.013964089402901822e-03
3.601029900747329537e-03
4.215602789267272783e-03
2.210518872373606804e-03
2.134701449288553109e-03
2.378763024702923185e-03
2.305129350126117280e-03
2.186585730188505584e-03
2.049091095345595415e-03
2.292697457830724511e-03
3.183876166503590410e-03
2.572575814388539800e-03
3.765265435937427928e-03
3.486691440550642937e-03
4.784344888250698091e-03
5.535981852292069967e-03
4.555158925464386672e-03
5.777066403892753416e-03
2.654982144578458322e-03
5.402336120642849647e-03
1.811514430152768619e-03
7.454644216140268297e-04
2.532907893579608351e-03
7.733632359347909768e-03
8.514456166358165198e-03
2.965720092393226565e-03
5.762676962507982600e-03
2.244625974994150612e-03
1.439942642943348129e-03
2.664408261798238958e-03
4.307856215133502691e-03
3.513866788967727559e-03
2.662830573993870374e-03
2.892439342773947802e-03
2.816720322110398671e-03
1.841470316559272718e-03
2.391531803228366757e-03
1.135868695864520467e-03
8.538935549171631015e-04
9.710559220344326019e-04
2.566267507130562051e-03
4.834592339288593284e-03
3.308093390330999525e-03
4.004994065336708702e-03
3.676644882979888604e-03
3.767454432261155197e-03
2.007679422499596567e-03
2.117571186774391909e-03
1.070674699530988665e-03
9.831105943124902099e-04
1.121613935110303897e-03
1.135011085001640932e-03
1.346154642581552435e-03
1.865979988786088629e-03
2.272604144928248773e-03
2.019373889335027584e-03
2.358580006896080807e-03
3.143463478657221050e-03
2.923455004398786607e-03
4.790580415945985999e-03
2.216861063157825849e-03
3.726149470581261022e-04
2.265771014566863098e-03
4.662177628206516308e-03
1.004367266185771058e-03
2.431184574460502901e-03
6.485355396041148600e-03
4.543671193362404208e-03
6.764522344921147443e-03
6.919791344064798143e-03
1.961838051315608136e-02
3.032238076642140498e-02
2.171950766673904493e-02
8.096254913086162880e-03
3.715528582851921734e-03
2.411467917547622988e-03
2.299123241310157759e-03
2.455991414802574484e-03
3.062090830758393886e-03
5.090671695008389987e-03
6.068768395377989455e-03
4.862129515138160184e-03
3.212423022869368133e-03
3.958934673259450684e-03
4.783598386925669473e-03
4.149594421162173218e-03
5.591018944957950980e-03
4.658746343192490987e-03
5.373492446675071608e-03
1.407433311566304909e-03
4.072144427269359414e-03
4.385438344755600987e-03
4.720935968903910984e-03
3.276890517954675862e-03
8.604326814454487391e-04
2.845947019153261589e-03
2.007264110948739702e-03
2.750546016419338959e-03
1.854092760126987288e-03
2.833761009598008331e-03
3.484024764878133548e-03
2.035074370429682152e-03
4.193534810994443106e-03
5.262529636460836456e-03
3.871117454619223651e-03
3.969876972364823862e-03
3.152307770510570737e-03
2.783045695398609406e-03
6.648413039737062318e-03
4.951923989242605802e-03
3.178715728826264891e-03
6.521047588047885861e-03
4.224424179609184357e-03
6.709801702089633439e-03
1.275975648059687190e-02
1.869805894465314394e-02
1.645430761481965834e-02
2.127132330819788558e-02
1.589749323303847606e-02
6.943075335503061038e-03
5.869168564320030937e-03
3.177312671124562452e-03
3.276555999849121038e-03
3.853077369730907240e-03
1.587047124661645440e-03
2.699004242772572518e-03
1.739192182297132332e-03
3.257662625483702737e-03
4.724140391912677595e-03
4.846003065008627590e-03
2.127461687099023273e-03
3.309684659750542629e-03
3.248911814258471139e-03
4.437271501251926695e-03
3.526844616603981315e-03
2.261972172025943952e-03
2.856433278164237106e-03
2.872634781889470482e-03
3.043284240864054663e-03
3.904270451384649326e-03
3.657272722481861270e-03
2.101483237552442904e-03
2.388240278433228538e-03
3.628953177638893912e-03
3.009173993030364071e-03
3.370673425979319338e-03
3.741109909800971814e-03
3.584169937450651291e-03
2.804457798944798557e-03
3.047759195732938249e-03
3.893003247886932250e-03
3.952011037714970969e-03
2.568513270497989592e-03
3.229522751295717774e-03
3.056560555899516356e-03
3.159453248529572357e-03
3.483552912157296746e-03
3.357389528625273015e-03
3.408302977339257907e-03
2.741585849426954064e-03
3.585084945250388479e-03
2.582702990948412391e-03
3.153796972235792251e-03
2.029320228558918575e-03
2.117056067418673047e-03
1.918630857473661681e-03
2.977984268826151804e-03
2.825402317197372830e-03
2.855074763686586605e-03
1.274165957563707426e-03
3.519215500410224993e-03
3.053668771089402233e-03
1.951082013558203638e-03
4.791787794484047604e-03
1.859264263969909962e-03
3.909140500863940784e-03
3.043738781851385109e-03
3.027100416907953489e-03
3.558105783413380383e-03
3.268933107623106949e-03
4.730287376777733699e-03
2.723729889661475386e-03
3.506517519916172408e-03
2.969484646919992501e-03
5.182933201048481493e-03
5.101976519549867792e-03
3.294173218264900577e-03
5.051883252324847716e-03
5.300942551477545381e-03
3.837975266561250917e-03
2.173384399135543186e-03
3.101580010793137700e-03
5.462410255696710341e-03
2.298730031967402380e-03
4.607409843994015111e-03
3.654096641173601532e-03
3.511090774510757309e-03
4.107826226006799399e-03
3.279950611264226094e-03
1.683277089365046346e-03
3.138705537646128019e-03
3.047542737807813849e-03
2.020930551990793127e-03
3.405846484821978704e-03
3.835649601990422791e-03
2.233105116866983091e-03
1.455326465889445137e-03
2.614322375530534707e-03
1.331899655115719372e-03
1.854468968082035284e-03
1.267292013447434080e-03
1.914822592616309592e-03
1.580555561165869613e-03
1.744350475200943896e-03
1.418984817590951842e-03
1.849012285963284223e-03
1.107304221883587386e-03
1.544800509324442683e-03
1.608005944464474535e-03
1.842136745003121337e-03
2.846379076942778114e-03
2.107686703241119525e-03
1.352208530619064455e-03
3.830262700782673720e-03
1.597162210135685389e-03
2.104056411611001341e-03
2.876609308092952216e-03
3.279337800254060291e-03
4.374794470629769089e-03
3.313133725405201409e-03
1.607538961736946527e-03
3.525421888825336619e-03
1.711459562322441893e-03
1.307937011604594357e-03
3.208616325615383253e-03
4.485991863800091288e-03
3.653890125286545811e-03
2.035708336542545356e-03
1.732169699931919047e-03
1.402161984985372204e-03
3.589172000023918650e-03
3.234819138773582792e-03
1.980726725937588615e-03
4.814083945945148851e-03
4.248841828502475555e-03
3.109985709187740224e-03
2.130379853993158695e-03
1.699494537769137125e-03
3.304588205786861306e-03
1.070992855241128996e-03
3.630854816270955108e-03
1.936096564987634149e-03
3.855523696461464044e-03
3.873488961997276128e-03
3.847462133144397695e-03
6.144590545073801320e-03
3.867779582946498373e-03
3.746193624980983291e-03
1.824072378073107259e-03
3.085361604365747558e-03
2.528661719259519321e-03
3.891308388254516651e-03
2.244718152894610314e-03
4.600424424438481416e-03
4.033497832811416654e-03
2.807931015593841811e-03
3.392809558441752145e-03
2.982133407686224282e-03
2.842634758165804142e-03
3.755019354081037992e-03
2.679603705158795524e-03
4.194205030977415406e-03
2.984885781057421486e-03
2.616024168842350471e-03
3.147660222847365168e-03
3.059866391371449633e-03
4.478632859431104160e-03
3.420433343203196832e-03
2.862481990533012437e-03
3.707406823422879690e-03
3.719777191872381331e-03
3.125455794575410749e-03
2.421832123941143437e-03
1.706774633890250064e-03
2.860238537814797661e-03
3.705166978490137195e-03
2.759712328393679106e-03
2.552542603863584229e-03
2.399047115512832444e-03
3.265825008031457855e-03
3.026433738438255236e-03
3.260089084707274917e-03
3.001449671395151498e-03
2.978875080616092980e-03
2.070283272865723091e-03
3.412521951050739421e-03
1.527964842275965048e-03
2.427093289682446392e-03
4.142730167797775524e-03
2.743861227200524236e-03
2.473355724296579308e-03
4.407007454975896479e-03
2.894788581661861173e-03
2.486446473423325945e-03
3.329867250762175591e-03
3.802639431325471019e-03
2.580924840089644616e-03
2.434502727585761452e-03
3.200306869745612320e-03
3.508292081441601387e-03
2.151108519563983516e-03
2.728265750537159449e-03
2.462936291398136728e-03
1.887237102064890553e-03
4.531421811719785891e-03
1.778206008330857112e-03
2.605414475908473561e-03
2.623064744993832288e-03
2.675858470575224763e-03
4.468882771354322839e-03
3.797192144928798578e-03
2.632390913754408587e-03
2.771930834227154077e-03
4.018475493025648604e-03
2.351111290683486742e-03
1.816436088129385566e-03
3.378562755156572141e-03
3.041471391160815562e-03
2.002940018066214252e-03
3.893109954356872675e-03
3.336925165406536692e-03
2.380370278858181046e-03
4.746672494935010901e-03
1.393674215476484873e-03
3.636098758893359113e-03
2.928151230159776585e-03
2.913633445091110344e-03
1.464366325139385399e-03
2.515232927474306181e-03
3.088381822464702532e-03
2.834494161609487847e-03
1.171053129920505368e-03
3.663765975714890644e-03
2.847400980637285715e-03
3.914480411411846994e-03
4.566620746253510776e-03
3.660979077326614699e-03
2.286650680437359549e-03
3.392979511070118477e-03
1.951100259446195964e-03
2.878934676711012840e-03
3.835443999372196121e-03
1.481348530904136795e-03
2.943965642274618683e-03
1.619658603921610368e-03
1.099353334335089307e-03
2.867764157260840278e-03
2.321891167148241834e-03
1.647536262652278408e-03
2.018972577202614218e-03
2.367137073774470968e-03
1.559641058357427029e-03
2.840635577519489037e-03
4.398551000359586169e-03
2.983410402089714964e-03
1.554266708630331392e-03
2.535083318870159919e-03
1.357030666318700691e-03
3.384843742254446935e-03
2.272644725108545569e-03
1.236281445771520706e-03
3.258303401272346234e-03
4.860956733110718443e-03
3.027396594247661402e-03
4.511673347007307336e-03
3.191338376482732737e-03
2.864224787017433278e-03
1.662502944992812464e-03
2.851426584999885126e-03
3.340457068150236124e-03
2.975990431334433420e-03
2.312133459548062001e-03
2.454506019572056177e-03
2.640957208588763649e-03
2.182156245537302929e-03
3.378308157483800311e-03
2.438248453302981587e-03
3.023479869654009319e-03
1.921804327130279509e-03
3.802958276134472439e-03
1.794775015381653389e-03
3.248149688628963836e-03
2.406864189630267097e-03
1.427928138134620462e-03
2.584400736206985717e-03
2.139993830261037195e-03
3.064065368946480069e-03
3.013633430353269884e-03
2.588568331756767749e-03
1.640073879100762376e-03
1.786572840560972332e-03
3.294732751978347949e-03
2.123099751263531239e-03
3.384707796441381849e-03
3.309207535782593846e-03
1.943915225954169924e-03
1.735464852202667305e-03
1.249990401124476385e-03
2.022290055967507043e-03
2.093480863361221484e-03
2.611726054521272024e-03
3.184037078593823528e-03
2.237166287228123732e-03
3.253349222079298091e-03
4.186167202688479035e-03
2.889122583682388924e-03
3.289910611854514159e-03
2.993296001159038468e-03
2.303202237241108556e-03
2.292838450076830573e-03
2.525154207851878878e-03
4.085799678239057132e-03
2.472400459196482086e-03
1.613968114888312318e-03
3.779254195607616596e-03
2.438050062871460841e-03
4.258755398873046057e-03
2.521034918822371608e-03
1.541624883831660539e-03
2.867166523066779545e-03
2.628137261853766109e-03
2.215140724445687458e-03
2.609577137110458914e-03
3.140036765692808332e-03
3.232006097264869711e-03
3.798423629337583339e-03
4.111922440183862076e-03
5.063639888259788627e-03
2.545167006363382133e-03
2.413535096514709492e-03
2.590364279783822360e-03
2.588244020013652589e-03
2.109964243775639629e-03
4.040904461698849835e-03
3.859472148703707844e-03
2.910466092441818965e-03
3.820146551138756119e-03
2.754330853018416032e-03
2.089432092475176830e-03
2.607729740454023653e-03
4.385806522334892259e-03
3.396899089784466419e-03
1.808034672037559312e-03
2.337535530662160875e-03
2.062135936574408402e-03
3.750594691121913061e-03
2.418594395462988784e-03
2.423078955637631912e-03
1.599059864653129808e-03
2.767442202572893521e-03
2.942559662070858180e-03
3.162925023449542680e-03
3.454090292325692670e-03
3.485900408342985837e-03
3.932434018845581622e-03
3.138524867952502580e-03
1.812025432412379868e-03
2.407648950799558089e-03
4.598091613387067164e-03
3.024272459061612232e-03
3.756647030117611207e-03
1.690518739198045234e-03
2.639732571397401719e-03
4.377770168958110102e-03
2.978277159737224844e-03
2.909001794660149784e-03
2.456794112666553162e-03
3.558057774846311132e-03
3.606698178094938732e-03
1.518629231689401461e-03
3.685477580725093818e-03
2.836449492445616838e-03
2.250600510997710461e-03
2.539032295537453979e-03
5.138158934521512566e-03
4.938456876670189490e-03
2.413628288512062459e-03
3.330552374812289357e-03
3.220607377853759463e-03
4.041512205742946694e-03
3.966103783578607718e-03
1.014195063232226166e-03
1.744813609497854537e-03
1.683031591293557283e-03
5.243118378393799538e-03
2.402285140155325377e-03
3.689687127056954456e-03
3.782367756432208992e-03
3.470662722604099179e-03
2.043674811030807281e-03
1.681266782416899336e-03
2.070359492595979546e-03
1.614983173582050383e-03
3.288374820968253606e-03
3.300912003357779796e-03
2.620244702912300286e-03
2.068515222061534462e-03
2.487193558873660414e-03
2.485449829024652998e-03
3.025781594758740044e-03
3.779680193906594880e-03
3.920815838697199601e-03
4.490273694400603345e-03
3.268970930545630517e-03
2.342464358225806488e-03
2.571359900364705593e-03
2.428155863338664431e-03
2.582211340639563053e-03
4.098498893967340156e-03
2.090170328782254162e-03
4.640023119233646458e-03
3.203578060985491725e-03
1.974750514079997698e-03
3.279020948962750072e-03
4.727302176278013954e-03
3.604938778846572111e-03
1.344738063199626141e-03
1.713727034460828030e-03
3.593757515104098639e-03
2.868660531127130431e-03
2.153703040931158070e-03
2.103400227851011991e-03
1.927635269896266386e-03
3.732224422836672925e-03
2.641564906716560232e-03
2.167934871989360759e-03
2.521425283666371957e-03
1.363791987646360360e-03
3.340057573554311258e-03
3.406915046547919108e-03
4.128679296146115993e-03
1.889208755122730914e-03
2.615223586097829411e-03
2.913084858913532558e-03
2.491036019045312060e-03
3.064583239130466794e-03
1.483005770838335133e-03
3.040692966305344989e-03
3.115229697861263310e-03
2.327430387519177461e-03
2.794397345320864465e-03
2.182618451940469308e-03
2.671357365568396373e-03
3.298317952691635913e-03
1.269741838135272135e-03
2.948344752167933718e-03
2.734500903972953735e-03
3.002570564687345473e-03
5.037931047093376774e-03
2.618402542993348344e-03
1.315861225682624482e-03
1.614635276005947162e-03
2.398083019057614933e-03
2.886374650031387368e-03
1.592318796913493430e-03
2.272600183440887968e-03
2.600823376747721499e-03
1.885216050781467244e-03
2.390508040699703979e-03
2.293334926099024462e-03
2.922008677782160068e-03
2.573952122507125115e-03
1.650007173965930846e-03
2.502272210023767304e-03
3.181812176288143813e-03
3.415008666688372236e-03
1.601436008374008003e-03
1.744323373042503669e-03
2.948057681151543177e-03
1.951260365844859415e-03
2.425531956195521067e-03
2.988386882384127998e-03
1.458906464278421312e-03
2.352267252789895687e-03
2.293834549771073521e-03
1.281651845663674691e-03
1.291948597785241674e-03
2.583529006890926405e-03
2.939937899462904004e-03
1.595942730047295120e-03
2.247234133888969653e-03
4.513382663737401657e-03
3.054211749659703056e-03
2.410368065268923918e-03
1.965808662448013857e-03
3.190731420867245170e-03
1.292649193044495852e-03
4.191152268198223250e-03
1.069657460838209506e-03
2.038816992626113402e-03
2.683645573292796609e-03
3.013542149298054952e-03
4.012861176062269310e-03
2.757925671299738934e-03
1.847044741597746913e-03
2.260706728542383453e-03
2.247750185966659354e-03
1.136203198871555201e-03
3.134714846679553107e-03
2.311222593794984900e-03
3.845111103796115815e-03
2.060377299564571888e-03
2.640298258616138177e-03
3.500894686456926079e-03
1.887202768297352321e-03
1.165364416273438793e-03
2.007466683471329297e-03
3.193739501520534430e-03
1.864344794738149839e-03
1.831727164424396198e-03
2.752775962381950013e-03
2.235893594472349033e-03
1.819827484556389794e-03
3.142812874325984478e-03
2.823580927427146812e-03
2.356726361100633729e-03
4.525859981452716972e-03
2.601916897621691944e-03
2.363581710512782305e-03
4.807757393887277138e-03
3.191461470290442911e-03
2.580545544224510136e-03
2.664118811717868743e-03
2.013438449509637618e-03
1.209929097528504149e-03
1.366968079798390207e-03
1.895856743381222264e-03
3.651911415508857228e-03
3.162962670591228445e-03
2.892711515708109096e-03
4.136920909658329225e-03
2.645364674304811516e-03
2.436302631928261454e-03
1.480199267220641849e-03
2.647328074152989746e-03
3.156148418288849851e-03
2.985539812848579840e-03
1.317380582792566099e-03
4.595266906928485197e-03
2.481341021787656070e-03
2.328263195152295052e-03
