3.992805248719814154e-02
8.405094852215172496e-02
9.758584533839528841e-02
3.830394962526144365e-02
1.672741926300873316e-02
2.453674004830216637e-01
1.217961544439859212e-01
5.953363465685991215e-03
9.663190911118502147e-03
9.286064643192562529e-02
1.870804835971117130e-01
1.820922619800019460e-01
3.092016635222571280e-02
7.564214183313359985e-02
6.234950016755280017e-02
2.186508556875112197e-03
2.423956097634698270e-02
4.374591138591095787e-03
1.175947587327101120e-03
1.254440941287954161e-03
1.335881896149006807e-04
2.088723347613615638e-02
6.290853739587519422e-02
3.355793894329849036e-02
1.848721941558907969e-02
1.160681328237308206e-03
1.232011772321333076e-01
2.136208633181438388e-01
8.866463577185267064e-02
4.207215584162558077e-05
2.918130094879923739e-02
2.351698203169206094e-02
5.859487005780183999e-02
1.115543637269755944e-01
1.514645377862298414e-01
1.179401580379537545e-01
6.290650146010470789e-02
1.247432152368892872e-05
2.092565441325239597e-02
9.787186556975158505e-03
1.877553179473050171e-02
3.517525105800440449e-02
2.621476609616273448e-02
1.760112776677685495e-02
4.531051172725682197e-02
2.789603820089512146e-02
3.605602403568126946e-02
3.388740507227178123e-02
1.509686796519386226e-02
4.358581968395544570e-03
2.708448677793101958e-02
7.490983964017383645e-02
4.419894195690960564e-02
8.923923995638124301e-03
2.041344551573267413e-02
1.607914005082495407e-02
2.800587501408862562e-02
1.419490916649954713e-02
7.395920959001453174e-04
1.232680965966717265e-02
4.907985198221808884e-03
2.636592271705273660e-02
3.003510532848887443e-02
1.702356535481115707e-02
1.869799745811224351e-02
2.087246462123644453e-02
9.309909171613270362e-03
5.166845692156478605e-03
3.744916805595092631e-04
5.265586532444108819e-03
4.633668572074551732e-05
4.128640356883764989e-03
6.462554418999415912e-05
2.841331360347449687e-03
4.906776940067717960e-03
7.257085459607367280e-04
6.264536688227638960e-04
1.803310954514081963e-05
2.436576639952514264e-02
6.820987293518424033e-02
6.580801453320321223e-03
2.340535452931733276e-02
5.240989632565154488e-02
4.353352943923936152e-02
2.028490257429344315e-02
2.199295043503409972e-02
6.053526680376732430e-03
9.324790538707069740e-03
3.654212919459581127e-02
5.510734112946358287e-02
4.170458112037520038e-02
1.123040838730553215e-02
1.653424265006036772e-04
2.205752613310008308e-03
4.771038152293545520e-04
1.713529101580072355e-03
1.951281156757886642e-03
5.835134178542146338e-06
2.152342562130142144e-03
1.030977099420771204e-02
5.009546494896761730e-03
3.330637898044759202e-07
9.197660736049874776e-04
2.708837703516724007e-03
3.448794817538262947e-02
2.463032450799235162e-02
1.837638055314005231e-02
2.377603411091856744e-02
3.038616388441507665e-02
3.187308643284961218e-02
2.128890393710511711e-02
1.926886493720865456e-02
1.714162147880954334e-02
2.392380940110993767e-02
4.045247591842363738e-02
1.220470077773872127e-02
7.576295555874169863e-03
1.439355277599151800e-02
2.522939170479155876e-02
2.015926976107843688e-02
8.028952251601976023e-03
3.434529590802174511e-03
5.076308091644928487e-03
8.154632822557122875e-04
1.355042526604528091e-02
3.999940625212206058e-02
4.827846224406593528e-02
2.999482356318649776e-02
2.650810815473956042e-02
3.366249756426330925e-02
2.568307828369658166e-02
4.317079260846850772e-03
1.903898567306984424e-02
8.872409234718929560e-02
1.277447561094022521e-01
1.389100170749208163e-01
1.220121564930130437e-01
8.174060262914538411e-02
5.685477544954907481e-02
2.162096696253242370e-02
6.001814100977143594e-03
4.114550875101638527e-03
2.128148325739823415e-03
7.050388579903325327e-03
3.024276035379274558e-02
1.359409926669555568e-01
2.551071908463862226e-01
3.043442054348129977e-01
2.369980331147151231e-01
1.397688644087805576e-01
8.171656180208611286e-02
2.812393554692869946e-02
1.490978776112031638e-03
3.021874389206023661e-03
1.077012440121328900e-02
1.281357476432475398e-02
1.113682028148606923e-02
8.899247237876928979e-03
2.552742649233745095e-03
4.474999196489330353e-03
2.410772870157985859e-03
1.715791706436682086e-03
1.817000937740253326e-03
1.456624820792490858e-02
2.419729589310787993e-02
1.230935820476813589e-02
2.170284245951337870e-02
5.390091561283201493e-02
9.950139850333614144e-02
1.368329301419320410e-01
1.666050050149134598e-01
1.824663432814692954e-01
1.581123229634106842e-01
1.143921698784018115e-01
6.905824170175818566e-02
4.008163915119015985e-02
7.814678150223151876e-03
2.268167420233256962e-04
2.531758451019330554e-04
6.938363177984167678e-03
2.680690822614204341e-02
5.078081889533794802e-02
2.959851916476819583e-02
6.724017602209410478e-03
1.182390090383304452e-04
5.837211946135443565e-03
9.338456969557895962e-03
8.760728127256567008e-03
4.257605482377414818e-02
8.066385150426212680e-02
9.741209824577162779e-02
9.787459242179098740e-02
8.529936650007148569e-02
6.708016490855860103e-02
5.903564247771685841e-02
6.446235422111451507e-02
7.531573756546111609e-02
9.141543049650747987e-02
9.840306693297760920e-02
8.183942342952225946e-02
4.447179975489499310e-02
1.524689860816525258e-02
3.018634230225126711e-02
4.806141711680869677e-02
5.917630081002474979e-02
6.216783940267877479e-02
5.629548473536755832e-02
4.330033665517873248e-02
3.930784651359775506e-02
4.262468955225033607e-02
4.938110258137488884e-02
5.940167968382645269e-02
5.973182025204336332e-02
5.495815953784920216e-02
2.809189657517605077e-02
8.321236476268230667e-03
8.210855536205996302e-05
7.815925616552449329e-03
2.483204307885231860e-02
3.753378749931651770e-02
8.119029548575044941e-02
1.169283606211692222e-01
1.391415985688170265e-01
1.408866021276860281e-01
1.186697766252628183e-01
9.079594582821003124e-02
4.823067226728521006e-02
2.638216960369971220e-02
2.005394481345369045e-02
3.217518713776885194e-03
5.219197095414399544e-04
2.721905077967198285e-04
1.264850229410819423e-03
4.954686202141002534e-03
9.209636125457587238e-03
6.349781257146199821e-03
3.429985728057577312e-03
1.474637529508269476e-03
1.365596670289213228e-05
7.974524565573370017e-04
5.329803817979388361e-03
1.109933089344087090e-02
7.846401622672749543e-03
2.224105244394243650e-03
2.915954945178639030e-04
3.834935990332093711e-04
2.490411549887323710e-03
7.562493236434494372e-03
1.169829408409787073e-02
7.189801831626232292e-03
4.363282244385653652e-03
1.344927318703528439e-05
1.775294220358265666e-03
5.143058916025487065e-03
7.156511222978341469e-03
6.572717674082234098e-03
4.187112174890803007e-03
5.929711758968324656e-03
2.345300337048143030e-02
6.055014442299262029e-02
1.081999217190597606e-01
1.543382705398297638e-01
2.042268946042748723e-01
2.287051116300832243e-01
2.471430114704319392e-01
2.377089218257312508e-01
1.908136849915454958e-01
1.665226114522747047e-01
1.339984158618283128e-01
1.010120677217512253e-01
8.129698827569026287e-02
5.068671798841558468e-02
2.836931993644746519e-02
1.008375272089951681e-02
3.025354562674318661e-03
8.257897033024709857e-03
1.959166909543555782e-02
3.710063542038786327e-02
6.949672256674398196e-02
9.358763819881751878e-02
1.153041513637054066e-01
8.928449650177508468e-02
5.930161671616473312e-02
3.368158979085704441e-02
1.333390673031067258e-02
1.221251217973278987e-03
5.960729403752211683e-04
2.776724768445854637e-03
7.344141108671941448e-03
1.633850244980971506e-02
2.529707081016792022e-02
1.195160942810453465e-02
3.467256650930703593e-03
1.078012431278523682e-03
1.251608018455626107e-03
7.045845030621688578e-03
1.492597635071217337e-02
1.130436655355390382e-02
6.605108258901264302e-03
5.253246014361921852e-03
1.161875546223946343e-02
1.588555789911509641e-02
8.037424475708633553e-03
7.196880727202886567e-03
9.798236906082394976e-03
9.534507120182066781e-03
8.558609117338208602e-03
7.604804263155147577e-03
6.744671713917110151e-03
3.799306306738886151e-03
3.715968900178190717e-03
2.759461330498271490e-03
9.128770487706354061e-04
8.353332910219362110e-04
1.228248625261951299e-03
2.209247986849820569e-04
5.691179411897252837e-04
6.965732002900237530e-06
1.146340936309150284e-06
3.249502883163865640e-04
2.789299576415555986e-04
5.626287992974493210e-04
1.024242012053935618e-03
1.424624483899952863e-03
3.423475739261331013e-03
5.559815144279682889e-03
8.811366033234390230e-03
1.346732034189520276e-02
1.988122269301364348e-02
2.642082886127315733e-02
3.359721041478878206e-02
3.629702046249899672e-02
4.814415351512024016e-02
5.024093547923275810e-02
5.602028607643060043e-02
6.473733089085353942e-02
6.344774571007638642e-02
6.554587088559647723e-02
6.477891795537581154e-02
6.041129713348540597e-02
6.111689408312744737e-02
6.377288306798070683e-02
6.143792643801949255e-02
5.977668853322915671e-02
5.331651952759363516e-02
4.631378227284023430e-02
4.612029334584415857e-02
3.998021905645351287e-02
3.013917019350434781e-02
2.000201104765485238e-02
1.496591632677438284e-02
1.253645502936741145e-02
6.099829359928654778e-03
2.177912896103794196e-03
7.731364974407381289e-04
2.142404565796818402e-04
5.618265500323191405e-04
1.305114310451054634e-03
6.728720220012486194e-03
1.052693194473648501e-02
1.832705277947600797e-02
3.159125668526505809e-02
3.801957858996193179e-02
5.460791194088233241e-02
7.788187346763152108e-02
1.135631046048458381e-01
1.199877211251418191e-01
1.395758165453176158e-01
1.533439356020967481e-01
1.594896635581084521e-01
1.681041561925750993e-01
1.712324306212514580e-01
1.632556309631705560e-01
1.600928702806224957e-01
1.581725166083619571e-01
1.547510761464748474e-01
1.479588832935831988e-01
1.326157816645623655e-01
1.326020511030304438e-01
1.199046799269951891e-01
1.096757376670653011e-01
1.124748975062470485e-01
1.135717777597734235e-01
9.655501243092422248e-02
9.894587796269341262e-02
8.920577118680704520e-02
9.060226555124509251e-02
8.640564776011933068e-02
7.959578987003965156e-02
7.544543579592088989e-02
6.584866316938939312e-02
6.257731656913256835e-02
6.468740130180149206e-02
5.983408527369993291e-02
5.741667213520631335e-02
5.238447278454358425e-02
4.344060692125133877e-02
4.124867320298979817e-02
4.049307477494380053e-02
3.580868235610624312e-02
3.044623671712561735e-02
2.925566208338955740e-02
2.620167078778526393e-02
2.101652830841895317e-02
1.868627094874032030e-02
1.220051218867639065e-02
8.098037743481473205e-03
5.258762978384944400e-03
3.270178943084664502e-03
2.655776294597483878e-03
4.600887669994412174e-04
8.801144380428115811e-06
1.568807806531659192e-04
6.436679940821646772e-04
1.023741140934403141e-03
1.228715711472755292e-03
2.725142697262645033e-03
1.932133074784334048e-03
5.953456614773108054e-04
4.085741684300363383e-04
3.454681063332672576e-04
7.463883901569035939e-04
1.332438458961837573e-06
1.226232653379694525e-05
2.867793685483965738e-05
3.158808133149374688e-07
4.453061846405075361e-06
3.194471729009419289e-04
9.005214567589664985e-05
7.014143779976285626e-04
9.236759371155061748e-04
8.441196523335640651e-04
6.293481126113033720e-04
7.901364387529475871e-04
6.605518268769362778e-04
8.094232810899659519e-04
2.723922772011032074e-04
1.407680816439678146e-03
4.853516517573113918e-04
9.716286255780421559e-04
9.610034180488875952e-04
7.819870535041221864e-05
8.867966657721582406e-04
5.905821176948728140e-04
7.903908882544240341e-05
1.615038093019170826e-04
1.422695031243562938e-04
1.232664839985015640e-04
2.687969721261861014e-04
2.239440386796658232e-05
1.222097783446910911e-06
3.730882496954923943e-05
7.310428431550492464e-06
1.068394671214031137e-05
2.968038279153391407e-05
6.250523639212750544e-06
4.787848459010501994e-07
2.967084083586430353e-04
1.341138811884389978e-04
4.687040092463898582e-04
2.307373809586650689e-04
9.820435933534828459e-05
1.052027003897692359e-06
6.451868978963210552e-05
1.159828490071983275e-04
1.679694472751509619e-04
2.216057732759809979e-04
9.488565888066854124e-05
8.473783920337757804e-05
2.573994865044463274e-04
1.838766854038253020e-04
7.113996618200716564e-04
2.298924643944107984e-04
8.831725956804726066e-04
3.381028903372312508e-04
2.620456992628483381e-04
4.237512629022284049e-04
3.617588424917205810e-05
8.154601011219510384e-04
2.664141001349477791e-04
2.873231381560037000e-04
1.658809737400114949e-03
4.975969582060595260e-04
8.061931489412972000e-04
6.143876545836319657e-04
5.388020870559640093e-04
8.066761096221525956e-04
1.338188340542365495e-04
3.637972420114000830e-04
5.807955889563921176e-05
2.484120705386696788e-04
8.216108505689355044e-05
1.368407970929746032e-04
1.606767974331187014e-05
1.472636578796177185e-05
6.717371277115114468e-05
7.152324433929081087e-05
2.371761805411223969e-05
5.823513342389839852e-06
1.488716370737178829e-06
9.815725143853983167e-05
6.332343328716437034e-05
3.381801855774152965e-04
1.390922182508968498e-04
1.223023636885037875e-04
8.653258970191527637e-04
1.992288019325637476e-05
9.435547925696367779e-05
5.155221376012317886e-05
1.674539156940112942e-06
8.488902943428887522e-05
9.561683103644261054e-05
5.963788639018425880e-05
5.106484281585931853e-06
1.304414281498651913e-04
6.824971432744347236e-05
4.820937182003420177e-07
2.447442426917845562e-04
8.149421598089682552e-05
3.259033587996832864e-06
1.591192949523545400e-06
4.005882008594057077e-05
6.242129158688970183e-05
1.019478743855854386e-06
1.371860077250453187e-04
3.272023842927413893e-05
1.194151929020324088e-04
1.521257295202316023e-04
2.361780667616045735e-04
2.938543851227385728e-04
8.798745323465635313e-04
2.273876415976473081e-04
4.995922583875675102e-04
2.085298900006935538e-04
1.243887371838498684e-05
9.081305669886630995e-04
1.056661660511954998e-05
5.067292219895499312e-04
1.028109678993191138e-05
5.585551627294856698e-04
7.419888184700007159e-04
3.368048534714773116e-04
4.128113962190435387e-04
8.959768030826838106e-05
6.399437435644037562e-04
3.646888080566369045e-04
3.358899709587083145e-04
2.416155508057663502e-04
2.410479348790935843e-04
8.606104058404464424e-05
5.102161748010272451e-04
1.878948879741582610e-04
4.720985211952572597e-04
1.179711288302874475e-04
5.194592337500699743e-04
1.736569233587522299e-04
6.740801573481286372e-04
8.216306532826008185e-04
4.345539901637038077e-04
8.504870595934009916e-04
1.162218054662837860e-03
3.811362923956260673e-04
4.518204021415447489e-04
2.751286922151932861e-04
4.031851388158666788e-06
3.412469421276151447e-04
1.151438199124024225e-04
3.419267674749078365e-04
1.166931269699576655e-05
1.397993746656109218e-04
6.969735825421991948e-04
9.737979535539720982e-04
2.697820018638414242e-04
3.098524898042610072e-04
9.369203706694425628e-04
4.724252940819110625e-04
8.560777488106348192e-04
4.300500779190313252e-04
2.233604398155768645e-04
6.543143697829155751e-04
3.302379697145111531e-04
1.791014361905591493e-03
2.442481664394050879e-03
1.127097688288549067e-03
6.374341468056106191e-04
1.063797673505107594e-03
6.122612644209950942e-04
1.085675626959594622e-03
1.718944690162819717e-03
1.772454678354138400e-03
1.662067301852081236e-03
6.543933019311347918e-04
2.565260679253457713e-04
1.137992446032189044e-03
1.363451699604229699e-03
1.676960221195381798e-03
1.984509425770063056e-03
1.759015628233170838e-03
6.236354331599955987e-04
1.788076566936148623e-04
9.569982593119081291e-04
9.861624719382743303e-04
4.163314223013143967e-04
1.074650193808133732e-03
1.324457605531602963e-03
9.428534656766792994e-04
4.903262659059371559e-04
8.220688157053854164e-04
1.900044302800033783e-03
2.550429865065271043e-03
7.930711469872451938e-04
1.503773795673049715e-03
5.217727292843502397e-04
5.226783931065169010e-04
1.087390253250199168e-03
1.905445324935696808e-03
1.367500314882724721e-03
7.829657074579570667e-04
1.082886418372391120e-03
1.948548498268522396e-03
2.432495214200036844e-03
1.717700784336244563e-03
1.533813473627312473e-03
1.468994100933025335e-03
2.261158972192691893e-03
9.119518389987488769e-04
3.185153838705246775e-03
1.507991490820723450e-03
2.086665646220277944e-03
2.375621118070113651e-03
1.252137124552945386e-03
1.562323574867452913e-03
2.090339916236241043e-03
7.450607379382462878e-04
1.086706413708293101e-03
1.243874141538453115e-03
2.712106652307014112e-03
2.736269190840675235e-03
7.390355499242974796e-04
2.303683154556226704e-03
1.744642673557240823e-03
4.529882478842604614e-04
1.410453028073230686e-03
2.697995093128160906e-03
3.172188333741293980e-03
1.622341746356384916e-03
2.010664397543215909e-03
1.969214264133320198e-03
2.611668641160111697e-03
2.306077948525577653e-03
2.730910575375602219e-03
2.416611924835062198e-03
1.198955863767789528e-03
7.695609347674420243e-04
8.595427007557477316e-04
8.058498802028823439e-04
8.132614563542214662e-04
1.965039634658786918e-03
6.000310165170441362e-04
1.609924361560696304e-03
9.141014205673803550e-04
7.635782670810994238e-04
6.111247361017729590e-04
1.030883947379945560e-03
6.015055209689951655e-04
7.635028630976610454e-04
3.990391782202577374e-04
9.540335641221621421e-04
9.147891209643807097e-05
1.692849196970657789e-04
7.315176850121339266e-04
3.997142660660455674e-04
3.084046180615472241e-04
2.861787639265012096e-04
3.354325825669806412e-04
3.298364084841416037e-04
1.157826707894703668e-04
3.773293396327445409e-04
6.057123484584966532e-04
2.969365863748967493e-04
4.058824706503126015e-05
4.653676435287502043e-04
1.959581999695875838e-04
2.043386905262501471e-04
2.930994084724121516e-04
1.228288873322713809e-05
1.003402887460389924e-04
6.071679630152510216e-04
5.056433421252109301e-04
2.622824898666514142e-06
2.196126696869091010e-05
5.316472649080781572e-06
6.839385062602376805e-05
3.166942622137222663e-04
3.213030456676479909e-05
1.787189847289437310e-05
2.175542491434498329e-04
2.288614958038729091e-04
5.510783391489036068e-04
3.609401725424290987e-04
4.574369017092384478e-04
3.294537220912959689e-05
2.058058926423687526e-05
3.966519859475837477e-07
1.147296769046681129e-05
8.049611225428016776e-05
6.623002434306991304e-07
2.853593103956678984e-05
9.659827975537498073e-07
4.633432781654197875e-05
1.294091198681561746e-07
3.542251730457318144e-05
3.356200386870584687e-05
2.095046029388507346e-04
1.181548546806504113e-05
5.268696125896644468e-04
5.769095918953906667e-06
7.639316969684583993e-07
2.604003777505631842e-05
2.396378613494342858e-05
3.777049748083209516e-05
2.371027038239839786e-05
3.211950791831796295e-04
1.991862507042648704e-04
2.255760538638259597e-05
1.365430938333429887e-04
3.062768367691974769e-05
1.001159985796813685e-06
2.105521500021809232e-04
9.665199952763244571e-04
2.977290898486030805e-05
1.045815985715823487e-04
1.205482550266078199e-06
2.964148226805224449e-04
2.684227867905444909e-07
2.284282357587409621e-05
8.398913033066680292e-05
1.776246852948925614e-08
2.116728075881438962e-05
4.246944407594796782e-04
2.156230598835512889e-04
5.723762903757866581e-05
6.556272571313273382e-06
1.203361008214747798e-04
1.483535941608276015e-04
7.961101759532161011e-05
5.544090817379971052e-05
5.343448854608497892e-04
3.155929739516141926e-04
7.778233135497273840e-05
1.170592474950591744e-04
1.458896267517991265e-04
2.069398597895809810e-04
2.568847891740253997e-05
1.125160986776483125e-08
2.282218274750350009e-05
3.251377781065006736e-05
2.851814516763808327e-05
3.834820067027467413e-05
1.800165419654743085e-04
1.436152177340941413e-04
6.772175203681965623e-05
5.041374485201197819e-05
2.918787910598182630e-04
8.429175451105585734e-05
6.615142485518157758e-05
1.353109944936275789e-05
1.553074786206307600e-06
6.925085052991534834e-07
1.267653785930481435e-04
8.775215385146629529e-06
1.387296487010320147e-05
3.604100069368625157e-04
8.325038445681542715e-05
5.946068219636708795e-05
7.677046145177542166e-08
7.079665241546548781e-05
3.593132110231408308e-06
1.409847061280462843e-04
2.734179440571254168e-04
2.249396780620346165e-04
1.099367908038211076e-05
9.459361468104122202e-05
4.150239026935385676e-06
2.910281556511600171e-04
1.077806516704097613e-04
8.148232206264493485e-05
1.358631408669246348e-04
3.659265950297814874e-06
3.215089626478199007e-06
1.062102089893442099e-04
4.670467643543070143e-06
5.086635034083273037e-06
2.804779608493945205e-07
1.983073003762455142e-06
8.509210752656359887e-05
2.226601741848213646e-04
1.013939469407997360e-04
4.802582995012042415e-05
2.160148762133076890e-04
4.199157898170387368e-05
