1.778345460353924641e-05
1.268430808387115572e-04
9.751291798305476318e-07
5.565284126839645110e-04
5.241654001385303218e-04
4.240538842921856197e-04
1.342984539593426447e-04
3.188940158111075094e-06
1.139087233790926064e-05
4.888871843477072350e-05
1.506135540932446377e-04
1.570239149003328251e-05
5.560750894548497179e-06
1.057419163892120613e-04
1.001645826155423162e-04
5.287270890359656880e-05
1.496400853256084601e-04
4.670952275706443893e-05
1.900114302950551769e-08
3.056941774405440738e-05
4.421050346152575696e-05
2.681277497797615551e-04
1.606335199580956818e-04
2.653750298409170497e-04
5.112388619660773991e-05
2.762332192298275386e-05
1.226470104491278943e-05
2.381312494878752789e-04
9.383877150668581285e-05
4.749949989519046211e-05
2.330928888458847495e-05
2.029991926605427240e-04
2.087192715368236303e-04
1.432231998421511221e-04
1.194360122816714477e-04
1.481670112613360675e-04
7.101886408972394378e-05
1.582095005933486500e-04
1.101055469890512115e-04
4.085274941622022067e-04
5.819626368291361870e-04
6.236793230711415383e-05
7.820836448139623022e-05
4.590769775341963610e-08
2.352062548298748166e-05
4.126490621029734384e-05
4.125124810370053917e-04
1.140962039502537665e-05
1.455403625515069833e-04
1.052811960172678982e-04
2.034990277869055052e-04
5.113193609079818056e-06
1.248158079616266296e-04
1.537342136695353414e-04
9.754101748039291310e-05
3.270820245129456522e-05
2.619429510042550345e-04
2.780561886674137728e-04
1.703565150894069521e-04
1.486799602809372371e-04
4.202471775315060466e-04
3.792000596322118490e-06
6.407792596889817294e-05
2.557252887612460838e-04
2.379139236926140319e-05
4.123096727850592436e-04
6.933067720283498921e-05
1.144448972854860558e-04
1.798287054522143449e-04
2.262965643730616746e-05
7.392571985882654068e-05
6.451008511184784266e-06
5.113377017559951111e-05
5.781847306647365655e-05
9.002149498448417440e-09
5.611715736471376698e-04
3.067049898017867122e-05
1.020931666310161004e-04
3.216371981407294611e-04
3.614823649925458368e-04
1.513773964924242229e-03
4.232574656832731117e-06
3.050804988935604012e-05
3.137638805043052564e-09
1.344766753942268377e-04
2.084652974161016925e-04
6.829707264053630001e-05
4.020743883702566218e-04
2.822137630671996077e-09
6.012062358782873376e-05
6.051161954429262182e-05
1.511286831370211017e-06
6.505039078935218120e-05
3.656541007640331760e-06
9.189541606982422404e-05
2.233222317705904321e-05
4.657279721717052070e-05
2.004472734041445257e-05
1.339427225190758485e-05
1.196025809133529345e-09
1.979876325944273045e-06
1.079983460064620024e-05
3.510285768155646668e-06
5.055708044728148335e-05
5.260736297185868485e-05
1.531365425646707482e-05
1.030618376893208853e-04
6.308952255114280194e-06
2.600047732082985959e-05
4.987154441217738808e-06
2.654704545543494923e-06
3.906898603422102336e-04
9.692936015252937455e-06
1.112873970269876551e-04
7.005128248031675282e-04
3.998463691494439162e-05
2.107532597301113261e-04
2.348716753429048609e-06
4.790470947008202882e-05
1.119441277812382383e-04
9.060708722984684700e-07
7.515216885821088971e-05
1.335602225394038005e-05
1.391715462228049151e-04
1.173426944019958270e-05
2.390663276518374358e-05
4.320672441832964012e-06
1.191271460619608386e-04
7.273483884727747302e-06
1.743838270611279380e-05
3.353530413060527971e-06
6.290424299273847213e-04
1.389160933446322600e-07
1.967318375374369572e-04
2.785345195149718811e-04
6.294546744608790138e-05
1.095299174905121952e-04
1.978182299304785154e-04
1.374050011289879925e-04
6.305524629274537250e-07
1.118634538475075994e-04
4.333579997607640215e-04
1.167635042048987594e-04
1.259362223007611816e-05
7.216569092418727283e-05
2.489378933730545889e-05
9.469696471898378129e-06
1.647839525759806577e-04
6.149099102215040353e-04
2.111531549652997028e-05
1.796677444349113111e-05
2.794260688383307513e-04
1.739835926368852356e-04
1.816058787805693300e-04
3.135726608410359991e-04
8.839906640533254552e-05
2.477697027178446402e-04
2.968224772930853970e-04
4.980082254276024540e-04
6.289403109240677752e-04
7.696970525365259109e-06
9.775369405930910312e-04
2.373365822946425904e-04
6.312490647187840023e-04
3.127627116897215020e-06
3.066346482519635751e-04
3.930991642264083496e-04
1.500202432865732909e-04
5.091177374795311222e-04
7.832650848657937573e-05
2.658350507262503606e-05
6.545230840382465032e-05
1.151849657767281489e-05
2.362993776855606306e-05
2.445784890405564927e-04
1.681675814660500506e-04
4.816821377451777184e-04
2.337983206691382089e-05
3.656667445697183317e-04
1.392546859279825858e-06
1.660290930811847876e-04
5.486957922947434613e-04
7.390403713909246314e-05
4.237960723302577155e-04
5.734008286125750987e-04
2.920918391807246039e-04
1.224923755914131198e-04
1.224187889730970601e-03
9.121457913370152864e-04
4.940996421811983145e-04
2.845173583164879987e-04
1.080799907796344949e-03
2.241433320071533491e-04
8.373199833839208408e-04
3.005985204372639877e-04
6.330861356323364605e-04
1.733140850818830141e-04
1.261103720359514407e-04
3.699080883667867439e-05
4.567082576940887295e-04
5.031408201500574707e-04
2.442613198679445346e-04
2.035231050772124165e-04
3.088727359597904175e-04
3.904899813177485721e-04
1.605535584361049271e-05
5.605593858090072166e-04
4.418688582596666699e-04
4.092971321266803596e-05
3.337834666052615215e-04
1.133954050720575694e-03
3.177525982043421707e-05
1.392651961203822386e-04
2.017172952992995463e-04
4.385641163296688364e-05
9.858327997695959981e-05
5.820654321945337335e-04
1.598397135807196588e-04
4.414948058451919656e-04
3.730881779407228420e-05
4.831153705820021764e-05
1.204190612309594035e-04
9.798294104518914284e-04
1.656016843056856594e-04
3.116253899141421509e-04
3.528313290551885303e-05
1.484493473244841838e-04
2.622087746074280802e-05
1.073676715239352307e-04
3.098771247643262181e-04
1.370172154641749506e-04
8.127793387816145427e-04
5.197434654778710381e-05
8.823989005751849048e-04
2.403159670270051086e-04
6.603838677332303855e-04
2.508813707327304295e-04
2.787342727609734195e-05
1.184344209488778988e-04
1.737998869984096520e-04
2.189837818452077846e-04
7.573482770984593312e-04
7.699341282338788154e-04
1.147450387398631512e-04
4.249781863247359230e-04
1.158591124215379567e-03
3.557025008249309556e-04
2.374103795366996677e-04
8.296330183254814353e-05
5.637158600645242714e-04
2.066709668325011288e-04
4.808363152552344632e-04
1.076588943235089494e-03
6.570660699747409407e-04
6.644530313351337228e-05
7.726119133211949109e-05
3.346040961934682403e-04
9.917155667792915916e-07
1.209955745700040588e-04
2.073339063734791206e-04
5.541403738883839613e-04
1.486071115125088711e-04
4.607017788600766862e-04
2.502234466998509840e-04
1.010347602273149194e-04
2.127649990964752000e-04
2.174826032770192576e-04
5.879050634987432675e-04
4.099695747815157226e-04
3.665486232249454341e-05
2.204206137462165081e-04
2.064909259292823404e-04
3.854859246647185183e-04
3.891414111444650107e-04
4.954281866584781847e-04
6.800712476429879045e-04
5.827196891427287653e-04
3.773437158764623663e-04
4.340907221595307285e-04
2.551540954580731446e-04
9.788049690733029694e-05
9.860677715923476017e-06
9.217084189926554906e-04
2.616387738556961214e-04
1.365368124626364021e-04
6.830758156972852177e-04
3.223927748475494712e-04
3.074650999209796237e-04
3.624376638807915536e-04
1.666521185952637258e-04
6.488598620850417019e-04
7.786931659731349820e-04
2.514680686054153198e-04
2.371800780770738615e-04
2.214404800055059044e-04
5.441144289371342398e-04
1.807020444017029147e-04
1.216903901342835954e-03
6.185088065820214774e-04
2.047525959533012146e-04
3.355657926365104263e-04
6.356720105410815929e-05
5.524705717899717084e-04
4.842091434488404104e-04
4.712327671853030553e-04
3.822824550795094595e-04
2.939950475792219410e-04
3.035544196258253401e-04
4.754557589959930702e-04
4.167040300307932278e-04
4.887307156007713932e-04
1.023799145920174531e-03
5.945093765341353696e-04
2.764148059234359073e-06
6.771600598536660787e-05
1.173269640866450190e-03
6.435363240313566235e-05
2.840322989205599970e-04
5.548386512430041745e-04
3.290628975515009786e-04
1.011938281668092374e-04
7.078766471454105797e-04
8.679615498053725548e-04
3.644060905987155487e-04
1.898430472093004794e-05
1.180192754584135484e-04
2.821115987459897828e-04
4.700787655547626707e-04
4.709720075597387674e-05
1.317731008201483592e-04
9.267702796362918159e-05
7.328498040910230303e-05
1.679357386984198946e-04
5.075276008653523954e-04
2.511279854524942610e-04
1.005644694624085013e-03
1.026011498123628011e-05
4.534600554915058524e-04
7.495409377130219600e-04
6.123090100858393311e-06
2.470587588613009245e-04
9.481234350996974166e-04
3.400910445067730436e-04
4.119442191850939826e-04
4.930299662518559375e-05
1.718224128848138180e-04
1.862000276852173179e-04
5.406814540134430476e-04
2.879087928012966395e-04
1.423504394517878296e-04
2.917694066314360335e-04
6.671304504508234964e-04
5.057133238240324501e-04
5.256839919027681343e-04
1.282610145849210747e-03
1.158960286688415008e-04
2.018077294525472219e-04
8.109365958750518319e-04
1.313766031990166844e-06
5.319650859464924563e-04
1.322504169085915145e-04
4.023616318061466312e-04
5.288081037722811966e-05
2.906669409487870116e-04
7.677543877403689414e-04
1.129664939025554936e-04
6.438989750131541515e-04
3.843275830524666131e-04
1.569004533671337302e-03
4.997770016832320814e-04
7.094511503957351937e-04
2.897989877349910941e-04
8.837851792393645574e-04
6.023092045559409616e-04
4.229609876265054825e-04
6.549971384680502214e-04
5.038810205806308097e-04
4.873408665693143051e-04
1.105003560219428997e-04
2.027572949748324528e-04
2.135388710698387984e-05
1.526815000469809789e-04
5.607963847158763592e-04
8.094915375619802459e-04
4.254144420361482344e-04
4.970101758795462650e-04
4.163860744522372703e-04
2.845899858220769883e-04
1.101885366710371635e-03
1.122759637808608149e-04
3.393030489932824675e-05
4.321311759645175203e-04
2.262799189268429776e-04
5.526686956329097565e-04
9.478066201734718609e-04
5.629857853272480063e-05
8.725883130905991159e-04
7.313802194034269390e-05
1.531956518881524127e-04
3.603396666989744498e-04
3.646640532850847495e-05
2.463990617655862541e-04
3.803539400370907530e-04
7.256426999077820973e-04
5.837261174854948718e-04
5.108483561564973593e-04
4.993357730863937863e-04
5.806653016554044972e-04
1.675886183789763702e-04
2.276699201992972725e-04
4.903887114458138500e-04
2.754517481872834658e-04
1.345151443619581875e-04
4.186379179754857430e-04
3.402780553776520731e-04
5.617824561333388728e-05
7.523503281105206782e-04
5.909778702231024711e-04
7.253138225415115730e-05
3.858190015351598305e-04
2.967869018611360107e-04
2.534150610389394181e-04
1.743218700972776723e-03
3.710142501885366857e-04
1.326702802780387654e-03
1.503735798718653467e-04
2.132258492449688619e-05
1.686451446730520575e-04
6.455509930848451225e-05
1.587922871644371610e-04
2.473205379142468202e-04
2.542364209393707859e-04
3.114905438514280721e-04
2.892347403435451794e-04
8.255137272269040170e-05
4.163407109279876643e-04
1.504932767692368528e-05
3.674967484789709474e-04
6.752478635794255477e-04
5.174882081731948174e-06
3.702464354429928803e-04
8.168448814333053058e-04
4.936178466051854927e-04
3.264193590964963330e-05
2.491091287881972457e-04
6.619661048517371535e-04
7.907329187525220500e-05
2.302256399441241126e-04
4.694727194783106087e-04
1.029210658359935030e-04
1.094455771692104569e-03
2.925920009822434139e-04
1.124939651405912756e-04
9.856378495340611902e-05
1.020966836239906635e-03
9.495175983645818239e-04
7.121761963224941972e-04
3.611827331566538077e-04
6.659428593114922849e-04
6.511958943752096636e-04
4.571977351532466077e-04
2.348297625376751581e-04
4.597069238137778012e-04
3.591093689151389230e-04
9.211811867313342544e-04
5.402524348304054780e-04
4.538614740864232327e-04
8.065062805857976173e-05
1.225168523081800642e-04
2.570593959110597073e-04
2.907995145368782791e-04
9.849024121529611372e-06
5.512983862225977194e-04
9.260543263971854778e-04
3.212270940783674847e-04
1.681816394442706944e-04
1.161634313176427430e-03
5.832955173823624486e-05
4.798654360669507243e-04
3.571288206340676442e-05
3.642168443940989645e-04
4.243174411638892977e-05
4.093241468514450935e-04
3.958532433495467778e-04
9.691456350098612141e-05
4.818390890330286904e-04
4.579773432939593229e-04
4.597281131744501313e-04
4.202666470701659266e-04
2.874024559697491783e-04
8.054782777072055271e-04
5.617758016955025531e-04
4.041929121598223339e-04
2.703788985360849385e-04
3.114281415312624996e-04
7.179009275945939577e-04
1.595586712639231216e-05
3.861113665526926756e-04
6.481140288323426096e-05
4.649513100214280317e-04
4.302950029019840181e-04
1.356606759991075336e-04
6.417889731658687601e-04
2.173668110865787382e-04
7.558177244731231932e-04
1.437121016321760050e-04
2.368396715060568417e-04
4.276795990881301066e-04
2.393298680699703284e-04
3.737882601408074480e-04
5.900934570150437997e-05
3.009802661639769347e-04
1.231619770194796652e-04
2.940288044077597469e-04
1.785598060537249424e-04
1.657503717290317966e-04
2.916434456172154496e-04
1.263010599951196858e-06
2.663220686745384298e-04
8.020863450104954648e-04
6.293738697395676896e-07
8.611622567454308569e-04
3.373354263970636214e-04
2.351836653266637181e-04
1.549448263068403144e-03
6.313938753565074983e-04
2.486787325644250891e-04
2.119998132407734299e-04
3.763826624193274822e-04
6.392195124217452064e-05
1.346850533115717663e-04
2.860883678065956890e-05
1.519392305361510381e-04
1.824851455861034198e-04
2.773749522749789686e-04
1.171571341605520558e-04
1.131289048285835132e-03
6.731841237480829182e-04
7.698872798121063430e-04
4.277464476421084739e-05
1.919258607723794432e-04
2.331138613530659288e-04
4.671749627173896907e-04
2.951678280959683584e-04
8.683275516049407698e-04
8.948604122554785077e-06
2.492612841121744006e-06
8.837740389103486156e-04
6.621931729870732817e-04
6.580471993123559364e-04
6.226036980947106210e-04
1.677555679091627123e-04
3.289475288334487183e-04
7.702669217457667637e-04
8.405425682245814861e-05
1.286551753804466907e-04
5.222855689393917375e-04
4.107251380381856136e-04
1.462658318163066132e-04
2.351397168326154147e-04
4.105608529902732355e-05
1.005898519872672848e-04
1.916491446440088278e-04
3.417871866991806641e-04
4.933881407703028443e-04
1.207605346718402926e-04
6.904137312775688135e-07
1.314696882910104745e-04
2.994973968154221481e-09
3.427787680692955598e-05
3.554573304963056651e-04
1.813780579963594753e-04
4.423864587904331237e-04
9.878026804836734242e-05
5.131352404932186138e-04
6.548909129754625774e-04
7.450511685511254688e-06
3.977501219048008613e-04
2.705249363964875448e-04
1.166152658350258584e-03
3.240462017018896543e-04
3.494538054690321874e-04
1.122776698148866706e-04
1.857967319212382249e-04
1.060252399349575922e-04
4.731254404465666638e-04
2.195014637572408186e-04
5.795179251752149638e-04
4.453703987371030685e-04
1.210159285026621187e-04
3.936832111142270977e-04
4.416448755024080268e-04
3.819499150951531077e-04
9.713660593298497318e-06
2.744605364436734159e-04
1.385729889925546002e-04
2.026544505546497971e-04
2.765242535638639133e-04
3.190676017795881017e-04
2.893477331015382082e-04
3.992216394608256861e-05
1.796742606808942981e-04
4.628060290201698395e-06
6.861518790256260214e-04
1.359196217820395362e-04
2.397367514641854265e-06
1.422755459483323616e-04
5.094597023731246973e-04
3.527107314450172418e-04
5.343386193081594215e-04
1.919882058157440920e-04
1.800578048471920761e-06
6.770601781912614415e-05
8.761731664457988162e-06
1.686666877592327444e-04
1.207802813242561869e-04
2.217069580658683739e-04
3.875047627395828060e-04
4.297918509812082759e-06
5.745458861503133750e-04
4.127206229904244449e-05
1.880232242951195042e-04
1.889339786480374341e-04
1.023274786305545132e-04
5.724069331605956918e-04
7.227079367972173317e-04
6.181198139925440379e-07
3.135467383445861506e-04
2.035271898839679833e-04
5.882367415134545988e-04
3.293734436451857387e-04
8.816220947564280559e-05
2.593719986043398380e-04
2.154712895392741322e-05
5.294749632709140359e-04
3.430974831430025460e-04
1.367347550813982329e-08
1.066650673937456230e-04
4.774521724877571591e-05
3.014032662011918414e-04
3.583398739644917588e-04
3.074186551813721174e-05
2.334511788898993112e-04
1.923144141848430683e-04
1.861314913809569444e-04
7.486947245729595182e-04
2.329787859926575199e-04
8.473214698215443541e-05
2.548390747871458542e-04
2.876623389235198353e-04
1.629584557374068722e-04
9.571757621347909016e-05
6.276519899327727464e-07
1.865765944935209638e-04
2.018821630610825564e-04
4.559663668599349320e-05
1.989713037022091691e-08
3.770753975190010510e-04
8.125989323937356939e-05
2.832784792803137676e-04
2.387160428980220582e-04
3.527068589812886530e-04
1.122117649757584925e-04
4.788586126981336311e-04
7.743393832807632209e-04
2.736902052661304720e-04
4.601611449006035070e-04
4.077660870562379225e-04
6.129232414379524721e-06
3.934037441624509677e-04
1.852928235996988983e-05
2.752450771174136087e-04
4.541806433562189309e-04
3.899609550944209912e-04
1.507909332005569073e-04
1.796905233007227778e-04
5.021238557844601592e-05
9.323045448274996407e-05
3.062134307708426505e-06
4.193445403741207097e-04
1.230160433238453250e-03
8.708850921739610441e-06
7.687593089003302447e-05
1.196959548712892007e-04
1.562181523527627171e-04
4.099574047568038166e-06
1.956151315013216082e-04
7.172411684268996238e-05
1.999929409460542533e-05
6.056300614639322649e-04
3.794336764098711319e-04
2.428884414287289339e-04
2.660375004302169874e-05
8.134113215936246638e-05
4.898558092259132531e-04
1.181527734931787986e-04
7.486287741967965649e-06
2.585650627973547070e-04
4.962116125733947021e-05
2.511096361837698463e-04
1.198320459598530572e-04
8.172490972792731325e-06
1.433170011366764296e-04
6.658495690752659017e-05
4.582503265896577141e-05
1.274505252223676571e-05
1.435674958144206239e-04
3.573372895980247575e-04
2.597408279466078152e-04
2.440171491654166908e-04
2.949186720693394411e-04
2.337972617744116612e-04
9.153890406239244314e-06
4.646266203269476796e-05
7.081880329720453447e-04
2.076734202514209993e-04
8.169275038776208954e-05
7.437795749319478294e-04
1.981091945598357953e-04
3.156410869329636326e-06
2.331900769265412361e-04
2.777384804086792847e-04
3.475702258729573900e-04
1.754506088779701740e-05
3.594256693584456597e-05
1.612073303375195082e-04
3.026965669344605897e-05
1.858570716938303356e-04
1.005616762772731698e-04
2.062839302839011043e-04
2.682688263062036910e-05
1.884896099772253366e-05
1.628874739420204092e-04
5.057148886601650980e-05
4.613729246728506012e-07
5.040840276149382381e-07
3.161041199551230317e-04
2.062134912876734517e-04
1.531755757375497808e-04
7.084704373879530841e-05
4.975199306999490527e-04
4.247611187297739587e-04
1.446486267032412107e-04
6.355336443145833780e-05
1.842929711363064007e-06
1.797566579507004782e-04
3.278874911861629372e-04
1.058722117350300950e-04
3.022976777631967852e-04
6.828682594488381951e-05
3.994485776044752641e-04
3.428607595170361853e-04
7.322351176009700034e-04
1.320113695280365003e-04
7.088855236202346901e-07
3.108526961142426084e-04
1.382479504044439259e-03
2.548412608276663516e-05
4.485402048470393268e-04
6.337213967007131448e-05
1.721489561139213855e-05
3.090424211805464398e-05
7.134584481601371055e-05
1.761028999737902637e-04
2.487110425935629856e-05
1.659422098066539071e-05
1.316250720095455578e-04
6.345510587056704416e-04
2.634951555283304324e-04
4.234633556253075573e-05
1.088210990206017975e-04
9.809484885394854372e-05
2.032181162961006705e-04
7.541951037708448206e-04
3.485053641534083127e-04
3.423473851675380486e-05
2.126490793272935707e-04
1.992223485226076493e-04
6.968213714780533438e-05
5.217807786447388636e-04
1.506296768550660788e-05
2.937178888315677834e-06
1.159221702421746791e-04
1.701962322917229746e-04
3.227806485549117570e-04
4.431458790271817052e-04
3.874443864836930976e-05
3.153498025631557770e-04
6.229011138453729665e-05
2.000794558052995165e-04
1.011904562727151654e-04
1.726295141660343373e-04
5.268531172274765109e-04
3.100447997807160888e-04
1.362903057659839141e-04
8.263321212440095042e-05
6.095670018434306680e-04
1.108422187971609856e-05
4.135452521972603885e-04
5.801789010184093924e-04
1.538465058871793328e-04
