2.079266557016062802e-03
2.316736219072378523e-03
3.044817030128000365e-03
3.328469334819938400e-03
2.784549055084439059e-03
2.228886914275148012e-03
1.910827997433288015e-03
3.995646882968307244e-03
2.822303007960956945e-03
5.097597864325860602e-03
4.404497152915926722e-03
5.760055427544045342e-03
3.925434216344348901e-03
4.871141923948840019e-03
4.316927890994336388e-03
6.047119369008903400e-03
6.501482293044400645e-03
5.552831580107051197e-03
4.414194643473684683e-03
6.604085019721496995e-03
3.878095503105389620e-03
5.273185863703352440e-03
5.224339141867607658e-03
5.042210646384618668e-03
6.809397949934530361e-03
7.392215175929034952e-03
7.038441070593290209e-03
6.787470657038093512e-03
8.033886051998062605e-03
4.010438021171662364e-03
5.733313688370106874e-03
3.936867432652344651e-03
5.681853148371495375e-03
7.561070892176860632e-03
6.652121833209054258e-03
8.487923352037256633e-03
5.778936976987221301e-03
4.435393027903912835e-03
4.446911946011943700e-03
7.780942326110711245e-03
3.880421669882706381e-03
6.565622599729773780e-03
4.887130867896825534e-03
7.051504591920951595e-03
5.491208562678530532e-03
7.162313651035629933e-03
7.292746014693153936e-03
6.143434728848907143e-03
7.286968808738708385e-03
6.521802357895436532e-03
4.815391582795102571e-03
4.995909157043286995e-03
5.218686145232052237e-03
5.178663714282394533e-03
8.471775177715908794e-03
5.362255603491045998e-03
6.362936698475010928e-03
4.924039448265077681e-03
6.682574875567443354e-03
7.168521962655067387e-03
6.729721899020590752e-03
6.805521014515827048e-03
6.195067153195720280e-03
5.167082677845775095e-03
5.686217863817199548e-03
9.292220087195842901e-03
7.595507040007704221e-03
6.217403329619809564e-03
4.736559931163003036e-03
6.567532212979088416e-03
6.427330950977540834e-03
6.963846068443170501e-03
7.708083401290471461e-03
5.843694251736130177e-03
5.359484702890764118e-03
3.292239627971153132e-03
4.892911775686141843e-03
5.537314358427402120e-03
6.602873897302016966e-03
3.924139983017957932e-03
6.829226282002423890e-03
7.894677221807793605e-03
7.322998760550139194e-03
3.401188173875713608e-03
7.399752653484879816e-03
4.705309778450119870e-03
6.616881596883055806e-03
7.876994988857643348e-03
5.697234280160807553e-03
4.575249765975886000e-03
6.058579339752906065e-03
9.120976311634292413e-03
5.797981176404856662e-03
3.165917007317283361e-03
4.668138031241806513e-03
7.632590387032074652e-03
7.126160863950260597e-03
3.621884010692250598e-03
5.071258804070072172e-03
5.480102244037590199e-03
5.021038817375197277e-03
6.337696800465864033e-03
4.726961294428048792e-03
6.169586225104484872e-03
6.501315839291970690e-03
4.708759916219767451e-03
6.111798865273650357e-03
5.398425774865388098e-03
6.222098683273282263e-03
9.283775058124579121e-03
5.526925888831035055e-03
5.751155293114152724e-03
5.513400736679108238e-03
8.639924522441725513e-03
6.405498823408369187e-03
6.484022039889182978e-03
5.348166918267420987e-03
7.277939321826156632e-03
5.362570677700535110e-03
6.491943911030540956e-03
6.322526789256669756e-03
7.291193646573500969e-03
7.527936214671360378e-03
6.746253775136704621e-03
4.862234316171151760e-03
5.390384489199835823e-03
7.722521941764202633e-03
7.906234824495133456e-03
4.846097808930526461e-03
3.902722911185151598e-03
7.009906587295563520e-03
6.311454213306618224e-03
5.747301232954428116e-03
4.935912846037436054e-03
8.679589588228972183e-03
7.197293012532012327e-03
5.584980242823599575e-03
6.739969405139022325e-03
6.710922063062911905e-03
7.052224330197443339e-03
4.594608985733953689e-03
5.463974024981601771e-03
6.821022324950953668e-03
6.733125304124959985e-03
6.457064960636866267e-03
4.590508807528458253e-03
6.470524598931153872e-03
7.225317164543022634e-03
3.709281168711550843e-03
5.677379158750682497e-03
4.753417294713805676e-03
4.606172138678540397e-03
4.836976889248793300e-03
7.773335489384947637e-03
3.573189800190587021e-03
6.655982695050026605e-03
4.318731875788523432e-03
7.458114418550017624e-03
6.387084474603705632e-03
6.793656196317832130e-03
4.122706959459382890e-03
5.127187577138552291e-03
4.754996866089035608e-03
5.732096510847941098e-03
7.640155723640708156e-03
4.298576470945234332e-03
6.813354281725552374e-03
7.041908497225983846e-03
4.494167325326837818e-03
5.290998471899873226e-03
5.597065659125807779e-03
8.394308477464704557e-03
5.093671377823708220e-03
6.750077867980697026e-03
6.793940761947653457e-03
6.375998217463041406e-03
8.914514888406759735e-03
4.475404964589172092e-03
5.827744114737117530e-03
9.940249181035110473e-03
4.604595666254580541e-03
6.782206368380803985e-03
5.267070616634340376e-03
7.481658320054282961e-03
6.313187129623909315e-03
5.494923547301926517e-03
5.854485978955077143e-03
6.671704025129512709e-03
6.670661487562502996e-03
4.724617995587897246e-03
4.816899889824093235e-03
4.364022461723563416e-03
6.994063041068111601e-03
6.888566053127637319e-03
6.471646466480309411e-03
5.329891574212061375e-03
5.025408168552717228e-03
5.936052221135549797e-03
5.702685813736520747e-03
5.123974320274019868e-03
4.841694633092661314e-03
5.220023917021352801e-03
7.276782593216473208e-03
5.793644444304709047e-03
6.897977084097604329e-03
6.020094358090245963e-03
3.381744605810866645e-03
7.402199179595891909e-03
6.364567209396281358e-03
3.614813280930924497e-03
5.787103835114690981e-03
7.918743861935523612e-03
5.264278063539486012e-03
4.265749646444388574e-03
7.106615094593603070e-03
6.311143485788444155e-03
5.270149678208844134e-03
6.013594734173364174e-03
5.986452104641326599e-03
5.212849546666795467e-03
5.351918960267766992e-03
3.813736119806726468e-03
6.532723576245015942e-03
5.463987866461564834e-03
5.628295545748751919e-03
4.493159059936160243e-03
6.367114652326507154e-03
6.289373631713395148e-03
5.285877672045024254e-03
4.999963800298596987e-03
6.233550000327454238e-03
4.900574069218507217e-03
4.543704432655898927e-03
6.810321754621227741e-03
7.201047454069255636e-03
6.559682161529534379e-03
5.465691310497794962e-03
5.297559951652904345e-03
7.746605628643156785e-03
3.474402222117939192e-03
7.857911954126264517e-03
7.492413636116468378e-03
4.398010911073284464e-03
4.096867085294789157e-03
5.146662902880460265e-03
5.955688019069058613e-03
7.773827955173643819e-03
6.370021337968754561e-03
6.279059314168882779e-03
5.845552461435483092e-03
8.757680155309005565e-03
6.414406957258461835e-03
5.125276058112881485e-03
4.704406063945896707e-03
6.689236752011547098e-03
5.518494250534891100e-03
4.978818545243729812e-03
5.392496576763767917e-03
5.837840745863086094e-03
3.870438561121792177e-03
7.012794142749821658e-03
4.014569627901060957e-03
6.096025804394253171e-03
4.278650756354493087e-03
8.868623211779795915e-03
4.609453520489093133e-03
6.441787319854653214e-03
5.055653553790466839e-03
3.900501304379298904e-03
6.536777958211578352e-03
6.644347318327454774e-03
6.010321430327886065e-03
7.315313942402992820e-03
4.231467772536394271e-03
7.267429741093127567e-03
5.176144678060787784e-03
5.672752775240022874e-03
5.208136983764484300e-03
6.886315190546720387e-03
7.696435471482247943e-03
4.588063957586952304e-03
5.970527238486665958e-03
6.625346294845966925e-03
8.750817462251161971e-03
7.946014109585720214e-03
7.371172534574194427e-03
5.946446624646158780e-03
5.912548870682687516e-03
5.219829811269228494e-03
5.375383277895917286e-03
5.158743210176934373e-03
6.374238814354147437e-03
7.341005131790243055e-03
5.288834645805946116e-03
4.923595563272058565e-03
5.014339552666223152e-03
3.352148383959343593e-03
7.239601785016289842e-03
5.632821224926735752e-03
4.604047685506130159e-03
4.277609605402752160e-03
6.018578229392191128e-03
5.960331285480660948e-03
6.991534301851402150e-03
6.217203468871093999e-03
3.942262114494434096e-03
5.771787454376609700e-03
5.332002938228577911e-03
5.328216070655647334e-03
7.209598896177256758e-03
4.758064590490079793e-03
5.215274017384392315e-03
4.989503882347329049e-03
6.737569131881795959e-03
6.281865221284023415e-03
4.167845118794592969e-03
8.670359711782307452e-03
8.096810577919257013e-03
7.396959437031740484e-03
4.952013574877800646e-03
5.297639599186178792e-03
6.535504299565615509e-03
5.054188768816483823e-03
5.633425861679162115e-03
6.003756908416824252e-03
8.832971895405683851e-03
4.167452569175944532e-03
7.305881443546473168e-03
4.384861032635307965e-03
5.956758496942909063e-03
7.965817505865823225e-03
6.401955726265284863e-03
6.783349295956299548e-03
5.802455864886215363e-03
6.779333373729809487e-03
6.236022954079050058e-03
4.871095741692543085e-03
3.897258667962190566e-03
5.213534020895286940e-03
7.034632262837328155e-03
7.049599843070162436e-03
6.081575659666144280e-03
5.626632888113414742e-03
6.217454084716149756e-03
5.306645279194857796e-03
5.122443630364763821e-03
7.264920112743289762e-03
5.662265890482457396e-03
3.003423743383008219e-03
7.352490493680592654e-03
5.474610290989154193e-03
5.469348135171417206e-03
5.321912451987408262e-03
8.136512300243935875e-03
6.525731384157150428e-03
6.314097067786178866e-03
5.616960498654758813e-03
4.846073318902716955e-03
5.914525326220007075e-03
6.307176660147885416e-03
6.117310198173257253e-03
7.044950936669466292e-03
4.865076868192748025e-03
5.537087341582788529e-03
5.811275314003291545e-03
6.382983117209588449e-03
7.104749266094798586e-03
5.570557339542766585e-03
6.360540679733376820e-03
8.633380368928595533e-03
8.901707177154957393e-03
8.703544161800195328e-03
6.922367225697673675e-03
6.330353708208669161e-03
4.189570972740944317e-03
5.960448126055367668e-03
3.354614369449231744e-03
5.757539979499390337e-03
4.479559388193711696e-03
5.109557695967017338e-03
4.995600064519825460e-03
6.178766257520702278e-03
4.024583928426607275e-03
3.703427432147552573e-03
5.708326607505138754e-03
7.563268219093459248e-03
5.411934266558941775e-03
6.100000279170809253e-03
5.754357992591203549e-03
3.902215714473078901e-03
6.033082375917515373e-03
6.968631286282622912e-03
7.540927375244916957e-03
6.408656742040279471e-03
4.585488473630444303e-03
8.975133883345958602e-03
5.209733258911449817e-03
7.476047165422597049e-03
3.501709008160494834e-03
6.818651250155811222e-03
6.352947145495574204e-03
6.565209256221261024e-03
4.508958111496311726e-03
7.219314893289576103e-03
7.710949413225604704e-03
4.019724350063660911e-03
6.832404427527937786e-03
3.626148005097229541e-03
6.310808553578820153e-03
8.469815489128959887e-03
6.429679574156535460e-03
5.242073776512964911e-03
6.251155161962031886e-03
5.649742408093924237e-03
8.047684296037301704e-03
8.010555271170789748e-03
5.194231645669587782e-03
6.134907383987826118e-03
7.304411827884410569e-03
5.776790447655073997e-03
5.457326168709792855e-03
7.231980115366372537e-03
8.141881004555442947e-03
4.496637136988200674e-03
4.269672087149512830e-03
8.519663551720547956e-03
6.669165691185913528e-03
6.391232893544589178e-03
5.740032111752021646e-03
6.726889955699728342e-03
6.832422359532938465e-03
6.075944235184467176e-03
5.975406092596060974e-03
5.592360642374667561e-03
5.835383875338536440e-03
5.402143267297454879e-03
6.086420886632904620e-03
7.017960229843960007e-03
5.229168189479020332e-03
7.308889626224660506e-03
5.469856470021717230e-03
4.828901649949120592e-03
6.047134916478362834e-03
5.057482833145092276e-03
5.909939954778312306e-03
3.934524314941985693e-03
4.584452029006078934e-03
8.260807234732096827e-03
5.570089396492467620e-03
5.135777048839752779e-03
7.699441473838851413e-03
8.659397600062275144e-03
6.963196290166505896e-03
8.012308871315819078e-03
5.018644532623270198e-03
6.428432679076142089e-03
7.787971531903302089e-03
6.869840027804596620e-03
6.769622416758467459e-03
7.875146922357224855e-03
4.883198566398262545e-03
5.701528112351081541e-03
5.371168996080354432e-03
6.577997405118440020e-03
6.955885157411236148e-03
6.422933339509146952e-03
7.660562497081133300e-03
5.681019946691564376e-03
6.272769242282589912e-03
6.553607422026026461e-03
6.214774683828397719e-03
4.964507123289333551e-03
6.777305547623846405e-03
6.573063429936383019e-03
4.298593109631747115e-03
8.758387513221456075e-03
7.882227501411159451e-03
5.053408338850091767e-03
4.947652676115886668e-03
5.340799949462197473e-03
7.225565264419463521e-03
7.021028655632392465e-03
4.125344117706785697e-03
4.984618762165354822e-03
6.031972573034935503e-03
6.057033246875134780e-03
6.515261762790803234e-03
8.947194797001628216e-03
6.405810560445445757e-03
4.614886877394541037e-03
5.942718472515203659e-03
5.809452194730968869e-03
5.465898416461778542e-03
6.410827260608593751e-03
4.674069650024210119e-03
6.644403493835882892e-03
6.417771862502311825e-03
7.592247324527789075e-03
9.275436654250174620e-03
5.786882463894811590e-03
6.103679093832365364e-03
6.841692850998199772e-03
6.227792397634123768e-03
7.129054867011358661e-03
5.270560574466055109e-03
4.722370929256263991e-03
4.978727094708483743e-03
9.369823240802431161e-03
5.061973465810111830e-03
7.725875018838295610e-03
9.109757949380768022e-03
8.170054251146478125e-03
6.126968214266234961e-03
6.491383162807014273e-03
6.822976444389940338e-03
7.500284255310968838e-03
6.837515649763857041e-03
4.620113016055442910e-03
7.223235189568396296e-03
5.588303200760427573e-03
7.980384941788187456e-03
4.669167496347709570e-03
7.514705702601725060e-03
7.418558083934850833e-03
7.184790208833151219e-03
6.273718358973697298e-03
5.831176181049605410e-03
4.893306884078355706e-03
6.332127834380823876e-03
6.280932206236720765e-03
5.006784491672843299e-03
6.707128298147619141e-03
5.489351240478817368e-03
5.634344562862404586e-03
9.029812212894481466e-03
4.575159054828224076e-03
7.864305662288007676e-03
8.557888121241483473e-03
4.991940661575743239e-03
5.668414477319608409e-03
6.503751272501883361e-03
5.880319516088632070e-03
7.172207527769814718e-03
4.971854598055918534e-03
6.972693433766681721e-03
5.541113089917648268e-03
6.759718921302253734e-03
6.003938508099061419e-03
5.652733550963072104e-03
5.929759152038233290e-03
6.627184058769512200e-03
7.574848830456028075e-03
7.290173831025531861e-03
6.579771772291098143e-03
7.401123169053353684e-03
6.327626106751683271e-03
7.000752073927853265e-03
7.160856069230350784e-03
7.715205663946866389e-03
4.709593562571209001e-03
6.930362294693822971e-03
6.493253416800314794e-03
6.414512421463756942e-03
6.044111213196179909e-03
4.697682721817877938e-03
4.690821484049520484e-03
7.454113540325362636e-03
8.274486094120471133e-03
6.464673231982001091e-03
7.694023809941428517e-03
7.509710666131829554e-03
8.389374706342980423e-03
6.805090547150215510e-03
5.757053939987615346e-03
6.472281744974058004e-03
5.927138312228545300e-03
7.970640628869374300e-03
5.383851309059915075e-03
6.629078246376449678e-03
3.591687120966888941e-03
3.559968439210674501e-03
5.919218923218542809e-03
4.588498924136376680e-03
7.406730657052908000e-03
6.574613394232879833e-03
8.342988083894565740e-03
7.043208096650983678e-03
8.512264718429876642e-03
6.144861726562526015e-03
5.120888780573945413e-03
8.525324370830759252e-03
4.511621561314646187e-03
6.299643515555426211e-03
6.760727185814104784e-03
5.470376039288135997e-03
7.763688091912965446e-03
6.829882347648212962e-03
7.749869886608081598e-03
7.083152538805479077e-03
6.057413297984257268e-03
7.008871196561809215e-03
7.489439913397693931e-03
6.017315109381491355e-03
7.174820014250938259e-03
8.496655081807922075e-03
5.118223399549664057e-03
9.076554938258802815e-03
5.344178582903980936e-03
5.273971577312326110e-03
4.640716583610272547e-03
4.173442553725185793e-03
6.762480409141905652e-03
6.042529628129956511e-03
9.195320395701129731e-03
8.303464410239392787e-03
7.538588455248448894e-03
4.518617959062328632e-03
6.737045059032258781e-03
6.773677346709220878e-03
8.504564550755504618e-03
5.579666709669763545e-03
6.846773291595919728e-03
7.555887990545674844e-03
6.364774034288454146e-03
6.248073783918200140e-03
5.680121905355805731e-03
8.535508879162741550e-03
4.980165076585120129e-03
7.842361666779880391e-03
5.715627024453405480e-03
5.665835309575185941e-03
6.084612369859128227e-03
7.120377987209065146e-03
8.008992703657090428e-03
5.644139867582934587e-03
9.012579810050309545e-03
7.658449861588123228e-03
7.821917603742989042e-03
7.617009182277409418e-03
7.924212404829067760e-03
6.326193765863559991e-03
6.452152444294053865e-03
5.214206385349954079e-03
5.582135604529243726e-03
6.236412408516204577e-03
6.799882774034004575e-03
8.065396084221892331e-03
8.089468309082567532e-03
4.563423463584396177e-03
6.438803317958490154e-03
6.020676190643404688e-03
7.450797047223966380e-03
1.019104722979092756e-02
6.736779457023099084e-03
5.742101992049102911e-03
6.729877479217622610e-03
8.948777016750480984e-03
6.875275323315539408e-03
7.162122930928299658e-03
6.405771732435464050e-03
5.402452304813700618e-03
8.049993118763119210e-03
7.036278723386146100e-03
7.055864165215760576e-03
7.128738975982009535e-03
6.884209953450704314e-03
6.867795520678331503e-03
7.405618439315414872e-03
5.447865276574312583e-03
7.351440876497353748e-03
5.819202231662582228e-03
9.550125043983727705e-03
5.238309910288481766e-03
9.864923119177105085e-03
3.979696640967657871e-03
5.890450119804695878e-03
7.124360940236506429e-03
4.150942449166357233e-03
6.534473697610401581e-03
9.203409443212554400e-03
5.543554449626606796e-03
7.520408091357115576e-03
5.874786793046597039e-03
6.307853386625192349e-03
5.433576799312811109e-03
6.550295718779023529e-03
5.513372995559682327e-03
8.008640124486054307e-03
7.306675879369592223e-03
6.526979832665900233e-03
8.547091852322892536e-03
6.290490255990942997e-03
6.429861531039100103e-03
8.255277783979879380e-03
6.936756478174168315e-03
8.268213740303922282e-03
7.381699849684620653e-03
6.448172379304386789e-03
6.486529863708298017e-03
8.160264190500896714e-03
8.000885764715793408e-03
5.839708759390218988e-03
3.941626151828414582e-03
7.758574544046666945e-03
5.171085223752528402e-03
8.462733247415676549e-03
6.747834442678679601e-03
4.784471165994598485e-03
9.617780428724168398e-03
8.249389896288508023e-03
6.655244987556360736e-03
8.069581771901691153e-03
5.441100069630058593e-03
7.439893887576386894e-03
6.766084046646494293e-03
6.863714130079442803e-03
6.315790018345484799e-03
8.501766562877597841e-03
4.978398673150206781e-03
5.996202183545425342e-03
6.041318180531008927e-03
6.721165479378571860e-03
8.052044004979847652e-03
6.283005670815223175e-03
8.438839818436100204e-03
6.138047997981216537e-03
6.534940219000864685e-03
7.656221131089348958e-03
6.634723400678628653e-03
7.885558128707951392e-03
7.095465270212767545e-03
6.450809936606447838e-03
6.513826153275964308e-03
7.703968073665827185e-03
7.279817461822023390e-03
1.200363207173888933e-02
6.160848402795555609e-03
4.673002932819875915e-03
8.210970861492182873e-03
6.599590439387695295e-03
5.442115829327806922e-03
7.256704912867078042e-03
6.234861349211355541e-03
5.966487455097708135e-03
8.606578049305462635e-03
8.235916627262416731e-03
6.588638401098001994e-03
6.085566423486966567e-03
6.772223724728929604e-03
5.859105185282512292e-03
6.783437203496753103e-03
8.208554370457034691e-03
7.340410626402220362e-03
9.176007331924746283e-03
7.470550684511391426e-03
5.509061305316770123e-03
6.737174083674722820e-03
5.348897715494368640e-03
8.022388861993676179e-03
6.931305417474740126e-03
4.795347721850106749e-03
7.507348679218955878e-03
9.319743140968362108e-03
8.655814098128121470e-03
4.758818987757066840e-03
7.444845346376342821e-03
4.934996490212255858e-03
6.049056245907348008e-03
5.270237891723848073e-03
5.913344031625066347e-03
6.252871080489984593e-03
6.151758949640827139e-03
5.326531325654659289e-03
8.215023419368621543e-03
7.433238875931755946e-03
9.121805378491233338e-03
9.034803162402635715e-03
6.372520038652408972e-03
4.383663631349172911e-03
8.329500301051810315e-03
6.611522538869217362e-03
7.716951051140414491e-03
6.189736824517799024e-03
6.014080948353689622e-03
6.347323997324439381e-03
6.382664788257390483e-03
6.964011313160614614e-03
6.845313667776610489e-03
5.618644382843849400e-03
7.493071511820682644e-03
8.566417546655949455e-03
1.016593364709579388e-02
7.288683962916362759e-03
6.458852386903633433e-03
6.103694927624325230e-03
6.240951960559519736e-03
8.751546496032054645e-03
6.504599929859086228e-03
5.266554474558533643e-03
7.971297107207897525e-03
7.907537491279788625e-03
