1.043065434039039570e-02
1.027280713212376864e-02
1.014415623785241971e-02
9.906388053853250331e-03
9.846211265456704040e-03
9.438768073144400417e-03
9.158788920191254096e-03
9.059162164506232365e-03
9.116978379621103190e-03
8.859190209121362014e-03
8.489094024739464797e-03
8.432637126034633890e-03
8.317443605620887526e-03
8.106690932960141163e-03
7.857918835554037612e-03
7.869026116093674056e-03
7.332789299186970484e-03
7.300713918804922244e-03
7.236913712843606392e-03
7.115598594888188945e-03
6.761976056071695301e-03
6.819836131487564020e-03
6.540508675143157091e-03
6.373347701873772336e-03
6.257166489129495357e-03
6.023360844398513089e-03
5.657383182745801334e-03
5.835340171961307665e-03
5.643555793631971525e-03
5.292855222753539528e-03
5.243370307868361682e-03
5.563249494413995133e-03
5.473250024077804671e-03
5.073056584555227407e-03
4.961753205621777588e-03
5.040505843881911210e-03
4.849072563271640546e-03
4.662435089949760678e-03
4.908440255110013868e-03
4.711533285546618856e-03
4.278630939793121209e-03
4.558295247598608685e-03
4.454755561779124434e-03
4.774304633037703034e-03
4.611662617935559372e-03
4.661622879740598760e-03
4.265024809076649499e-03
4.430157797043525469e-03
4.139691497155308271e-03
4.773147170642587887e-03
4.335892780618973152e-03
3.995166109052379622e-03
4.248871742561746885e-03
4.490525206076865193e-03
4.246797187802979837e-03
4.241428736789679826e-03
3.998655795038149295e-03
4.074054502200467540e-03
4.309660359263262248e-03
4.137359715478326934e-03
4.206417740500486072e-03
4.395527240517109469e-03
4.094018072984796641e-03
4.143002909784392583e-03
4.247147122803568257e-03
4.027483302914740271e-03
4.459700915638003388e-03
4.095338855222500907e-03
4.115990915623957656e-03
4.139307727709997352e-03
3.989968533399499903e-03
4.144717641651068235e-03
4.085970296493048395e-03
4.108726114518561345e-03
3.882155861409098546e-03
4.194067279821175886e-03
3.783891885704809572e-03
3.880290031784919963e-03
4.138098447576519026e-03
3.627757021016483376e-03
3.613720167100009130e-03
4.288236772089068852e-03
3.949775411885083319e-03
3.915678431691297853e-03
3.951417273652113593e-03
3.866234357718584431e-03
3.972084488458148786e-03
3.965513931145493547e-03
4.025786091629791376e-03
4.046838994364569501e-03
3.889018436005862653e-03
4.278516730874734435e-03
3.904216201896170638e-03
3.866830496369731696e-03
4.085169521830189776e-03
4.256206970467244118e-03
3.928089221402910822e-03
3.982103301834405418e-03
3.684573109803579438e-03
3.844771349253886094e-03
4.007165528982173201e-03
4.115548992531990746e-03
4.080978451235375316e-03
4.049505974551545484e-03
4.015998830502405352e-03
3.432021918572518773e-03
4.051742621982492090e-03
3.686373419437878694e-03
3.906804922689777713e-03
3.685469627254738412e-03
4.078095448076260454e-03
3.868241322335336935e-03
3.921017841908826240e-03
4.080342543759028946e-03
3.874065047537245295e-03
3.907205502864743302e-03
4.273905135523446350e-03
4.164458505584289934e-03
4.323897443456334311e-03
4.152032521362614484e-03
3.831991581835627290e-03
3.731699389663026452e-03
3.717786919064745583e-03
3.971171618786130744e-03
3.827699859780234800e-03
4.014079737880295318e-03
3.803720789287368120e-03
4.167632459644111942e-03
4.294252443089309305e-03
3.985387415898659219e-03
4.298435251988660596e-03
4.296295431317735322e-03
3.905956438104474064e-03
3.986752433074924537e-03
4.094353475845101398e-03
3.823732232237364147e-03
4.037739555641362173e-03
3.985370526953666698e-03
4.026630385379881445e-03
3.857476531557924720e-03
3.939304218858774229e-03
3.912803437905501211e-03
4.073169530794746446e-03
3.841273338721139761e-03
3.922703389130119227e-03
3.921928324761625451e-03
3.994359938392113424e-03
4.226124902695973899e-03
4.007223460495059481e-03
4.092628260522482991e-03
4.001868484784139486e-03
3.939583933096769096e-03
4.140310632520518078e-03
4.093090407309662310e-03
3.964663723329050517e-03
3.753300016264479559e-03
4.012986048270386456e-03
3.901830983316234222e-03
3.852174763739043238e-03
3.829926053432825429e-03
4.059057962007343173e-03
4.183421382106399140e-03
3.758626483806952120e-03
4.332657351848878333e-03
3.815009444647936808e-03
4.317559103702905965e-03
3.822872684298245401e-03
4.155695720187778386e-03
4.107151123168468337e-03
4.089043245761256502e-03
3.863005840894347294e-03
4.163031896140582944e-03
4.121380959805624744e-03
3.882289247145904575e-03
3.958676937336185614e-03
3.819842217847594073e-03
4.137401005196924240e-03
4.108449480574423267e-03
4.137083734848235814e-03
3.859537638898046571e-03
3.999355485386185682e-03
3.912049186746730835e-03
4.197057414744899580e-03
4.099954824957323211e-03
3.960167665673711146e-03
4.117867499805029710e-03
3.763739983479489140e-03
4.155541815189843155e-03
3.802086739966470570e-03
3.935100088344129290e-03
3.703987350015511531e-03
3.826808224491511003e-03
3.916773637600857658e-03
3.960609306463748827e-03
3.895337961856083515e-03
3.807259991794883537e-03
3.773483498300866500e-03
3.856275572539572330e-03
3.651281581978870622e-03
4.055297435401206650e-03
4.133563313464768720e-03
3.747584627349940210e-03
3.576095951692326563e-03
4.278550444609441165e-03
3.772940147399581924e-03
4.026658281760963319e-03
4.292981918711377340e-03
4.140345776500168988e-03
3.796709907755857136e-03
3.749657337940616453e-03
4.227155406977073371e-03
4.066216227589921836e-03
3.694488569739286677e-03
3.787154439965473816e-03
4.142110144030980781e-03
4.115208664115225026e-03
3.869906600543233845e-03
4.104729077925977840e-03
3.517597561947052170e-03
4.053034533037854804e-03
4.057030328171772407e-03
3.730883972160338284e-03
3.973854279089876831e-03
4.050875905826580199e-03
3.931614799468413288e-03
3.817499163863361487e-03
4.092242047156456099e-03
4.023438367235751198e-03
4.164250830019672334e-03
3.955831157510390945e-03
3.901240969153980422e-03
3.749389511487525185e-03
3.877041390884126623e-03
4.095312581265282692e-03
3.908501502382953803e-03
4.137096669939274024e-03
3.819385293353563457e-03
4.064779880067627416e-03
3.920794322593231657e-03
3.682473331068675422e-03
3.827710278345994050e-03
4.096862252471711666e-03
4.041875450364025915e-03
3.700071087924802077e-03
4.013112350043047602e-03
3.918728316483487649e-03
3.683327498423349163e-03
3.982779787393754892e-03
3.780642742206037805e-03
3.660018316214676964e-03
4.176018573883097385e-03
3.961446767060294166e-03
3.847015295080946726e-03
4.040040522415865726e-03
3.809157435833062863e-03
4.195643482583898826e-03
3.924805943591360390e-03
4.200045080620681479e-03
4.268156966583283411e-03
3.854754867105259289e-03
3.962173598663389952e-03
3.848258345009123067e-03
4.102561322538346086e-03
4.223213091686001640e-03
4.024676101061787012e-03
3.806139132146627458e-03
3.962255089874253469e-03
4.103456058399052205e-03
3.865299071651070485e-03
3.896712681931216449e-03
4.035868940071529049e-03
4.162395599560418831e-03
4.285870413467192559e-03
4.172186519631248224e-03
3.765698145466021655e-03
3.676408932539815700e-03
3.941103071841700611e-03
4.062072258888721130e-03
3.931263571817540312e-03
4.079090829354476214e-03
3.727857405150690126e-03
3.898853352160956513e-03
4.086245574014480547e-03
4.163257151515099147e-03
4.055953807318314792e-03
3.857096218955702489e-03
3.553198010035700603e-03
3.484950423138112770e-03
4.137929201322944686e-03
3.773668556674538918e-03
3.994195160055992629e-03
4.159954381802696659e-03
3.682428584467220024e-03
4.070779712336229129e-03
3.872475699007865268e-03
3.628251026246617598e-03
3.671559791212714290e-03
4.084496526131108259e-03
4.009740685223485944e-03
4.157904418042272267e-03
4.274983921193242775e-03
3.871230852670434069e-03
3.890879597623928942e-03
4.097994080325611382e-03
3.825214253258575961e-03
4.146988795901824371e-03
4.266362907783332117e-03
3.873618578333032619e-03
4.148098109889229029e-03
3.817125755981807742e-03
3.782245797788086946e-03
3.835532098675741193e-03
4.010762005098915395e-03
3.910928538528823245e-03
3.994028432378192439e-03
4.030538112632564042e-03
3.809241876493540610e-03
3.881488120960278898e-03
3.658404201174240977e-03
4.009087912742835894e-03
4.056567010104844551e-03
4.229877554859004171e-03
4.046338911724068656e-03
3.927905082732048407e-03
3.971044436147249355e-03
3.853111895307642469e-03
3.896248752031542667e-03
3.811038721749197833e-03
4.232077309798755980e-03
4.146061219968324302e-03
3.627346093853026521e-03
4.027384424854510252e-03
4.227639890066436403e-03
3.991612926755388861e-03
3.829934217484706575e-03
4.046812911090988570e-03
3.843174586637353261e-03
3.787794051572803897e-03
3.996587086226267675e-03
4.333125597964013545e-03
3.857699644573912498e-03
4.080074486086450979e-03
4.005389833849015702e-03
3.764440893869674867e-03
3.729505326668456754e-03
4.349119555684213302e-03
3.790034177726654425e-03
4.182915566003356754e-03
4.148025870162966484e-03
3.908063672200849485e-03
4.090446701324929740e-03
4.027947162580796520e-03
3.786796071438394522e-03
3.970550250805428283e-03
3.897456723557279294e-03
3.778355510447292676e-03
3.866496240411065270e-03
3.648098440339342472e-03
3.879266417518861202e-03
3.990645236239768329e-03
3.580958012705566604e-03
4.296951990804271336e-03
4.046018996142791702e-03
3.747697075392757930e-03
4.021434177337844876e-03
3.788482351412046298e-03
4.012444197589047114e-03
3.719659528507291042e-03
3.714066916562664983e-03
3.743943179770230396e-03
4.079017544420895404e-03
3.961114980271826340e-03
4.119440625688661727e-03
4.282357150835116623e-03
3.955048528113572909e-03
4.110800253071645628e-03
3.952397774383668155e-03
4.015220814196879089e-03
4.174162682324984198e-03
3.619428452850864501e-03
3.901094041442359876e-03
3.783669242453872004e-03
3.961655865572096327e-03
4.264926270968744451e-03
3.976144191408728309e-03
4.188899804290324713e-03
3.901536195726026685e-03
3.838547848623207609e-03
3.839047682490417425e-03
3.759622855155757629e-03
4.083516628807298474e-03
3.905260027694325807e-03
3.753276211928278146e-03
3.620295849399924465e-03
3.988693331523510653e-03
3.397207851144164008e-03
3.793464838107745828e-03
3.685784523558843090e-03
3.843456862098660123e-03
3.995994371688573257e-03
3.687552014644678890e-03
3.807037365183348065e-03
4.030875443785257410e-03
3.716701666429876334e-03
3.862152073784513862e-03
4.084162048569005277e-03
3.867711515740950186e-03
3.512310967570528297e-03
3.804798312772007807e-03
3.908343986862462295e-03
3.981151237387203258e-03
3.699622020959803838e-03
3.775512905211191993e-03
3.853103006696883583e-03
3.858859880201390580e-03
4.011754159835342198e-03
3.768457717973058840e-03
3.991863733461906670e-03
3.770851992413280437e-03
3.682189703369176913e-03
3.892390792381248202e-03
3.821145521546760390e-03
4.055648275215270951e-03
3.984653012376692012e-03
3.580585507162981594e-03
3.742428034211243114e-03
3.571143111221112762e-03
3.675052575743196874e-03
3.586542480514980091e-03
3.512179715369332170e-03
3.787991642997427105e-03
3.674100075400466708e-03
3.806299733868345834e-03
3.820096643849795782e-03
3.715119871490201418e-03
3.479515623587317065e-03
3.718497018103474744e-03
3.893485914482033849e-03
3.842581452457941200e-03
3.914785246678252964e-03
3.893781473301366220e-03
3.747165353885413813e-03
3.678424805769990678e-03
3.818024635664425334e-03
3.743203395034241064e-03
3.592453028637769899e-03
3.481374698168604280e-03
3.601913057403937062e-03
3.640945222679041471e-03
3.748903864303691595e-03
3.616326200672461723e-03
3.823340579163501604e-03
3.678478256331918148e-03
3.490876388262725751e-03
3.878789552920111714e-03
3.580054438360202786e-03
3.779640199193691832e-03
3.736116929964891382e-03
3.854937184047407643e-03
3.698709286311321551e-03
3.695101463962563795e-03
3.516590364630017146e-03
3.383551834942863379e-03
3.396244561984456452e-03
3.611011550382733221e-03
3.711288842777465957e-03
3.771712684553524958e-03
3.605487870839143953e-03
3.634124966247446499e-03
3.643558490277376289e-03
3.755192279770092588e-03
3.348060422283944716e-03
3.632381856676282494e-03
3.661580610639824079e-03
3.474645359816478426e-03
3.617876359707377070e-03
3.823795130783023792e-03
3.957893669742643811e-03
3.657157299854158286e-03
3.521448372794973650e-03
3.735528969312706601e-03
3.869925777326940416e-03
3.682976325242909559e-03
3.951370117985884139e-03
3.921188639383664867e-03
3.386370149190347234e-03
3.731306055966407062e-03
3.499308823446019723e-03
3.617173815222038749e-03
3.804485879297735997e-03
3.775355627998364452e-03
3.767606854309370375e-03
3.648527570239956750e-03
3.618252786774787434e-03
3.455267352721936875e-03
3.426624538872514829e-03
3.631337327205185796e-03
3.808566035804007537e-03
3.497339406435838460e-03
3.782357229428138026e-03
3.718082659238546722e-03
3.854309174456260409e-03
3.681349531257512367e-03
3.583072517424909422e-03
3.666819741395271545e-03
3.624538472254788292e-03
3.506769350938202835e-03
3.726188161219685241e-03
3.753145221209275989e-03
3.581020518040014394e-03
3.646590938089248543e-03
3.858608033918796507e-03
3.834980613343765520e-03
3.512207037394714758e-03
3.640300365682296035e-03
3.399791832152076077e-03
3.626936538846490740e-03
3.426519783210128529e-03
3.895681813352532691e-03
3.578765669643299389e-03
3.393773442882668141e-03
4.097443055826428641e-03
3.608242441512015970e-03
3.466753140459260044e-03
4.135982187969444550e-03
3.431391902216245939e-03
3.601847615164245533e-03
3.509381747960715284e-03
3.477970295895857662e-03
4.071072457067276620e-03
3.550113849221036514e-03
3.869182224368879902e-03
3.462874067627622586e-03
3.440487827320625955e-03
3.329216843377037771e-03
3.694690211850236612e-03
3.438243842972112368e-03
3.609401950380441374e-03
3.391453995181129347e-03
3.770765639752406140e-03
3.500687109421455993e-03
3.908933936514905408e-03
3.373230002561592063e-03
3.417894101614360469e-03
3.661321428685628161e-03
3.681279697713402653e-03
3.599392756774593815e-03
3.577896474156420838e-03
4.004727870259444829e-03
3.473643084206467536e-03
4.002469281806023647e-03
3.455314442584799233e-03
3.405910923884369890e-03
3.645998530932371105e-03
3.634016537552518019e-03
3.740388887655690144e-03
3.640059100257106613e-03
3.637408816095134140e-03
3.656482581928576902e-03
3.768885961327013250e-03
3.314809354045562990e-03
3.510815562435879583e-03
3.356138872513837919e-03
3.388522306715157327e-03
3.300806309264824132e-03
3.494458659722481271e-03
3.543923317844002892e-03
3.512067593848512258e-03
3.583058595394451266e-03
3.524634471593607495e-03
3.683463583519077343e-03
2.985370093544919851e-03
3.588514376906209481e-03
3.222297909447608636e-03
3.439641164877004203e-03
3.773444899516878448e-03
3.434619151931548372e-03
3.330035024977506895e-03
3.522698121537441458e-03
3.381562687681407761e-03
3.461754864461866286e-03
3.740650902536006746e-03
3.455316742733833147e-03
3.080074438847156884e-03
3.474485098735912054e-03
3.597833337653985435e-03
3.221246898569316702e-03
3.323074056421666030e-03
3.607392703291725268e-03
3.527636856962339425e-03
3.653466690429217449e-03
3.102801681681812210e-03
3.535639976064414765e-03
3.405636828401784749e-03
3.472526183755063334e-03
3.476625352485487094e-03
3.554271147520843537e-03
3.511739008434517240e-03
3.326720256542830840e-03
3.285166849474298583e-03
3.332145191166206895e-03
3.474908735215360457e-03
3.220678098815015888e-03
3.587010216244998755e-03
3.757479166465121402e-03
3.285958071599781941e-03
3.202502695551215015e-03
3.508414503094612041e-03
3.247063159191477828e-03
3.488021455176454691e-03
3.363723552200830955e-03
3.467119999899122545e-03
3.454423921363030878e-03
3.330904137849290993e-03
3.501111816145096277e-03
3.443448898854161670e-03
3.497113505789383944e-03
3.255832806389993579e-03
3.608044151177066013e-03
3.417877458854823216e-03
3.253891489871720954e-03
3.071291812888528490e-03
3.346926302528205679e-03
3.443746437973807528e-03
3.388105591808025958e-03
3.157385682910746581e-03
3.369170173848227371e-03
3.118450969475339892e-03
3.232593133643416397e-03
3.850465427616617860e-03
3.399779641010554441e-03
2.927354821623408265e-03
3.334095875814491704e-03
3.640286487213539000e-03
3.473917147759574085e-03
3.271715195452580896e-03
3.215681868469923328e-03
3.099584366527012580e-03
3.385005934364831125e-03
3.414091544769325744e-03
3.821391435915677624e-03
3.388282785845619319e-03
3.373309308230129470e-03
3.550432229267738108e-03
3.468781161829586398e-03
3.791554614135754769e-03
3.692608741138058478e-03
3.267735963579198981e-03
3.327818168007722066e-03
3.175897874949389424e-03
3.318633961131776684e-03
3.298516513874986435e-03
3.412271642192083072e-03
3.514799167954926751e-03
3.437634949869399457e-03
3.179957949252763382e-03
3.220967805106748991e-03
3.608082148102848864e-03
3.214459873733507660e-03
2.913202666393223741e-03
3.123786902232903763e-03
3.463699325391967482e-03
2.973333706010180752e-03
3.297163514582906324e-03
3.121481111099478310e-03
3.165808557135990544e-03
3.273827875251105954e-03
3.355525898657606924e-03
2.998142771318054213e-03
3.554091995946083091e-03
2.902196253302270334e-03
3.253371374442574730e-03
3.235318084312638950e-03
3.241255314701462116e-03
3.220973014159942121e-03
3.142572865040733215e-03
3.312298454281357302e-03
3.405093115660203298e-03
3.305711084274738903e-03
3.268368446740159416e-03
3.669307533554764730e-03
3.387975969772818140e-03
3.256771000517865583e-03
2.884671693142819293e-03
3.019547200679247121e-03
3.154334365837912005e-03
3.398799813047853960e-03
3.475442312807991777e-03
3.322775703150140578e-03
3.272364079883745714e-03
3.364324481074089986e-03
3.377861975965150074e-03
3.497620756814763966e-03
3.252203335023321970e-03
3.260571024460698526e-03
3.181516399410788849e-03
3.186753419049304006e-03
3.336122351388601769e-03
3.060013160461477755e-03
3.299552261544781359e-03
3.233076458177121335e-03
2.918732073897097046e-03
2.946205894622254233e-03
3.366021603148431230e-03
3.456515479922776281e-03
3.345756775995161435e-03
3.484022278864574908e-03
3.206800724136035091e-03
3.210510346051503611e-03
3.135714305676409915e-03
3.511379576184897773e-03
3.053954751774818396e-03
2.821068514954798781e-03
2.936553416988843361e-03
3.424060695295464037e-03
3.395491564909795638e-03
3.069169729330877439e-03
3.578534918545237236e-03
3.142584159140142819e-03
3.375563364142344144e-03
3.076309400009310559e-03
3.356374654800154279e-03
3.301477950866596109e-03
3.505775520261909545e-03
3.385903889901045218e-03
3.247885939775715415e-03
3.146391263524135791e-03
3.468074395069667328e-03
3.306168003319455775e-03
3.115405580173118659e-03
3.285099304707781234e-03
3.170600646431345933e-03
3.228452790097161452e-03
2.884320396368867095e-03
3.191198555918152782e-03
3.524848116724596699e-03
3.247688970857134580e-03
3.052660747554147500e-03
3.238793293051195950e-03
3.189366767476487213e-03
2.972719154027952688e-03
2.990655723132432890e-03
3.225110848352601926e-03
3.325439107975229798e-03
3.432991931717349361e-03
2.975183174342080437e-03
3.353628945670285993e-03
3.516984677246238165e-03
3.406073241865516243e-03
3.624204070003380490e-03
3.343342612000574365e-03
3.134440304453692348e-03
3.249432656653695409e-03
3.144041010613222737e-03
3.229028151824771611e-03
3.113181124788387544e-03
2.957558465449092785e-03
2.873366130888905211e-03
3.005985025249333087e-03
2.773864849324909464e-03
3.209144360781977789e-03
3.018007685683150951e-03
3.093466141483797345e-03
2.990841455657513182e-03
2.829336487900856005e-03
2.996708438243287417e-03
3.296424919948995509e-03
3.097640895409396397e-03
2.840085089387718587e-03
3.256237622673365494e-03
3.222537374922602223e-03
3.074792486173916033e-03
3.313166992378857676e-03
3.220292309066218831e-03
3.439586996869691080e-03
2.991849860400705094e-03
3.537234958720204998e-03
2.904282510532394355e-03
3.108640085925138720e-03
2.704221802391276394e-03
3.144859534839308975e-03
3.039120519448568116e-03
3.284904309157153819e-03
3.150612895923280560e-03
3.359352866872069264e-03
3.446707854499722092e-03
3.029833357386588211e-03
3.129426368479121603e-03
3.268488388958072297e-03
2.947518723273402207e-03
3.030627846544176052e-03
3.296861897769215195e-03
2.786476344709590269e-03
3.139232932714843341e-03
3.231650476308811810e-03
3.289876733631198931e-03
3.219312049960261404e-03
3.116533736655700739e-03
3.207977993315966250e-03
3.273079197348223619e-03
3.181507121388950192e-03
