1.682843217046532929e-03
2.135771483681748149e-03
3.573017747499476326e-03
1.945883814044967533e-03
1.871942895755592884e-03
1.941603555429255402e-03
2.163109598745903851e-03
1.929999900168540353e-03
2.132262813447962421e-03
2.595767450238134662e-03
2.182530519587279252e-03
2.951317277230447109e-03
3.939966984318045949e-03
3.920069074579205642e-03
2.961285749878714811e-03
3.281104347064255338e-03
4.789706193601002762e-03
3.862926072482835739e-03
3.164547870220468361e-03
4.347774892349932224e-03
2.843828045873224557e-03
2.923968957955488251e-03
2.544041395474184574e-03
5.311835151790263512e-03
3.424586841924334366e-03
5.278356637853747792e-03
3.988221640120306714e-03
2.387508322184186873e-03
3.643186162405715692e-03
2.418934257369016912e-03
4.667998758213953020e-03
3.559923053902435026e-03
4.230329395053530374e-03
3.827106358518167668e-03
4.722873482421815865e-03
4.474513115671989623e-03
4.532129539573334989e-03
3.258921786255591577e-03
2.989735602820044191e-03
4.674716706766717834e-03
3.348458506474735752e-03
4.293720044676113505e-03
2.706573162037962353e-03
3.859881175217234287e-03
2.762580696101364208e-03
2.725652024143701644e-03
2.564160540222956437e-03
2.558334378560609291e-03
4.299826697100498502e-03
3.703868350753993042e-03
3.304209561846932052e-03
4.797457636682401008e-03
8.403237696588107541e-03
3.674571905424143387e-03
4.786447622193859899e-03
3.788505145538235280e-03
4.862490550040387931e-03
3.682876080512213941e-03
3.791662412682578111e-03
2.852910723157671066e-03
5.888351510554099867e-03
5.728792324810685205e-03
4.300878131198629384e-03
4.346784657636463753e-03
3.015204937354802345e-03
5.766250981405351625e-03
4.837522348890619002e-03
4.470153768012056009e-03
4.549553265170496255e-03
3.238567438548133493e-03
5.070033163609468686e-03
5.700238978330248243e-03
5.319875283100686074e-03
4.574425824250966111e-03
2.854133036545025270e-03
3.333403860014384334e-03
4.944968405625938326e-03
4.411423955893093232e-03
4.672924324816825521e-03
3.777159741578097526e-03
4.128441061762161413e-03
4.432790689728459063e-03
3.724228067830396682e-03
3.612496786864841710e-03
5.192602927064556353e-03
2.893688643911456436e-03
2.971145725863583772e-03
5.152915496226654485e-03
3.909274516790002194e-03
4.543689318035382813e-03
3.987578949661001182e-03
5.467200108009810482e-03
2.331761208233396141e-03
3.748108203742063580e-03
2.711197304371755490e-03
3.713097145921588887e-03
3.945504819822227317e-03
2.338446559853033825e-03
2.819062711631451900e-03
3.879664138816004380e-03
2.153000912264222463e-03
3.437121122148632801e-03
2.725014053110099647e-03
2.421496970285278317e-03
3.299522709030319745e-03
2.034086064620515590e-03
3.872496974989957270e-03
3.605923909817207711e-03
5.149576048731763743e-03
4.307205945776213137e-03
3.785335882480671786e-03
5.110055454409045614e-03
2.246460216259143876e-03
3.895553919289171645e-03
2.804729489333713036e-03
3.473878557813157332e-03
1.736087471175393063e-03
5.398337346506730874e-03
3.541113841883585661e-03
2.792073565279104292e-03
3.807426475751405325e-03
2.646030605262566365e-03
3.265824833601267511e-03
2.422030168294095169e-03
2.903018058153814061e-03
5.363217768424004099e-03
3.097300282530595587e-03
3.810220536065730013e-03
2.749400419047114651e-03
3.869989705613295552e-03
3.304009201127174923e-03
2.533773685997739531e-03
2.903977616190107046e-03
3.277321997033912169e-03
5.124215189818195557e-03
3.891367267020588543e-03
3.820224581585437897e-03
4.154381844030986121e-03
3.106318780688288161e-03
2.171130181171712463e-03
1.902710194446467339e-03
3.377276708771887338e-03
2.812869046118698663e-03
3.372910795675035638e-03
2.557102903061950205e-03
3.659453097317458357e-03
2.095111445091686793e-03
3.394144277807744237e-03
2.751905535245443256e-03
2.870257116189045121e-03
8.519869938630477389e-04
1.798926385533311609e-03
2.560748464704062401e-03
2.964399217501331122e-03
1.733934380054089021e-03
3.300993378185409968e-03
2.351248071464622207e-03
3.572293903717208962e-03
3.009747163977691785e-03
2.299459562694837131e-03
3.585365723101159325e-03
2.938424631930116118e-03
3.079208316441916886e-03
3.298081660849279395e-03
2.566965827478129031e-03
3.069160261123526478e-03
3.178899999614791770e-03
1.876080398693411424e-03
1.813932763494863773e-03
2.560851364373754966e-03
3.600317640803139731e-03
4.598716884835728214e-03
2.670067760321789396e-03
3.211250208890688296e-03
2.284579358991209279e-03
2.987297396038185188e-03
2.184282887206965944e-03
2.683990944342753981e-03
3.438610407381159986e-03
2.425576920053075427e-03
3.817352130088032779e-03
3.071356838852241488e-03
3.758075297004751132e-03
1.888253821539387410e-03
2.013957122445718308e-03
1.605472341326169301e-03
1.700229007466865817e-03
3.516627574127985639e-03
2.262653746997685383e-03
2.608689367800030856e-03
1.268021160026405790e-03
3.452165954191328042e-03
3.027763883049624030e-03
3.312046338376061026e-03
1.666757867082694321e-03
2.210177221353069790e-03
3.316798348075974436e-03
3.236409440598675153e-03
2.263688195544651029e-03
2.385048677479155964e-03
1.358545160316120470e-03
1.350067105673259356e-03
3.494209178382987925e-03
4.811024979760398362e-03
2.921250565299868349e-03
2.339747060815617393e-03
2.024029361795796119e-03
3.446224238274980377e-03
1.829628638955291481e-03
3.372448288295418900e-03
3.857004035535779862e-03
3.033913134362800027e-03
3.716883797030763690e-03
2.139065412302263835e-03
2.999301332079921077e-03
3.326111285425355311e-03
3.396776172320393420e-03
3.948895374775355724e-03
1.618022926565364575e-03
2.579351885385849832e-03
2.575612155387494665e-03
5.135953932771279012e-03
2.129664466617436393e-03
2.350371239422218133e-03
1.580372387183719141e-03
1.930881316856132004e-03
3.434353111751320669e-03
2.267607524003067542e-03
2.863020745437302138e-03
3.421551535127967652e-03
2.145874196543351778e-03
2.004017907024349589e-03
1.918520521993806417e-03
2.485157510704277904e-03
1.635439625605994776e-03
4.589102071087086156e-03
2.371869907549702464e-03
1.761272958075276590e-03
2.493917564760677903e-03
3.718722930844976012e-03
3.400131946661168539e-03
4.008315897798397399e-03
3.255825671337049271e-03
1.901476621400149253e-03
2.136408764635149265e-03
1.093343720886094401e-03
1.362101810714473962e-03
2.812902065372111307e-03
2.071325877141673259e-03
2.529857449807289011e-03
2.344260116448889514e-03
3.178065804384556676e-03
1.847442000399029905e-03
2.781533663691307737e-03
2.047119017048871885e-03
2.367122391002498324e-03
1.922211487970325880e-03
2.678200823731449742e-03
3.971516140575150067e-03
2.394096854559059438e-03
2.548646032695300791e-03
1.790504998703139339e-03
2.449583554198424534e-03
3.087637279465890814e-03
3.834074798268012271e-03
1.339083049836334088e-03
4.369504584585297453e-03
1.880024222873839064e-03
1.473316121216317054e-03
2.275623593313138258e-03
4.438923444136889593e-03
3.435904744358989418e-03
2.982670271826119105e-03
1.943339045103832869e-03
2.340890505355228135e-03
2.819840294043445949e-03
1.436923016433151170e-03
3.908137470981712727e-03
4.463721145394822405e-03
3.209171482076620188e-03
2.733676755513793008e-03
2.657554200900018315e-03
1.729717125068684115e-03
2.914605005210237423e-03
1.614181064218669784e-03
1.604990428565346771e-03
3.786193451438032553e-03
2.029297209713644239e-03
3.259112459738111069e-03
1.378810914194519626e-03
2.479627444956527225e-03
1.393571861045500657e-03
2.626991261690951856e-03
1.684366846949305468e-03
1.119808564155502827e-03
2.178243707679438767e-03
8.065181087901885466e-04
2.688516447420303667e-03
2.588407254119995046e-03
1.064494672438095254e-03
3.901996023375305621e-03
1.288461629433326067e-03
2.042099748135316629e-03
1.904377029789894359e-03
1.175596550380472857e-03
3.117058158541198640e-03
2.764663605889535261e-03
1.903435260818485929e-03
3.565452919945605575e-03
1.794849818151712231e-03
1.734920405697601637e-03
2.429320283295306922e-03
1.662621034029715438e-03
4.220305555428884893e-03
3.008138894895273814e-03
1.784048628540857483e-03
3.271747517364882469e-03
2.474060372854329157e-03
1.407420284041572536e-03
1.729567528953852287e-03
1.650653186110656373e-03
1.507234495348533983e-03
9.775434151218836878e-04
3.102676361038594812e-03
2.804529261771230610e-03
3.491589160117910921e-03
2.527116699153531768e-03
1.349317772234033498e-03
3.208707032672708168e-03
2.659766100188590970e-03
2.168483077253198759e-03
2.093043392383894634e-03
3.634365292291948969e-03
3.180312907837952625e-03
2.615943216282610225e-03
3.133839456756334386e-03
2.653665717656023080e-03
2.016921344005102694e-03
1.345064989687911683e-03
2.634557428848311508e-03
3.070484454024782674e-03
1.052583989773713891e-03
2.960907782491365142e-03
1.416541754329618845e-03
1.631789802346540145e-03
1.637512372893991982e-03
1.438486117912294616e-03
2.768131554916747599e-03
1.843391787350619595e-03
3.952554306416595706e-03
2.808702491128382047e-03
2.692086759793061584e-03
2.592105412981353472e-03
2.652444682649140236e-03
2.327463219370963770e-03
2.229965544723746130e-03
1.378173381497438789e-03
3.542989714708123707e-03
3.131744090550215003e-03
2.436621670362079141e-03
2.620649722905622151e-03
3.745400165936078538e-03
2.597757805926037295e-03
2.378438406522467678e-03
4.081675264820610639e-03
1.140521980980449676e-03
2.761300973557157586e-03
2.696505257008742495e-03
2.083509143885896569e-03
3.223108840299882764e-03
2.333382735611094771e-03
2.185339185556881610e-03
9.287579337146719847e-04
3.186149245566695116e-03
1.475795990275407914e-03
2.485738728379494229e-03
1.980822167506077289e-03
3.729625223837962789e-03
3.445391704370279022e-03
1.662030200732559585e-03
2.962614767950549205e-03
2.299317544704453792e-03
2.145555351549780984e-03
1.653708570079390422e-03
2.122273420643561257e-03
2.124052302785146319e-03
1.813537342305474379e-03
1.633158589009767615e-03
3.006267683606094008e-03
3.277090948655164270e-03
2.611379288987869269e-03
1.554281628779614769e-03
1.529068829903501786e-03
1.862572021619706298e-03
1.858310662892302635e-03
2.835574596382857589e-03
2.258782236449702677e-03
2.623855262127951313e-03
3.060373247947251185e-03
1.855518234166532747e-03
2.251296204372555190e-03
1.937220740210558994e-03
1.949320837290923272e-03
4.171139642228391918e-03
1.744568893702932999e-03
3.077532114706504722e-03
3.278044831459367425e-03
1.465461197389533038e-03
2.628789609744488706e-03
1.486828217373946468e-03
3.194114105530525358e-03
1.546879997172609378e-03
3.743324026823906508e-03
2.901006020733648549e-03
2.792582227172369508e-03
2.557390606894912894e-03
2.473111491288758866e-03
1.519680437941436620e-03
2.867956870680717692e-03
2.081540269516350423e-03
1.865277598334702785e-03
2.634337262332856443e-03
1.663878958603353742e-03
1.249650968996612920e-03
2.476886281662355090e-03
2.326260847673419872e-03
3.536070885549013557e-03
2.146021936954487647e-03
1.460890607704425906e-03
2.444444596199102284e-03
2.654390624277496412e-03
2.710720643528403105e-03
4.546171930312134513e-03
2.900564720252150029e-03
1.696417732760621471e-03
2.258532167431841122e-03
2.651592866559745326e-03
1.779920129612337296e-03
1.392838313068395185e-03
3.409323017596554550e-03
2.387191703022895854e-03
2.510248152497308264e-03
2.052624681683935283e-03
2.320460866712307276e-03
3.151424330338725883e-03
1.116275372879643518e-03
1.071177390812755618e-03
3.495416031724737308e-03
2.623816057620782880e-03
1.849059215195160205e-03
2.269553414264839121e-03
3.001464278240240438e-03
4.659877539445534886e-03
2.802839253911258016e-03
2.149760039278078311e-03
1.031846076757493265e-03
3.579064624469603922e-03
1.619535447521932344e-03
1.460210061828919135e-03
2.227975692097050337e-03
4.683228105273953834e-03
2.100452316240066300e-03
2.353254293078017954e-03
3.261479374046806403e-03
3.512893536104262551e-03
1.469647763717408899e-03
3.144314656998982178e-03
2.538958232437220960e-03
3.283169187266433975e-03
2.983767313656831427e-03
1.392098459589614229e-03
3.181683368973308324e-03
2.417951119665360301e-03
3.818531562585037592e-03
4.055426999019585803e-03
2.475878100585570188e-03
2.997042091935804564e-03
2.229288612177515987e-03
2.904233440315177970e-03
2.055241026651120299e-03
2.777594588428249685e-03
2.543281700143547840e-03
1.550342000862779158e-03
4.726158205469377892e-03
2.188430442384513459e-03
3.763763655834338924e-03
1.957408541287462660e-03
3.187359344945601448e-03
2.139140012413945184e-03
1.786531998598753440e-03
1.891660804149381502e-03
1.805015909859015045e-03
1.988200424359448052e-03
2.933777192353731727e-03
2.484392543815978557e-03
2.007827440778529350e-03
2.958841814541835272e-03
3.159555821048299316e-03
1.964923181207857243e-03
1.786960541734982158e-03
2.060482553393301001e-03
3.010597973666424235e-03
1.901767903932529476e-03
2.412292153451850094e-03
3.919311811962557061e-03
1.361466835791961877e-03
2.412277151597721787e-03
2.309546055262663797e-03
1.842679043160878362e-03
2.740429565424808925e-03
2.332020300002683906e-03
1.266121173183709387e-03
2.839498989880819002e-03
2.121281778870980766e-03
3.532002644744930420e-03
2.645841002627328381e-03
2.460377600229280044e-03
1.682571447337668754e-03
2.909800355016910547e-03
1.977572656228924423e-03
3.523397282928967741e-03
3.468095604077983847e-03
3.408000559585251405e-03
3.139924693161328783e-03
4.410151837222056614e-03
2.404409428991959290e-03
2.929351621962486898e-03
1.669199961827470434e-03
2.173796242473543822e-03
3.810517096299922708e-03
1.719270149550018376e-03
3.848768749345671258e-03
2.728034973604926122e-03
1.725378310184611571e-03
1.961237853590450282e-03
1.829850907025111538e-03
2.038957792098049573e-03
1.682372154504659404e-03
1.515052972315010646e-03
2.583480812351744444e-03
3.422611414361715395e-03
2.958524281849092812e-03
1.681785266765891155e-03
3.006829029567191936e-03
2.811539080096416530e-03
2.325982133480066286e-03
1.809122791988537499e-03
2.104543523361876358e-03
5.246233498745555592e-03
3.357137871369011723e-03
3.142183280734617192e-03
1.714551344580741467e-03
3.686838556162168844e-03
1.814707304363716127e-03
2.281232601491213399e-03
2.799727615732164158e-03
2.420267506112680662e-03
2.695389670273903946e-03
1.845700741626199936e-03
2.253024589027270274e-03
2.562590552012846030e-03
4.944882168925275080e-03
2.306715009657018221e-03
1.563264657342883224e-03
1.528804243787986687e-03
2.335720809237546228e-03
3.098562561352542592e-03
3.797884325453056500e-03
2.156069477003619370e-03
3.220733797526680042e-03
3.373994425223073718e-03
1.698138250384463024e-03
2.057660143406299640e-03
4.326088970271111354e-03
1.827608903242239997e-03
3.028492455352943969e-03
1.884933567066929749e-03
3.273451125253670855e-03
3.475404259161620196e-03
2.494108379786523933e-03
1.722741063423735520e-03
3.446217295438163634e-03
2.367720903214051101e-03
1.661626852097384654e-03
3.396660785820370711e-03
3.196668374528970503e-03
1.602045190991166100e-03
2.723492443983942593e-03
2.223757481481455651e-03
4.737006158557826793e-03
1.901616744564433616e-03
3.356984676415018971e-03
2.970830265648564603e-03
2.906178083960206989e-03
2.021742757897280508e-03
1.305247773508975018e-03
2.291571389615771562e-03
3.941626793845810425e-03
4.200366683314334451e-03
4.025793916422201746e-03
2.270367926063334221e-03
3.508797645937829831e-03
3.629754140493786970e-03
2.603915122504516996e-03
2.718123023498375795e-03
2.129645933420169172e-03
3.722020608231713188e-03
2.305659163582930021e-03
2.086264720961510978e-03
2.093305056484429712e-03
2.876128355243854663e-03
3.222694947886018714e-03
3.175706934158938066e-03
1.855056709660616188e-03
2.553606669933023484e-03
4.044601348161985452e-03
2.179514801573360222e-03
3.479182859911425420e-03
3.369486710586983447e-03
1.636398208214025728e-03
2.934372786613658954e-03
2.726679458821301780e-03
1.914876843266901437e-03
2.333277272218829863e-03
2.334743223585058255e-03
2.696279361494180286e-03
2.432386081090125423e-03
1.851104183036435084e-03
2.921753313577983048e-03
3.017694474655396603e-03
4.416771184975000486e-03
1.325679776755767959e-03
2.140643007935743008e-03
2.942648984627000992e-03
2.742745315513994264e-03
2.054159101646183504e-03
3.553649221437794187e-03
3.854222104372433035e-03
3.499530466602526844e-03
3.024400297088642321e-03
2.658279487374456268e-03
2.364270071127797142e-03
2.229182072749262035e-03
2.679854705033301015e-03
4.552449908871712345e-03
3.397738708102539685e-03
1.962869267682103378e-03
2.531459369084065620e-03
3.541063682817716107e-03
2.769328096228684030e-03
1.393066024816561011e-03
2.166677934888947173e-03
2.347117502917796944e-03
2.964874711657635754e-03
2.214015234507330822e-03
2.791076255407691498e-03
3.777523660590421852e-03
2.852382473752832198e-03
4.521318216586051042e-03
2.242932450282870884e-03
4.604852391554664116e-03
3.368155719253133895e-03
1.827857960406163241e-03
3.371979069068936109e-03
3.223806466835242406e-03
2.029748431944066508e-03
1.487697639004877722e-03
1.882472072103331820e-03
2.716034574329435555e-03
1.926737973029073528e-03
2.561610604618957520e-03
2.814148556422972625e-03
3.517936508330904433e-03
3.369186001443618805e-03
1.442046090251090668e-03
2.515030052785063343e-03
2.093037293808471325e-03
1.518348637088686587e-03
2.745035944983648460e-03
2.462414566061282926e-03
2.415590516718013440e-03
2.930946939632145341e-03
2.254850808039323470e-03
1.171478826983343670e-03
3.136686562508248823e-03
2.853117332837041848e-03
1.803507312503196481e-03
1.821880381149990590e-03
2.674676688435293978e-03
4.420852209957757198e-03
2.396846932756581394e-03
3.167540476422777036e-03
2.510703617670982483e-03
3.082334196585806603e-03
2.037044312814135279e-03
2.232095611491460678e-03
3.530572880091277250e-03
2.957919232020767876e-03
3.065212793750085075e-03
4.306233268370341163e-03
2.773454138492682016e-03
4.793852600179720515e-03
2.385081550187756732e-03
2.751937556609277639e-03
3.969371471753307609e-03
3.841704210379718459e-03
3.646800487496673192e-03
2.497157656137262861e-03
2.850378579724538973e-03
3.624556812834663425e-03
4.025569392920189116e-03
2.297814645583667707e-03
3.232639915333210528e-03
6.076500148560637186e-03
2.900176025778421467e-03
2.853450607175320869e-03
1.568014036758873459e-03
5.289883132338790532e-03
3.538377759296050615e-03
2.419246042146159289e-03
2.496043281031005198e-03
2.678081483454238139e-03
2.331679271617791756e-03
2.018728866763550272e-03
2.554496886144057288e-03
2.365830579808338250e-03
2.219600851538656387e-03
2.020910203082788327e-03
2.906410296304787460e-03
2.984050948657188205e-03
3.516500120596111317e-03
2.415340192077901522e-03
3.026893833085025996e-03
3.040466463643195800e-03
2.863985805633743626e-03
4.046468854870768905e-03
2.059668851982711119e-03
2.352961444314923163e-03
3.565794978386940210e-03
2.430782865717927288e-03
2.842910770147128504e-03
2.168841116645016040e-03
2.147097741330511889e-03
1.048447863679638102e-03
3.762596142662331163e-03
3.370990557385621957e-03
3.300044012656268635e-03
2.912789372369896899e-03
2.431038706756984916e-03
2.157659714517165192e-03
1.401148652611581159e-03
2.684805584502071487e-03
2.990564926579505640e-03
3.120516566969339361e-03
2.108805943643901788e-03
3.113482197884059281e-03
2.688465761629455376e-03
3.116996868909423495e-03
2.344172955713398013e-03
2.423143447220139392e-03
2.000207589654039945e-03
1.879529282648626952e-03
3.364022562452782632e-03
2.801759587699013607e-03
1.881074118663214178e-03
2.984153071644407226e-03
2.920041857133251918e-03
4.167946859020893978e-03
2.305827800266320969e-03
2.690583303111988497e-03
2.722295851901270890e-03
3.890688448641225518e-03
3.874302634534113228e-03
2.951853171686306607e-03
2.531690215336223314e-03
1.557408612810854505e-03
3.956607282834608171e-03
3.872044184373934356e-03
4.488772520316403926e-03
3.521748873780678347e-03
2.956906613887384100e-03
3.396627166487385229e-03
2.622994703583984063e-03
2.163967878816691441e-03
2.112646149660463851e-03
3.022030120531806960e-03
2.738268027191931731e-03
2.135606681708755381e-03
3.095579185970088500e-03
1.669529657723774208e-03
3.633087994429779529e-03
2.594502858619896803e-03
2.336202085695608058e-03
4.306705546300175318e-03
1.143986494936470545e-03
2.590995987080811202e-03
3.440562673683839924e-03
2.396201576638991911e-03
2.247280216546133826e-03
3.518637434191996833e-03
3.422263107139869066e-03
