9.940093184020637809e-03
4.857898244655049075e-03
8.845604817517845053e-03
6.176218023869990865e-03
9.253216274883631354e-03
7.985112904987833743e-03
7.914739233914981631e-03
6.309471909315412554e-03
6.910995777475255689e-03
1.058386347493756041e-02
7.199016865901364422e-03
7.476279031457302646e-03
5.863612556313534119e-03
1.066985910171506027e-02
7.248205948736281996e-03
5.166535931000650582e-03
6.560739513698581396e-03
5.036122923862201665e-03
5.401662770826928112e-03
9.417427570841971698e-03
4.714598350141516007e-03
7.108087521430994649e-03
6.604388857151318772e-03
4.052553003113788278e-03
5.235487386893763161e-03
5.252167753464629524e-03
4.151242008631772680e-03
3.850878685561655041e-03
6.753854226846181703e-03
1.109852419929708255e-02
6.384275370008480471e-03
5.186906338094819310e-03
4.833803714137731820e-03
4.480318091801205153e-03
3.823386447762650540e-03
5.189113492221248541e-03
4.245156403151558074e-03
7.361109720620793301e-03
5.724011602368979552e-03
4.155644399888072313e-03
3.878379729439500496e-03
6.601571723605471204e-03
4.310607730657296105e-03
4.946996609860285048e-03
3.761225322918407710e-03
4.304729320646558111e-03
4.937355344284639902e-03
4.047515546888116184e-03
2.712135014634099554e-03
3.762895590730636324e-03
3.843641170636387470e-03
3.348889130922252065e-03
3.235700415506353490e-03
4.240561551412377894e-03
4.229285156226110336e-03
2.753015624165785179e-03
2.274228154387093487e-03
5.734661628016291153e-03
3.087787067655493444e-03
6.771981929517822138e-04
2.074591310694280828e-03
3.627934086202615552e-03
3.378785619490056076e-03
1.951515206557088728e-03
2.966523053907038545e-03
4.414157275877812064e-03
2.881035470474940796e-03
3.340601943878507805e-03
2.216588139797310685e-03
4.222328127068495501e-03
2.773003941569139076e-03
3.714508311497956815e-03
3.650224006918250785e-03
3.479455001025381824e-03
1.405178563405475901e-03
2.478817565912328196e-03
4.368505515875455159e-03
2.890369403664281526e-03
3.120882329842258711e-03
2.954237629968364982e-03
3.015685553024523465e-03
2.418274859355764271e-03
4.662838757475578667e-03
2.595957206922110821e-03
3.921530090485260238e-03
3.710770623582419596e-03
5.139756903346610721e-03
3.957588482217081101e-03
3.520126901451998708e-03
5.353986804821350871e-03
2.823094992472786197e-03
2.350772613649813360e-03
2.293680936764303912e-03
3.895391995002515061e-03
3.810940522270817813e-03
6.787650058669713292e-03
6.817032328477518402e-03
5.145066228912377991e-03
2.611217300263881345e-03
6.212304371173650933e-03
4.181786647399717873e-03
4.218482646578879808e-03
2.350727792799836135e-03
5.979170114743176563e-03
3.874228506379525944e-03
3.539462847678507846e-03
3.843818778914414019e-03
6.276570650409604192e-03
5.809909119597131064e-03
3.964166234683313451e-03
6.693457124044837649e-03
3.985278742340952682e-03
3.277409626182810690e-03
5.454217526768802109e-03
4.546584892464620650e-03
2.921416277322647949e-03
6.086125669018891890e-03
4.851269372947040505e-03
4.528493464914791315e-03
8.143450233540554944e-03
4.939491335740134326e-03
4.478327837264143262e-03
5.451584326657606117e-03
7.147988060595890369e-03
7.724698350733298635e-03
6.561719139174073019e-03
5.567392810079483528e-03
5.306564351625287640e-03
4.412627387125512765e-03
3.573969812401233716e-03
3.280459434299844677e-03
6.795140196768027947e-03
3.894471821447140821e-03
8.576711690667945462e-03
4.970830094433346426e-03
7.439027711020623421e-03
4.028847757243405464e-03
2.955194741215895048e-03
5.462310143897327816e-03
6.827878170179050438e-03
7.523200829976816294e-03
6.744190166676283620e-03
3.592879987432054736e-03
6.936303983382691683e-03
9.003584374035752264e-03
5.433648479084252428e-03
8.339130253456438283e-03
6.465639070256787822e-03
9.084180721215856860e-03
4.869741693036742057e-03
3.520701057944847917e-03
4.163222485172210843e-03
7.245198620818280033e-03
5.574321335569569665e-03
5.463900359554216095e-03
4.212685324434615325e-03
8.669435573605671283e-03
7.619415988119335528e-03
4.704886765645079592e-03
6.445596025227590467e-03
3.497764620297193813e-03
7.092478862573871855e-03
5.363180527485180912e-03
5.787937239394678503e-03
6.442743533102828282e-03
6.431293434977354735e-03
4.384687634271905790e-03
7.665041842461821700e-03
5.217759610698483735e-03
4.328746277798629222e-03
6.954168441361660048e-03
6.978264306983020249e-03
5.703897399800252239e-03
5.951218959844439479e-03
3.391378338496634382e-03
6.408984421868841458e-03
5.761149035120887232e-03
5.654708877851448261e-03
5.407974725654930530e-03
7.475179323027743641e-03
7.228375822192183685e-03
4.496477078363891357e-03
7.832185524276259747e-03
7.499609685847677225e-03
3.530971239793234250e-03
6.494816426041598312e-03
8.791096340189820738e-03
6.071830665902062940e-03
4.331962791634451533e-03
2.277781104846810910e-03
3.117713321943075318e-03
6.531585708435920512e-03
5.372894583463949485e-03
4.234305405646585606e-03
2.841341885933751973e-03
7.442244592999932781e-03
5.077014646434030790e-03
2.852793441177666617e-03
5.720943493504378891e-03
6.268007576126063442e-03
4.244241148030914942e-03
4.637136386580053594e-03
5.341142323230275990e-03
4.351176942502410321e-03
6.518175990456581519e-03
5.459751109845286179e-03
6.710359628776421496e-03
3.393383422163002289e-03
5.376572591687569201e-03
2.458985188673694193e-03
5.424187809008943623e-03
3.218255126936211703e-03
4.590029112036307125e-03
2.752357424850561830e-03
4.380056612827813896e-03
5.473007329453394472e-03
7.535469966039380803e-03
2.478662296311773695e-03
6.292800104712107344e-03
4.199862329920257299e-03
3.504248259105379251e-03
5.335410387967057418e-03
6.626867938019823101e-03
4.746291995884696462e-03
6.005745235928282820e-03
7.209797969486289419e-03
4.459698215166731441e-03
6.271570815459921559e-03
9.520670846943749682e-03
6.448828708348850261e-03
6.074858635313059793e-03
5.626476187545899864e-03
4.663320806455162511e-03
3.883070840141089261e-03
5.359730023111557856e-03
4.798608061037988246e-03
4.363417184298361805e-03
6.741285829490028386e-03
6.764380227614541323e-03
7.042901476878331811e-03
5.604615064063271472e-03
5.529906062308293305e-03
6.121473458279585826e-03
6.920206716483408120e-03
2.560132877891706064e-03
6.261179139915082521e-03
5.884960189646808518e-03
4.254331200705631887e-03
4.555253315953590974e-03
4.832306875638232684e-03
5.136835047165140902e-03
9.254567233743109939e-03
5.166985668912079180e-03
5.238064082981235339e-03
8.356683303352555048e-03
4.134831687176611023e-03
5.419916875099988450e-03
6.991743481314715430e-03
3.406863519871941928e-03
9.098861551098418390e-03
7.902611621326677965e-03
4.780846453618640100e-03
4.011338305399970647e-03
3.141774587587638223e-03
6.494888771350736632e-03
3.846412139147388498e-03
5.465976214387689887e-03
4.813108649087448690e-03
6.279823686125761591e-03
3.501439143014928312e-03
6.334438808636180980e-03
8.094751909663230882e-03
8.224160985000603108e-03
4.021549468822208616e-03
6.830146448076311778e-03
7.951603026279667474e-03
3.102138542884765732e-03
4.876287276679031231e-03
4.553548044096653556e-03
7.070703294302343143e-03
5.795681640047421757e-03
3.884468851275077201e-03
3.570151439058134608e-03
5.447261328136901448e-03
5.132482142797435178e-03
4.757139022679146394e-03
3.856393182745243044e-03
7.019543110896842540e-03
5.316816836392090385e-03
4.758871540029184152e-03
4.702524331811511887e-03
3.503708596831945320e-03
3.764144622707650285e-03
7.127477066075970334e-03
4.148339312768119583e-03
4.865170336589560302e-03
4.447045245578640921e-03
4.399650883837201085e-03
3.897026690593219378e-03
5.056963043433945933e-03
6.331306013660619597e-03
3.485747923967385219e-03
5.183576639482366868e-03
4.603035527794169593e-03
3.481475864309204870e-03
4.634257947697052911e-03
9.156651193616796233e-03
5.625867710649692412e-03
4.500086886275954032e-03
5.669331202511745764e-03
3.835440409604077075e-03
3.390131273228394991e-03
7.793311416718924807e-03
7.480925993919833837e-03
5.363666290602379406e-03
7.410068646998998337e-03
9.512913112649921954e-03
6.517361456503455858e-03
4.277938817528552894e-03
2.774153237576522379e-03
8.721489971681596967e-03
3.317048762723057848e-03
8.216473966768479686e-03
6.968803623658106905e-03
6.803385740249687404e-03
6.143801708537144704e-03
5.733952361874237666e-03
4.029770730735252916e-03
5.414406013717962610e-03
4.424269236707828457e-03
5.672946606041911859e-03
6.243333630413126431e-03
5.205716494392500018e-03
5.390296878185143678e-03
4.155458870842644419e-03
4.393929557624357690e-03
5.725553688596906471e-03
3.584289047739695928e-03
4.879708057327156873e-03
7.246639493785567154e-03
4.777246956013360239e-03
6.561587519667224852e-03
4.858579081854465069e-03
3.319473183830822394e-03
6.065446159142661234e-03
3.516026853481764650e-03
7.569853977253168664e-03
4.928660909981417981e-03
7.975523799161903307e-03
2.643832811189837130e-03
7.221274400864506268e-03
4.756780401766825053e-03
4.419301311119830898e-03
2.320612927495642464e-03
4.194687412549300172e-03
4.766756471569106278e-03
2.195690398829864241e-03
3.463249957549617997e-03
7.123036361922067961e-03
4.936104303660594252e-03
5.245894534827985796e-03
6.574983790798499990e-03
6.606984192312553676e-03
4.293003449318833972e-03
7.417442714281147036e-03
4.676661352276187747e-03
5.122232763338408976e-03
8.757014589882643196e-03
7.142648092316489228e-03
6.965734384992781913e-03
4.883232523371112445e-03
2.894496763320450559e-03
6.939255478117323586e-03
3.737346096663771069e-03
5.293986630086761069e-03
4.337679155595602042e-03
6.074088742757033886e-03
4.679971067446122256e-03
3.143624967625515115e-03
5.497548397942922209e-03
3.789767305024143405e-03
7.686091717818463454e-03
4.839539640654534972e-03
3.862006786181189887e-03
4.604387130063009557e-03
4.253812652233260501e-03
5.686178746858803167e-03
5.207728679247458636e-03
6.076269976122130635e-03
7.058251311923164142e-03
7.128047393270260310e-03
6.128704243154001717e-03
5.062860252222379023e-03
2.706797582294702409e-03
9.686400765942314306e-03
4.227641461977079719e-03
5.350051083558788993e-03
5.466343437638720645e-03
5.338008829282692852e-03
4.812737753789611550e-03
7.236733396196239412e-03
4.257492825313399960e-03
6.203280894277601876e-03
5.632945020459518073e-03
3.070452421476088829e-03
4.323576017454710402e-03
4.798752870591866705e-03
5.019958734855081012e-03
5.350543507959668391e-03
4.445684868334509425e-03
4.170651072004767645e-03
5.708105633633479663e-03
6.065728063300065108e-03
1.612657950605773547e-03
3.992873387129375513e-03
4.860359976771804792e-03
3.830940184932269711e-03
5.408050942032747131e-03
4.327325778865454692e-03
5.994340288389831024e-03
3.795214009532777658e-03
5.830655330945067917e-03
5.148878527329807386e-03
4.966920213811242685e-03
5.051217067196937457e-03
5.574939172566049234e-03
6.158390286956747992e-03
4.386908042490298733e-03
5.653636402088712230e-03
4.509943881857954480e-03
5.727479659219780923e-03
7.339866553154656206e-03
4.510279997203542682e-03
7.875949506194265468e-03
5.340945323965807894e-03
5.351823882437765564e-03
7.066030974575983337e-03
6.104744869143119076e-03
2.576523280995620703e-03
3.830716879618769385e-03
6.367053553760031008e-03
2.851985947641791450e-03
6.696376944971827762e-03
4.891260692518656708e-03
5.627588576435699728e-03
7.409423851914600546e-03
4.606130543118913505e-03
6.142388562814932174e-03
2.846002600071242516e-03
7.829601529680508057e-03
5.884669318901467223e-03
6.764027190416981375e-03
5.460814359519912571e-03
8.415860703560566411e-03
5.769815444345312468e-03
2.988166895804036851e-03
3.327233343445625425e-03
4.122681285106253278e-03
4.456064622342643597e-03
3.583247388716023687e-03
3.514250012251432520e-03
5.372948550134985096e-03
4.065958570352734384e-03
4.467287827037991384e-03
5.829459556027169129e-03
4.269125764288485281e-03
3.614094472269694259e-03
5.003600537626398670e-03
8.541363470989429482e-03
5.837456247242487316e-03
6.067738695981306912e-03
6.557651600484926818e-03
6.311173554749980111e-03
7.350134569061250733e-03
5.638969396375378453e-03
5.861518498211225336e-03
5.632889863714791827e-03
5.080694289645882114e-03
6.734635566138303005e-03
5.088214056625423726e-03
6.463252886773545279e-03
5.640704702885869157e-03
4.651511896840205065e-03
5.459263619217489573e-03
4.198617763983795471e-03
6.754450845400016869e-03
4.035980848625552418e-03
4.976717845558429124e-03
3.464134060443086957e-03
5.158738911436369472e-03
5.029823383113037928e-03
5.146363818365268065e-03
3.469396227844212706e-03
7.695850637462695217e-03
5.415568348995746309e-03
4.866991020232697661e-03
4.611119435234381850e-03
1.084135919253682682e-02
4.677107805447600769e-03
3.502839859882969295e-03
2.933862287341321064e-03
5.504058127814917545e-03
6.128846674547559596e-03
4.969822725723412396e-03
6.246570244098125294e-03
7.889064182822041679e-03
5.372430418970781767e-03
5.385073560760148155e-03
3.464249634691348063e-03
5.984447070496344383e-03
5.714694644088082545e-03
5.179228214683685022e-03
3.616791135248191395e-03
6.166175468830569287e-03
3.583239219539246807e-03
3.249830642024691650e-03
4.107485241829761206e-03
3.410755021152736370e-03
6.331189215746901335e-03
5.980135680743414901e-03
6.546796524519238498e-03
3.810394061103640744e-03
4.457622249446917609e-03
5.283491266731834071e-03
7.695731502846182154e-03
5.198347499387711602e-03
6.411072697963132901e-03
4.942146860450120568e-03
4.596181434931971913e-03
6.376410427160405028e-03
3.509632360216626869e-03
6.166980690129607832e-03
4.927570056534945168e-03
3.705238861216414176e-03
7.379839665181722221e-03
6.878367166979842962e-03
6.651780808952095780e-03
6.476656133920138773e-03
2.974477024875721385e-03
4.261106960723701730e-03
5.177843469080554463e-03
5.853940049457168580e-03
4.031389134328354669e-03
5.530737583106865723e-03
4.012387176073823995e-03
3.938125960672371299e-03
4.030416401428214661e-03
6.196671082240914549e-03
6.421897726107673315e-03
3.923671939519316615e-03
8.078793886369759619e-03
4.108235564519233454e-03
4.128395995963987479e-03
5.794452350696565820e-03
6.412424037343819778e-03
2.338881975656875289e-03
8.167429084345494486e-03
6.202831182919992317e-03
4.576783256563356564e-03
6.197978135630401696e-03
4.875373754900165502e-03
4.766767276059489383e-03
6.826794046709309775e-03
5.343457788022449619e-03
5.888166831002277640e-03
6.909404972829398701e-03
5.353746198755080475e-03
5.390370308563289733e-03
4.187224889894152965e-03
4.042456466038547858e-03
2.771095851242150881e-03
6.740882438744266736e-03
2.661788011386705382e-03
8.740283025466760378e-03
8.883699029830388269e-03
6.679723124573865370e-03
4.985979856129289615e-03
1.961614192261697861e-03
7.279965025961015676e-03
6.337228735536322259e-03
7.447461686044130197e-03
5.231048423415640518e-03
4.046180675611110375e-03
4.773538445752380233e-03
7.635993339382324101e-03
4.186938034022993048e-03
9.181894073623117492e-03
7.980939632816787949e-03
7.231034290346606032e-03
3.338489664631724262e-03
5.502594859854399896e-03
3.629046615376229929e-03
5.011106634999052019e-03
5.244768548652066834e-03
5.531384835328647699e-03
3.688918274605478345e-03
6.957959388684984044e-03
5.860825609434150776e-03
4.083801130510184008e-03
4.498216839163725680e-03
4.606636815563233157e-03
8.123852175921496971e-03
5.222755674927801947e-03
6.205030152366492087e-03
5.869902774122365795e-03
6.266794480330173216e-03
4.184835654996636387e-03
8.177417826708289691e-03
6.052093077854889779e-03
4.722028840525277493e-03
6.688187309529618034e-03
7.640727816856079241e-03
4.500264226722093704e-03
4.218527271485703403e-03
2.885997561845959902e-03
5.720486079655751066e-03
5.314370357360702346e-03
5.595123805005187967e-03
4.072567687282387279e-03
6.185476904722020906e-03
6.198721008165436995e-03
5.731624702866244640e-03
7.104044602034950869e-03
6.969443885505889613e-03
3.360846146222290585e-03
7.037878486187722910e-03
9.005197966240850727e-03
5.152382764587511849e-03
4.347951116237444222e-03
2.831463425372045088e-03
3.883141097532398067e-03
7.247639271481238696e-03
6.196142726070831032e-03
4.948320889971020466e-03
4.331474357846704613e-03
6.621497637884278011e-03
6.427149720745096474e-03
3.287665240276597175e-03
6.192882492618215565e-03
6.665104010307051040e-03
6.061280179678180807e-03
4.564716970640704009e-03
5.777548162251789667e-03
4.780019601830726682e-03
6.065466808201004645e-03
3.533055335354011710e-03
6.757048245077082634e-03
4.962135918635725111e-03
5.887594567781636277e-03
4.300992229273696392e-03
4.570522498910231310e-03
3.592533522051675077e-03
4.480830786919714169e-03
3.667703232435351804e-03
3.881528477040217199e-03
6.059961579275730675e-03
5.471989123584761368e-03
2.402887140040390127e-03
6.919386226453931588e-03
5.228623772465980021e-03
3.093933512707765666e-03
5.486762777891343416e-03
6.514904413600719826e-03
5.828258948609239994e-03
6.711244933608729278e-03
7.029193812962723602e-03
4.659294471931301786e-03
6.594636010447319299e-03
9.585308359502631506e-03
7.788100330569056561e-03
6.169817884229057345e-03
6.612224551142796211e-03
4.361854166522963899e-03
3.648470509894068819e-03
5.458017957061686749e-03
4.612697837915548382e-03
4.672964661526540948e-03
7.748764688678168311e-03
6.528188171089932892e-03
8.443422967077653107e-03
6.295363717096807282e-03
5.102974302983326500e-03
6.159728869466207964e-03
8.692342995213465928e-03
3.364779171010099778e-03
5.924768024944039417e-03
5.789691996259523250e-03
4.799441050232894010e-03
4.408986366436933035e-03
5.839340763489705641e-03
5.903841240969392827e-03
1.050863415045524135e-02
6.298875310448331759e-03
5.943918084919308856e-03
8.147683605078561223e-03
4.881337925448371931e-03
6.336593667316856894e-03
7.132459001263059817e-03
4.870087006808831651e-03
8.657949352630757781e-03
8.273890273128524028e-03
5.306379269545322651e-03
4.607842825678032904e-03
3.864327800008224029e-03
7.238868822924118471e-03
4.227626331590603886e-03
6.258832303872421780e-03
4.800186618107733089e-03
7.100767478653874365e-03
3.465416201802027155e-03
7.434530722920191549e-03
8.737998815858587578e-03
8.698359727034326097e-03
4.579523825738116179e-03
6.781678269232509736e-03
7.486635630910232209e-03
3.839724813965079454e-03
4.976336919608364759e-03
4.563110449491951034e-03
7.852175345205976084e-03
6.459586384391740460e-03
4.177789766129071970e-03
3.818022987427693773e-03
6.160822635022043456e-03
5.739776137379397174e-03
4.704944597515717426e-03
4.546171679116303883e-03
7.095706734391853988e-03
5.933610752403927109e-03
5.208060981266730664e-03
4.716518714088666075e-03
3.471496844120507130e-03
3.813094940569313352e-03
8.201253581759862868e-03
4.514710700520230269e-03
5.513405068656769374e-03
5.550301273213455872e-03
4.648539290827996377e-03
4.493150936825732883e-03
5.603244111841326411e-03
7.481026548213449458e-03
4.409056018554318411e-03
5.407807980487427078e-03
5.092606420305205092e-03
4.116935164247772019e-03
5.716388291151823335e-03
9.793617397027909802e-03
5.838658440967988729e-03
4.521050792882342663e-03
5.431288741354869248e-03
3.688564508872896157e-03
3.594074293516306366e-03
8.189410580638756959e-03
9.490409192363697885e-03
6.492334901984139935e-03
6.844318421143421628e-03
9.855855823088868067e-03
6.083907756818197898e-03
4.232724181671417701e-03
2.720429283492600825e-03
8.803290296371519413e-03
3.595605137187517404e-03
8.894228972467299946e-03
7.533889830891290010e-03
7.352342144746436617e-03
6.276360775283142297e-03
6.599933405156994427e-03
4.511118700453710384e-03
5.704356765657703741e-03
4.869453131222408089e-03
5.612264325390595165e-03
7.287855554200663860e-03
5.880175807348921729e-03
5.389863343024437793e-03
4.006184293925174437e-03
5.320897890344099442e-03
5.807243324837288272e-03
3.907772582776409057e-03
5.890869216111145439e-03
7.830424826174044867e-03
5.224361656570169175e-03
7.077075835514345589e-03
5.602858845939725878e-03
3.568038453238653145e-03
6.305131458895177343e-03
4.699962197637575813e-03
8.040436376319294934e-03
4.788403554362772804e-03
8.130552006742746210e-03
2.443595949865409213e-03
7.190488914229746682e-03
5.091142193671029624e-03
4.880556798533143559e-03
2.996411176941881759e-03
5.123129276140095736e-03
4.893790923021666336e-03
2.485816684941014130e-03
4.407202039160154974e-03
7.167621944763559808e-03
4.791734472505143269e-03
5.182245434940188286e-03
