6.386632143738265590e-04
4.222616008277259791e-06
1.039958665584321104e-06
4.542895094101850146e-05
2.268041476518788273e-05
3.652090160390908109e-04
5.926549977226094537e-05
1.495492555946907717e-04
1.116043253917448503e-04
1.481114258540095320e-04
2.953990178598238361e-06
4.269215804059382910e-04
2.693520430543484357e-04
7.873138277739314198e-04
3.588717962689875682e-04
2.432615485716664865e-04
6.123216731557610669e-05
2.166813558387022646e-09
1.840197321519891020e-03
1.141118789495386811e-03
2.942429816248656068e-05
5.188776319225328414e-05
1.857906976755497870e-04
8.493791596951778041e-04
2.512358604682411907e-04
8.485512589638454992e-04
7.812903385457747700e-06
1.292049527831896655e-03
1.240899008441039052e-03
9.432325243238925627e-06
5.771553248094818818e-05
2.821188654426771427e-04
9.207678948356091096e-04
5.064352948330636423e-05
4.357366649795942743e-04
9.443549795737001549e-04
6.416134616733437310e-04
1.146416709845915483e-03
1.545579065344004346e-03
2.870754626143836750e-04
1.906186526754544315e-03
4.561832942675094274e-05
1.836355437953245519e-04
4.826800831900208782e-04
6.410878880256746246e-04
9.391537156116799379e-05
4.866860123007508672e-04
2.745554295375663800e-04
2.932668327729095309e-04
4.209021688936214899e-04
3.332905195185663794e-04
2.407225629371361050e-04
5.932765410086654955e-04
3.048901303080704217e-04
4.463775107660988210e-04
4.008664689590157111e-04
9.356745875893838875e-04
1.981135160830279620e-04
9.344971026776910644e-04
5.078414704098578548e-04
2.175974767590851022e-04
1.553211859643922812e-05
6.634116997783232137e-04
2.699799715071069764e-06
9.938713376829367196e-05
7.660051617510473931e-05
7.263609984858281218e-05
3.597916295522919010e-04
1.018401759496719066e-04
9.484134206057382414e-06
1.045302801128315272e-05
7.760851837182428559e-05
4.464402969034930171e-05
2.577808631817650399e-04
3.564127581986220117e-04
5.824619751073064158e-05
1.751023272649842959e-04
1.549385714401907728e-05
1.805363805636279681e-04
6.534865541796671057e-05
1.160831855344653069e-04
1.825728506677913750e-04
2.229153113610109615e-06
1.439993657265808166e-04
1.325537722104155284e-04
3.112949575878478747e-04
4.575282452319011253e-05
7.267901858443291597e-07
3.209838993647518880e-05
1.629751059538488481e-04
1.061346141538744415e-04
1.991494178274958419e-05
1.021037145457707391e-06
6.103937267299029625e-06
3.641985896834877289e-06
4.521062083288904048e-04
1.670273430758884025e-04
3.923965721182217639e-05
3.250974528279121383e-05
9.031006179400672085e-06
3.472016177153190659e-05
1.544816680183686084e-05
2.551228019861995515e-04
1.776230520358606363e-04
7.299199955560967514e-05
2.030375413622380725e-05
1.558177845900966300e-07
5.080735457246641606e-05
4.221696517441171925e-08
1.463194971854113913e-04
5.770791809834271199e-04
9.225572114405066067e-05
2.513941024609990483e-04
8.791776665704260007e-04
7.074983090179346487e-05
2.269431808092114739e-04
6.206003653334996211e-07
4.877426327004719228e-04
7.943051788625055685e-05
9.438273454760675956e-05
1.949378874395060979e-05
5.775577054337920624e-06
6.211694532911414134e-05
5.728214732677396103e-05
1.386600294069833120e-05
1.483085439655897390e-04
1.409696429426502491e-05
1.593642403134701063e-04
9.755350992925143267e-07
6.558024315445390700e-04
1.701137741556533288e-05
2.084768892992188468e-04
3.786716337274096945e-05
7.003160943431546617e-05
1.486301639985058206e-04
4.128473116893765111e-05
5.231203529010733329e-05
1.242192389116839046e-04
2.850563606188631466e-06
9.038286971823080332e-06
1.910989069661698971e-04
1.333151995861489114e-04
3.286563148804783950e-06
8.430384235780629255e-05
1.498579252009136695e-04
5.156408130644676846e-04
5.644299818072271520e-05
2.647689150226886106e-04
5.392834009125710383e-04
1.436117583799487152e-04
2.217451175604783322e-04
2.207193983623842500e-05
3.074826593660078682e-07
1.661966048918446948e-04
9.177600185023633735e-05
4.538124988715527353e-04
1.239653322212200942e-04
2.618237475085617803e-04
2.094018871206296714e-05
5.950059987095081184e-04
1.477877161803756102e-04
1.779776606399338787e-04
3.657251173981282324e-04
4.178093189836532364e-04
5.740716059132672998e-05
7.791393733358223622e-05
3.244707851672495703e-06
1.401998023743070826e-04
3.554144643788495787e-04
6.880128305874005598e-05
4.420758049670123193e-06
6.606132151526887954e-05
3.720085233157689535e-05
5.232701478515694608e-09
5.279370947484215081e-05
3.832167750306273205e-04
1.800982931337056321e-04
1.537430125445090733e-04
2.004131158524791471e-04
2.557727434039689717e-06
2.061532962616679382e-05
4.109875930126608685e-05
3.626732502932666512e-05
5.305668554829043532e-04
3.189052363653823146e-04
4.286161228880041251e-05
2.037481758267908590e-04
1.591972027490509396e-06
3.457372182035736317e-04
4.877341645604117682e-04
6.339569497643142837e-06
1.300145088287322603e-06
1.181100086604939994e-04
2.271361639809622065e-04
8.115084071753316832e-05
5.013491762902572407e-04
1.558926149334836952e-04
8.973123722443029720e-05
4.889397943649562758e-04
4.134695251186556661e-04
3.025247189673031518e-04
4.843328062525001170e-04
1.656747399767295899e-05
1.036465915195153797e-04
2.191106176520465952e-05
6.887260829860109316e-05
2.622177197082475005e-06
1.463161203076439010e-06
1.091144108505091848e-04
7.607086747867505599e-05
1.457002116598514908e-03
7.247443641995361284e-04
5.479976607778364240e-05
1.605427953508811116e-04
1.759054521658891127e-04
7.998164387052282467e-04
2.732646027526936276e-04
8.970725783639529275e-04
1.423834517946987615e-04
2.105642251786499084e-05
4.666298985823613725e-05
2.836192450676881035e-05
2.242887446136563559e-04
1.016221853515137398e-05
4.649821440783904547e-04
7.692502691412827424e-05
6.044502854433924212e-04
1.437491830226389098e-04
4.534494884771189714e-04
1.606307883933356707e-06
5.281607158340433862e-06
5.770231113454960807e-06
2.640573755469284578e-04
3.404424403781379179e-04
1.593300928120102279e-05
3.586960611540126223e-05
1.721950786139576700e-04
3.122345658308814907e-04
2.891405195952944215e-07
3.691892658270665411e-05
6.571009173633014051e-05
2.312130915445216820e-05
1.734365079092535731e-05
8.582843103371891715e-04
7.034567118368559345e-04
1.053209693228457323e-03
1.057532022068638988e-04
2.909442013830993356e-04
3.507948886096839123e-04
9.069021299289304467e-05
1.936224017397424762e-04
4.454001801227704701e-04
3.578831515809999513e-04
8.951240065945300541e-06
2.373604379444567706e-06
5.175054389539886354e-04
2.155469051763724410e-04
6.688287484483954916e-04
6.105381117968490014e-04
2.212633503611537505e-05
5.493498309272881047e-04
3.478776753615592693e-05
2.924218024157462456e-05
4.581897961196909641e-04
8.399533012860987708e-04
9.435947208338979616e-04
1.063809646016027543e-03
7.325235162345984782e-04
2.546624805554000950e-05
8.561245157189393325e-04
6.034720415767720392e-05
9.253398029840117329e-05
9.579740418906327270e-05
1.069878825186193700e-03
1.934404685592423410e-04
1.153629433466256144e-03
3.825042255137007944e-04
8.986819338689638458e-04
7.241154966547344845e-04
5.894136977849110184e-04
1.203350674719162096e-06
6.554935902605495785e-04
3.744327328700224359e-04
5.725317915580796458e-04
6.076732195333136140e-06
3.900914891766097173e-04
1.261124197934597067e-03
2.802162355117938930e-04
4.010619742005625335e-04
6.667458153056089959e-04
2.311065241726543030e-04
9.539803425869022846e-05
9.351499052130435481e-05
4.827843486666223119e-04
8.809616612295704304e-04
6.293367435663165714e-04
2.558380251107302125e-04
1.388198401586195551e-05
4.555332083501857816e-04
6.514188983327785700e-04
1.132928808518843109e-04
8.526323819498000261e-05
4.850680928959149847e-04
7.050190441476224951e-04
5.648927702619761619e-04
4.172910232315775231e-05
2.689831962778384202e-04
1.061596301592941313e-03
6.425424987093072865e-07
1.729325164082093705e-04
4.611554518792752622e-05
1.728170038341752146e-05
7.256103827180656945e-04
2.276944219202732067e-04
5.034267176011174858e-04
1.337951940610704381e-04
1.304608056648013607e-03
5.589485012038514005e-04
5.758511632123806761e-05
3.276240858148133099e-04
6.552114745099380140e-04
4.004896249287559539e-05
3.122324151927976382e-04
1.067274585649725168e-04
6.705309484428679227e-06
1.151319565935913190e-04
1.206539627248914094e-04
5.070472583383965181e-04
5.214460401522612440e-04
2.392369472645154214e-05
2.521317122176275414e-04
3.068386981046732770e-04
6.994267981616052307e-04
1.319548324835287511e-05
4.630585932735818428e-05
3.057522907587796384e-04
4.990669771338598773e-04
3.023522318199486350e-04
7.693255813940599137e-04
9.165252039125466085e-05
5.254291596276143157e-06
6.755476663776935568e-06
6.356026592299636718e-04
5.724630885165843050e-04
2.529767868932416186e-04
1.298673540276870577e-04
5.709858293241766971e-04
4.933505716949367634e-04
7.392944360786744048e-04
1.044026475551855065e-04
1.248386931281557279e-04
1.887064682428715246e-05
4.675091242883849792e-06
3.785451250299533385e-04
3.029440733738650266e-05
2.477626613523339579e-04
1.528347176546021883e-04
5.333854868890028735e-05
4.639142761829049358e-07
4.949645014186307640e-04
2.336519443907614506e-04
5.344716848398386056e-04
2.646421087730844437e-04
6.835860074730626661e-04
5.737566695371369143e-04
4.203542259880920710e-04
1.032430224411472674e-03
1.366070530291483079e-03
5.909707005911435992e-04
1.178950077990733534e-04
1.568715701969255333e-04
1.751560371024478381e-05
2.072199440794537148e-05
1.209130169303622004e-03
8.079913987927858860e-04
1.477351296441978235e-04
8.515083152817960114e-06
1.332499952964709324e-03
1.797866637331185726e-04
4.044653019574073315e-04
1.686219542892204151e-03
4.110483427729026305e-04
1.185361382667502296e-03
6.525780956624687356e-04
6.450108491974160599e-05
9.292529083327266204e-05
3.917471144541256087e-04
2.419798060960351698e-03
3.427595618584451209e-04
2.133806658007442560e-04
2.171916900518738381e-04
8.254173522157784429e-06
1.069289573194443042e-03
2.344493095620640431e-04
4.771723781268975145e-04
5.963585418096402965e-04
1.031990877495339972e-04
5.448348443717423474e-04
4.918511008078094377e-04
5.333450940738708283e-04
3.084970978756297177e-04
2.245732663956307806e-04
4.006307707812159979e-04
4.599157432978659963e-04
3.976509177026320285e-04
2.181429815078849224e-04
1.218751523842186819e-04
1.482989387762190074e-03
4.888647598977533242e-04
9.219966857967541425e-04
9.147512050717368243e-04
2.377844847691048094e-06
5.910619132923943322e-04
5.158317861897071012e-04
5.790808973219066036e-05
9.891347255399053021e-04
4.930891109111983518e-04
6.698983684169464614e-05
5.198782222804619255e-04
6.246807194405500107e-05
1.489210865706092892e-04
1.057613148941717655e-04
1.076047214652841018e-07
6.148002927762424678e-04
1.275586504370597094e-04
4.660763907920236457e-07
5.962125119344837808e-04
4.563125405437611911e-05
3.521855678479055007e-04
1.458811941474301909e-03
4.206372184746195986e-04
3.080802149859814009e-04
8.203201847377007022e-05
1.978826396170393464e-04
9.211891112879018733e-05
8.036038260937753731e-04
2.362241177773131235e-04
7.007205074104767535e-04
2.095769187215932954e-04
1.211795971213317120e-03
5.788365675971400776e-04
3.093295698900569717e-04
4.927127598966123991e-04
4.204160286483091561e-04
7.627169856637934574e-05
3.194466987133409599e-04
2.722901282298706882e-04
4.774316344457343419e-05
4.547075376481359140e-04
6.782954967010239354e-04
2.948961993742803809e-04
9.766857924874341058e-04
4.531024766997355526e-04
6.586904042423948448e-04
2.585298858776988588e-05
7.000689215363309478e-04
1.004614061107455929e-03
7.611235743917416866e-04
1.117814297612052150e-03
9.686863472644462181e-04
2.855593444682826281e-04
7.628886553697883951e-07
3.377711796652237272e-05
1.238581433860433357e-03
1.795917945302489074e-05
2.578032669730557212e-04
3.648962187174978051e-04
2.018851286136137462e-04
1.133983074271475338e-03
9.846879494910653480e-04
3.058402171750734290e-04
1.631909881269635139e-04
2.796641408313501058e-04
2.678589831008724607e-04
9.663565625207160177e-04
3.799165206248754584e-04
5.782381064492269447e-04
1.455045333267479448e-03
7.955107957070208131e-04
1.419777805923857323e-04
4.691026962898220192e-04
4.714365815328314287e-04
1.620822486588293157e-03
2.064425256202095937e-03
4.402860900514651106e-04
7.588171301314189420e-04
6.844032410414571796e-05
2.972044485567720968e-07
5.874020879268773248e-05
2.483959106796200349e-04
9.454440603985251939e-05
1.883458964496974655e-03
6.116783144457051992e-05
1.419185234554600134e-04
1.346342636237034132e-03
2.884327599730733289e-04
6.050282701724731199e-04
7.091440406122368660e-04
1.304792318499962446e-03
1.317012447082626997e-03
9.551555706217296215e-04
4.230055891906037016e-04
2.965339172450258388e-04
8.240466804403800841e-04
1.110049231616719832e-03
5.787955471568934735e-04
2.652055301547906387e-04
1.049102192238462235e-03
8.206344445961042257e-05
2.641438168268465535e-04
4.908610924940684907e-04
1.205199073953604720e-04
5.626998868579367527e-04
2.592302427170630353e-03
2.730091519398241133e-04
7.944685927825071055e-04
5.859015603093546860e-04
3.746578239437414965e-04
4.804991259630632307e-04
8.296644106309521236e-04
7.361401901706513982e-04
3.578375909823271043e-04
6.297988616655054300e-04
6.219018758328099302e-04
1.055204008181192827e-03
6.057284276698464073e-04
9.200735771485290398e-04
3.073023985671741306e-05
4.651371592693645854e-04
7.585295568788931789e-05
9.471937726463256456e-04
2.600722953021834558e-05
4.689998029124454060e-04
7.595231052518826341e-04
1.782057457040203078e-04
8.003674130792424318e-04
8.758312024901991050e-06
3.906054412856236344e-04
2.040445305161735668e-04
1.313796376774337311e-03
6.274308956940420493e-04
2.612834097903931458e-04
1.508437982416555067e-03
9.925333482243752035e-04
2.210511564663150783e-04
2.703440593023270960e-06
6.993822152242217113e-04
7.465345127627139943e-04
4.267940288472542635e-04
8.483106714483065833e-04
8.812138710007276455e-04
1.798476779561403231e-06
3.344789464653807648e-04
1.068607300205479680e-03
3.186578770499894596e-04
7.609151091082541445e-04
7.248953173683790044e-05
7.541227396762620544e-04
4.647720536117170230e-04
5.037656335406990541e-04
1.199123397929223933e-03
1.246551470918491362e-04
1.279235387101095088e-04
3.435796903110252456e-04
6.088205116614007909e-04
5.678450672542839379e-04
9.808626174648414251e-05
2.132385353516551849e-04
4.515317942056587281e-04
1.053898245959617201e-03
2.044471378831157486e-04
2.871955297001422733e-04
1.670289845733893168e-04
6.280087904382094556e-04
8.234972049346915785e-04
7.316261671888752165e-05
1.077164802426727307e-03
4.156312062880569680e-04
1.724107228820812387e-05
9.269808242929276345e-04
1.487725362958891746e-03
2.923995349687423095e-04
4.343507238593653655e-04
1.636013328466426981e-03
3.904169999329799336e-04
1.666107081385234494e-03
5.011777488604630092e-04
2.933276428984654400e-04
6.709870656315893066e-04
1.092015317209367307e-04
3.663311479285097871e-04
5.975480982848463450e-04
1.478636846787475666e-04
9.539438084970356616e-04
8.793360234042305783e-04
1.518027625167886344e-03
7.754844742727885808e-04
8.646184029854455180e-04
1.654817262993602911e-04
1.248016462244521318e-03
2.082144731382530730e-04
3.191334844219074628e-04
1.493765950216279772e-03
1.641616453309698844e-04
6.364840231993599000e-05
3.938823569319354722e-04
5.631985737526693956e-04
7.250509218059835196e-04
2.911763600252108752e-05
4.708788253136590891e-04
1.094470984134952082e-03
9.745799199369634602e-04
2.576055693244344363e-04
5.529945569725240419e-06
4.441230122231514628e-04
1.109953679550868596e-03
5.265097921411409677e-04
1.197924607316991352e-03
1.059288845462382639e-03
4.498365909108010651e-05
5.239547510171611985e-04
1.440007450721494345e-04
3.688507650440640633e-04
1.575449566635192143e-03
7.159312551284803539e-04
1.950897667385938282e-04
6.798933447230836192e-04
4.299726763262919364e-04
9.172759201947227768e-04
1.119548114696147052e-03
6.876943849616112597e-05
1.917915072834911947e-04
2.615889393549094936e-04
3.374595758855075981e-04
4.579100957522153591e-04
1.172066567877573344e-03
2.890146019568264339e-04
4.228524839603495884e-04
7.041587777445603531e-04
9.771667969465838276e-04
1.902941905209121643e-03
1.043458125642319177e-03
1.661094740293317157e-04
8.864889808919350052e-04
2.398413024080098575e-05
5.086604547681961355e-05
7.066390658175118224e-04
4.604592986930192426e-04
7.167954710345248993e-06
1.702946249229630744e-04
1.783436048858623099e-03
1.410386534859307687e-03
7.316242682823829091e-04
3.339647247469936637e-04
9.014622054916991874e-04
9.332097346266547038e-04
7.336903849244360253e-04
1.055141248201443230e-03
1.668416695456307003e-04
5.514995415642666302e-04
2.964687083945113802e-04
3.578127327422005698e-04
1.226358654647102461e-03
4.497727074917624705e-04
1.129664572242594514e-03
8.098972167762251862e-04
9.780843415085091301e-04
7.396785963654637546e-04
1.172542730330339766e-03
5.025560046778936290e-04
8.625850301988382987e-05
1.847389938554930668e-04
8.247701241977235635e-04
7.271311892019489227e-04
3.873090663981756688e-05
2.875213432686512431e-04
7.510385319132354505e-04
7.121743384592166964e-04
1.519380094738402315e-04
6.246707453570558280e-04
4.865942186392076198e-04
3.763839333553389171e-04
7.116308051386564446e-05
6.951656474250335902e-04
1.235905201044085492e-03
1.304498110806534376e-03
3.930758301347289153e-04
6.711636326171470466e-04
7.693439647611129270e-04
1.105166542854739414e-04
3.887261180707969458e-04
1.362918912042704019e-03
8.461833683944559176e-04
8.344510997631815724e-05
1.651888352510573490e-05
9.273472984821238066e-04
6.619230312504367254e-04
6.420659740003297573e-04
1.071499644690985338e-03
3.048938282930451778e-05
9.137058440890329439e-04
2.133764872647635701e-04
4.000426121208648764e-04
9.942030402647092455e-04
1.302587573554984555e-03
1.104634285889338633e-03
1.790999763792309931e-03
1.377139721487843959e-03
1.264297763034388550e-04
1.638232539677254808e-03
3.297963048473796918e-04
2.237273993461319087e-04
6.721022380509453263e-04
1.583532840347408538e-03
4.065998561918620388e-04
1.448526908388619427e-03
5.395223065818896113e-04
1.274413555342339237e-03
6.462310866694693850e-04
1.137427197116780463e-03
3.501857304756868837e-06
9.559995120043793433e-04
8.823633531194404215e-04
6.394756911311177483e-04
1.759907549419749016e-04
7.767920640552627206e-04
1.546892117899216013e-03
4.488798908185640522e-04
6.383703800915934822e-04
1.233947291234558817e-03
2.862635431406973822e-04
3.283905111940381817e-04
2.872446705255283605e-04
1.042648887081041838e-03
1.375840859063352925e-03
1.214892394161918134e-03
1.943486686802019790e-04
1.545136074390394466e-04
9.682435834536276759e-04
8.760562443837326000e-04
2.965022825571970153e-04
1.635033877738259337e-07
9.190468792983613050e-04
5.678257917944840288e-04
9.445712283701346041e-04
1.857134448054749800e-04
5.412203442204534904e-04
1.958693833343087744e-03
2.099326449373011707e-05
3.848362452379707182e-04
1.586167999640421527e-04
4.258827863759572977e-05
1.185397207756918800e-03
5.962330420797626838e-04
8.813424194144967505e-04
4.556326401645588182e-04
1.457272296027877249e-03
9.100881720278859461e-04
1.474271751096541225e-04
3.775580708036384574e-04
1.163465464389555268e-03
7.178960345397410073e-05
6.097542064055431598e-04
2.801131266766029838e-04
1.431244778720579279e-05
2.151233331117585073e-04
3.605753758649328424e-04
8.042900451320864758e-04
6.306693392274463064e-04
1.611991788778121659e-04
5.098926196108131406e-04
7.031084548232935339e-04
1.058200903288456863e-03
8.320809416127984096e-05
2.389813854238289281e-04
3.339411705562552964e-04
6.657639776603870973e-04
7.059383105361280919e-04
9.745975811971587660e-04
2.122087457950816143e-04
5.145329455171377287e-05
8.135536595683151204e-05
8.896300681391755951e-04
7.150275301990136230e-04
6.231365102389496615e-04
5.052739106492798189e-04
1.065799257501477042e-03
6.067121350430272446e-04
1.171299353260766337e-03
3.415153724404819098e-04
1.098704401064225683e-04
5.199081304294124250e-05
4.376030059497512757e-05
9.705589286447448153e-04
1.916968333677527517e-04
2.932873585657607817e-04
3.649651867656538047e-04
6.019360951178404446e-06
6.531047238779219598e-05
7.189505702884546904e-04
3.492518828704976506e-04
