8.631619333088712959e-03
8.265543483896653845e-03
8.559261394573998774e-03
7.778330689957863378e-03
7.824470117970508398e-03
7.687778978946588869e-03
7.578270578447346244e-03
7.575249244459798803e-03
6.981964426036776396e-03
6.805482587044743396e-03
6.890163783249754481e-03
6.601092843543281477e-03
6.381155012077980443e-03
6.157169533649079450e-03
6.030048040611067986e-03
6.255498996406017552e-03
5.755279909920144737e-03
5.412540530900240843e-03
5.697934841407046452e-03
4.891243836249323240e-03
5.077687491530080525e-03
5.016801122498935027e-03
4.646724359109316582e-03
4.366026523815178147e-03
3.843069133741291651e-03
4.096228404558094859e-03
3.915279251959090552e-03
3.697968786682587390e-03
3.685396657858112240e-03
3.654577899081855839e-03
3.274223864580798164e-03
3.227004380917356148e-03
2.980497337329089495e-03
2.911825831173300155e-03
2.463354651526293484e-03
2.869724784274974537e-03
2.150824828834626331e-03
2.247139872525249094e-03
2.330381152174563607e-03
1.837087433672148808e-03
1.902712302727253835e-03
2.364136733066665285e-03
1.664381478419775951e-03
1.952068691180326677e-03
2.278794345684946165e-03
2.158080365216951887e-03
2.598271759029056709e-03
2.144144698864036691e-03
2.638781612363555028e-03
2.514399806671490083e-03
2.982086072823394995e-03
2.607009912354008290e-03
2.575675075304487832e-03
2.915592334288867257e-03
3.285130680430629196e-03
2.988942637249991565e-03
3.190087655659468863e-03
3.144950678122077244e-03
3.384702036819029879e-03
3.913667957822769897e-03
3.136965084852289063e-03
3.321206714749875329e-03
3.351425930806217583e-03
3.529232363478360460e-03
3.323998020412045635e-03
3.540809776582190711e-03
3.561499415762664836e-03
2.790147599592526003e-03
2.948058313601774685e-03
2.908749402737602352e-03
2.905181798742991622e-03
2.422599503298642019e-03
3.466692306532114312e-03
2.875600518557313700e-03
2.624729689078066433e-03
2.373457523639973220e-03
2.650582245710548981e-03
2.587656944767391300e-03
2.271681275701566832e-03
2.267737911525776438e-03
2.356501281569274402e-03
2.715320609341334568e-03
1.997297857309695765e-03
2.339313604994903550e-03
2.622625087195070131e-03
2.098874927755747799e-03
1.867018792386269249e-03
1.645870885732322571e-03
2.208551151282987443e-03
1.605317037231722248e-03
2.133669860073078225e-03
1.983540229346455672e-03
2.088622474800457245e-03
2.111132531258345848e-03
1.923003355226422665e-03
2.000905697041093986e-03
2.126528320823160064e-03
1.919648745280245214e-03
1.572563567784170287e-03
1.982992212194633220e-03
2.234172388391233652e-03
2.010477542676236944e-03
1.878067349189513650e-03
1.909483595432158887e-03
2.134832530102416526e-03
1.536789819451475202e-03
2.270049611598432601e-03
2.003203692556523256e-03
2.350808869139046561e-03
2.174474690330083053e-03
1.825006378423156203e-03
2.252678832781893938e-03
2.073251404741370107e-03
2.248824116005026727e-03
2.209870852636847040e-03
2.311160926054169583e-03
1.964999095898229721e-03
2.445449636158756462e-03
1.985901217663439342e-03
1.961556670068591041e-03
2.137051636459593850e-03
1.944111461960423577e-03
1.914400859183491843e-03
2.216407473937163485e-03
2.203743143621092644e-03
1.551807797175699466e-03
2.236633444423202256e-03
1.938099111856125909e-03
1.946300384815598640e-03
1.555727097748235742e-03
2.347961878441327463e-03
2.025848945167579851e-03
2.305202914723818511e-03
2.589382838905310985e-03
2.237533397973043726e-03
2.515455422525365164e-03
2.046767568438029403e-03
2.656834701369304927e-03
2.294287618097702250e-03
2.165536401577652231e-03
2.096339831324525727e-03
1.565827095415197115e-03
1.902108276037283753e-03
1.944166426572380927e-03
1.665873756535928311e-03
2.329472579681574410e-03
2.112762335603627153e-03
2.359756279167990987e-03
2.003601705703862354e-03
1.984299877075984021e-03
1.834974426574527070e-03
2.306648767176565449e-03
2.104639642619467350e-03
1.691906454965873751e-03
2.122114029038235823e-03
2.248449857658220072e-03
1.860708416158666102e-03
1.677714205172262281e-03
1.946807800738558410e-03
2.044653751533923210e-03
1.677902105071378894e-03
1.863616777164304279e-03
2.130969725934177272e-03
1.738689477176689297e-03
2.105539959216064239e-03
1.912640795782647417e-03
1.700012463044610778e-03
1.999784338094479606e-03
2.182281285364331882e-03
1.966726621957050336e-03
1.787378619150004327e-03
1.864259941147928309e-03
2.006449776763181547e-03
1.651291861207110877e-03
1.745354794389846614e-03
1.473095339143016842e-03
1.543703716021499906e-03
1.746825108568485826e-03
2.031475594792382482e-03
1.924134084242545535e-03
1.749074676070323190e-03
1.784492033131864809e-03
1.289512616055247217e-03
1.864794127722533851e-03
1.503247079904199016e-03
1.640143337600125312e-03
1.900231978678616936e-03
1.809345953391300766e-03
1.350840454949427810e-03
1.750041134480250209e-03
1.779850790371960510e-03
1.927622120504204201e-03
2.010173633111791806e-03
1.842410823653013903e-03
1.603568250446495667e-03
1.538450972235125540e-03
1.487092637913144805e-03
1.787953406776265127e-03
1.843299650454036836e-03
2.020973374387058374e-03
1.503761460195296527e-03
1.668660187494614647e-03
1.702554461419076128e-03
1.497003421758724738e-03
1.816187933887212277e-03
1.574792956618998197e-03
1.121825277414174437e-03
1.729261856800806468e-03
1.798299736865685604e-03
1.439896418090082274e-03
1.723196989056530008e-03
1.876723271460938860e-03
1.651998155516176767e-03
1.541964687932543881e-03
1.507302920562024473e-03
1.656750000051176747e-03
2.071510361377476486e-03
1.926801853008319049e-03
2.227599492791131931e-03
1.804658463361347772e-03
1.323845069061960504e-03
1.680448921307382349e-03
1.596906065967032985e-03
1.668662535291822379e-03
2.061065144435828694e-03
1.424217773088929436e-03
1.572348730627322853e-03
1.826752159201860742e-03
1.474698253353733590e-03
1.396609521577111624e-03
1.730604142812663124e-03
1.313664710146126126e-03
1.425336677276446435e-03
1.522893167131821176e-03
1.761080237375321159e-03
1.702633873830727233e-03
1.662113315295826775e-03
1.548157783253918630e-03
1.731261252203381657e-03
1.560574654270732980e-03
1.813782176797957462e-03
1.902134504777618995e-03
1.450740458679778463e-03
1.342418623575289882e-03
1.880786471820705078e-03
1.442811520008832876e-03
1.656724072765619312e-03
1.554434377701021221e-03
1.525126127585042053e-03
1.437008749875971899e-03
1.755736742170853782e-03
1.460255762007393095e-03
1.440975925350027878e-03
1.264161024646632365e-03
1.770307496889047530e-03
1.667589936529252940e-03
1.563650407511101882e-03
1.345121856566202853e-03
1.718815531177534956e-03
1.764583679326211510e-03
1.399071998412275159e-03
1.589806367906557247e-03
1.599587296861686245e-03
1.321706621759227186e-03
1.939765879811018289e-03
1.786745805501189794e-03
1.550299619921930621e-03
1.322728502416404498e-03
1.561250267909677003e-03
1.457914699800178134e-03
1.794913813132723458e-03
1.567716927501834265e-03
1.801309696472977017e-03
1.388467029982229589e-03
1.735372035833375763e-03
1.376612060456124630e-03
1.893391202134407647e-03
1.394523763330904505e-03
1.374494983181375482e-03
1.686402891021520712e-03
1.579413232517430654e-03
1.675051218357270517e-03
1.564419008315317888e-03
1.436049912234740661e-03
1.383481548706321906e-03
1.197572756508082136e-03
1.733988911620863976e-03
1.758703103100598070e-03
1.306579758524991286e-03
1.276486862997141484e-03
1.918383190081143384e-03
1.213344450285464178e-03
1.584052823727349641e-03
1.320853105744525203e-03
1.557340645783590605e-03
1.385590055781111413e-03
1.758852076901491670e-03
1.416135905214677528e-03
1.382214204718745960e-03
1.140783832130405845e-03
1.455331852074773615e-03
1.376784820240651262e-03
1.450939487654499946e-03
1.485391970845493376e-03
1.488821471854881754e-03
1.593893590219335301e-03
1.359145120051648715e-03
1.674776763327791382e-03
1.561847129729150921e-03
1.640797467041740614e-03
1.610959472411192112e-03
2.201549888651109857e-03
1.378197420132085864e-03
1.393438594709107796e-03
1.454043494706542790e-03
1.699978624660134158e-03
1.365165690333868410e-03
1.468192940187071100e-03
1.456395175729473159e-03
1.607876146889829563e-03
1.569364509499285385e-03
1.517435189014826715e-03
1.447421074676292010e-03
1.707656501728440366e-03
1.419191940076298692e-03
1.499157203418819209e-03
1.660219229639543163e-03
1.441216273785440871e-03
1.656760671023563931e-03
1.445697293009859342e-03
1.501471847096828328e-03
1.202760869584402516e-03
1.389381329700898390e-03
1.600041166307745099e-03
1.720763863033614128e-03
1.176965533367532518e-03
1.454672291544447174e-03
1.331587768200401256e-03
1.782590411273886170e-03
1.461279299045945348e-03
1.329066168932566344e-03
1.303003403232587572e-03
1.247622866312825827e-03
1.352274131295224139e-03
1.260039205810015422e-03
1.515024492957857058e-03
1.434814771524657280e-03
1.641376766382540275e-03
1.462203378623118128e-03
1.547301723533727781e-03
1.763567747390711342e-03
1.757175968058175865e-03
1.635997323583176458e-03
1.615656617269885199e-03
1.558306620660185760e-03
1.544679102989363756e-03
1.750983909596730411e-03
1.716586116498659874e-03
1.521099698026250014e-03
1.344016587070579610e-03
1.479857330956468398e-03
1.535543317082630008e-03
1.719206907241677433e-03
1.638549708179166779e-03
1.811301662335182330e-03
1.366787012947075653e-03
1.394743053365668809e-03
1.658994649732689532e-03
1.243079437299785157e-03
1.853319595378629184e-03
1.263602917795294796e-03
1.667983991613000965e-03
1.672291086170089956e-03
1.438526823468288651e-03
1.530438388628982144e-03
1.529581562414432643e-03
1.417009242952641402e-03
1.323609465627061761e-03
1.300151669297960194e-03
1.613597912199471376e-03
1.447333445976842778e-03
1.471014237594228452e-03
1.677986490366092367e-03
1.511234000600940276e-03
1.364151667501591406e-03
1.391030944506824229e-03
1.339571319929160325e-03
1.416732957864829529e-03
1.651923000078850574e-03
1.430080175537678166e-03
1.373727650931014753e-03
1.391200121431533654e-03
1.692905987539676093e-03
1.641054486323508454e-03
1.830073498144669381e-03
1.863111939886925427e-03
1.525134863304636150e-03
1.566901210747176539e-03
1.469216811770523165e-03
1.380248613685769021e-03
1.542572659962337901e-03
1.621173518315167537e-03
1.748109745006263139e-03
1.679871994384612294e-03
1.743506015304789039e-03
1.825351061367100867e-03
1.572993375212425543e-03
1.490490851206071905e-03
1.494983498063827453e-03
1.580849180623323429e-03
1.493915491463668980e-03
1.630501462695150552e-03
1.673054867649363155e-03
1.212030639257882098e-03
1.518429639320947053e-03
1.572000427094941491e-03
1.544086420606088006e-03
1.520710607379092538e-03
1.544796403122695571e-03
1.497244116213260808e-03
1.353633160920198093e-03
1.395004657675920053e-03
1.611288958204343128e-03
1.670887095354989769e-03
1.524821670187166819e-03
1.729573817518741162e-03
1.578693176980925077e-03
1.629152975252840755e-03
1.196826041828589430e-03
1.627344711001302074e-03
1.504327460729806484e-03
1.808951762426340426e-03
1.277026268056356524e-03
1.888879347584834388e-03
1.426086983289787287e-03
1.292613870246160689e-03
1.617300734103186560e-03
1.578817062554718721e-03
1.272107208289185998e-03
1.531374298445865737e-03
1.163441785565266350e-03
1.654620226721146073e-03
1.138639699907274382e-03
1.610541302722568423e-03
1.824411220987037655e-03
1.604330241465229488e-03
1.390733463823355491e-03
1.585957679221781068e-03
1.550466559834037979e-03
1.685902630193850203e-03
1.628010829537904778e-03
1.496536205690170542e-03
1.263032554510941591e-03
1.636890280157138810e-03
1.253404008019012167e-03
1.282867602808618812e-03
1.523472578118800118e-03
1.793070675573461880e-03
1.322610484827314685e-03
1.532697230331124582e-03
1.642298186631216492e-03
1.596813182907521906e-03
1.672609279365104215e-03
1.955560759727392392e-03
1.977156675433691495e-03
1.576352296784147653e-03
1.700832060144243964e-03
1.489606364011768084e-03
1.739727276010565038e-03
1.422447662019590050e-03
1.401062178981580652e-03
1.212143336387698023e-03
1.441490228340604803e-03
1.572458821218704686e-03
1.527924320133161248e-03
1.123365365624369623e-03
1.494954998842810273e-03
1.528316630710322560e-03
1.545586106597436876e-03
1.619162116765042458e-03
1.446462973282972367e-03
1.747316661305039435e-03
1.435645381374639051e-03
1.511208877236859538e-03
1.650918215682050695e-03
1.419218137576610996e-03
1.565520784472999947e-03
1.468538734308532517e-03
1.587646431838275274e-03
1.551857090416447569e-03
1.632410901944625261e-03
1.405518106579445705e-03
1.318490041546702130e-03
1.258838869206942504e-03
1.770937466483509795e-03
1.618916498747336157e-03
1.663682162820524953e-03
1.401007686197396117e-03
1.611094352521437803e-03
1.885287264927023925e-03
1.417547862220935396e-03
1.508914395454744560e-03
1.588516167976746114e-03
1.370339072621668593e-03
1.807788500472384515e-03
1.300250088737452689e-03
1.493862763369409232e-03
1.494284776356075584e-03
1.511481302230788422e-03
1.304741771874209835e-03
1.264255538800974042e-03
1.322281488672071145e-03
1.870528265424041894e-03
1.712359353762140778e-03
1.578593234557178464e-03
1.542122165794288825e-03
1.538398449506204026e-03
1.531512936231916927e-03
1.480688898692232146e-03
1.267495197768608991e-03
1.435421383017232173e-03
1.727979628370705876e-03
1.326038038728113034e-03
1.698817091485952530e-03
1.796141183109420869e-03
1.268612041905055722e-03
1.449298909845976461e-03
1.755440243694027236e-03
1.479314347024276305e-03
1.231425868036058798e-03
1.694977565569936659e-03
1.231204437341942241e-03
1.687787995910235411e-03
1.513951312992023934e-03
1.388032566729561264e-03
1.660881281738602836e-03
1.410819819491544507e-03
1.445105491483890826e-03
1.401686087820001349e-03
1.505540790108381589e-03
1.769626816291826506e-03
1.501744747588730240e-03
1.291913460250105608e-03
1.299651604776080318e-03
1.324065076846431700e-03
1.431628205158148827e-03
1.765721525301538856e-03
1.663916977343394025e-03
1.459907338199410405e-03
1.423716589504187002e-03
1.149371107370159364e-03
1.542491902975687496e-03
1.564980970560170747e-03
1.430698303000554547e-03
1.791280879737464646e-03
1.398795423940547584e-03
1.589684836888346445e-03
1.793655637101212400e-03
1.525893888449115013e-03
1.295718901618054695e-03
1.428780136512766306e-03
1.493084591121394012e-03
1.222436814565446049e-03
1.341363487821113296e-03
1.577301449883062798e-03
1.570315942189239901e-03
1.719690367861099068e-03
1.485674552960393382e-03
1.310520199697785566e-03
1.214914181386929880e-03
1.655705196567570101e-03
1.325214862644639438e-03
1.541280486697351381e-03
1.909093053935587495e-03
1.448163194736323562e-03
1.772356154650487400e-03
1.478124094671422542e-03
1.802222503493286585e-03
1.423152971308520387e-03
1.588413481962693387e-03
1.441157236787423204e-03
1.343493237146038341e-03
1.309276080515649979e-03
1.288358073394320217e-03
1.194151156137349861e-03
1.803144606596206656e-03
1.277114570315647773e-03
1.574851641323704804e-03
1.080475294478685806e-03
1.563520324195929751e-03
1.764451969764405928e-03
1.437272185088031128e-03
1.520732289105309904e-03
1.224150937107579924e-03
1.487653916929861922e-03
1.610073882148687057e-03
1.305497622025524052e-03
1.260640142243172473e-03
1.403549342227399009e-03
1.542959208519875626e-03
1.321926895312173535e-03
1.375968839340372361e-03
1.448726319626586923e-03
1.316621210430752708e-03
1.568176754093063285e-03
1.484038966293728000e-03
1.203987266853825608e-03
1.448608448226849400e-03
1.474488899076729876e-03
1.257677970180454217e-03
1.344208522643480742e-03
1.465566047389447362e-03
1.500196905033829861e-03
1.260773786795817706e-03
1.386853666851368353e-03
1.101370886170088218e-03
1.114744732372417464e-03
1.407234231352388031e-03
1.414883698046053495e-03
1.432303570570944012e-03
1.235119096254494410e-03
1.541805027183524354e-03
1.100218581980772197e-03
1.328348260830106457e-03
1.247907651709667491e-03
1.405572320207571294e-03
1.369396140036380650e-03
1.466546146979406939e-03
1.161538142589866717e-03
1.319976448522852805e-03
1.365417187952304824e-03
1.645470861064262649e-03
1.467204243531225081e-03
1.508725011997631444e-03
1.236947696671163426e-03
1.333378376382926426e-03
1.169912836420687434e-03
1.437352785911628775e-03
1.362799551678362973e-03
1.715787596242494264e-03
1.252884128873864387e-03
1.532570346369683178e-03
1.315070995637259701e-03
1.145778369731382303e-03
1.412895581714070092e-03
1.233829857516369199e-03
9.955143658217442855e-04
1.301370267283134905e-03
1.444393187960288589e-03
1.127517035846360574e-03
1.423527645614614890e-03
1.616615261171135999e-03
1.423720783789156688e-03
1.297127433987826060e-03
1.322372343249228130e-03
1.407804842423900299e-03
1.724063006172998382e-03
1.609899962625291900e-03
1.701389343538327759e-03
1.473362240785464246e-03
1.106712528458514075e-03
1.498621507342615946e-03
1.330277145787448888e-03
1.427640960904522820e-03
1.629157086017068035e-03
1.075647243293745498e-03
1.259499593581951899e-03
1.555014836246928003e-03
1.236093204363766752e-03
1.126477872971129056e-03
1.433032880417069860e-03
1.077704748729651704e-03
1.229967280110086164e-03
1.258531675593397431e-03
1.384666484541438765e-03
1.386839895770328526e-03
1.225071464934877159e-03
1.262294758204981181e-03
1.545355185985578276e-03
1.254777030156047687e-03
1.453663332547459192e-03
1.506662320044501509e-03
1.117380443488833830e-03
1.143696072254552203e-03
1.590994834361400155e-03
1.092511252375351089e-03
1.283606662180136531e-03
1.337036688597204427e-03
1.325443265612508050e-03
1.180827857984032307e-03
1.531680735836816283e-03
1.377175612932224954e-03
1.149633225075551895e-03
1.023011723255172435e-03
1.527524430883405501e-03
1.215916449853702294e-03
1.357936326219837293e-03
1.206958028748625171e-03
1.314467880339177360e-03
1.452065500841359918e-03
1.098572969636003351e-03
1.331903821300954496e-03
1.289638803655501157e-03
1.146544396518083550e-03
1.587778886344321481e-03
1.438575706083191578e-03
1.257349951160171946e-03
1.174900986449065651e-03
1.325238848525101378e-03
1.293076510002546262e-03
1.381630344253481418e-03
1.428854706056332559e-03
1.392943678537094353e-03
1.153406020691332594e-03
1.424393180657986327e-03
1.219289301012417386e-03
1.610049125844969110e-03
1.207581657856488357e-03
1.192140594848661167e-03
1.463582672811470113e-03
1.370671603336714095e-03
1.446222644318035603e-03
1.322920486894692532e-03
1.295178733931881977e-03
1.161559199786559200e-03
9.823812259654660095e-04
1.392637985099989600e-03
1.413318035856499840e-03
1.035164781410927810e-03
1.176530523694189426e-03
1.513138688966072370e-03
1.125730447442980803e-03
1.327348984651412385e-03
1.116640195940866520e-03
1.175260237939785082e-03
1.123461162281924955e-03
1.461450237576774648e-03
1.126190819045634270e-03
1.104135991162737184e-03
1.006694167966947894e-03
1.323834668988987115e-03
1.162743217936433593e-03
1.215013509813737264e-03
1.201272033259950540e-03
1.183158505110358831e-03
1.284841987914431358e-03
1.167481349008077374e-03
1.341937717576562050e-03
1.281531242839527816e-03
1.345469553703726060e-03
1.370669475460762482e-03
1.873269141751364225e-03
1.187660697507965119e-03
1.379966093282891659e-03
1.323152901341427459e-03
1.327411447145534920e-03
1.124966351791347819e-03
1.269314179871408686e-03
1.235620180567033755e-03
1.186232242446211499e-03
1.255211518519702652e-03
1.343007928027018308e-03
1.251375760103679534e-03
1.318015015732926752e-03
1.245169385393148347e-03
1.228185499197071394e-03
1.305082619612881563e-03
1.133650770758487351e-03
1.364569623081308275e-03
1.260389279875697051e-03
1.241735117936526968e-03
1.104297992379615510e-03
1.086999204900728714e-03
1.391540160939918431e-03
1.279356997442887339e-03
1.098710440372137115e-03
1.315530789203179238e-03
1.014221194925403989e-03
1.264943520865705311e-03
1.209256453153039748e-03
1.047511277985782715e-03
9.917781217040773888e-04
1.029918020898267167e-03
1.056555138930661067e-03
1.073785743491759538e-03
1.068161895771685974e-03
1.349787753520634856e-03
1.364462047834916680e-03
1.099852735293246984e-03
1.137971147765630669e-03
1.324573564817219150e-03
1.501043821254601516e-03
1.376982115220443765e-03
1.422150555905180892e-03
1.347954966104483255e-03
1.156759508406356336e-03
1.469780995278015994e-03
1.398967728069445970e-03
1.186318110926340604e-03
1.217710306803666560e-03
1.184495989202164878e-03
