5.189759752728602925e-03
9.254957519371971933e-03
9.079162742283871518e-03
6.119712932123714394e-03
4.920178690589348605e-03
8.634220584569361409e-03
9.735673806731688640e-03
6.663919310651283262e-03
7.080015942453744653e-03
6.032568450022873438e-03
5.759996996076792962e-03
4.693622873163777118e-03
3.871114261729863195e-03
7.288279440530578100e-03
7.613638614302030080e-03
8.454011352404259411e-03
5.839894975400623973e-03
6.380478926344493491e-03
4.430701499991005626e-03
6.450859448353691607e-03
3.002030777263745270e-03
3.731433191268109135e-03
5.172853804068234564e-03
4.319095840187707827e-03
3.876025653928697606e-03
7.595583236698899565e-03
4.823044147355120582e-03
5.849433831133258807e-03
4.473777977731234479e-03
2.782948108155802822e-03
1.723184032041891059e-03
3.790170767988234029e-03
3.205669012819612092e-03
3.256753043706123608e-03
3.005078229320241184e-03
4.794162613880488359e-03
3.578545064608220066e-03
2.411696060070214059e-03
3.876238337035640014e-03
2.642560120893464471e-03
3.237060904082910470e-03
2.879585296459177563e-03
1.521128600484805606e-03
1.719035484193079995e-03
2.938349373918314970e-03
5.386162498057434815e-04
1.175587607806803441e-03
1.398114203113483061e-03
1.008105523721735276e-03
1.256622329432630905e-03
2.825420007971128460e-03
4.354678972689164846e-04
1.445270408408780771e-03
2.719512807475903300e-03
1.146014104181092242e-03
6.225577541242526642e-04
4.759272064090615132e-04
4.340578147213413978e-04
1.415744643719040559e-03
1.889294987441217030e-03
2.081613041243202383e-04
8.014597637751610893e-04
8.860677648541787294e-04
1.468294874367186598e-04
3.128896819118461009e-05
6.046766359016318704e-04
8.127653449032258543e-06
9.425414623187060780e-04
1.144681120385410882e-03
8.312196590482872011e-04
2.853507546732978904e-04
2.448104261791326564e-04
1.206250371405875800e-04
6.419926016071907972e-04
6.572993514442294818e-04
9.703521270785934799e-04
1.191837640326637424e-04
7.141420340852254944e-04
1.440728257170517798e-03
7.960427728325243819e-04
8.766357276610285037e-04
1.881158327986119563e-03
1.952427934609077549e-05
1.735902591266177183e-03
3.424099754504153817e-04
7.211716350018942175e-04
4.836700366891662542e-04
1.214656563335046518e-03
1.111896073938165501e-05
6.623789824537200822e-04
3.887633971804109337e-04
2.200512834332078369e-04
1.015788284874356810e-05
6.954449562883712214e-05
1.948724124544940210e-04
1.432192192865397364e-03
3.276513852769774061e-04
8.588269792561138401e-04
8.343760032472813046e-04
4.909834034989024338e-04
1.678239863386599129e-05
2.992270864974000411e-03
7.506199695850952671e-04
2.290628679028773162e-03
3.596666007764715619e-04
2.052155037624815649e-04
1.067065004480567464e-03
9.338816733481948140e-04
1.160691180816877249e-03
7.478220102348179677e-04
2.024237238250718544e-03
1.385130400862470646e-03
2.389303747550413888e-04
8.539358565050857164e-04
1.074347041327361474e-03
7.407776349126743822e-04
9.882929893580431804e-04
3.130373930559907005e-03
1.218376238511526032e-03
1.738091382934450031e-04
3.751327714279637437e-04
2.007602050862813351e-03
4.811095024992477313e-03
1.912499103341209084e-03
1.306522195506993039e-03
8.172964368356320283e-04
9.699244989250781646e-04
1.408366612310603351e-03
1.115515021357939155e-03
2.995710562662022829e-03
5.105577854191968275e-04
1.306075333744892203e-04
1.012351130703485237e-03
1.174069864332077939e-03
7.591592892585594067e-04
4.198861161507310260e-04
2.839640842100495284e-03
4.446617226987594558e-04
2.591492194122370883e-03
1.217187481104079535e-03
9.787822541100137195e-04
1.739894001743369631e-03
6.628994748986421093e-04
1.958716370051045898e-03
1.524966709713834571e-03
1.721806610818767515e-03
1.278104588068972817e-03
1.776904212273204813e-03
3.189815822868704090e-03
1.438548227348503301e-03
5.323962621241728208e-04
8.699054786445803780e-04
9.711154725791348299e-04
1.817031615799371115e-03
2.571016790166948986e-03
2.813682676895392677e-03
3.293439901298521495e-03
2.485447436267908521e-03
1.226652234550418318e-03
1.597269759297175384e-03
2.462024291482282912e-03
3.049649046740377824e-03
2.422871394563809195e-03
2.250284105472260664e-03
8.993248011537430210e-04
4.150923165710656941e-03
2.756576557375911216e-03
4.195290736750752376e-03
1.176760983324666486e-03
2.169141724899834468e-03
2.865964275296435746e-03
2.846591221287386297e-03
2.422152547865016707e-03
2.130486215120045053e-03
2.445007171172355279e-03
4.350736200320616011e-03
2.056113969692851661e-03
2.874425572324373988e-03
2.494514142138327777e-03
7.411128970586694682e-04
1.921004112600510540e-03
2.961938346070365404e-03
2.130235265383091658e-03
3.071951730583753065e-03
3.685265245761383101e-03
1.308785681081655293e-03
1.703093327880684550e-03
1.834074199621933991e-03
4.337514762602559873e-03
3.048268109468510456e-03
3.660057341396867354e-03
2.744829023122244849e-03
3.038986932470043485e-03
6.046250836650758631e-03
5.242916161981496168e-03
3.878762539358319734e-03
6.367164198950780139e-03
2.877983648237392774e-03
4.883992344841536597e-03
3.674601864588975930e-03
2.403229614375129979e-03
6.008444890765860316e-03
2.214976598071955252e-03
1.481069828202897761e-03
2.627577213057659920e-03
4.729203208273836945e-03
7.579028765024111575e-03
2.875808667047776487e-03
7.144996374163188960e-03
7.364648710980152037e-03
5.951824705743719197e-03
3.365029743116304019e-03
1.990785104127946840e-03
3.456905818772128790e-03
4.607834656580882433e-03
7.298429636172296640e-03
2.567801368901924397e-03
3.829404087599523783e-03
4.573604480404117739e-03
3.502530013944499861e-03
4.325609065949864718e-03
6.639609332454464441e-03
3.049621044599554274e-03
4.429703658331121501e-03
6.578363295727473158e-03
4.116721373511020125e-03
6.495325546938190628e-03
2.584476270077306920e-03
4.171796208258960609e-03
9.050062270804307141e-03
3.078636762517327971e-03
6.887277445667853992e-03
3.393418998089506051e-03
3.259066077166516799e-03
3.736691127906208946e-03
3.446999856105958764e-03
5.197127278857647213e-03
7.559783494791663845e-03
4.296806544206775366e-03
3.769049916887952292e-03
3.072932171557671288e-03
5.191573738761167366e-03
6.398003923164790469e-03
5.903306755246754550e-03
6.068720262470598745e-03
2.844692401720068462e-03
3.214018469496364005e-03
6.052626871575124759e-03
7.092521790360123771e-03
3.858544444382723971e-03
6.098929054437124408e-03
4.936422209279322376e-03
5.012307637642580797e-03
7.089016159224509513e-03
4.246625975696023507e-03
7.896364431709624113e-03
9.670037445131550793e-03
5.132638680480037033e-03
4.739975898941849349e-03
4.967306484381104129e-03
5.539493526560887275e-03
4.113893952560584641e-03
4.002837917380917300e-03
5.497065950676306538e-03
4.655279247570847517e-03
4.199047200082951965e-03
9.221743825333634029e-03
4.902085974673090971e-03
5.674528015720659881e-03
4.799450141360162535e-03
8.327558414736190365e-03
2.662487223848825600e-03
2.659783894505445175e-03
4.176945308983172865e-03
2.288050182516857337e-03
5.661214515336570642e-03
5.082269444784162996e-03
6.171470227858542011e-03
1.089534201890060561e-02
3.457702775596375316e-03
7.578977812370142272e-03
4.907740036412926339e-03
5.503082123364160319e-03
9.242538651338030181e-03
4.296622985580674306e-03
7.090924102528251699e-03
6.111822120007607412e-03
6.240041414146786300e-03
4.376541401144840721e-03
7.407796961558686319e-03
2.578390397529654009e-03
2.725061078396788170e-03
3.460448645086818681e-03
6.254005438727097167e-03
7.628377307891355194e-03
6.269533293790619313e-03
2.890158128999564813e-03
3.493665513874947767e-03
6.756060613343706917e-03
5.128418970407744651e-03
6.138407362766908765e-03
5.882663100237446596e-03
3.714772960901311510e-03
3.714084795774160418e-03
4.805850069280054315e-03
3.908253817510299460e-03
6.513197918316702278e-03
5.154637128009947368e-03
7.896748936384482415e-03
5.430310123521917345e-03
6.973675190584462634e-03
5.254811566045408319e-03
4.228254791256495088e-03
4.171015228894977764e-03
1.926056202530011417e-03
4.544358694031412280e-03
5.971267861522575222e-03
4.363295421840449398e-03
8.222032080043630356e-03
6.455730247132484417e-03
6.156928657898586184e-03
4.722113470313146939e-03
5.457456482491868793e-03
6.715276782735634178e-03
3.620911012266815696e-03
5.283573557885537855e-03
3.380101677207180029e-03
5.978791383026199092e-03
3.923679588560971890e-03
3.471776392058849563e-03
3.562494183861188678e-03
2.209236728103876942e-03
6.098262166919474897e-03
3.110783695980587175e-03
2.941725893215034991e-03
3.863690276513095760e-03
5.203246927780112198e-03
4.492258115076562704e-03
3.739608573631967182e-03
6.321417201057152879e-03
5.253796152520738040e-03
7.040548570521318328e-03
3.771999985250672552e-03
6.066339187842333287e-03
5.786509013326629307e-03
4.400348401002463113e-03
3.910114944491656884e-03
2.849733559558495152e-03
9.413587173076592290e-03
5.629768211346839607e-03
4.281274817208243627e-03
6.013500129691788307e-03
6.699228767960927269e-03
5.878284161151998977e-03
5.264061553794441295e-03
3.589532162571001245e-03
3.718641890068213537e-03
6.665757039563347842e-03
5.196853436136651509e-03
5.538252417396672365e-03
6.719232176205408233e-03
5.838408248081224626e-03
6.858788999347981315e-03
4.470625970871446378e-03
3.773971017445499569e-03
4.806259449147461636e-03
5.553531946002087868e-03
4.378921351055890115e-03
3.765213714198913878e-03
6.431245829195780979e-03
6.837419145107261238e-03
4.720082807058579265e-03
4.827733625396865222e-03
4.048980613488213122e-03
4.304675994689115791e-03
4.967893733852695760e-03
5.354746220603247980e-03
4.185128092378787544e-03
6.058932883538156212e-03
4.085603206798182029e-03
4.903067271090081475e-03
3.465025755131198940e-03
3.921202228801186698e-03
4.146327273083938274e-03
2.311622455471858302e-03
4.827351435010751937e-03
5.542824275251802268e-03
3.538450413462295926e-03
4.938058447600843053e-03
3.210014264224817122e-03
6.738582022062038733e-03
6.948595473465737221e-03
5.164235544176862085e-03
2.019142465390004124e-03
6.547966246680736284e-03
6.209747366407039962e-03
4.026511205661126996e-03
4.427915230053312487e-03
4.868766038023305057e-03
4.021793040233958595e-03
4.098968446228505244e-03
4.026713148742427570e-03
5.472021505443577273e-03
3.042767156932199048e-03
2.552285763461261282e-03
5.311944016630241322e-03
4.401597731242721037e-03
3.013790418933196859e-03
4.204813463135406715e-03
5.517637184292966887e-03
4.681600468108741177e-03
3.966736536892030186e-03
5.046715868075928209e-03
4.442461448556749883e-03
4.176037893285510297e-03
5.648099988484082956e-03
4.791531048961027855e-03
4.135776465403423127e-03
3.423634067530623507e-03
5.977795975219432276e-03
4.507196243583524650e-03
3.002315460966669108e-03
3.608114525534017718e-03
3.720093268724999989e-03
3.375217018074522582e-03
3.696806553777532041e-03
4.689602733375109085e-03
2.656483179283706652e-03
5.877485269184449905e-03
9.018647616915256154e-03
3.486056349599338158e-03
3.254073309334941030e-03
4.471005554308962564e-03
4.717772315375166371e-03
3.601011889166897545e-03
2.417663716591089869e-03
4.418294891284021107e-03
1.016187931111628764e-02
6.022506852262667076e-03
4.007190331302729926e-03
4.206933182946506408e-03
4.506716447583114689e-03
4.885315313343228417e-03
7.462620731925238837e-03
2.990013062847325133e-03
2.685939642499760461e-03
3.034374154838402789e-03
3.731400721372855715e-03
5.185914274020337472e-03
2.520097274159908540e-03
3.569013302386457673e-03
3.088558991728508705e-03
5.071996288781656197e-03
5.526070853622811439e-03
5.027860377145997040e-03
4.337314084163023005e-03
6.044700897642420537e-03
5.171423289447503804e-03
3.945392489267867363e-03
5.271751723413230228e-03
5.357556532975611858e-03
6.452107216486146178e-03
6.193201382869218709e-03
5.215358239549251762e-03
5.274236742139072273e-03
3.752118165815460354e-03
2.574887276762780324e-03
6.985291339377814289e-03
4.270230181461143713e-03
3.816924401406908331e-03
2.574569652855135046e-03
3.204802223286271502e-03
2.701688880197454685e-03
2.698474390314108042e-03
4.090334102432898258e-03
5.236775231250222901e-03
3.581526336305745645e-03
4.740894672598670173e-03
6.321425551384717706e-03
2.934428963577109372e-03
3.926637768218949574e-03
6.313005315738718162e-03
3.720769805630129955e-03
4.009182392601623977e-03
5.284551859096289078e-03
2.588623878677776772e-03
3.896052638192081755e-03
5.288862978135871855e-03
4.381207804626358407e-03
3.744583281467778017e-03
6.827743748945403791e-03
1.404091269044311675e-03
4.089593074159215101e-03
5.616436727144965592e-03
2.751576419791016553e-03
2.740087208568818457e-03
4.868745098150534419e-03
2.353141461067916052e-03
2.164130810711486445e-03
5.355007704625728594e-03
3.043246792201462301e-03
3.298541955866853004e-03
2.919014138197195598e-03
3.679186805840883260e-03
3.357418421190856098e-03
5.852830199762558763e-03
2.519290895893654385e-03
5.970425670642907218e-03
2.816265094737079814e-03
3.594458356606238057e-03
3.238725314298081075e-03
4.397658306775909832e-03
2.668692033993171845e-03
4.174592109429394772e-03
6.010110730918854019e-03
4.219944062599681293e-03
3.124254373953842204e-03
3.409079664568271696e-03
4.728363347623277570e-03
3.254211857517068547e-03
6.761843324115761160e-03
4.358984191139420906e-03
1.793134533192780123e-03
6.239710948563951219e-03
1.528721237224093697e-03
2.651653383563868944e-03
2.783377206870595380e-03
2.774518981623343931e-03
3.232884341717222765e-03
4.113991337087765689e-03
4.117423738799388250e-03
3.635383083009402147e-03
2.125184003464672573e-03
9.681246939513352004e-04
2.142169768749270595e-03
4.798554516022633491e-03
4.067088366443545600e-03
5.826348480116525820e-03
2.950518042423776362e-03
3.951471241769725570e-03
2.127350839032747434e-03
5.692346124675506068e-03
2.568527967758436892e-03
5.550549883442254355e-03
2.411928516541228008e-03
1.928136437696863778e-03
4.606588473645707726e-03
5.550954034771815940e-03
3.727354878076208529e-03
4.360037791262099879e-03
3.840825168102683217e-03
3.803031305666894259e-03
3.915449500863001780e-03
5.995847586071447778e-03
4.710009293866260563e-03
3.203324181455719389e-03
3.906403411137235500e-03
7.128688136186181468e-03
6.894125555447227355e-03
5.454224823125144138e-03
2.938502277634740239e-03
3.683803157833753696e-03
5.543439869504442237e-03
3.516546189936345466e-03
5.797478143555454856e-03
1.870564226829765165e-03
3.202114374803836233e-03
4.288721698240712324e-03
3.945858174449251056e-03
5.354333116224223137e-03
2.372094015648235684e-03
1.960855964477308845e-03
5.053983923831022705e-03
2.457897227055659550e-03
3.772658672253377445e-03
4.818612016840559224e-03
4.417369770859502082e-03
2.883909368342280326e-03
5.982727571267536064e-03
5.415621966386442894e-03
2.487391536396201148e-03
4.966729037738927023e-03
2.185775665591895445e-03
5.106793795137613834e-03
3.691242422075918881e-03
2.772670120351696139e-03
4.566087652779526537e-03
3.639865828428269934e-03
6.117828791519663682e-03
6.149331811370937519e-03
4.351803482597122429e-03
5.194821239481246973e-03
3.052710769797998928e-03
5.178180009336562882e-03
3.580681817925829118e-03
3.588903445560747644e-03
4.304404428415233366e-03
4.943500787760086307e-03
4.328471608516065196e-03
2.883592135546795502e-03
5.619998243727801143e-03
5.381642173404705375e-03
5.193687973809509376e-03
3.760662931375109968e-03
2.849012485535448377e-03
6.837091467034430228e-03
6.083598608614885876e-03
5.900528817291606290e-03
2.657690862967918358e-03
4.052330441040821740e-03
6.014350739265408342e-03
5.211965584904945485e-03
2.813179078686731897e-03
3.728269166885063695e-03
5.383191061336680371e-03
5.461243051885432756e-03
5.625668829922465287e-03
3.893756771560627408e-03
3.729676404669514389e-03
1.820993683388903543e-03
2.879254108634923467e-03
3.101832437446990203e-03
3.237790106518869185e-03
4.114883962857338734e-03
4.460586933340465569e-03
2.649657116846073756e-03
5.014909108114284572e-03
1.756644867425096292e-03
5.595377123648706194e-03
3.843386304096563753e-03
5.644116166286453594e-03
2.621292147836904070e-03
3.403715819250181882e-03
6.729460096117431331e-03
5.958915827756845231e-03
4.242972553969258723e-03
9.153622824668883676e-03
2.146465971624483306e-03
3.821400433390053416e-03
3.589735969738256424e-03
4.688566740389305335e-03
5.541650195736093527e-03
2.980966091868977527e-03
2.341581707695627058e-03
4.382098757019722152e-03
6.623078718357794381e-03
6.872505582478254105e-03
2.676402248528649951e-03
5.546686275063730798e-03
6.213909376501300721e-03
6.482829565126298904e-03
3.887432290592320299e-03
4.025706144564438968e-03
3.398368727591856257e-03
3.865380792677278275e-03
9.303688926515273419e-03
3.487631640445631575e-03
3.631444995120341763e-03
2.961353069798953411e-03
4.511207009370541386e-03
2.011396653603204476e-03
5.878763364783164136e-03
2.691399577738378106e-03
3.849606449489931161e-03
4.934326000744931190e-03
3.061951132109073936e-03
5.215977731996694275e-03
3.058161450059243124e-03
3.665100135684679766e-03
6.936150131688642931e-03
3.375015228546751709e-03
4.804552926323086941e-03
2.590594169421421220e-03
3.399631962674382231e-03
3.106665624146568404e-03
3.296102453590226983e-03
5.254078857418166548e-03
5.281560960435033834e-03
3.732822015347892885e-03
4.128591341255001719e-03
2.249161602856773572e-03
3.478614291916289417e-03
6.876372789561050608e-03
5.560066285027419862e-03
5.042547319310041604e-03
2.863308537049417263e-03
2.120462299970489028e-03
3.956382477424203944e-03
5.600800866848254164e-03
2.441588209656095614e-03
4.623664889569637990e-03
3.084720274046348545e-03
4.388098234159487805e-03
5.294477342618180912e-03
3.620396465969444571e-03
5.487402246493683702e-03
6.350441209891789784e-03
4.593597102948938915e-03
3.689902174723034764e-03
2.777547602250015485e-03
3.927151461476040793e-03
2.319249819301276785e-03
1.893531548432240974e-03
5.241427660275977014e-03
2.817970598469161751e-03
3.208771923509457728e-03
6.928912331408944303e-03
4.322955745226036116e-03
4.042154285299085631e-03
4.837738616063454872e-03
4.811502143544369586e-03
1.737353489735595467e-03
3.220976891778908491e-03
2.689524089726404686e-03
1.178843010497749536e-03
4.728087890454487664e-03
3.013776708350998645e-03
5.315810811137679399e-03
6.640937784779013878e-03
2.949145131399340432e-03
8.287484461499095359e-03
3.058351174044700044e-03
4.661954812746826708e-03
8.164434420889639041e-03
2.633137337858880433e-03
7.077051573593310871e-03
4.627919433483005870e-03
4.937346903096897187e-03
4.360167282775112216e-03
6.088102390623973889e-03
1.126116136535660305e-03
1.855105894592661573e-03
2.282855962813759142e-03
5.021737696104134480e-03
5.658648605373088961e-03
4.953228260178333363e-03
2.107218651196610636e-03
2.109091156687972930e-03
4.515808582618786177e-03
3.963271478092112755e-03
3.488337838909281226e-03
3.201025807042952569e-03
2.775706332466831589e-03
2.470332371837574183e-03
4.832438389798781458e-03
2.768883371442992878e-03
4.809779165152989512e-03
3.779696987075119915e-03
6.979942580542484142e-03
3.499561185286090715e-03
5.361586284903996878e-03
5.079935567280814170e-03
2.972707636955983831e-03
2.850593849530135265e-03
6.323601314058024687e-04
3.189023126152570192e-03
3.910885533805114056e-03
3.422043864265656918e-03
8.590080714874956044e-03
4.872085811563350334e-03
5.565864441813245939e-03
4.145016077504932658e-03
4.643045011221138760e-03
4.980357731731238462e-03
1.784922565237722497e-03
3.741008218521529091e-03
2.313641817337026146e-03
4.843194792294842899e-03
2.655851911831147785e-03
2.697325566822708545e-03
3.187831802345207546e-03
1.523841207778090911e-03
5.065639610741782921e-03
2.064484526499891105e-03
2.479553320831729031e-03
2.489794767861715653e-03
4.342008742344271623e-03
4.303595760879099646e-03
3.883295174541254863e-03
5.531872787457460527e-03
4.712546080400276463e-03
5.039468024281334828e-03
3.664753000719936024e-03
4.361188960579273459e-03
4.352832473676938874e-03
3.681735029981586440e-03
3.361849215986228122e-03
2.360315807940825770e-03
7.697099989315382002e-03
4.526242429142583214e-03
3.273376715058189893e-03
5.564440540141603678e-03
5.658706379962821081e-03
4.335417712296261300e-03
3.257057212375130770e-03
3.087472206826486886e-03
3.379693697962757488e-03
5.278282021648139470e-03
4.196252728280931363e-03
4.713796141883234460e-03
5.919483716048426838e-03
