5.369096772521111394e-01
9.403989170782348639e-01
9.984681082120752116e-01
8.801526588321526567e-01
8.407413587483324457e-01
6.957948630528915102e-01
7.784105451894024474e-01
9.010125808816020765e-01
8.143748794020021498e-01
5.481865366308691367e-01
5.954514479387591486e-01
5.997087914472513104e-01
3.081048199971592183e-01
5.816889998854449795e-01
3.318197322724895648e-01
-7.603155024069602197e-02
6.122428408270372269e-02
1.760937870409858830e-01
3.234913318854909514e-01
-1.794119333508692182e-01
3.400751320501453623e-02
2.396286844891926671e-01
-3.122660090998212734e-01
-9.480329052246078136e-02
9.923938114087051121e-02
3.977324161285730048e-02
1.315513518759348446e-04
6.281277011203263705e-02
-1.524730090019945639e-01
-2.861291312292220668e-01
-4.706687735253646254e-01
-3.677813660812882524e-01
-3.157477612673076917e-01
-3.150499344786403810e-01
-3.271645335173855029e-01
-3.857357603724517192e-01
-3.330049642557876277e-01
-2.862249329490680338e-01
-1.756419955310954129e-01
-1.662469165198836030e-01
-2.458580136679143491e-01
-3.672714825505637437e-01
-3.696773497558625277e-01
-3.176532236380087970e-01
-3.470787076264678084e-01
-1.373168918503073488e-01
-1.651009538942490307e-01
-4.465626292522129059e-01
-5.081412537462366430e-01
-6.595310871910819994e-01
-8.578845328803641479e-01
-8.913704244111472219e-01
-8.464862372283635805e-01
-8.506963195966493751e-01
-1.223591238056864983e+00
-1.111149466326953661e+00
-1.070090413687537989e+00
-1.052108130771545635e+00
-1.177712796123472128e+00
-1.146819541678307353e+00
-1.085763023525481596e+00
-1.224774093063248692e+00
-1.322200930931573426e+00
-1.522050368172740642e+00
-1.547547012067193473e+00
-1.307523875083423492e+00
-1.176674571924062329e+00
-1.316228262960672746e+00
-1.397531062299839588e+00
-1.300016175773124560e+00
-1.181099742932765650e+00
-1.059564951129558619e+00
-1.045839188227833283e+00
-9.567772714212589014e-01
-8.504129568692220253e-01
-1.144381722545745550e+00
-1.262523001475590156e+00
-1.133615129654687470e+00
-7.682269550898644939e-01
-9.346295298604530011e-01
-9.265616481956033823e-01
-7.926576861656963180e-01
-6.224713960627357157e-01
-4.245342193760462401e-01
-3.687869480477626860e-01
-3.352510424346328843e-01
-5.184349520210650430e-01
-7.742151584603583769e-01
-6.356013116974590371e-01
-7.124230088469138966e-01
-8.062284979509699578e-01
-7.959986336015819619e-01
-8.782932543394080804e-01
-9.252699367034742384e-01
-1.040592424963302065e+00
-9.470617361602562401e-01
-9.958747951611033322e-01
-1.007477660018072818e+00
-7.569395619405734355e-01
-6.855442473201913689e-01
-7.171952515552361129e-01
-7.766121476902205778e-01
-9.080744961065850829e-01
-8.600583362387022035e-01
-9.088203152924193562e-01
-8.456383962345436212e-01
-9.573332950193054192e-01
-1.141511322122227501e+00
-9.649738265338534404e-01
-9.371555054839776355e-01
-9.029400593755667614e-01
-9.072083990257344688e-01
-1.073605394742586983e+00
-1.260387752742292644e+00
-1.251159268969222360e+00
-1.129059016496619883e+00
-1.207470466745891535e+00
-1.177054223501481811e+00
-1.510929683213017238e+00
-1.247615615117701804e+00
-1.230419029036584400e+00
-1.139802383034993705e+00
-9.945864303912558269e-01
-8.173765193491729919e-01
-1.175258122689003981e+00
-1.333317590084448501e+00
-1.490966205197261196e+00
-1.441745305380869313e+00
-1.410144618369108649e+00
-1.309694271287017209e+00
-1.637589655143858236e+00
-1.699385889567052610e+00
-1.838174107772693411e+00
-1.780135116542633567e+00
-1.639604697091962437e+00
-1.879525488693977842e+00
-1.873049570274824438e+00
-1.748706730189239389e+00
-1.562383237076921061e+00
-1.421209281939475488e+00
-1.375997675007634591e+00
-1.573852586303017720e+00
-1.593773593209193651e+00
-1.643934241069000102e+00
-1.228860847592719407e+00
-8.709187636542103927e-01
-6.605653753261415684e-01
-8.718862423341958712e-01
-1.161588970103159646e+00
-1.385340509776738394e+00
-1.297859640787595525e+00
-1.307305880347397142e+00
-1.851999679295529999e+00
-2.087117288483247179e+00
-2.274283305275293543e+00
-2.520678296876140756e+00
-2.229914675857001427e+00
-2.249312810750196512e+00
-2.038218012086281838e+00
-1.896695669201332812e+00
-1.942110573850478694e+00
-1.648201849128807517e+00
-1.516713079917646478e+00
-1.284419885735259781e+00
-1.262882759755347140e+00
-1.320631164824620507e+00
-1.386666494337930544e+00
-1.545977454370415893e+00
-1.620078872348324373e+00
-1.613566473787528821e+00
-1.390220327150140989e+00
-1.620553622999242771e+00
-1.545921490949135668e+00
-1.526923636781706950e+00
-1.610575624059560340e+00
-1.438206467735325900e+00
-1.690944347582043150e+00
-1.978649421552291621e+00
-1.723248332052540910e+00
-1.771908985103817225e+00
-1.842322519810929871e+00
-1.666016642630931521e+00
-1.968115856228420002e+00
-2.195175385354289688e+00
-2.282334291125803549e+00
-2.177201254558587262e+00
-2.354998808695058621e+00
-2.336081086364935278e+00
-2.184720167464493823e+00
-2.165508726713721632e+00
-2.129768633358496643e+00
-2.006772322477763382e+00
-1.836283986995645989e+00
-1.692799452511048353e+00
-1.883174355680998779e+00
-1.906073942988087966e+00
-1.617681297340162860e+00
-1.680716158638091207e+00
-1.967485530512376180e+00
-1.947604921506458142e+00
-1.725735561472496737e+00
-1.345110344504490518e+00
-1.228307807521839656e+00
-1.466257014656432212e+00
-6.883279312017075435e-01
-9.924435275315732774e-01
-9.124471061621493018e-01
-1.225902398768420332e+00
-1.108158844695621204e+00
-1.081061946692113196e+00
-1.163386649199144474e+00
-1.043768118306059645e+00
-1.190819242680992041e+00
-1.296597139390295528e+00
-1.578767851897324270e+00
-1.610787281755752476e+00
-1.218698296801212777e+00
-1.406871298757942812e+00
-1.458801408261859223e+00
-1.323766991925482861e+00
-1.232792630052190752e+00
-1.405766947223562102e+00
-1.585342655769161668e+00
-1.605095538748095629e+00
-1.429985091561813970e+00
-1.900407179676523395e+00
-1.924004758069181698e+00
-2.012221016109288829e+00
-1.727604892479981835e+00
-1.808972194412015178e+00
-1.869083160118196529e+00
-1.931038248772871668e+00
-2.100734176446610757e+00
-2.323195885367570934e+00
-1.997463836436850659e+00
-2.181443890321525636e+00
-2.231195242291504677e+00
-2.163408682465268740e+00
-2.293922166990371547e+00
-1.777577497977304466e+00
-1.430328590255245613e+00
-1.626032549334131438e+00
-1.634301991275073140e+00
-1.331312377834879213e+00
-1.379428774422836623e+00
-1.269758975137082357e+00
-1.367758467377535370e+00
-1.639127453563699710e+00
-1.756458143586882015e+00
-1.688887446302518081e+00
-1.458091971235005335e+00
-1.100830155557501966e+00
-1.515017745307426500e+00
-1.569257367695630956e+00
-1.497184868578289585e+00
-1.368999875908494479e+00
-1.736909015208248475e+00
-1.697326418873629894e+00
-1.565673309273848623e+00
-1.426375825798942953e+00
-1.619785496381649370e+00
-1.845037733519530265e+00
-2.007689451591420760e+00
-1.852857706076311395e+00
-1.551795086597119067e+00
-1.410690153469445818e+00
-1.741661497314056284e+00
-1.727565331474022248e+00
-1.497187675407016583e+00
-1.498636630313851192e+00
-1.698666242346869248e+00
-2.008069239713210496e+00
-1.817570260746594668e+00
-2.128712500875549196e+00
-1.741296105402961869e+00
-1.025513612635920557e+00
-1.347640015973993410e+00
-1.266437201541229740e+00
-1.278704019447223006e+00
-1.388422682047188106e+00
-1.576535325856231351e+00
-2.065997404667599291e+00
-1.927675421778814346e+00
-1.982442820759647617e+00
-1.557056982556552338e+00
-2.021859857228073487e+00
-2.051315908222144380e+00
-2.098175151101088431e+00
-2.363356736510439315e+00
-2.303443232997606671e+00
-2.035539643431978352e+00
-1.929095872416909163e+00
-2.031081468535791412e+00
-2.022172872327925308e+00
-2.200262046570779617e+00
-2.621819408215983138e+00
-2.387685168762421650e+00
-2.380006664587115406e+00
-2.380529936490161980e+00
-2.438603417460685208e+00
-2.789227919562359048e+00
-2.887711123637390020e+00
-2.364259307597853077e+00
-2.315507442668874205e+00
-2.233680999695568214e+00
-2.365003188763287412e+00
-2.030109410597584318e+00
-1.465561266279320707e+00
-1.323749854080474186e+00
-1.597807008756476632e+00
-1.890926114542016423e+00
-1.896953876239380499e+00
-1.952558925556022285e+00
-2.357811873725285334e+00
-2.040636928184479615e+00
-2.314637189776720838e+00
-2.642402742449649011e+00
-2.762087166454825216e+00
-2.503841222268997857e+00
-3.280909021240104195e+00
-3.108126194202659676e+00
-2.821345602055921553e+00
-3.220747037509883892e+00
-2.793942351855598361e+00
-2.605874128636502807e+00
-2.085711332870961332e+00
-2.061613496018881886e+00
-1.930162223578322900e+00
-1.519043328336215248e+00
-1.666884948198495975e+00
-1.625050452399571466e+00
-1.834892694342485253e+00
-2.393908653827372390e+00
-2.528451698946876380e+00
-2.474877308368694351e+00
-2.208233493840873862e+00
-2.525392251702525126e+00
-1.857451756050400915e+00
-1.670634734551047718e+00
-1.320160722197988967e+00
-1.670615762313734987e+00
-2.068036045158081038e+00
-2.473507773101985663e+00
-2.565658147673421929e+00
-1.972470648450007635e+00
-2.092885169305589876e+00
-1.517135287637617402e+00
-1.788723787442575874e+00
-2.024356431435657022e+00
-1.895675090681669284e+00
-2.590738461116127045e+00
-2.258303545530656375e+00
-1.791084133344670759e+00
-1.900458369718918128e+00
-1.716162137053518499e+00
-9.492993584054933986e-01
-9.371465738544435542e-01
-1.821865756126785918e+00
-2.215714592720885001e+00
-1.903378397807089506e+00
-1.353030535452190541e+00
-1.784266848767110503e+00
-1.109345797978746884e+00
-1.306364117240023104e+00
-1.086815408189241161e+00
-6.812190059639703366e-01
-9.035647196784589441e-02
-2.509631921789801101e-01
-1.912174667806302297e-01
-7.998253857440124071e-01
-9.737715279581217187e-01
-8.931154452885368134e-01
-1.080223276031175850e+00
-1.119188380567643692e+00
-1.483550277569249509e+00
-1.491051051056581978e+00
-1.373911276507478796e+00
-1.131571557021612939e+00
-1.072920292990372282e+00
-1.576859073101051001e+00
-1.517689479715349510e+00
-1.343591991755045179e+00
-1.041744957551652639e+00
-6.518054795314066618e-01
-5.289896705749127515e-01
-5.938695690135955552e-01
-1.522548532406055921e+00
-8.514824676766897804e-01
-7.159639605281704622e-01
-5.362049633616804423e-01
-4.385980197570653050e-01
-4.714953691641267097e-01
-5.756319031672892939e-01
-8.187231187790077191e-01
-1.410944622600279752e+00
-9.696734044898597249e-01
-7.424126891428173280e-01
-6.323709416314362564e-01
-8.470039207223539757e-01
-1.010021373924949728e+00
-7.915174929632571299e-01
-1.453297346433406467e+00
-1.028283897756573584e+00
-1.030082911351940300e+00
-1.637728430358422749e+00
-1.744940372979401522e+00
-1.425985262085828209e+00
-1.280410518601257763e+00
-1.149119318265449330e+00
-1.687438772951022958e+00
-1.636510077933001961e+00
-1.534810175504513152e+00
-1.274516722930856050e+00
-1.408216794187957532e+00
-1.566030006794713492e+00
-1.474853510324808603e+00
-1.227997663844452081e+00
-1.001374969101835433e+00
-1.045454512852391993e+00
-7.006867362051600878e-01
-3.537781235289332304e-01
-2.093493038277694229e-01
-1.273793256513753303e+00
-1.625893166849861293e+00
-1.495853010290347340e+00
-1.203833211206358333e+00
-1.147763111234040956e+00
-1.065487433737867251e+00
-8.388768311554885004e-01
-8.444743477589132796e-01
-1.259743318303530257e+00
-1.523502329483558348e+00
-1.111487719389862683e+00
-9.592665921773017024e-01
-1.477859136592160061e+00
-8.363427279922427404e-01
-8.142123920985829821e-01
-8.590296505823677986e-01
-8.648472502823850716e-01
-1.705810162434898247e+00
-4.858136690102055510e+00
-4.810765914945242194e+00
-4.796529076758575982e+00
-4.714151928661720170e+00
-4.734854540717456040e+00
-4.613916490240431045e+00
-4.437345926632381143e+00
-4.423309746223770489e+00
-4.410112950121827247e+00
-4.675013138184471728e+00
-4.577140059746777290e+00
-4.365528555749825124e+00
-4.397534075710105128e+00
-4.364758921608483888e+00
-4.379211143952250751e+00
-4.436890053624831687e+00
-4.449540819929143076e+00
-4.573589239397043649e+00
-4.366436679318943526e+00
-4.683836796290687943e+00
-4.727454932094720341e+00
-4.689604964478015781e+00
-5.063149897715637060e+00
-4.840180040762286140e+00
-4.466497270725377611e+00
-4.319601440486880328e+00
-4.290794900586215377e+00
-4.094258704327900844e+00
-3.926538913950832654e+00
-4.272096730792040553e+00
-4.513319053576803519e+00
-4.368660589389445903e+00
-4.286453636390769262e+00
-4.252740241304013402e+00
-4.450494580602490480e+00
-4.556517329464583099e+00
-4.377134301216851320e+00
-4.487264649125634719e+00
-4.532634596797479709e+00
-4.532766838397633613e+00
-4.556747530407284863e+00
-4.677122024031551639e+00
-4.708717184498155461e+00
-4.549202862586791518e+00
-4.545063787343190498e+00
-4.209756280727538602e+00
-3.941112772883792026e+00
-3.995770942487590904e+00
-4.068351680055986463e+00
-4.088492195464376699e+00
-4.144566769758965208e+00
-4.370977647750125428e+00
-4.182879803785805706e+00
-4.216537813581167526e+00
-4.574932734903290665e+00
-4.517797472720721963e+00
-4.622828490660722878e+00
-4.613380185600912675e+00
-4.743216530961896105e+00
-4.654900029007063011e+00
-4.881310611433414159e+00
-4.954335273814279184e+00
-5.214988877758879759e+00
-5.531189083558299302e+00
-5.716995592671450410e+00
-5.585351162775204159e+00
-5.471829264832275719e+00
-5.533616170420346592e+00
-5.633970946617448128e+00
-5.654790780260094074e+00
-5.632894187639747585e+00
-5.431431751946724340e+00
-5.377917594036533799e+00
-5.238290811425863502e+00
-5.088685080755366741e+00
-5.352894208438859103e+00
-5.645230133081070356e+00
-5.582776043622498463e+00
-5.154280058775739803e+00
-5.196225318948140881e+00
-5.196129225372384752e+00
-5.200929385937658189e+00
-4.916909729128298601e+00
-4.779471265140187164e+00
-4.508168854446341633e+00
-4.345158819818408347e+00
-4.540039549277809172e+00
-4.847788423579310724e+00
-4.593572685713997572e+00
-4.652453245489224898e+00
-4.895483363061739368e+00
-4.946167237281496654e+00
-4.967251392860641879e+00
-5.012994889782191876e+00
-5.024603787598520555e+00
-5.043777305196726957e+00
-5.020296305716113849e+00
-5.268221172065007174e+00
-5.164937093684699221e+00
-4.951063279945004503e+00
-5.032266092987642381e+00
-5.157792288491729771e+00
-5.338319460625958079e+00
-5.453949815205788809e+00
-5.424731603958284687e+00
-5.474104448267984147e+00
-5.559709269958211131e+00
-5.736937983965472831e+00
-5.621265728536689821e+00
-5.396024123878065737e+00
-5.358179496450749646e+00
-5.253390986375046090e+00
-5.274936863759845274e+00
-5.483099446473833183e+00
-5.673387638584747705e+00
-5.840116037356267498e+00
-5.965512682887903928e+00
-5.900500797194784930e+00
-6.296046492435343644e+00
-6.184604520758046675e+00
-6.163144624523114956e+00
-6.238789749864425360e+00
-6.070511995234024738e+00
-5.771429713829975050e+00
-6.116987106607711056e+00
-6.127434614595703266e+00
-6.236788897483045879e+00
-6.349498024570054966e+00
-6.251898099442644074e+00
-6.190231747330772194e+00
-6.373160480043789988e+00
-6.539076027398176727e+00
-6.753983481212393336e+00
-6.568609272879054828e+00
-6.266990987733297658e+00
-6.626675750622933236e+00
-6.734092758395362921e+00
-6.682357016142108641e+00
-6.545187080122364165e+00
-6.524436123464931292e+00
-6.545385210800538367e+00
-6.611059497867576518e+00
-6.621232555834448696e+00
-6.760364286132425349e+00
-6.379528664687384776e+00
-6.089750897514018213e+00
-5.809920525121138546e+00
-5.893747663174497831e+00
-6.038625939139724785e+00
-6.190376500694264372e+00
-6.103776704072775061e+00
-6.195847661923417071e+00
-6.518612721751519956e+00
-6.584046405323539908e+00
-6.608171375285524007e+00
-6.920597197428286940e+00
-6.763154536148046958e+00
-6.858847326358225693e+00
-6.589813261424869673e+00
-6.327601310376353538e+00
-6.398570205330073257e+00
-6.060395573285859427e+00
-5.808101706777421214e+00
-5.694559297465021430e+00
-5.652413649335430890e+00
-5.672845534269503887e+00
-5.756419909673124558e+00
-5.792754979956259653e+00
-5.898913295939594903e+00
-5.883640518966434918e+00
-5.835109558610404257e+00
-5.846808315053535487e+00
-5.841202004463434072e+00
-5.937037359764421041e+00
-6.038512690699920249e+00
-5.885600853201381710e+00
-5.952210937415834735e+00
-6.082638922252892932e+00
-5.869285940178830430e+00
-5.984816941189395223e+00
-6.026656535936220749e+00
-6.063517181402049872e+00
-6.122049234526047101e+00
-6.120351187330246745e+00
-6.028482457487062796e+00
-5.963474840925020892e+00
-6.016950610529757881e+00
-6.078434808630725605e+00
-5.907720395448117223e+00
-5.855873007862951951e+00
-5.752722024692650926e+00
-5.614449189321196521e+00
-5.545875288829105187e+00
-5.326233128718690146e+00
-5.450309825952416531e+00
-5.338328055648794646e+00
-5.074588418599453199e+00
-5.158328331838498038e+00
-5.335877438216709123e+00
-5.374891378506783113e+00
-5.265051524006508998e+00
-4.881073063789260758e+00
-4.839980254773407431e+00
-4.947808189825545711e+00
-4.356590250114891205e+00
-4.572469687736581356e+00
-4.523624114515810923e+00
-4.431390312937003806e+00
-4.217951209031245874e+00
-4.223542033260120121e+00
-4.174310419885737033e+00
-3.901473120361856672e+00
-3.938113499901314984e+00
-4.005877544738682516e+00
-4.020407248658065313e+00
-3.928593178075116654e+00
-3.654724319733246851e+00
-3.812126146229666723e+00
-3.806438636893569427e+00
-3.656278468510966828e+00
-3.732690623786222961e+00
-3.800464842286274347e+00
-3.983221451729880513e+00
-3.879986337927524787e+00
-3.687866652186594596e+00
-3.932782144873313790e+00
-4.094792870277664143e+00
-4.067505458368207094e+00
-3.895201283712784512e+00
-3.894481622014370981e+00
-3.958207390294369965e+00
-3.972826158292897425e+00
-4.136379287123689963e+00
-4.353375293985256356e+00
-4.180320682464677695e+00
-4.247684213156629696e+00
-4.439814935747818048e+00
-4.539130765115008792e+00
-4.440827414901990622e+00
-4.262745389513625582e+00
-4.038180966075823441e+00
-4.164428861928167080e+00
-4.256798467233696925e+00
-3.984499823534537466e+00
-3.959287387131662062e+00
-3.758150449911962898e+00
-3.846190265569009004e+00
-3.929024425055278602e+00
-4.032381467207616588e+00
-4.082678787014220489e+00
-3.776627660062080949e+00
-3.585152192242713642e+00
-3.683811652382585677e+00
-3.792127379364285122e+00
-3.619754067703139011e+00
-3.395307799092257106e+00
-3.512410346809374584e+00
-3.371391459165804960e+00
-3.324433368784231568e+00
-3.262091202049654193e+00
-3.348327944735391970e+00
-3.581748789660196053e+00
-3.628223375794517480e+00
-3.569263060292033440e+00
-3.552099577381682138e+00
-3.405112741471905125e+00
-3.636436966134682258e+00
-3.689308076898523137e+00
-3.623368393651745123e+00
-3.759239849540309208e+00
-3.834565564356696044e+00
-3.945591586729626066e+00
-3.804177996619100721e+00
-3.994053592675918196e+00
-3.800148330446995182e+00
-3.253533124500822105e+00
-3.265360927709022310e+00
-3.288884223912335258e+00
-3.404600272431618002e+00
-3.598442537605434310e+00
-3.809551371595320646e+00
-4.023858642868091806e+00
-3.884375728542178496e+00
-3.833136757549406415e+00
-3.589945086383690143e+00
-3.780685077635715707e+00
-3.777608456655610514e+00
-3.778381418879182885e+00
-3.866773552920997226e+00
-3.781682024768146633e+00
-3.645295798981722513e+00
-3.687664248375677634e+00
-3.721184959753431443e+00
-3.713050170210488776e+00
-3.764826644213884244e+00
-4.071838559881030051e+00
-4.016341861176488948e+00
-4.015871968913332424e+00
-4.028888314117070379e+00
-4.024367822251855742e+00
-4.184897331362198436e+00
-4.303769768241966887e+00
-4.229484099504300154e+00
-4.155147594944357259e+00
-4.065053060949319175e+00
-4.201181524909454623e+00
-3.885116726143538646e+00
-3.544661576967081729e+00
-3.328569080657166168e+00
-3.349279644781410603e+00
-3.413299494526321531e+00
-3.434498064603045631e+00
-3.506055900747194531e+00
-3.787201916770401411e+00
-3.731109971108958590e+00
-3.768020039407981248e+00
-3.839804852223285270e+00
-3.754566175029462105e+00
-3.875674702144889849e+00
-4.347089315626671890e+00
-4.315430822273929046e+00
-4.107955927552023212e+00
-4.302888133153130568e+00
-4.228053352258783093e+00
-4.295028779209506098e+00
-3.989059733380318828e+00
-4.058495591689721849e+00
-3.963621555087220028e+00
-3.703029971846938828e+00
-3.656490179900363291e+00
-3.453711250352788475e+00
-3.489681160312295916e+00
-3.852722846867149276e+00
-4.092255070315423460e+00
-4.087335930633646086e+00
-4.013029420628414279e+00
-4.052296243863481529e+00
-3.780937783797848173e+00
-3.672132680758464218e+00
-3.514727724835333245e+00
-3.672358770676587447e+00
-3.844382270019843340e+00
-4.153692723404432741e+00
-4.271991739045430059e+00
-4.096813821282444756e+00
-4.226799942020295298e+00
-4.029326656250912464e+00
-4.123912866906175090e+00
-4.271117011305121558e+00
-4.167256579618669576e+00
-4.504910314420131456e+00
-4.481377645509272867e+00
-4.290103188647389487e+00
-4.255121532586016109e+00
-4.059524338889325179e+00
-3.756746787203689486e+00
-3.653859663302960747e+00
-4.031031967870922550e+00
-4.198722375831613896e+00
-4.104717199330597310e+00
-3.995473421976607487e+00
-4.173541190982281712e+00
-3.967716111005638258e+00
-4.028895832157879831e+00
-3.946301274236168055e+00
-3.584792561131125765e+00
-3.328438061227059208e+00
-3.243905140599327996e+00
-3.170410780549713703e+00
-3.438406868919676729e+00
-3.506022305259973493e+00
-3.474001431425720376e+00
-3.499664683720558500e+00
-3.602796698708426337e+00
-3.765438919026130371e+00
-3.698034252914281339e+00
-3.646349178351647069e+00
-3.567339637066333502e+00
-3.510360393595741257e+00
-3.699898797760899694e+00
-3.621871166404043496e+00
-3.619781895087178292e+00
-3.493531236553753860e+00
-3.354234576270571644e+00
-3.230657128136098066e+00
-3.235455841914824493e+00
-3.591262937405169886e+00
-3.439977222478484364e+00
-3.331393403293654742e+00
-3.217614891758989071e+00
-3.055656001549016842e+00
-3.156002767239444395e+00
-3.104520970079022391e+00
-3.147019214947351262e+00
-3.374583283538175049e+00
-3.188537999305681048e+00
-2.995666214782540138e+00
-2.892032777036186886e+00
-2.831161157589617172e+00
-2.827918533473348095e+00
-2.934953162479816413e+00
-3.127876912801999865e+00
-3.157976381128206000e+00
-3.227103274828799329e+00
-3.485880722494307804e+00
-3.569072861287176046e+00
-3.402381722875860603e+00
-3.487950592125892868e+00
-3.510675102524091873e+00
-3.814192045748688198e+00
-3.681236655389324763e+00
-3.768713998905833140e+00
-3.696695967829304319e+00
-3.845243173255115110e+00
-4.063135384276638007e+00
-3.923841594149829692e+00
-3.771547582187279701e+00
-3.531942995817177966e+00
-3.470614248971628069e+00
-3.407666737457188955e+00
-3.042963121051286191e+00
-2.827997166200728163e+00
-3.128329786362549214e+00
-3.315774003589121222e+00
-3.333298853025965514e+00
-3.207818797536984512e+00
-3.247057927214498374e+00
-3.233342854224000362e+00
-3.108750430565116574e+00
-3.207877715587008183e+00
-3.249294560417836486e+00
-3.389981768623305580e+00
-3.166927598113825848e+00
-3.055968413746542822e+00
-3.299168124202963792e+00
-3.000353939234331246e+00
-2.969872558041272370e+00
-3.024232740139030096e+00
-2.943630048136419486e+00
-3.210540288833687139e+00
-3.247416133377042602e+00
-2.971084774733073974e+00
-2.829840056625512190e+00
-2.951440652569906398e+00
-3.004920929657892259e+00
-3.100717268611111521e+00
-3.227945659618183694e+00
-3.454729757647571731e+00
-3.392652893657514657e+00
-3.441255865009852588e+00
-3.460566766870316613e+00
-3.589113931292473580e+00
-3.765723022181960644e+00
-3.556054202160285893e+00
-3.505123675309585352e+00
-3.239702641160321583e+00
-3.183773390849444773e+00
-3.390208837326875724e+00
-3.696221209760744308e+00
-3.867788209260436094e+00
-3.801006602883819863e+00
-3.736327173786820666e+00
-3.738543858415113164e+00
-3.570802198584098086e+00
-3.581494984908319523e+00
-3.592491571368002568e+00
-3.699666887517151448e+00
-3.756744438693702115e+00
-3.611831088347148278e+00
-3.311821529668779185e+00
-3.381114250669377874e+00
-3.222097176153901898e+00
-3.101126769354872525e+00
-2.927741322657961387e+00
-2.884977294983470664e+00
-2.621090688514731148e+00
-2.594309166934668731e+00
-2.572977447887654368e+00
-2.557866161683227002e+00
-2.540172179830562982e+00
-2.489347930797997321e+00
-2.428250720535612750e+00
-2.274713986128455989e+00
-2.443361749674923811e+00
-2.708113562275412445e+00
-2.744481447587052259e+00
-2.872651765923424083e+00
-2.845326577609414986e+00
-2.945808186744709456e+00
-3.137192877538693025e+00
-3.275007145012167609e+00
-3.318537120000927487e+00
-3.348582203768798227e+00
-3.526560108299120699e+00
-3.450518441722200791e+00
-3.665441014979444745e+00
-3.914439007062259446e+00
-3.829176325688638638e+00
-3.769984965684279210e+00
-3.656427729582344188e+00
-3.787591733666940907e+00
-3.513423141375926928e+00
-3.206846746856297781e+00
-3.014218506392962738e+00
-2.970666774880233785e+00
-2.968474142963506424e+00
-2.969421316438198843e+00
-3.279041969324539618e+00
-3.637005951424638450e+00
-3.583329402180546630e+00
-3.350068112988816793e+00
-2.890821939294678788e+00
-2.576037195174858851e+00
-2.534503868764073076e+00
-2.493657116699386389e+00
-2.254304296696760801e+00
-2.239312491645116587e+00
-2.274610695294950080e+00
-2.284409706170062559e+00
-2.188972653399921864e+00
-2.260592898248365845e+00
-2.193208206870639998e+00
-2.001993187331064128e+00
-2.291822647016429126e+00
-1.923054525164198614e+00
-2.206490732899461626e+00
-2.229925334490337363e+00
-1.905390651939996793e+00
-1.847530945497613875e+00
-1.904953068656787263e+00
-1.708265044321822357e+00
-1.585001313741487117e+00
-1.535519202483829559e+00
-1.591326477683553176e+00
-1.577925555165117677e+00
-1.308629535612943151e+00
-1.439220596338629754e+00
-1.739923111592978300e+00
-1.835904725269748239e+00
-1.925376635081708532e+00
-2.104270762208574119e+00
-2.162455723290991561e+00
-2.025766611050283217e+00
-1.964649018883948051e+00
-1.976104886902692481e+00
-2.164698174994648561e+00
-2.186787562926473694e+00
-1.897091327430306062e+00
-2.174038338464166831e+00
-2.031771890731802976e+00
-2.024797553154758845e+00
-2.089708448311863975e+00
-1.894308695620217087e+00
-1.840369708265948701e+00
-1.945604526763358821e+00
-1.734121520925672399e+00
-1.606161621017413221e+00
-1.566800439457823435e+00
-1.253165054753748953e+00
-1.148653744774835284e+00
-1.096517158136722569e+00
-9.839198222446464692e-01
-1.068793578406919798e+00
-1.178989215647117561e+00
-1.124712975158650208e+00
-1.201248908697206019e+00
-1.265475573904550011e+00
-1.355513693056145108e+00
-1.351265686888447393e+00
-1.383514474450314280e+00
-1.436018227550547532e+00
-1.466909594796379501e+00
-1.244686834803551134e+00
-1.126058666936904817e+00
-1.318522624495647610e+00
-1.447854144076548888e+00
-1.540513114828835350e+00
-1.603083082598845799e+00
-1.467715139208131792e+00
-1.530136648073016969e+00
-1.302211944758519202e+00
-1.320169444293843863e+00
-1.446773109564414517e+00
-1.566709653241287192e+00
-1.636903362069673573e+00
-1.433524494303439978e+00
-1.534350720293395476e+00
-1.378308854111733428e+00
-1.522983793442555189e+00
-1.649591166067325920e+00
-1.536021731253610634e+00
-1.759686640406400215e+00
-1.717264270352182542e+00
-1.763562483057779406e+00
-1.748282256029225046e+00
-1.649585802721371453e+00
-1.725457188480286064e+00
-1.774029089987894547e+00
-1.607388915973930521e+00
-1.462527939394221210e+00
-1.667897544415967825e+00
-1.708636441846643983e+00
-1.731409255836283245e+00
-1.844728321192784071e+00
-2.063526982503237850e+00
-1.796197484400300803e+00
-1.920740730024104836e+00
-2.144733430157359511e+00
-2.225445907036823101e+00
-2.253763488500848400e+00
-2.262903842430696422e+00
-2.357083082552692943e+00
-2.238576172414557419e+00
-2.190611722718196486e+00
-2.189606096560074988e+00
-2.321129649475893508e+00
-2.313083603459496373e+00
-2.452878618553612444e+00
-2.349901329269032502e+00
-2.479287890606929334e+00
-2.426624704956854561e+00
-2.162259743504443499e+00
-2.331401149329426659e+00
-2.173678378518145493e+00
-2.481543728518117220e+00
-2.307085797958311701e+00
-2.389036515287509932e+00
-2.171821472343678394e+00
-2.409854534515234015e+00
-2.075345332987126312e+00
-2.002075951574918022e+00
-2.126743560977608638e+00
-2.233445973322946365e+00
-1.962670609823121470e+00
-1.984917932071973201e+00
-2.326075463260233622e+00
-2.327134253872348513e+00
-2.551745775718697207e+00
-2.526277676001248196e+00
-2.817885223091660674e+00
-2.700655803202137051e+00
-2.811894011843767416e+00
-2.700197830089805073e+00
-2.836588546364840813e+00
-2.645710919711445896e+00
-2.542841600947379099e+00
-2.475627049724153039e+00
-2.590835038720983086e+00
-2.210338429056165843e+00
-2.193226234261424157e+00
-2.294240129350425761e+00
-2.036808587450933850e+00
-2.122860173434683251e+00
-2.227523526701018497e+00
-2.268134274309391962e+00
-2.084764185113323176e+00
-1.851323059602106857e+00
-1.683050188883466358e+00
-1.805728572958972933e+00
-1.903564321991148667e+00
-1.886916926597542954e+00
-1.763862439814441352e+00
-2.285449524519577835e+00
-2.594474042301391226e+00
-2.403232117554503056e+00
-2.456654040764993496e+00
-2.858921781114291960e+00
-2.509070209579814748e+00
-2.343698157421358008e+00
-2.503158924592293388e+00
-2.407101050094049732e+00
-2.305862792241479386e+00
-2.235280175734649433e+00
-2.145047085715785951e+00
-2.263870340178464780e+00
-2.245853342530629959e+00
-1.966478755868658057e+00
-1.900751047977195629e+00
-2.024340390788573529e+00
-2.005688754633666804e+00
-2.084429865589189301e+00
-2.140276669327494385e+00
-1.927028237601683847e+00
-1.842622319780893303e+00
-1.787260007809186257e+00
-1.741373012342426696e+00
-1.898941248552517003e+00
-1.908929046333015300e+00
-1.923646743468457432e+00
-1.853395596646056021e+00
-1.777940767932853383e+00
-1.925531337425946843e+00
-1.993573737607988505e+00
-1.968069161740134687e+00
-2.070389567616340187e+00
-1.948694516367324603e+00
-1.612584111290963129e+00
-1.922906530092933108e+00
-1.710794202170706324e+00
-1.970793963336891164e+00
-1.946126784780018548e+00
-1.897964434287768842e+00
-1.952286418594602502e+00
-1.810040445690285216e+00
-1.548463920298381868e+00
-1.570664037281029657e+00
-1.390291536619382429e+00
-1.426830616042198407e+00
-1.385858058026736783e+00
-1.383434503252702008e+00
-1.466410774248975590e+00
-1.363915232307139735e+00
-1.168536310852721138e+00
-1.208687449987038587e+00
-1.308348161720763736e+00
-1.406657080383466596e+00
-1.286646165288599208e+00
-1.255806686295086960e+00
-9.916047913751719900e-01
-1.220487357232512560e+00
-1.190805760612492881e+00
-1.372064471721598400e+00
-1.523693517469528302e+00
-1.706562945021867339e+00
-1.736647496200319107e+00
-1.732858608501799846e+00
-1.813547080184804372e+00
-1.744562919720068495e+00
-1.682995578868887065e+00
-1.625016208695580833e+00
-1.509285493119657984e+00
-1.706467614013667422e+00
-1.689889515920051766e+00
-1.655098427060642585e+00
-1.324790542962186457e+00
-1.391966946961926910e+00
-1.500005138454687303e+00
-1.697907015661887842e+00
-1.897988113476002603e+00
-1.768156163495718802e+00
-1.576683608847754936e+00
-1.444845622921565376e+00
-1.342937465379214546e+00
-1.225843482770874848e+00
-1.080196307717210313e+00
-1.065743135789183782e+00
-1.091241520683790878e+00
-1.008159971730351545e+00
-9.415537068377967111e-01
-8.660942537898574933e-01
-7.427523405157856473e-01
-5.465748784422395090e-01
-6.229092709190217070e-01
-4.074358400420277082e-01
-3.969003558633799056e-01
-1.455331274511222073e-01
1.262795909532768435e-01
-7.978448416281783140e-02
-1.584878845120681889e-01
-5.070657006442557124e-01
-6.411777674418392969e-01
-5.176304262155148050e-01
-3.425948313873792284e-01
-5.781479636030942282e-02
-1.718725667472596752e-01
-5.154661678511226336e-02
-5.293640539439544747e-03
1.364397263670669991e-01
2.125082148339294263e-01
3.177843352086479056e-01
4.834040112866675454e-01
4.357840601526535851e-01
3.858422383196917771e-01
4.363245430881581011e-01
7.254569645226072172e-01
8.987532015994583734e-01
9.983217526142651455e-01
1.290221038422113775e+00
1.296796243555918160e+00
1.377519035175609030e+00
1.433557631093601348e+00
1.427027208622370757e+00
1.528542565948097565e+00
1.636786422381538930e+00
1.538838815732512577e+00
1.387237422584455038e+00
1.659469444414232608e+00
1.733603964015970389e+00
1.646012531592172090e+00
1.530102624799262401e+00
1.477158895247589143e+00
1.453319914795054624e+00
1.276947496228503232e+00
1.416753458642010077e+00
1.269232859254808776e+00
1.388994897340271262e+00
1.234967934501970177e+00
1.274294523591103401e+00
1.269211045451690945e+00
7.159310856663630984e-01
5.803797143501131517e-01
6.024695949860833233e-01
7.758330851285729635e-01
8.215069212962995415e-01
9.012998163207061042e-01
8.916103269241774099e-01
6.670768969696729833e-01
7.105017552247004931e-01
6.485327590170810730e-01
6.740898892905362594e-01
8.114241357439020419e-01
8.680134217339909863e-01
5.438227821893022451e-01
6.370166662077374475e-01
6.146999813053286577e-01
6.267319823412987878e-01
6.908481359572982150e-01
5.393622677447784675e-01
5.443177966659915601e-01
5.255597238048582698e-01
4.468559028468972461e-01
5.214449697102337966e-01
3.402266737133802788e-01
-1.682732962762143250e-02
9.259681812714758153e-02
1.471576108897734436e-01
-2.587148692135026185e-01
-3.093111403697912376e-01
-2.236784456136065580e-01
-1.974172285246124370e-01
-1.482061567401417590e-01
-1.293470687423711463e-01
1.383622212759125225e-01
9.545748997456970919e-02
5.022333773357366693e-02
2.058202526983205216e-01
1.653232364462960124e-01
1.977864913521990287e-01
3.986000831269551764e-02
2.866078040280056749e-02
1.327844263999000685e-01
2.431950464774455811e-02
1.460106341270996783e-02
1.656488484778579073e-01
1.248663105405411755e-01
-2.156834145413500103e-01
-2.060648338101263577e-01
-2.821914018234397137e-01
-1.916242427971684148e-01
-1.403854477615974483e-01
1.610786146298275046e-01
7.987681889175893279e-02
1.838331942393812424e-01
4.366964556530206210e-01
5.667116145523364290e-01
3.591996291295859178e-01
1.545529585229633296e-01
1.289474604951454662e-01
-1.446441539498329563e-02
2.058645471906606905e-01
1.813375502172570874e-01
3.310937401830613691e-01
5.340898169396748330e-01
7.952976026499344320e-01
6.320178949316440642e-01
7.511927680973745636e-01
8.671775632945237788e-01
8.361614373787423782e-01
9.651249669599746284e-01
1.237533457838545958e+00
1.033976210902036952e+00
8.807875496749153488e-01
7.269941232405812137e-01
7.907849652240054317e-01
6.558451978041818231e-01
5.834330342679808767e-01
7.739034040327470443e-01
6.793140757676719987e-01
7.531002328470918217e-01
9.636573522659718227e-01
1.030208898812302376e+00
1.227679059339199297e+00
1.394889464347391472e+00
1.367600651222157904e+00
1.393256075301546604e+00
1.605493955426912756e+00
1.511790327390179378e+00
1.926083341159050111e+00
1.826625108400751429e+00
1.869659487384633945e+00
1.945327061956836134e+00
2.196394599818245030e+00
2.417265836212427743e+00
2.576142965264466511e+00
2.571677865602241209e+00
2.746279374500199655e+00
2.472475489791582159e+00
2.168751760614822555e+00
2.022176590083019310e+00
2.038709631734402006e+00
2.178436203546982863e+00
2.254969976245548402e+00
2.007672161241949915e+00
2.082262355306075285e+00
2.135726457433170467e+00
2.240480495884290768e+00
2.140945529235172007e+00
2.102469921293742772e+00
1.731262580928311756e+00
1.814789400600181457e+00
1.959465833002223878e+00
1.963754070095966142e+00
1.905189507098145496e+00
1.784918858729930502e+00
1.749146805843979413e+00
1.841241772972053381e+00
2.076492704196299499e+00
2.127567484003380915e+00
2.308152146034329277e+00
2.117757231489222569e+00
2.216737548854269768e+00
2.214055231255273259e+00
1.942276415144081225e+00
1.996692161706143942e+00
2.151439942125127569e+00
1.934325799424349235e+00
1.774914294433325823e+00
1.610154257908742448e+00
1.514897278961949034e+00
1.474452194071749656e+00
1.467197553480564354e+00
1.408039728423372550e+00
1.807210600685075663e+00
1.906337658455447004e+00
1.886486175218311523e+00
1.964264539267075671e+00
1.895104446239582519e+00
2.094935708702057475e+00
2.059279770635362716e+00
1.884480103980469501e+00
1.704147450042803547e+00
1.553578425980449707e+00
1.603782781244780020e+00
1.737700480012748905e+00
1.697457127690017664e+00
1.357419306603032227e+00
1.227950076798123735e+00
1.482533294421490622e+00
1.614351428269540367e+00
1.844637789784061788e+00
1.796355173299494234e+00
1.674501936351807219e+00
1.655744143023026194e+00
1.847901320376425627e+00
2.118440539621146979e+00
2.036819627482681305e+00
1.826916382705921826e+00
2.092863686720301430e+00
1.997778285437700863e+00
2.328333265417493525e+00
2.345904166800510726e+00
2.459389868875272445e+00
2.262921805079748605e+00
2.011882471319731636e+00
2.001903427752124820e+00
2.224459132061237021e+00
2.015275031188002330e+00
2.084849490139866646e+00
1.992952648533419469e+00
1.732522134749413745e+00
1.795895540479619523e+00
1.935066900212918606e+00
1.819319307736372515e+00
1.934922108115188166e+00
2.021651958749247413e+00
2.212814728136441200e+00
2.338308511495061914e+00
2.413605422705911163e+00
2.450495546568390193e+00
2.317360250894088036e+00
2.226352820202573302e+00
2.082941712632703002e+00
2.237685354639177504e+00
2.411321489643469818e+00
2.443618940562394481e+00
2.203081782091824259e+00
2.117779004332540183e+00
2.059858974002979792e+00
1.743989665904650543e+00
1.930870749181836210e+00
1.915937898814610074e+00
1.682745748733746716e+00
1.483503839893386633e+00
1.480557776491924660e+00
1.413149369270544797e+00
1.306770428866564027e+00
1.282875669974527399e+00
1.362130263984930867e+00
1.611986571094045972e+00
1.608582898170423103e+00
1.586190571306079766e+00
1.637970974682159797e+00
1.602224320496215881e+00
1.557419597537211819e+00
1.558911588196221443e+00
1.459437009188230494e+00
1.577063672953688434e+00
1.561023038598105872e+00
1.454923036785725543e+00
1.756812465918457633e+00
1.776831708692228062e+00
1.777032584352176592e+00
1.644621674037392456e+00
1.906752184150579676e+00
1.846882942519358473e+00
1.897703472905575506e+00
1.689168190618089760e+00
1.616243853504822914e+00
1.446543160638598113e+00
1.363533901547111293e+00
1.188712543251267295e+00
1.172251487668967806e+00
1.290326739873713713e+00
1.332284953609318201e+00
1.127337487357116030e+00
7.258012716578294832e-01
8.102533569789273082e-01
8.016544769836299045e-01
7.711405303782389309e-01
9.936885338814147595e-01
1.081688230681002505e+00
9.065069717635410029e-01
8.144551116606266739e-01
8.379007220113368071e-01
8.021209981799407585e-01
9.158271952937317995e-01
1.074434989096836324e+00
1.260528699892186522e+00
1.528691921539121701e+00
1.613368449381344272e+00
1.588200356934427404e+00
1.706622777815813841e+00
1.605803316581462470e+00
1.370170557085157448e+00
1.383154724522717371e+00
1.456595932998839604e+00
1.611886403087207986e+00
1.445040986911722891e+00
1.096167264468007829e+00
9.633453604701086581e-01
7.836184140392442599e-01
8.271598907692554459e-01
9.671241492488371616e-01
9.014849479634973184e-01
6.045983683949507359e-01
4.590647749918297382e-01
5.473632354979725001e-01
7.837655512968102478e-01
9.277625836862041231e-01
1.137998001816751703e+00
1.288913091015860157e+00
1.341795422018356554e+00
1.131449084309948283e+00
1.333950526647471824e+00
1.173655543718765903e+00
9.739803562828198702e-01
1.134075516273000739e+00
9.479884697803563354e-01
8.144010334172507859e-01
1.133536745432740966e+00
1.114337294014149826e+00
8.019782800196971762e-01
8.820138836839928054e-01
7.919507906808819220e-01
9.258463888621218940e-01
9.753891976690343135e-01
9.238776105032270314e-01
8.950125760018211585e-01
9.102271805441080055e-01
8.072258748586933486e-01
8.150886091203042305e-01
8.062668821110654527e-01
7.073804442436276707e-01
7.481230877664347689e-01
8.644725662914751751e-01
1.076392742768183419e+00
1.006901834666984019e+00
1.036292266079548829e+00
1.121320421307407278e+00
1.149140957341924896e+00
1.132602759704987250e+00
1.392857755485744864e+00
1.319293492578636817e+00
1.308244939896033854e+00
1.241869901251355657e+00
1.126252154904263447e+00
1.215353051672202644e+00
1.308243126348884955e+00
1.390566555255730030e+00
1.497137338525496908e+00
1.418184159561521662e+00
1.509193212174837484e+00
1.521187006466479197e+00
1.471158140300217854e+00
1.212036305107269785e+00
1.178052542122220547e+00
1.045485549501473432e+00
1.076412595818574403e+00
1.262260724878696561e+00
1.539523975894205421e+00
1.835210728922425538e+00
1.848961924440416738e+00
1.868960822226614749e+00
1.834615307552044383e+00
1.764353649449314609e+00
1.524829065284388108e+00
1.370930832636985564e+00
1.332814025036607397e+00
1.235477870209763074e+00
1.585180124987956685e+00
1.426643698432825680e+00
1.246364847902581063e+00
1.043422166703325216e+00
8.551598927839241249e-01
9.103876316617657283e-01
7.424869839608627675e-01
8.190746341994342705e-01
9.589678056482855428e-01
7.529821428129781502e-01
6.560394600481261884e-01
7.269732298224975686e-01
6.420403504474717638e-01
9.860299953274618279e-01
1.160627711581041277e+00
1.411320433829573284e+00
1.183803527356708463e+00
9.857889498986804888e-01
8.547240283276263950e-01
7.233444811746727598e-01
5.869224292693326905e-01
7.764272610197306967e-01
8.113337270671663326e-01
7.036164970119891393e-01
4.614183094756851844e-01
1.737705086863562953e-01
4.892279085267699223e-02
3.119246232276769518e-02
1.795935234591693463e-01
3.729904007908639851e-01
1.965983136681966892e-01
4.375018329062795863e-01
3.223015362448766741e-01
2.959746107808475246e-01
2.149731143076384632e-01
5.324176510460087303e-02
-1.487136488072632601e-01
-3.793566636933017877e-01
-4.769136649241059733e-01
-6.484001016063414280e-01
-8.092378799904936804e-01
-8.619712681129574339e-01
-1.153863120143543419e+00
-1.339854321602482523e+00
-1.483705209366179112e+00
-1.480830368306460532e+00
-1.585841835534561817e+00
-1.562634579483356267e+00
-1.637384261616086079e+00
-1.520216453969442494e+00
-1.427062232616211457e+00
-1.338474262784050461e+00
-1.247373992219008132e+00
-1.414557734062346528e+00
-1.286268642479562185e+00
-1.016162827606523100e+00
-1.105134208551121322e+00
-1.031349384539520297e+00
-1.041713616525307362e+00
-1.338997869304544786e+00
-1.533908340096364897e+00
-1.632536284060998710e+00
-1.803937973079866586e+00
-1.782445012391738137e+00
-1.714013521626464920e+00
-1.592676213747670211e+00
-1.339923143287421237e+00
-1.414207237245252990e+00
-1.351198518940520010e+00
-1.325855096717670989e+00
-1.266434537255978654e+00
-1.318509228647827047e+00
-1.455762709247534703e+00
-1.440413282188182098e+00
-1.710786520845462455e+00
-1.523463552599969795e+00
-1.350787420959551399e+00
-1.236217096896653489e+00
-1.154967264215789102e+00
-1.370852932511843925e+00
-1.394208064419545146e+00
-1.348072082061810617e+00
-1.238477432802347344e+00
-1.038733507615745788e+00
-1.011804483198926796e+00
-1.034890951174247453e+00
-9.658213796937881179e-01
-9.291793293988072078e-01
-1.108622667451486965e+00
-1.073336478534109961e+00
-1.188517062127739221e+00
-1.274119548766017518e+00
-1.160350697372950712e+00
-1.121312696898961292e+00
-1.338786905567848740e+00
-1.395977678502402286e+00
-1.665970326066244400e+00
-1.609258982849077757e+00
-1.538887011407910954e+00
-1.702857531023785675e+00
-1.661457797899038136e+00
-1.536302051809651070e+00
-1.545704768959246245e+00
-1.612472694665915585e+00
-1.454661231718092473e+00
-1.663670181612453947e+00
-2.074094244856557356e+00
-2.210326057872888050e+00
-2.117795437333586772e+00
-2.003982824822283959e+00
-2.132521635199239096e+00
-2.143933159681966405e+00
-2.181203991039251999e+00
-2.094649707967140895e+00
-1.980257485890136726e+00
-1.868956290872222148e+00
-1.828066724106345076e+00
-1.978641066943051197e+00
-1.954436615000456623e+00
-1.714411671981163510e+00
-1.664251041855872248e+00
-1.646102834001897053e+00
-1.726738536226687382e+00
-1.842620227161314572e+00
-1.727170691709518424e+00
-1.645289791018707204e+00
-1.438830738631719841e+00
-1.289593903798567309e+00
-1.459440052764518603e+00
-1.390271528875573370e+00
-1.494815908054188291e+00
-1.564653342269147540e+00
-1.559022514588991326e+00
-1.541878867043455337e+00
-1.577735209240221259e+00
-1.564868909210168635e+00
-1.517097891459467052e+00
-1.545172911259681037e+00
-1.418637225869888052e+00
-1.497325430207324448e+00
-1.643699506153335932e+00
-1.842658039335399289e+00
-1.814416727387047512e+00
-2.005525436235193748e+00
-2.287034910451763547e+00
-2.321383501231556235e+00
-2.290003602931932392e+00
-2.394060273445976605e+00
-2.349741717772744209e+00
-2.514900707839450078e+00
-2.432096201347320630e+00
-2.362017329738400395e+00
-2.390624739339349603e+00
-2.304572887630890410e+00
-1.952983705219088373e+00
-2.099035991485065367e+00
-2.231061761700119384e+00
-2.114768499855988804e+00
-2.085919496037287768e+00
-2.041104149912996046e+00
-1.737224540951440410e+00
-1.924790518981927656e+00
-2.088960978972772775e+00
-1.957829608863117299e+00
-1.959374740729783904e+00
-2.078587861019598471e+00
-2.242927826620021658e+00
-2.190724370341205596e+00
-2.179990514563362236e+00
-2.435203343260690989e+00
-2.715814635080787909e+00
-2.900354534202255419e+00
-2.947654958479768439e+00
-3.067046390708008552e+00
-3.020181346375882203e+00
-3.150250550396065830e+00
-3.238300170577934622e+00
-3.250956880229702417e+00
-3.274563605918290321e+00
-3.094338173272043413e+00
-2.691658933334265758e+00
-2.550599769694097407e+00
-2.568078558064933237e+00
-2.820402795530201345e+00
-2.957681057900002131e+00
-2.983478405043598514e+00
-3.042825752305608145e+00
-3.084444264659142565e+00
-3.240079301429653391e+00
-3.146017949324994234e+00
-3.097379648946025910e+00
-3.183357037990091953e+00
-3.244605911503598783e+00
-2.953561363536108431e+00
-3.081868920086176633e+00
-3.022404430702218203e+00
-3.042541737738846397e+00
-2.771627679643497100e+00
-2.584229618372357429e+00
-2.508572558857132151e+00
-2.556397086078274317e+00
-2.759294585155255941e+00
-2.680540923537138909e+00
-2.594693957879473434e+00
-2.709276123642158307e+00
-2.790597923176712847e+00
-3.070919754468598217e+00
-3.265959195687260674e+00
-3.295655244724958965e+00
-3.423979459147770132e+00
-3.461120169169852545e+00
-3.231761526122599815e+00
-3.596928459694439084e+00
-3.621289473143593174e+00
-3.680094843553626482e+00
-3.859850092919272058e+00
-3.960824049798370883e+00
-3.876509449009693409e+00
-4.023041220761017556e+00
-4.019527869791185815e+00
-3.942234218185062034e+00
-3.864922311811370470e+00
-3.866217081614320872e+00
-4.114816718920693894e+00
-3.945738788252596940e+00
-3.829510821016147037e+00
-3.984328124501879564e+00
-4.094974734435311348e+00
-3.948021941145793523e+00
-3.918519772621514186e+00
-4.038830867109393097e+00
-4.252186960143207628e+00
-4.178198267066857596e+00
-3.963621493172137189e+00
-3.855954882368733294e+00
-3.767112759489683604e+00
-3.915357607051033639e+00
-3.952913237273844249e+00
-3.853795588128761551e+00
-3.782360815753967209e+00
-3.769596050789377539e+00
-3.854954761004963260e+00
-3.780517446793434377e+00
-3.623963794337666133e+00
-3.435218558045862292e+00
-3.394751785737417205e+00
-3.376027888969168167e+00
-3.525168729310140581e+00
-3.537906976657738234e+00
-3.708496791131723924e+00
-3.611784383577202107e+00
-3.463355666331095151e+00
-3.605578000300128316e+00
-3.639755259006521193e+00
-3.693885819073449817e+00
-3.942979941908513641e+00
-3.829226738719946788e+00
-3.627758421330854688e+00
-3.493519424954305563e+00
-3.593559424292461113e+00
-3.906182426728943557e+00
-4.043509207188979993e+00
-4.230865498947737890e+00
-4.092554794772528481e+00
-3.961601009601180223e+00
-3.863014912504641796e+00
-3.962157172911835001e+00
-3.947257678989229746e+00
-3.806336553876465079e+00
-3.632063881309706588e+00
-3.542178374822088749e+00
-3.389106034806966150e+00
-3.437667995559443135e+00
-3.488876805010489246e+00
-3.443995071373557870e+00
-3.608242602746858818e+00
-3.693901850500184381e+00
-3.458995335196141774e+00
-3.492471484857685660e+00
-3.731988214820604277e+00
-3.918867581255282673e+00
-3.810422280575052056e+00
-3.743731952591864420e+00
-3.709920867723331295e+00
-3.596966268550222612e+00
-3.753903066725745585e+00
-3.995894792100072479e+00
-4.134151164419305857e+00
-4.068586803130404661e+00
-4.186512802278048007e+00
-4.143684497992296656e+00
-4.455592432527950564e+00
-4.537442979820095701e+00
-4.391631564175590086e+00
-4.621553249084830561e+00
-4.549222852187109645e+00
-4.453359918562142639e+00
-4.399520717754040078e+00
-4.525163671304380131e+00
-4.496056997485650797e+00
-4.601117643813708469e+00
-4.463394036873697956e+00
-4.337816177975838627e+00
-4.361901060207504344e+00
-4.456619654531798425e+00
-4.475339941467713523e+00
-4.754331475350004332e+00
-4.473090287367420537e+00
-4.338371003271888071e+00
-4.461403303315282898e+00
-4.676416962916147391e+00
-4.710861221027673906e+00
-4.638016988364715765e+00
-4.633575755850752209e+00
-4.740518005353834496e+00
-4.543843785348794739e+00
-4.650800321188891751e+00
-4.855016532394405893e+00
-4.681344251966407910e+00
-4.953982681811461397e+00
-4.770032589418446101e+00
-4.757541135012552047e+00
-4.811374967169401273e+00
-4.758829414841713401e+00
-4.670417702299943130e+00
-4.698099503031424540e+00
-4.684874082902623194e+00
-4.969182054994117692e+00
-5.171781990314122446e+00
-4.996783655875846719e+00
-4.934345230979061192e+00
-4.769888793748028988e+00
-4.531581675829652767e+00
-4.710591320245599789e+00
-4.775856031918555011e+00
-4.978071115950887915e+00
-5.010360518710431421e+00
-5.054704155415324252e+00
-4.732303568943425631e+00
-4.927090321322570965e+00
-4.809736496716662479e+00
-4.864232206605231035e+00
-4.751843787244729889e+00
-4.905371248712594223e+00
-4.764316500332567372e+00
-4.859473277156884485e+00
-4.807965599677861412e+00
-4.794548590932862453e+00
-4.872795827027151638e+00
-4.794406512379854490e+00
-5.023165991100615457e+00
-5.105115695769168127e+00
-5.033883955466246896e+00
-4.985795392586421571e+00
-5.067342486789597089e+00
-5.218400771905433722e+00
-5.429989577317559934e+00
-5.226306875079476555e+00
-5.436323991930364308e+00
-5.444379793592871053e+00
-5.219437566040646459e+00
-5.264709946591940692e+00
-5.206973868036385511e+00
-5.586812188105462873e+00
-5.420122586810679266e+00
-5.157706394955017259e+00
-5.012568538207831992e+00
-4.781745973167843111e+00
-4.655262444982645853e+00
-4.830392246775591758e+00
-4.722148182281243223e+00
-4.747947330693744306e+00
-4.698804985743111118e+00
-4.492041735381310019e+00
-4.463426423094542628e+00
-4.495477131713329300e+00
-4.409643368906386307e+00
-4.320884355750538752e+00
-4.426550730880137507e+00
-4.347908251337534224e+00
-4.181825328232029015e+00
-4.346130351797010682e+00
-4.041656465034093593e+00
-3.956473603224472946e+00
-3.810349663852889535e+00
-3.743634431434814225e+00
-3.774347230082811144e+00
-3.816899292986451808e+00
-3.806316182406702886e+00
-3.885587818215787248e+00
-3.619316866775619701e+00
-3.471658116689744666e+00
-3.395084025584489851e+00
-3.288071166422203095e+00
-3.411097524889639132e+00
-3.254781980507766903e+00
-3.037470842655349834e+00
-3.301153433242748125e+00
-3.269185983057314004e+00
-3.314059636230805683e+00
-3.390426200315678873e+00
-3.187201115832698051e+00
-3.068775454728489116e+00
-2.697141494077646584e+00
-2.731844655223107932e+00
-2.618977985189387070e+00
-2.540159423218725010e+00
-2.672097890350501714e+00
-2.903397346266590962e+00
-2.954100854027691625e+00
-3.094619368046251928e+00
-3.175029382595161209e+00
-3.055198893300953955e+00
-3.080468066475939182e+00
-2.981267488374604646e+00
-3.104670646404872780e+00
-3.173370276836382065e+00
-3.216455334776310515e+00
-3.102047157512948683e+00
-3.185091932688697280e+00
-3.185397205169964607e+00
-3.320413271403248157e+00
-3.347818034153188016e+00
-3.182007257893693097e+00
-3.202933565661398863e+00
-3.210649628856419913e+00
-3.318230293677239207e+00
-3.515635071487868135e+00
-3.616730678026977230e+00
-3.637842597833140346e+00
-3.736785692674097881e+00
-3.724872154979899541e+00
-3.823364586751457406e+00
-3.964689161346405477e+00
-4.009985134331831347e+00
-3.956314828638811676e+00
-3.660400073216692363e+00
-3.534904017746260507e+00
-3.604221016695131841e+00
-3.674396149795493560e+00
-3.584859824614101242e+00
-3.750032571986937402e+00
-3.637609341612244140e+00
-3.776262210795760854e+00
-3.837840340054324617e+00
-3.782091036745308887e+00
-3.855483609299604986e+00
-3.905157725262903057e+00
-3.952030985669901852e+00
-3.867274739689411600e+00
-4.095541470857127386e+00
-4.371451284155742911e+00
-4.412452625559743602e+00
-4.089276771441382685e+00
-3.887846662680770393e+00
-3.760730155851240042e+00
-3.943373871616090653e+00
-4.003069916496376557e+00
-3.899504328575383205e+00
-3.938603230593906268e+00
-3.716403494409813657e+00
-3.880421591514569002e+00
-3.705157790242370464e+00
-3.661147059665869730e+00
-3.422786481602157593e+00
-3.082886898389444852e+00
-3.205423783979812313e+00
-3.416408620090242820e+00
-3.599673461065950431e+00
-3.433936953011860194e+00
-3.400368827885676293e+00
-3.590388458719430353e+00
-3.615537557929761725e+00
-3.721501649567565018e+00
-3.548698470243095482e+00
-3.631916886941243927e+00
-3.507377067829116069e+00
-3.256225187806160992e+00
-3.181083959279625617e+00
-3.372933358755564992e+00
-3.363274797896562252e+00
-3.582341309572331323e+00
-3.501976799337946034e+00
-3.577100901657447096e+00
-3.693525599812028659e+00
-3.631614181289483323e+00
-3.651974211024592520e+00
-3.604268742634940015e+00
-3.360088806396694050e+00
-3.243970559789735031e+00
-3.236498331190842848e+00
-2.994680052487691757e+00
-2.961873620653277861e+00
-3.009158476778556857e+00
-3.026240383081665986e+00
-2.832328723038539664e+00
-2.710665883210516824e+00
-2.897835794149334010e+00
-3.107946628055849203e+00
-3.051865275106571129e+00
-2.953327843353791060e+00
-2.963532772091073575e+00
-3.171520190653751126e+00
-3.188360321446635837e+00
-3.122106286978290957e+00
-3.368048505338355092e+00
-3.244234648909051888e+00
-3.063379850908076740e+00
-3.040752387477488661e+00
-3.263886730386891699e+00
-3.363380185400393962e+00
-3.468933238626852766e+00
-3.317302802380677651e+00
-3.383821264262451223e+00
-3.401572224352543916e+00
-3.320702341527510537e+00
-3.413983623088060693e+00
-3.604110060445544050e+00
-3.589834100389694527e+00
-3.437426116937273513e+00
-3.223286848715805508e+00
-3.161041133278241322e+00
-3.324085056495428958e+00
-3.516327129199253942e+00
-3.570772119129754785e+00
-3.735418980372486430e+00
-3.644529456727084948e+00
-3.766954756211957189e+00
-3.639490856784403761e+00
-3.945348367001164647e+00
-4.024803147151818195e+00
-3.965819588107542870e+00
-3.789347042547102529e+00
-3.745078887558749958e+00
-3.499020111646522047e+00
-3.536089918047816028e+00
-3.925361442812748791e+00
-3.972571489540633216e+00
-3.938191590713196355e+00
-4.156519577880981586e+00
-4.367215698627112452e+00
-4.190272829709996927e+00
-4.197072260087365336e+00
-3.927326683353439929e+00
-3.997829120109568368e+00
-3.883088133165603306e+00
-4.048516218783239751e+00
-4.175654756847301030e+00
-4.202184257297580494e+00
-4.081408363122395855e+00
-4.081716665432256086e+00
-4.127621872010637460e+00
-4.084242968875019031e+00
-4.326297728750712501e+00
-4.328041202959728828e+00
-4.330589979340282447e+00
-4.377613934544815066e+00
-4.227725464954676937e+00
-4.265778355847168690e+00
-4.408800403719705940e+00
-4.531734536220075604e+00
-4.554150010856640840e+00
-4.340613269939480823e+00
-4.334297942136341675e+00
-4.454367352017900572e+00
-4.259024414229121369e+00
-4.482079990438975869e+00
-4.709721268221191082e+00
-4.471836960536833772e+00
-4.541742752572714537e+00
-4.544695705258831708e+00
-4.662004678360451848e+00
-4.685039887026028360e+00
-4.644556046430933449e+00
-4.576459853518081822e+00
-4.427031994900017864e+00
-4.393575263244650309e+00
-4.538287979286923957e+00
-4.483230370803699572e+00
-4.569454527273682842e+00
-4.633834359126745461e+00
-4.638787830037687243e+00
-4.812369130959702979e+00
-4.861792028052498438e+00
-4.651617001911898086e+00
-4.477796701285544856e+00
-4.394652535636671686e+00
-4.452536595710398615e+00
-4.507322766033455608e+00
-4.341800361945710840e+00
-4.276446202061696233e+00
-4.138112302826723266e+00
-4.309556202214089637e+00
-4.463940522476359085e+00
-4.611762386482713971e+00
-4.653402764245996082e+00
-4.579311780945825916e+00
-4.669395738853022948e+00
-4.906448621409972510e+00
-4.818970569982083063e+00
-5.070040807788984694e+00
-4.867344703735568601e+00
-4.901998464934657740e+00
-5.016450556787829029e+00
-5.025593350673483783e+00
-4.741506174420793585e+00
-4.822098294775448046e+00
-4.753717856282171361e+00
-4.659594177761134048e+00
-4.571594786013221778e+00
-4.522002387115028554e+00
-4.548794133348323498e+00
-4.424542484509387918e+00
-4.586945518879204542e+00
-4.689969160937173420e+00
-4.641550548259031572e+00
-4.658893876109392984e+00
-4.734755083841514001e+00
-4.681329702081650446e+00
-4.779988736335074151e+00
-4.824381420051651936e+00
-4.804830270196784880e+00
-4.618044417711132610e+00
-4.463550597497619954e+00
-4.392753466127279793e+00
-4.488971340168110835e+00
-4.411462545785745704e+00
-4.256789881211298088e+00
-4.394757413337951668e+00
-4.389806645148506270e+00
-4.578042090576205148e+00
-4.352434059311369730e+00
-4.547079391753582556e+00
-4.612513436220667451e+00
-4.860537976170169472e+00
-4.808703695942170953e+00
-5.130372498484733867e+00
-5.308703852463947825e+00
-5.252546154022500247e+00
-5.398683578999236232e+00
-5.536859810143641702e+00
-5.467542938645028272e+00
-5.572689664567444190e+00
-5.653141714138254947e+00
-5.641474185283982479e+00
-5.649922803923120185e+00
-5.543027718315784114e+00
-5.310073389255210330e+00
-5.214024445427138055e+00
-5.364273588886854682e+00
-5.319464048242781296e+00
-5.386902897341097507e+00
-5.451666873588148832e+00
-5.489594246169256841e+00
-5.395757238080686413e+00
-5.695442716824796747e+00
-5.833098844752102607e+00
-6.231163787927330056e+00
-6.137433815630253697e+00
-6.257583317771738152e+00
-6.291851497352110911e+00
-6.236835901348057654e+00
-6.027096500806552015e+00
-5.744487263236510266e+00
-5.731017522225171135e+00
-5.915969054810414463e+00
-5.927332021894113012e+00
-6.040370213255122245e+00
-6.227102531686684372e+00
-6.383455808593952341e+00
-6.509989310860945011e+00
-6.523763798636992739e+00
-6.601504518036894531e+00
-6.439492724571719506e+00
-6.396802819116951255e+00
-6.214867618835252294e+00
-6.111328935012811492e+00
-6.268580285445462863e+00
-6.290168498960093224e+00
-6.359477619932974335e+00
-6.376218086990560252e+00
-6.497613020547941431e+00
