1.292760674455607686e-03
1.603279824396492900e-03
1.957599420025868658e-03
2.092783846784256833e-03
1.657130105379749562e-03
1.891031227837773436e-03
2.276836552342017140e-03
2.466285062906740065e-03
1.806563662328295686e-03
2.129432701521691111e-03
2.371923559087095370e-03
2.682491047880234888e-03
3.483471687277926547e-03
2.934797506188674149e-03
3.584670860535219775e-03
2.550916067633018838e-03
2.411387489576445001e-03
2.351940337613849050e-03
2.568640973143025003e-03
2.864450299597548315e-03
3.817908859697535882e-03
4.031817058325271735e-03
2.396798753801887560e-03
4.384421292524914339e-03
2.109989818601741129e-03
2.799176579124489691e-03
3.524678807262623774e-03
2.641616169639404797e-03
2.417525578061087942e-03
1.482657041590672818e-03
2.589100405201401941e-03
2.695202008899295204e-03
2.399524449011293959e-03
3.535348490362260135e-03
2.371360087245622927e-03
3.394153588308542087e-03
3.989450055328497280e-03
1.841085529577666342e-03
3.260615514060553367e-03
3.999545408796979090e-03
2.084977434921260909e-03
3.395779332587537617e-03
1.729763662664629813e-03
3.689054714274734616e-03
2.518158181460831545e-03
5.223764185929174499e-03
3.063616094217273648e-03
1.608190257506392521e-03
3.358444534274879038e-03
1.770241573770909779e-03
2.250619026179234705e-03
3.316378418501327811e-03
2.566366037422087177e-03
1.584808666974360557e-03
2.561974801672295670e-03
2.366857382455726799e-03
3.881625252598959637e-03
2.857845539131712281e-03
2.378731758338568404e-03
4.097854360507071844e-03
1.328845628689163602e-03
1.998488758297000800e-03
3.221016077045227993e-03
1.866283338292912177e-03
2.199760405930097518e-03
3.622100259857687944e-03
3.786636776829252742e-03
2.700607474545777507e-03
2.704945058024846478e-03
3.756257509585165990e-03
2.853185640868012140e-03
2.734151191887489608e-03
3.654815450847654409e-03
3.878899138112078954e-03
2.938355002579222559e-03
1.094681305134439760e-03
2.115729888538777498e-03
2.993876404611024722e-03
2.745489789763379956e-03
3.078059324035664363e-03
2.400001943347966279e-03
1.972530827712902241e-03
3.330667274743193303e-03
2.667806853597502140e-03
3.421366590964418364e-03
2.284514601295360801e-03
3.279361669649805827e-03
2.861031885635414388e-03
2.527187108083716206e-03
3.167778406717264902e-03
2.299496461454029334e-03
2.029451367067775305e-03
3.657556005025944246e-03
3.043605141247793851e-03
1.671459498077521423e-03
5.203823784501393317e-03
3.608928967150939592e-03
2.610833628471764117e-03
2.497677258283250053e-03
3.132858426341979599e-03
1.643335300167186571e-03
4.954345576173461128e-03
1.759706011884633022e-03
3.616035085221515691e-03
3.373231946278127877e-03
2.889534671374702820e-03
2.602516556898458802e-03
2.849663817419089123e-03
3.372962677510747340e-03
2.595573215613197759e-03
2.175664660329376578e-03
6.235910520526656391e-03
9.516056827583392391e-04
2.430388114472530753e-03
3.321773255200969818e-03
4.118136363956132265e-03
2.466354836548759980e-03
4.488496811602129058e-03
3.015559522278694806e-03
2.291282967612345237e-03
2.626221814853815697e-03
3.365652136349886470e-03
4.931355236675623657e-03
2.433734655626074161e-03
3.534545116365364441e-03
4.117904527861560374e-03
3.249252061040364386e-03
3.519834324797203786e-03
4.548458347663263644e-03
3.499330333759220497e-03
4.062298838318052774e-03
4.095108169023854022e-03
3.960140469455726044e-03
1.947542091347610922e-03
4.184411111234342777e-03
4.227749971388521100e-03
4.640340744098907233e-03
6.442540215980508723e-03
4.044994872200028020e-03
1.153250018101074003e-03
4.984567777587711745e-03
3.009831306193197671e-03
4.422671339110436327e-03
5.647193721085659937e-03
2.233795349192538825e-03
4.233699547230552161e-03
4.218465317092207761e-03
4.101216213998198044e-03
3.813933719418678963e-03
2.850882713063717343e-03
4.430481011683005260e-03
3.014239096760922779e-03
2.746837629297854948e-03
2.278940183514735224e-03
2.967037718411900775e-03
2.139782927384996716e-03
4.214507159089257542e-03
2.827977678874681478e-03
2.327971547023313225e-03
5.261827851880417073e-03
5.464001943903883454e-03
5.413127804148599488e-03
3.979556450321367414e-03
2.633827450786309799e-03
2.434336796329645072e-03
2.495745632791614849e-03
3.620732301451852399e-03
3.802407818098095613e-03
5.036315870499070806e-03
2.875835552992657071e-03
4.061192011713549328e-03
3.984811908876328794e-03
3.156105844419057008e-03
1.816576044346163762e-03
4.013769655264672748e-03
3.674257564700931199e-03
2.395841624546316689e-03
4.727628676452350943e-03
3.766172628696608585e-03
2.146643942171232253e-03
1.708546534543380069e-03
4.924690434150267616e-03
4.383779640278776153e-03
3.285724251478601247e-03
3.663658645770526221e-03
3.015509589008828241e-03
2.955234658918603867e-03
2.201365816392437860e-03
4.737079127480353473e-03
2.301416622458674587e-03
2.595485115811856439e-03
1.788602912658302261e-03
1.532814455103208122e-03
3.415397132215571962e-03
2.886446896062721829e-03
3.490010283225716738e-03
4.542920638043442504e-03
3.469376887200119504e-03
2.778159597545503193e-03
5.049729206855140852e-03
3.902338325063668678e-03
2.780433305770642002e-03
2.986296944836876969e-03
2.193770831753838815e-03
2.491895375726061422e-03
3.890524603435772510e-03
4.050055299786506705e-03
4.127204178507096026e-03
2.931987448265234008e-03
3.717552388027319313e-03
2.015816163762854107e-03
3.336859101029489641e-03
4.561630376404469771e-03
3.491054894980542746e-03
4.483119338684014681e-03
3.258894710039632152e-03
2.975012896412882260e-03
4.337474574488020540e-03
5.888850124001383975e-03
3.726640773214183900e-03
3.247548829570986399e-03
2.281869266797082428e-03
4.678072647376369658e-03
3.754376322107575662e-03
4.297867041653563765e-03
7.087566893721142236e-03
3.629771810134194057e-03
2.880619930911263935e-03
3.393029819740679513e-03
4.574151051467232644e-03
3.564891165279352857e-03
4.023644431100256887e-03
2.672091074621430699e-03
3.597776082844185083e-03
4.280046363311660294e-03
2.711939327623183807e-03
2.907353790531955109e-03
3.625147745635902852e-03
3.644568944876706330e-03
2.626219224692040097e-03
4.124505668622908440e-03
3.620805065120566869e-03
3.554906073442499082e-03
3.767357884944884123e-03
2.702357884798558055e-03
1.965599262134332201e-03
4.604961820878342160e-03
3.546120863145901803e-03
3.033123622867919117e-03
7.019703565735250714e-03
4.144596131189744355e-03
1.909212132585361718e-03
5.193469289058158522e-03
2.292583959753798518e-03
5.052571043127608748e-03
3.897859010083697812e-03
3.978314247432744588e-03
2.087788763375604626e-03
2.566966087134500522e-03
2.469758551551824895e-03
4.024652530830466479e-03
4.238337899559941301e-03
2.111554384358375284e-03
4.132714263445065248e-03
1.758841974517003906e-03
3.804085213676026110e-03
3.078127042610675785e-03
3.117818553799890126e-03
4.765674058124532222e-03
3.151899218310382465e-03
4.472832819883344746e-03
2.414085631570256005e-03
2.162207291687683313e-03
3.042197997154589759e-03
4.055914362617704834e-03
2.744912228746281858e-03
2.871817031259132035e-03
3.353408309390859283e-03
3.153574362611102303e-03
3.843095291381459257e-03
3.345977459539565668e-03
3.220180059561649020e-03
2.460695138864104833e-03
2.790915075217100059e-03
3.072051894831577448e-03
4.384131265514124888e-03
2.978143083400089722e-03
3.983923769976580216e-03
2.066103881729782626e-03
3.929316600043620232e-03
4.226627099091299564e-03
3.146908172425932817e-03
2.622819400343678973e-03
3.599947973141830616e-03
2.226701271095656975e-03
1.620264709284396573e-03
3.894255490290200912e-03
3.317519243387591875e-03
2.509512330481862563e-03
4.901990326018313207e-03
3.419446112424032354e-03
5.482094120516152469e-03
3.521985315684255692e-03
3.321986780281259172e-03
1.686108772720688181e-03
3.588267933352235796e-03
2.828688114987371396e-03
3.169875033858896105e-03
3.838306896872175147e-03
2.682160218264498328e-03
4.184701807479077398e-03
2.303448466932947643e-03
2.336423525320345616e-03
3.650914646309036133e-03
1.078393229314954802e-03
2.478240265552636348e-03
3.937141346389316440e-03
4.987738553978911596e-03
1.496682837959132251e-03
2.152108362619678007e-03
1.365522414863765610e-03
3.254492269693440212e-03
2.191002771783039441e-03
3.665711613887970288e-03
1.939410653692758045e-03
9.662042720671545253e-04
3.299940842688781940e-03
3.820180680352494237e-03
3.415948856726484274e-03
3.933998486645966762e-03
3.020809954301857322e-03
2.592159822186707301e-03
1.322516543440417159e-03
3.777634649363531463e-03
3.693150487178629982e-03
4.000572527432493496e-03
3.468389942180950120e-03
2.825346022156889018e-03
3.477554884851789384e-03
3.789608985825829255e-03
2.505279243504876432e-03
2.127138447676410037e-03
2.793625726367023922e-03
4.429967080755519392e-03
3.335917153112762795e-03
4.912154578070508301e-03
5.581849654179878509e-03
3.814933392040671580e-03
3.420922930496329145e-03
2.786628408670916313e-03
3.780935123486925137e-03
2.215570701707264382e-03
2.543430365585476992e-03
2.781441283733792919e-03
2.707935071862919551e-03
3.286510887833507533e-03
3.189342602460448674e-03
2.161298340995166864e-03
2.136370887027263122e-03
2.000120323972789764e-03
3.469843364310287032e-03
3.522539476097577907e-03
3.824750908874754562e-03
3.285937537057239018e-03
2.901968814480609254e-03
1.134229382100150618e-03
3.610171002254803242e-03
2.937324597785498457e-03
1.881641141624346668e-03
2.060713278038810766e-03
2.837252160877191520e-03
1.903366750409743327e-03
2.240644852063463591e-03
3.344511796558524534e-03
3.249450602029098096e-03
3.101986086316556052e-03
3.542170012206527756e-03
3.362996979243014408e-03
1.540843528429987775e-03
2.993152204413777363e-03
2.537151886749607413e-03
4.369683298684542451e-03
3.621266688776253202e-03
3.877618548736078488e-03
2.718494101878282405e-03
2.393678522187386425e-03
1.957736607063448840e-03
2.381638015657454657e-03
2.901585615281344031e-03
1.954341342185219460e-03
2.700356229042278310e-03
3.452328388447281019e-03
2.501815639274315023e-03
2.150199227202412040e-03
2.512923162207395759e-03
2.193678038224168309e-03
2.060832375970395296e-03
2.833212805991029877e-03
2.335930792127954327e-03
3.193471634277209991e-03
2.927438791222710269e-03
1.425608578189633191e-03
2.715558156359884102e-03
3.732854368674016522e-03
3.454859577958466037e-03
1.700584184777846229e-03
4.030843406006385729e-03
1.829128422767159349e-03
1.803727743475701771e-03
2.596496260277382333e-03
2.609535805650616165e-03
2.376210862876365973e-03
1.739510721978591596e-03
3.071458656207164562e-03
1.658713794328439423e-03
2.366602162764091036e-03
2.570317999907219004e-03
2.609550632294611611e-03
1.683513043138905188e-03
1.819625577519165798e-03
5.648215649254457321e-03
1.167017105709746089e-03
2.076422774875463350e-03
2.540363273974031739e-03
3.833043161259003066e-03
3.695525397933036200e-03
3.007534807471822554e-03
1.571079622587530540e-03
2.626825014338479355e-03
1.365801282545119066e-03
2.672776169326195831e-03
2.112098287219214745e-03
9.251485458019035506e-04
1.556185341224090293e-03
2.422832950454082823e-03
1.403587222089031170e-03
1.747534020687624163e-03
1.368774764810432769e-03
2.199214190128342440e-03
1.403243192651314588e-03
2.020437707457395978e-03
3.004135403425309443e-03
3.131795340698071903e-03
2.376971380445635357e-03
2.196516990482340597e-03
2.241322182576800052e-03
1.301314285081352435e-03
2.185958078210000540e-03
1.933937973990150624e-03
1.777191627434446426e-03
1.532707479227645971e-03
1.283520667067428872e-03
1.377343576020853468e-03
1.349043736269304929e-03
2.508908686738266312e-03
1.673657459521685079e-03
2.097060894399704889e-03
3.614113001798316665e-03
1.576467588946418559e-03
2.436636924211648455e-03
1.154181337674671862e-03
1.616569993906590702e-03
2.151114819678725913e-03
2.515738591389619569e-03
1.374106061215204068e-03
2.786735773892969059e-03
7.584475062162405676e-04
1.703753280651519944e-03
3.682834342569466131e-03
1.388127260008969500e-03
3.938612222320470382e-03
1.932952517076137050e-03
2.616449732039087192e-03
1.099716715969026619e-03
5.239330972392805107e-04
1.578848004799578153e-03
2.785114834747359769e-03
2.334247630481181817e-03
1.695409293050673940e-03
8.073872243500109132e-04
9.701564352557990809e-04
6.458015495274437240e-04
1.487651098998412540e-03
2.024047721415771044e-03
2.126589388713640179e-03
2.271352055458847937e-03
3.034384974608812704e-03
1.681600243501164002e-03
1.696649114837214117e-03
1.664521393470505713e-03
2.397885016266631912e-03
1.789927199323566517e-03
3.635099157075392332e-03
2.476974825294001384e-03
1.237897281280575827e-03
1.484796087584962969e-03
2.379195996405383731e-03
3.550093223523283475e-03
1.610383870690530262e-03
2.562527972332235768e-03
1.496000055357649822e-03
1.427904872702425755e-03
2.762254058093243335e-03
2.077851898664213274e-03
3.016124801020216104e-03
2.910779689900078963e-03
1.552941895478792420e-03
2.175725093095784001e-03
1.650366171274940744e-03
9.840469602998582182e-04
3.244242173502243001e-03
1.399023892112717790e-03
9.263483304830013318e-04
1.903546378372347444e-03
2.412402235738899444e-03
2.349140975066625527e-03
1.277188466299449205e-03
1.880482493029171469e-03
1.833558392402459590e-03
4.720231122189879713e-04
1.581467317217392140e-03
1.944126159034605811e-03
2.211203039920848004e-03
2.313775984569047071e-03
1.795107732779381224e-03
7.589410629607179753e-04
1.472572504703816834e-03
2.618340584727649363e-03
2.263916541212307974e-03
1.090455509755856823e-03
2.389112752237204478e-03
9.790952510325134917e-04
9.125873415700125856e-04
1.250897365645852952e-03
1.108447870621057704e-03
2.216775694295672425e-03
9.675647662107487871e-04
2.434779994681765536e-03
1.534476718406364241e-03
9.991783591904788812e-04
1.149162270869950398e-03
3.105415548222508447e-03
2.213142759050501247e-03
2.515896104582741443e-03
1.841858758966651282e-03
1.017168801488237259e-03
1.601037355906263695e-03
2.343379025222471716e-03
2.419547886518940479e-03
1.893274437681053638e-03
2.039949159111137996e-03
2.044181927385097484e-03
2.277439281764220488e-03
1.265187335914374090e-03
1.652804837699790516e-03
1.555273504210429080e-03
6.699986137391695032e-04
1.934549859072574830e-03
1.438257157702059605e-03
1.671830335200533363e-03
7.188731984379332675e-04
1.066405601435828744e-03
1.716035112836480480e-03
1.929102239077846960e-03
1.647929020905309402e-03
1.382396466668241305e-03
1.375297862706964611e-03
2.456770734512966989e-03
9.537830543691575447e-04
1.712172393214404266e-03
2.155040563095722388e-03
3.326987542140442348e-03
1.998682377797914803e-03
2.053823573742727567e-03
1.034412211858310587e-03
1.437946118634829233e-03
2.085667937839545422e-03
1.542714935491668223e-03
1.907211927095384856e-03
1.625425502521118254e-03
6.820991800346022736e-04
1.338494553368338317e-03
1.652660989807711728e-03
2.214208847194868140e-03
9.095417807516120549e-04
1.505683349995437428e-03
1.593071313433334132e-03
2.474211109010425718e-03
1.705577466837114977e-03
5.828525841046576766e-04
1.193959222555075576e-03
1.806379641214684532e-03
2.121199886512467863e-03
1.885173539470998442e-03
2.682420623749632270e-03
1.266071897415137985e-03
2.226438487701850981e-03
1.858331169081488352e-03
1.929161909102772212e-03
2.021420186512202285e-03
2.189979912669173627e-03
1.870514736194358067e-03
9.265704073259679180e-04
2.040274717613351028e-03
2.300309873212086787e-03
2.085486983307199664e-03
2.293088675007322157e-03
5.452073471695329486e-04
1.751519132028949832e-03
7.921847887642725688e-04
2.559036195819625915e-03
1.432065858932674712e-03
1.685994699380201443e-03
9.092180086284620344e-04
1.506342654575901002e-03
2.175095530572201345e-03
2.137827396974814696e-03
1.084964449345046092e-03
2.397730713236896453e-03
1.213594890213264563e-03
1.721884189014890893e-03
1.512974473684777429e-03
1.242284341564360312e-03
9.601859305777435622e-04
1.725300839448092125e-03
8.501904147212720978e-04
2.223611195387803930e-03
2.385701770865762336e-03
1.625255950709056764e-03
1.310676456766719051e-03
3.138527879639746031e-04
1.434319584854893770e-03
5.356159765413227684e-04
1.496018798802673314e-03
1.972992917925959436e-03
1.386874524468532151e-03
1.296987042776132559e-03
1.179261565445940962e-03
1.148094022887891997e-03
1.052060689775436699e-03
2.943599429123545594e-03
1.445013898358142633e-03
1.129316768066077970e-03
5.700746152225931972e-04
1.355505705496366526e-03
4.861913477746345781e-03
1.906907507564009922e-03
3.173463139017364092e-03
2.741897011367833842e-03
1.230368289313734341e-03
1.615602897256388599e-03
1.108526243856433830e-03
1.566794716172395519e-03
1.159226261402810385e-03
2.600861323140841227e-03
2.667745091685180727e-03
1.587323415522458314e-03
1.447803571849237561e-03
1.893061581161303679e-03
7.262569437600648829e-04
2.567616913975227094e-03
1.016974163256836785e-03
2.479824037846957169e-03
2.449887340242842132e-03
1.830760806630130381e-03
2.668999339849880467e-03
1.444181608182727380e-03
1.270070599710503576e-03
2.348280350051523691e-03
8.346556042857636911e-04
1.940351209127676212e-03
1.028675533062966977e-03
2.253843232174436960e-03
1.721632411294389021e-03
2.539894534909905872e-03
1.192220025499030967e-03
1.770971297692308178e-03
2.112164005851042883e-03
2.578311034736176840e-03
1.774881600697226624e-03
1.968776790955409882e-03
1.403407292440648265e-03
1.296210092515105066e-03
1.237201095157598437e-03
1.285750272136858404e-03
1.535634867235658851e-03
1.446164971442343451e-03
1.445989529123485433e-03
1.126976230950176320e-03
1.613324239013664728e-03
6.684533178650473853e-04
1.868593948697526343e-03
2.633973699020681573e-03
1.628760319548817025e-03
1.095735289684682950e-03
2.138459764520605350e-03
1.963995748823700160e-03
8.652657719822133336e-04
1.624179199009716159e-03
1.521819093964480070e-03
6.039008970744435796e-04
1.901256588650147329e-03
1.860523042498890686e-03
2.301479749363898129e-03
1.579877880041341597e-03
2.568916423933012040e-03
1.954729121914660327e-03
9.227453210554153150e-04
6.540824381847618616e-04
1.197016125820451896e-03
1.622957423283362963e-03
7.132367430849817979e-04
9.746661907127032341e-04
4.245022022275163581e-04
1.745445250534519111e-03
1.695820689384074575e-03
3.194187372783815777e-03
8.629457421046540398e-04
1.913550331149904346e-03
3.777771678550887434e-03
1.796065973362518308e-03
1.777317913230074074e-03
2.584216475244267407e-03
2.155160771329009059e-03
1.844881212409631805e-03
1.743388917658799005e-03
2.655651916669679591e-03
1.740298755280769065e-03
1.132237560294585598e-03
1.271779646329214549e-03
2.335737942877858745e-03
2.580960489273568473e-03
5.362716888756913561e-04
2.923052114743600240e-03
1.334197618020648186e-03
8.432355949519558785e-04
1.290892978951588711e-03
1.701175749470645567e-03
1.908652847297473334e-03
3.212384298651385726e-03
1.049939336343901682e-03
5.136472937416782219e-04
2.584641037058119963e-03
2.838121028073725943e-03
2.165329028550829794e-03
1.880646531388051323e-03
1.715437154917273449e-03
1.244643224071218749e-03
2.349160434132978141e-03
1.427467666339180203e-03
2.186970552429706900e-03
6.357176587483432534e-04
1.859789087031559623e-03
1.888116888543023677e-03
2.172408820153695630e-03
5.294124672357991427e-04
1.102793428774728312e-03
1.156059477825071907e-03
6.688329326733603733e-04
2.202204508435045074e-03
1.244967889008494677e-03
1.398748889817724933e-03
1.277942242155631928e-03
1.779306852564681426e-03
1.895991141183936369e-03
2.183944422446960389e-03
2.225141669949192835e-03
1.503085766419547326e-03
3.124226377223600793e-03
2.330367350971335617e-03
5.146731188671792257e-04
1.671367616097477714e-03
1.190536641429632784e-03
1.039684255962784959e-03
1.693003170013195145e-03
1.745209639608354948e-03
2.081143437952493857e-03
2.551049969835603864e-03
1.859037404102970937e-03
2.205970580154092541e-03
2.025227547390962956e-03
9.140129630663203393e-04
1.123244517832112715e-03
1.180827430001797369e-03
1.264386370109392291e-03
2.426802485989261460e-03
9.947834838944288188e-04
1.957527514403085804e-03
1.369393514290184440e-03
1.592052592700120154e-03
1.426274773954644892e-03
1.088571015347391743e-03
6.774563285796851618e-04
3.110616701548878527e-03
1.598589445085496757e-03
3.012822290549289125e-03
2.026331799666306402e-03
1.975632401901700457e-03
1.744530859932742414e-03
1.161230329489741989e-03
8.610136887492632340e-04
