1.069210658132786207e-01
1.073627683571751479e-01
1.072263596053071033e-01
1.072707854059105209e-01
1.070674906646832958e-01
1.066637495212987286e-01
1.073211461659061977e-01
1.074797171894085746e-01
1.054468335413298041e-01
1.060232461152509631e-01
1.052475750748485400e-01
1.052956479721255945e-01
1.055024362214685707e-01
1.045639774952341061e-01
1.045640444484688403e-01
1.040644573954463692e-01
1.043092927964035938e-01
1.044394421119020644e-01
1.043890256902142155e-01
1.040402118824408917e-01
1.033573946394454046e-01
1.034136552995209984e-01
1.023114631114844381e-01
1.025860641992635824e-01
1.029339023781734586e-01
1.018809937607945554e-01
1.017791316562163262e-01
1.025173829763117439e-01
1.014770549950593237e-01
1.014316299387543474e-01
1.007426094011930756e-01
1.015826189192426954e-01
1.008818785480766617e-01
1.008950671949379319e-01
1.004989332174477945e-01
9.947693081631105161e-02
1.003311611858592189e-01
1.001331244962391509e-01
9.936791898749722241e-02
1.003922655162972077e-01
9.872300559814345400e-02
9.797485188136029199e-02
9.954644740800575042e-02
9.847256119159536469e-02
9.753426660871107601e-02
9.770922995884750994e-02
9.721048535936310797e-02
9.686117116713004183e-02
9.674754293443652009e-02
9.725231267228530430e-02
9.679125798302729011e-02
9.597970875400681223e-02
9.652661219683562888e-02
9.554844385220934155e-02
9.501639993727069300e-02
9.468086966848761332e-02
9.509919420409303215e-02
9.361698163404173767e-02
9.483033569033096077e-02
9.434854731928227212e-02
9.374258102271160187e-02
9.295369044951337645e-02
9.297894117295521510e-02
9.275344247608033332e-02
9.267590380105360237e-02
9.186967626198730419e-02
9.305104866234034655e-02
9.195518284223225258e-02
9.095939085488682907e-02
9.141378581764846023e-02
9.121836543390753060e-02
9.078652203240338003e-02
8.998152435970759033e-02
9.045730603338490716e-02
8.958967750816394793e-02
8.942110003472482360e-02
8.883245085832228161e-02
8.942310583686906289e-02
8.930425266879969681e-02
8.856814323093452346e-02
8.815750388103274493e-02
8.827405010251430928e-02
8.795986785393976326e-02
8.707443332634415278e-02
8.673971253298055906e-02
8.779050653361106238e-02
8.662358399451935975e-02
8.612670005404249318e-02
8.562482814312591395e-02
8.488363177638660884e-02
8.423519949782121152e-02
8.483646386844287401e-02
8.377150404944687379e-02
8.344995671205637788e-02
8.424834902866019937e-02
8.331583242885849672e-02
8.270512501024279706e-02
8.218176430456983206e-02
8.171333578036663048e-02
8.179972024002760134e-02
8.146893238500531320e-02
8.063150126428905717e-02
8.083042073962855290e-02
8.110251373724547408e-02
8.014200891626979684e-02
7.939112419246081853e-02
7.928552714615430541e-02
7.954486328819643237e-02
7.866192863586339568e-02
7.795919097497980288e-02
7.734528062161721840e-02
7.785502994222071038e-02
7.683228802896417686e-02
7.680506641547821256e-02
7.583144686007821378e-02
7.531181020403010518e-02
7.537920108724596724e-02
7.515932034611209900e-02
7.541349419657941699e-02
7.485767373800220059e-02
7.370426723416262371e-02
7.363796387077815864e-02
7.333226694971448079e-02
7.304648327578526501e-02
7.189863304503694985e-02
7.164302746505754604e-02
7.128271964978935560e-02
7.127534239572345942e-02
7.095661953642772024e-02
7.100894001395001431e-02
6.956832067875229342e-02
6.873882320480255437e-02
6.930137696965159300e-02
6.901216987710095951e-02
6.716969435620592788e-02
6.716968784461677111e-02
6.738521037661676649e-02
6.719857419930486131e-02
6.586055292692988283e-02
6.661776917897294092e-02
6.497295585912694904e-02
6.466605084719630192e-02
6.448199220414506383e-02
6.376466669263880505e-02
6.371279896328277403e-02
6.295664864681367601e-02
6.224654228042721810e-02
6.143386950134008956e-02
6.253812476662648501e-02
6.049512822624814740e-02
5.975230741943245855e-02
5.942553636631153074e-02
5.954671717741308323e-02
5.813435129711785193e-02
5.839264400212167139e-02
5.796203955031802024e-02
5.735045796088102110e-02
5.728258509420489780e-02
5.613148992657482350e-02
5.483958919329448567e-02
5.585089731529423174e-02
5.520083807705607887e-02
5.481046103002795711e-02
5.438008522869115097e-02
5.329012721639508898e-02
5.243499318254464525e-02
5.347307982169625246e-02
5.156334171289096713e-02
5.178222474415593302e-02
5.122896791700373709e-02
5.079533225868054086e-02
4.996534007103093505e-02
4.928725691444300200e-02
4.884853179820092955e-02
4.765748646239813952e-02
4.680838037247444378e-02
4.675840553349627782e-02
4.551794896076764851e-02
4.571180219537726575e-02
4.448336480663452053e-02
4.427987743598617298e-02
4.388947325109785608e-02
4.278031930791607873e-02
4.294212201345323776e-02
4.152525065947513389e-02
4.164095312674184063e-02
4.014115585488849114e-02
3.937652267911799508e-02
3.937085288081157430e-02
3.939200304813889747e-02
3.839067957527576153e-02
3.766853146173174127e-02
3.674935962166833020e-02
3.603113340481311350e-02
3.563811499620989781e-02
3.540266707310146810e-02
3.498684987039201583e-02
3.461032572288291059e-02
3.387622530677900090e-02
3.277634590705227197e-02
3.269352084855062235e-02
3.215091711756115633e-02
3.137037461393948207e-02
3.146481149947155664e-02
3.104983168444172895e-02
2.975873005879608318e-02
2.904478166394774616e-02
2.909249062898788124e-02
2.847508870931101874e-02
2.778973348852629283e-02
2.784399305625634077e-02
2.720461339352480898e-02
2.660954017970842619e-02
2.596759094067632029e-02
2.538283186446782524e-02
2.538873990142737763e-02
2.516251889621996113e-02
2.414348026031854291e-02
2.410397097231981381e-02
2.382206253262936571e-02
2.307241925103017607e-02
2.278469973589568320e-02
2.229028109097754701e-02
2.176218207000601285e-02
2.098421129271313759e-02
2.117767614312291574e-02
2.068964787018472140e-02
2.026557170067539229e-02
1.985539472593694094e-02
1.998082125159712785e-02
1.911452445923169166e-02
1.894297436030034296e-02
1.851910283058910006e-02
1.817511393614359635e-02
1.805873223904794211e-02
1.766431906830946696e-02
1.744492007411222248e-02
1.674538351324240948e-02
1.650800594721636705e-02
1.630239422885369424e-02
1.599001944560126884e-02
1.611442167016003194e-02
1.529276088958531066e-02
1.514180651632627064e-02
1.500017336058006787e-02
1.489246547065209252e-02
1.428731592075833425e-02
1.394421756069973151e-02
1.380352712949155757e-02
1.379176648041503112e-02
1.337974574978641369e-02
1.311823885095784840e-02
1.271648588137963727e-02
1.244370098947730936e-02
1.220646402454628535e-02
1.227610030816301406e-02
1.212145100143168300e-02
1.188013426793217177e-02
1.176289652744973331e-02
1.137930885926962885e-02
1.162239308593290138e-02
1.099593490938393335e-02
1.062968127495446564e-02
1.037855812147371777e-02
1.043248477186908656e-02
1.011261652805308525e-02
1.008819713759121980e-02
9.987524657087677032e-03
9.688806567222952096e-03
9.687513715628284089e-03
9.343485973905749781e-03
9.528093760324082839e-03
9.236022465451612998e-03
8.881961615704172391e-03
8.767609995406547979e-03
8.577092239552507741e-03
8.842806350904352380e-03
8.445491935379819889e-03
8.455823620853550326e-03
8.235960503636646779e-03
7.948182488975233384e-03
7.978652666527603216e-03
7.570798187693943831e-03
7.845282708166213467e-03
7.782512799417486311e-03
7.668489691032545977e-03
7.303557141303275956e-03
7.368752441634591858e-03
7.183488865875765211e-03
7.038192664365464091e-03
7.168360265547069933e-03
6.979854948837928980e-03
7.197518492296555923e-03
7.095072740316242348e-03
6.948392832846287878e-03
7.007665803234542842e-03
6.806408778266576955e-03
6.714287844003690928e-03
6.746152268787495784e-03
6.754931794506670133e-03
6.714386837140959990e-03
6.657893549512032029e-03
6.691386543776222523e-03
6.732586728869486073e-03
6.654293569058136043e-03
6.615259206139715610e-03
6.372434813633073847e-03
6.512862311921270402e-03
6.440846809204795256e-03
6.529441923267010131e-03
6.468466188716135573e-03
6.527292544533965304e-03
6.544462344502374566e-03
6.377699911851455149e-03
6.362546089481614132e-03
6.385095052756441930e-03
6.424023928030417330e-03
6.534165456433694424e-03
6.516143023493400216e-03
6.441612043507084426e-03
6.593760094736236810e-03
6.524304122541400505e-03
6.416382702131767646e-03
6.493441394536107747e-03
6.566838864175337381e-03
6.646148729657612268e-03
6.646790929913333479e-03
6.642277818621157223e-03
6.684300321955032737e-03
6.784089093624250805e-03
6.778827232342096373e-03
6.850952035927266801e-03
6.798188991300399553e-03
6.894812849928429882e-03
6.976759977561329540e-03
7.090297263350735929e-03
7.030324019289529297e-03
7.203705892944190295e-03
7.166746899897690967e-03
7.178219811285762100e-03
7.318180501557412440e-03
7.358300324321801963e-03
7.393935169450541189e-03
7.410656633993815620e-03
7.461178301812957173e-03
7.498464940968074116e-03
7.577004779225097672e-03
7.524432205199937940e-03
7.530617938073854573e-03
7.621971487386237226e-03
7.660596299550825536e-03
7.630664633234409897e-03
7.583000593112751084e-03
7.535422471391691260e-03
7.716310775398813396e-03
7.594060212806744148e-03
7.693081303758127210e-03
7.729952570823161312e-03
7.695144385991673636e-03
7.710193669924727405e-03
7.700778830022835322e-03
7.784463515565723940e-03
7.657048936190567409e-03
7.739673382866239446e-03
7.663845334323069955e-03
7.759430046423718488e-03
7.707642944217009059e-03
7.758667698901310431e-03
7.669515164246454991e-03
7.731142362677733207e-03
7.778646106329872162e-03
7.788261589483654046e-03
7.780180469435359764e-03
7.889246023785606229e-03
7.662865705067472763e-03
7.693398813073406076e-03
7.730446141586775483e-03
7.757715445559703812e-03
7.794938054110741449e-03
7.750091709366765599e-03
7.892009039623395020e-03
7.767195372723502411e-03
7.767294487951671364e-03
7.746132910393985216e-03
7.783872752807128106e-03
7.780796328791939401e-03
7.785820584663533453e-03
7.787094948219856413e-03
7.798342788314344132e-03
7.761039452719926610e-03
7.856501135741494543e-03
7.801917870767531224e-03
7.844245129716235707e-03
7.793786248496701111e-03
7.791896378137515636e-03
7.845476016414425907e-03
7.881997098970064744e-03
7.774863081360494643e-03
7.745778662604870315e-03
7.821733636187355385e-03
7.838643065583525762e-03
7.890514469813520934e-03
7.815586704906311508e-03
7.845082977320816039e-03
7.789368112139457082e-03
7.764062039956037137e-03
7.847616935518209741e-03
7.807905436818559156e-03
7.878682609646520466e-03
7.822056034207257660e-03
7.836347052120091680e-03
7.898257456322672898e-03
7.893116198127689970e-03
7.897335426331366162e-03
7.986938100670850846e-03
7.867312707151226034e-03
7.918355987928171746e-03
7.962014026009846951e-03
7.909154725158087929e-03
7.891181578882850225e-03
7.942813154883102827e-03
7.881010623104424753e-03
7.900878026738687721e-03
7.964207731021653858e-03
7.891822599404811969e-03
7.953505355944155697e-03
7.847223941777774214e-03
7.992827808781159324e-03
7.937836074254153371e-03
7.963812176451100927e-03
7.935387328662028492e-03
7.929031766455299848e-03
7.945832306574328319e-03
7.998972628446638505e-03
7.980210166287648316e-03
7.933132061979585384e-03
8.067336989130110755e-03
7.943065291261925190e-03
8.003211896341955178e-03
8.008258551437708733e-03
8.053662096801431081e-03
8.214697524689382191e-03
8.027451741001055338e-03
8.035919961738436160e-03
8.038187899819249083e-03
8.007729885691447155e-03
8.146851478087566156e-03
8.099349543739753354e-03
8.049957587487780591e-03
8.083477609573543055e-03
8.066094109989466535e-03
8.072141448944658917e-03
8.115010989536725755e-03
8.100938868134927029e-03
8.099128664138203343e-03
8.160960230683361391e-03
8.081448831450012762e-03
8.192641368495557491e-03
8.166701778370743028e-03
8.129240858058311286e-03
8.123822898082290120e-03
8.105151904382712491e-03
8.091503645170918316e-03
8.118583927401249942e-03
8.142119485634650294e-03
8.093193682590581542e-03
8.166692799343478262e-03
8.057303867242154860e-03
8.088845151736266670e-03
8.156792619166549144e-03
8.092304060101924990e-03
8.061563480510224380e-03
7.977298307334533545e-03
8.023494642271398331e-03
8.112408526928216110e-03
7.999376450701136884e-03
8.011833329470212720e-03
7.966344663573239962e-03
7.927882744894282352e-03
7.891039464483591212e-03
7.851950082114020346e-03
7.977675170220107151e-03
7.893112882477539699e-03
7.890625475677551237e-03
7.807260886676275699e-03
7.743482949035075669e-03
7.699585103059777835e-03
7.785921822329025521e-03
7.608605004325173088e-03
7.645253436216933526e-03
7.717618661358682103e-03
7.523630919022195052e-03
7.468845333992328583e-03
7.428063348254533224e-03
7.408181932341616899e-03
7.377887446958995496e-03
7.309390314455009585e-03
7.271254698796423069e-03
7.339449794107420072e-03
7.192565485204836101e-03
7.129733045874402445e-03
7.154026878971169248e-03
7.045888976593412192e-03
7.069581626665351684e-03
6.941561339422393576e-03
6.935400335427772782e-03
6.943667239441972047e-03
6.892073726615580501e-03
6.773918268791415641e-03
6.706894380561218526e-03
6.831665369787133860e-03
6.763865761421000017e-03
6.714793185314372505e-03
6.604372393596357610e-03
6.566616631193253860e-03
6.629541412972702122e-03
6.579052133472577772e-03
6.651053390085746343e-03
6.596473073487476788e-03
6.546649246769779829e-03
6.528041934025672829e-03
6.400541220364410790e-03
6.472808153916524525e-03
6.454701990293801143e-03
6.410071969337198874e-03
6.460264071420290105e-03
6.456259171160196042e-03
6.453155108037875870e-03
6.429283984107693820e-03
6.455851146726259912e-03
6.387794354941868022e-03
6.244853300907895685e-03
6.457808603306153944e-03
6.368622201796343522e-03
6.282851349843051984e-03
6.390925943665932280e-03
6.360465583229217568e-03
6.369914723736239300e-03
6.427076592730196838e-03
6.310499091023284192e-03
6.278923238352770303e-03
6.388715558692394103e-03
6.298126807829617681e-03
6.337613614900714301e-03
6.330201849151506632e-03
6.296622684177277315e-03
6.339925651773709384e-03
6.398385578505414936e-03
6.291165493827315450e-03
6.438962193711849843e-03
6.344385405092131842e-03
6.321414013584754875e-03
6.246365766080405960e-03
6.321665240158614099e-03
6.150132538573044663e-03
6.254163551925919114e-03
6.231037579501226553e-03
6.276364942562876262e-03
6.389883018213292701e-03
6.248003132883530805e-03
6.174510882878682730e-03
6.170960630046783482e-03
6.334912104458477293e-03
6.267315452311914351e-03
6.291394682830574701e-03
6.174133826653246775e-03
6.361178835873482727e-03
6.235302369395987615e-03
6.359497873410245583e-03
6.240956212640083253e-03
6.317554105487791644e-03
6.296809889472357313e-03
6.261776481973528076e-03
6.271598137055293086e-03
6.340539668715146696e-03
6.304869290112985990e-03
6.289777985417738596e-03
6.344846421280065860e-03
6.264471429911358004e-03
6.367727342652377068e-03
6.349701046194524898e-03
6.309398385525999062e-03
6.340106864948858931e-03
6.345075823958296925e-03
6.257128286157218403e-03
6.314098930899637516e-03
6.257315660558794568e-03
6.223122151465306645e-03
6.328066816315248283e-03
6.325495138559014512e-03
6.245907149147160962e-03
6.284161712725557306e-03
6.317836259629440628e-03
6.256183662664281317e-03
6.262388826879756315e-03
6.325684623172167335e-03
6.151767083004711437e-03
6.213545337945720892e-03
6.340432379286007995e-03
6.335330600289010468e-03
6.140522452416510325e-03
6.194951044542444142e-03
6.224656714557883636e-03
6.222402431129180241e-03
6.376574731924345221e-03
6.276099897000200073e-03
6.116073269555124398e-03
6.343914297747879280e-03
6.361055161367330096e-03
6.241357316268712936e-03
6.272346779745093838e-03
6.399895956509370036e-03
6.229143290865658301e-03
6.307126745985783267e-03
6.286800173661932431e-03
6.341870957343924940e-03
6.414568325023829731e-03
6.408041353656569912e-03
6.239925299937335718e-03
6.225993166493306967e-03
6.350994366685951999e-03
6.392274206480866132e-03
6.310185626170998138e-03
6.307599159183939139e-03
6.330103016665265640e-03
6.305767906615682150e-03
6.299266283729971355e-03
6.267032119103425544e-03
6.389802875757899341e-03
6.295203368940660224e-03
6.260171186732424800e-03
6.236210869529653852e-03
6.320122281289822230e-03
6.295184025572921060e-03
6.294955611512273626e-03
6.253056392445937618e-03
6.309680494713806181e-03
6.229252266136844560e-03
6.212266342039996295e-03
6.273490169443936802e-03
6.285855360606541070e-03
6.278223290193253418e-03
6.286021148563763865e-03
6.303424188529673823e-03
6.289683326231572044e-03
6.279762979604877615e-03
6.347359737662517341e-03
6.350638402929550431e-03
6.404956814510399075e-03
6.341898673277441070e-03
6.270490234520153389e-03
6.397438941014453942e-03
6.393777338721059675e-03
6.265303246470822762e-03
6.498945766516208908e-03
6.372671054036284019e-03
6.436196276304939796e-03
6.305492314867658203e-03
6.261324345415481343e-03
6.234957660594184561e-03
6.313210215873776843e-03
6.473535635270440299e-03
6.415810579792439843e-03
6.294884129404598738e-03
6.325847185209146524e-03
6.386409563852375390e-03
6.350431121519454353e-03
6.410421802317749912e-03
6.334353493864460644e-03
6.320524415072158175e-03
6.380574999812732573e-03
6.500456295857040198e-03
6.390104627938660020e-03
6.420484490370480940e-03
6.277823314176342144e-03
6.438560193311224956e-03
6.419857444321944856e-03
6.311395990299010356e-03
6.386243969620980510e-03
6.316250342477866195e-03
6.444251432681720980e-03
6.290756312644537641e-03
6.624112135661440991e-03
6.417118130614656545e-03
6.407971805484557679e-03
6.444599487866908838e-03
6.421353492707335305e-03
6.605709758527420969e-03
6.543203431696630740e-03
6.568925853583271537e-03
6.451205202689818709e-03
6.415153462367773236e-03
6.374748576475288905e-03
6.244477648039887391e-03
6.426288573582019173e-03
6.375740790674665030e-03
6.523808570876632289e-03
6.630577954088400644e-03
6.455668914911607756e-03
6.355912276021473926e-03
6.494550256682026304e-03
6.596859532472545279e-03
6.474286054980720601e-03
6.349147723924901225e-03
6.319428769213167318e-03
6.372428497005573275e-03
6.501555971287586826e-03
6.655012781498055585e-03
6.444237110492238851e-03
6.484889690130632087e-03
6.564239783888467517e-03
6.576097039502203090e-03
6.527667287855956103e-03
6.598411366318017793e-03
6.631608096882453222e-03
6.558260491966463011e-03
6.514777397873151334e-03
6.662335658846588529e-03
6.605440386550764237e-03
6.508027054662067837e-03
6.506184565417521756e-03
6.506455035829139533e-03
6.583361356759898780e-03
6.553849814750985041e-03
6.362568400838713653e-03
6.486047359161939765e-03
6.809393115605215027e-03
6.621163532139480272e-03
6.499389905523537611e-03
6.510740365135479248e-03
6.461395591983190752e-03
6.611135353533698598e-03
6.674118763073456570e-03
6.527395407160537129e-03
6.663413262515696656e-03
6.548129641490953862e-03
6.619837482542819881e-03
6.722596373945302628e-03
6.622695523536693656e-03
6.601816537341623388e-03
6.652554653180045401e-03
6.734849050147466258e-03
6.728708796067765438e-03
6.776113814469447022e-03
6.582298535606333906e-03
6.616814885852698863e-03
6.707509806571516561e-03
6.712696009296191188e-03
6.643647912836531111e-03
6.769677003410461136e-03
6.655208206163758938e-03
6.751066428306701749e-03
6.642456144347053115e-03
6.771068336724324517e-03
6.703138725471659287e-03
6.767025578938537164e-03
6.727617034257793623e-03
6.709808147290538538e-03
6.876354778827169743e-03
6.841206861728137481e-03
6.565597097116398530e-03
6.654202414350746976e-03
6.762480598536521961e-03
6.601985752674128204e-03
6.825413916067838566e-03
6.734920147790413730e-03
6.888902700526261698e-03
6.886488110878353011e-03
6.918322180264406887e-03
6.772892969360639476e-03
6.692256272578114319e-03
6.705813358179654043e-03
6.822236401247423060e-03
6.876807216026509587e-03
7.060595170543869196e-03
6.812829696000432048e-03
6.931676001333682627e-03
6.811381247887344365e-03
7.191374564841829936e-03
6.883603322537061586e-03
6.615101836691646489e-03
6.898627296151510491e-03
6.870685867230524879e-03
6.882861611277928116e-03
6.991200688839736485e-03
6.987824568687650909e-03
6.839326782162534132e-03
6.908035504363689572e-03
6.929760476369534183e-03
6.810976970310671057e-03
6.851766398897226468e-03
6.931413391588345935e-03
6.935344630814158258e-03
6.850798630852758878e-03
6.990048367735595888e-03
6.913569132686800400e-03
7.008384583530469919e-03
7.011177899036245137e-03
6.889797129987404976e-03
7.118739597812080017e-03
7.098038705423484473e-03
