2.512655929005566321e-02
2.459783418630556023e-02
2.607020565689100941e-02
2.528167207626424648e-02
2.266305182854997519e-02
2.071546205665766513e-02
2.076967538294305707e-02
2.675477699628352884e-02
2.575223481851031393e-02
2.034672669538943948e-02
2.708857833857554465e-02
2.407263525848755970e-02
2.454063946151600548e-02
2.675127985180819970e-02
2.623293641387746539e-02
2.478743452194369715e-02
2.080226403302944810e-02
2.173050206328359241e-02
2.730484312235658892e-02
2.883499643267467549e-02
2.724151739826051466e-02
2.401138341933654191e-02
2.490031630505378304e-02
2.664007554940236305e-02
2.898887829266701480e-02
2.343175503728289755e-02
2.042946761881194936e-02
2.749755792844928159e-02
2.462015440892418791e-02
2.717289393886758789e-02
2.772016325825920474e-02
2.733058367549105055e-02
2.558162322454269472e-02
2.308572551746124885e-02
2.563382390213184842e-02
1.827794157043955217e-02
2.719100928744737702e-02
2.132490063672380295e-02
2.388828299070337030e-02
2.235618041647187415e-02
2.326444594494660179e-02
2.827204482652291226e-02
2.449184015986681853e-02
2.289578683651793956e-02
2.325819863415557257e-02
2.903928680939971835e-02
2.690682727484270190e-02
2.390460402488916308e-02
2.560909833650691983e-02
2.391639605413172984e-02
2.352223510214472568e-02
2.769955784031357879e-02
2.483129831016544359e-02
2.740327218191681430e-02
2.471273734847543105e-02
2.738711315536167257e-02
2.583206351056039490e-02
2.715249736298058422e-02
2.553729896508113301e-02
2.531134717666729331e-02
2.205750467598404860e-02
2.513212523748249716e-02
2.115476851612828682e-02
2.835057319441247614e-02
2.495813285303943863e-02
2.348087256642737014e-02
2.511454948735472592e-02
2.709626363116752687e-02
2.883381696139751538e-02
2.823281890145783180e-02
2.321335212256999542e-02
2.363746659539803924e-02
2.245205279006137408e-02
2.947675928102603052e-02
2.598618770439634074e-02
2.806246063993746501e-02
2.638567537207553090e-02
2.645750024424323513e-02
2.623623617741030478e-02
2.344697393140647568e-02
2.522782938379287965e-02
2.343516200579763217e-02
2.325043699298492625e-02
2.186956954063144776e-02
2.636701634817888856e-02
2.241827273189410039e-02
2.444146806353162532e-02
2.710409850873420068e-02
2.710983339729646641e-02
2.615630423794045381e-02
2.561141339301268444e-02
2.687825231398484338e-02
2.587932385261361781e-02
2.657392535570210837e-02
2.518842386663848465e-02
2.896026236653710673e-02
3.037552231382319515e-02
2.526465688956985173e-02
2.422727188236130716e-02
2.403203185661282118e-02
2.479106682449929225e-02
2.377868117024513339e-02
2.651525153180979075e-02
2.697752562405694027e-02
2.638607715566692810e-02
2.589258614835548977e-02
2.508526010815593718e-02
2.588401325788606405e-02
2.342089894522059526e-02
3.100312832472433555e-02
2.673235924740157213e-02
2.805278859274502878e-02
2.023420222224884060e-02
2.848558040174065456e-02
2.243789697817084872e-02
2.916619709660018406e-02
2.538431195979322028e-02
2.964963981710806371e-02
2.508959381865945304e-02
2.700544420034841492e-02
3.065322563155698996e-02
2.296866415436332395e-02
2.516037046552874537e-02
2.519961706408630625e-02
2.500026370606043408e-02
2.566065317467497095e-02
2.527050549562108450e-02
2.251592091895175327e-02
2.639212881314334513e-02
2.498323158512566131e-02
2.717237456625060110e-02
2.418139921934416708e-02
2.679486998188190805e-02
2.151684055184175173e-02
2.383535572645918699e-02
2.819364883012286105e-02
2.715557625121732196e-02
2.892300087661452135e-02
3.178408364985928908e-02
2.674958826773680270e-02
2.296965164188190939e-02
2.294790916999063859e-02
2.193246522076304841e-02
2.529141603631701596e-02
2.325105314477093552e-02
2.671221759879573165e-02
2.311012580524125781e-02
2.574681157601424811e-02
2.511424455591953694e-02
2.733713136239896216e-02
2.360018539752863770e-02
2.535144503482331807e-02
2.524678790818820490e-02
2.547208260259254189e-02
2.602256799617235980e-02
2.696626868743253955e-02
2.293036066795743969e-02
2.547243624044993535e-02
2.164939779817761159e-02
2.820848892536567329e-02
2.693976852321614684e-02
2.581970098560215990e-02
2.952932160274682194e-02
2.332570533187209097e-02
2.583534000823601087e-02
2.396700674199992581e-02
2.440094929920243877e-02
2.768988378436436706e-02
2.248718321402835493e-02
2.477373543454245916e-02
2.114357232608908219e-02
2.677014831580899062e-02
2.111089120923651322e-02
2.453264895893087633e-02
2.270183554592632158e-02
2.337368459668249382e-02
2.768824238726339329e-02
2.943731585678753537e-02
2.508306168358010596e-02
2.664703099480218024e-02
2.303040901053578920e-02
2.642314485025769669e-02
2.402142796652171133e-02
2.876073745115814706e-02
2.507982007057169699e-02
2.347754047277541764e-02
3.155049413262749763e-02
2.392728704990966168e-02
2.400206882371109726e-02
2.666198966301920950e-02
2.556820017143491067e-02
2.492764142802839436e-02
2.769718177696681854e-02
2.380825328787347303e-02
2.591225768310587846e-02
3.088111923245853360e-02
2.764734895713608781e-02
2.329596112174888572e-02
2.316582491532199334e-02
1.915993776882780192e-02
2.282268960383324399e-02
2.296682806311315175e-02
2.083772668893692573e-02
3.000216567674901177e-02
2.427375981514225123e-02
2.546147179676878924e-02
2.810797348802261328e-02
2.281794044872394872e-02
2.999994195512774992e-02
2.158507094233970761e-02
2.618481040785924918e-02
2.923585006555695989e-02
2.386035330087609221e-02
2.577626293522625525e-02
3.285108609566497750e-02
2.712079547948484728e-02
2.680909320947017296e-02
2.990147025559438884e-02
2.358380436385352358e-02
3.238410548595722221e-02
2.247005020219975530e-02
2.341797015905862020e-02
2.301779690398820383e-02
2.255166107214941554e-02
2.473829291719431556e-02
2.546585513387686697e-02
2.901012774967406255e-02
2.945513780677274165e-02
2.753568683154318866e-02
2.403965871568054802e-02
2.175633907118982094e-02
2.747521285388413587e-02
2.361209390003576880e-02
2.852206931772987078e-02
2.755418973730981713e-02
2.243460185113178851e-02
2.753839150056856810e-02
2.311524606465798284e-02
2.268130519132652637e-02
2.514763067067650806e-02
2.071756926044509076e-02
2.441570030326674356e-02
2.359515655879209847e-02
2.964739703604601234e-02
2.518031239512252134e-02
2.409237598564275759e-02
2.312331502596691804e-02
2.235115967076556701e-02
2.596189165887676994e-02
2.333195244127747939e-02
2.397873846788465754e-02
2.485090988183332947e-02
2.267222298378341813e-02
2.480333390116094133e-02
2.717603849877725172e-02
2.863389850448305740e-02
2.304372829568700556e-02
3.196833979044037127e-02
2.856540990150866627e-02
2.263161821070844640e-02
2.432678589458269966e-02
2.537359392653408541e-02
2.690292211789718779e-02
2.361729890135308429e-02
2.355544943966955337e-02
2.836559186675898653e-02
2.242529164355570176e-02
2.802744031561388294e-02
2.857136916627241521e-02
2.730334065634743013e-02
2.349396716945682806e-02
2.603606681752576937e-02
2.190418737113994374e-02
2.476080258362040043e-02
2.643644478426318903e-02
2.585361611361715328e-02
2.602506458989613247e-02
2.147512454053899372e-02
2.142592391204956037e-02
2.270274296298215033e-02
2.114086087461405916e-02
2.493031845604781402e-02
1.972986011623112726e-02
2.499817444965737531e-02
2.580421666337190736e-02
2.284393328395061332e-02
2.008639946103730339e-02
2.609516027700501534e-02
2.778752303878444935e-02
2.435216334600432547e-02
3.167429528351613927e-02
2.081674824858334438e-02
2.518805243862519763e-02
2.478256258022137198e-02
2.674485020664043450e-02
2.353026896523244260e-02
2.287361757860518346e-02
2.733132308662001089e-02
2.489913621977675809e-02
2.616904715185811720e-02
2.773225606327862913e-02
2.512097721594586802e-02
2.893551700214743588e-02
2.438269132295813393e-02
2.377723088498669146e-02
2.501915243744365705e-02
2.444308346950409619e-02
2.971542261728313608e-02
2.255953099729358924e-02
2.877386776769932236e-02
3.056884767878096168e-02
2.457894527402702811e-02
2.619879097675409732e-02
2.050719572199301288e-02
2.250955000917907733e-02
2.458843131540766960e-02
3.130628201819358331e-02
2.421292661447563624e-02
2.640522381007300370e-02
2.617959651542310640e-02
2.539199385254842234e-02
2.321168681866424277e-02
2.660491458413419275e-02
2.178657370889797509e-02
2.687133849289960463e-02
2.498450104628575225e-02
2.759903521225157488e-02
2.215504503293255420e-02
2.368351472409540096e-02
2.645933367349664889e-02
2.339450639756409170e-02
2.433888725937883094e-02
2.738707367230633696e-02
2.168978099291718822e-02
2.882918186839479591e-02
2.336902056874594000e-02
2.574400235272976054e-02
2.275538139890881731e-02
2.453238283852186494e-02
2.833090535925970876e-02
2.291243275378358063e-02
2.776992310275611803e-02
2.114319657844180439e-02
2.367187176463826648e-02
2.501443458635149372e-02
2.251450716057899065e-02
2.375917243929048794e-02
1.879380763072487776e-02
2.629907495678084420e-02
2.428144359981084660e-02
3.034591575055553894e-02
2.198408323348671062e-02
2.771213224116259033e-02
3.104690307094097948e-02
2.516407943621661730e-02
2.158442847912103724e-02
2.677276725902733370e-02
2.341815503401059942e-02
2.576601973202961166e-02
2.628437545870241504e-02
1.780976924468922334e-02
2.629031520375820635e-02
2.380341082019257759e-02
2.432765061824990194e-02
2.770407924824059426e-02
2.501137241979790177e-02
2.152197448723114359e-02
2.244676271225816075e-02
2.612295153799806466e-02
2.534565442981336764e-02
2.936769584733032665e-02
2.203792414393270296e-02
2.111212141087742342e-02
2.454928115976404493e-02
2.614151485288036467e-02
2.301146690973206871e-02
2.771937391494104855e-02
2.433119227774436372e-02
2.539271645125103921e-02
2.213449916811428483e-02
2.916278577063993738e-02
2.197740384526532600e-02
2.515375236902707770e-02
2.186413107023365415e-02
1.979569464257311187e-02
2.689396202903034452e-02
2.669974034583578321e-02
2.246822974224220101e-02
2.048784831577064869e-02
2.529742022049924141e-02
2.753049411817947920e-02
2.307908717493566825e-02
2.607467470757703076e-02
2.726958122148068903e-02
2.314867597506028302e-02
2.341522338275518755e-02
2.409353418067491232e-02
2.802856491187034546e-02
2.654799783871625990e-02
2.203705465737529692e-02
2.782912495054488608e-02
2.293565632311289279e-02
2.577569263792984025e-02
2.932894526311783517e-02
2.378841864377148271e-02
2.371054657190154596e-02
2.452579915019375417e-02
2.233017725846464172e-02
2.411421745532680433e-02
2.482718327823388305e-02
2.432659515465778952e-02
2.327358515731301272e-02
2.286866669337577276e-02
2.492790682081232403e-02
2.536154327668651079e-02
2.344606387652223636e-02
2.568009052960469607e-02
2.017890056197513618e-02
2.868222777447207439e-02
2.147054944044622313e-02
2.450804891236056660e-02
2.022024605332629899e-02
1.907483073000292365e-02
1.936338058768748149e-02
2.614297213416383325e-02
2.476614050602732667e-02
2.174395710596196962e-02
2.074210798957387344e-02
1.759857062565552480e-02
2.312123956192391194e-02
2.198422640570899325e-02
2.308088502492007879e-02
2.380595132544661638e-02
2.584072786624060786e-02
1.917017699581731460e-02
2.583841415184987347e-02
2.589654918638081837e-02
2.234188800293949312e-02
2.626658995816109898e-02
2.108544499214352885e-02
2.531236830852491571e-02
2.226274070247828696e-02
2.500873043951494859e-02
2.028223437837501850e-02
2.477349582247209345e-02
1.841620740150764005e-02
2.677944357491441815e-02
2.035475455126400587e-02
1.895976257116114422e-02
2.251709388910960730e-02
2.600968500594547095e-02
2.307619958561073215e-02
2.193481894908490965e-02
2.205583716503042857e-02
2.132599469207066209e-02
2.417324577671148625e-02
2.132554691038572592e-02
2.010259244074220214e-02
2.048530021646034413e-02
1.909982506421136275e-02
2.263495330197212718e-02
2.253304506379574801e-02
2.469352983184408545e-02
1.734704205538093943e-02
2.350724583621150235e-02
1.794597709419430004e-02
1.723701840136652660e-02
2.225508707869700356e-02
2.238332783875001536e-02
2.427373972727871199e-02
2.119789649622421876e-02
2.010769204228647633e-02
1.979282137330294622e-02
2.065856456620755385e-02
2.203410874318719945e-02
2.045794025514896530e-02
2.400495566284462090e-02
1.876460818252500412e-02
2.163330409589761527e-02
2.336380101224318218e-02
2.277467031216328167e-02
2.007821444658883236e-02
2.152767051639924850e-02
2.003441719565731902e-02
2.504015765299940494e-02
2.304322995065856763e-02
2.196456789937303866e-02
2.433817704415135175e-02
2.317506317969384930e-02
2.235756804781439261e-02
1.818058416635611949e-02
2.026542021304176405e-02
2.068024387897152497e-02
1.930473281423591633e-02
1.959137980829183875e-02
2.194110221445932582e-02
2.408346910894543225e-02
2.696006706277071646e-02
1.756425086962026122e-02
2.120985088968539711e-02
2.138093536012450682e-02
1.689237288221369024e-02
1.687177287621371979e-02
1.845999676658188066e-02
1.571382585961658002e-02
2.049599197005172110e-02
1.941312921822996307e-02
2.009054665583286797e-02
2.288794983610498157e-02
1.928607065444149296e-02
1.789478115217851828e-02
2.084064037743946218e-02
1.942665363138165041e-02
1.699896233934475309e-02
1.929670495438061059e-02
1.649764294633488879e-02
2.109052330085101762e-02
1.874933765449600734e-02
1.759000292646630687e-02
1.636037226870842506e-02
1.826614200946587163e-02
1.486500736527230325e-02
1.400101926983914578e-02
2.043245843947186918e-02
1.449939290561950457e-02
2.197570276755936997e-02
1.636303358390730697e-02
1.261220292247795978e-02
1.385834959766035074e-02
1.580464481115374104e-02
1.462828824368602593e-02
1.449897975301812567e-02
1.532191682634491056e-02
1.439106027758106296e-02
1.578427579711753903e-02
1.406859868827932576e-02
1.659085607776549301e-02
1.963215440663957159e-02
1.567882282290821924e-02
1.428634764779283285e-02
1.700062912899050899e-02
1.397573849514217870e-02
1.376473676746887455e-02
1.450742827202307177e-02
1.354680669300321882e-02
1.625771924308995475e-02
1.377619481528005729e-02
1.856554520369288822e-02
1.136452369815085794e-02
1.429840162536482120e-02
1.430138869492770387e-02
1.003547699390228143e-02
1.541792160661922817e-02
1.365926627677770296e-02
1.436048667416084910e-02
1.642812201478324741e-02
1.615296228118711166e-02
1.375078923078380290e-02
1.321463527628030134e-02
1.499009048344292563e-02
1.547679334537730225e-02
1.543957828538590482e-02
1.095206063448148949e-02
1.051581501118920535e-02
1.578997232923659566e-02
1.675475542915870475e-02
1.548980507790952491e-02
1.501543644275706024e-02
1.245320581194836115e-02
1.294081640638580950e-02
1.141333276948028677e-02
1.705162703819170997e-02
1.597546623200675128e-02
1.414341582525743303e-02
1.495775603704903312e-02
1.353260054118839845e-02
1.540705894056411049e-02
1.327042791063415793e-02
1.146262785396890208e-02
1.346800999211927342e-02
1.410313829072395823e-02
1.583421850435427769e-02
1.499195772438422815e-02
1.553566361905286616e-02
1.317653111660574937e-02
9.540146026859239875e-03
1.515239846961104545e-02
1.259292686587856064e-02
1.679288614524046541e-02
1.505315474732290756e-02
1.127966932707833402e-02
1.300134709175337043e-02
1.320930842516858383e-02
1.381516271266745866e-02
1.411450164075831078e-02
1.576763482028674043e-02
1.643235624828013469e-02
1.281336882465930471e-02
1.558769202987385361e-02
1.353241797021994923e-02
1.660261030839992394e-02
1.160179987601143124e-02
1.394063542853958039e-02
1.176347106721709231e-02
1.268909729566523349e-02
1.159241036147558301e-02
8.971319181884805996e-03
1.203840768950041780e-02
1.520207766857304375e-02
1.179981309317241003e-02
1.322464233638216864e-02
1.242193824088287137e-02
1.518584989102008016e-02
1.534009800087934861e-02
1.339608357600392645e-02
1.511893375290090068e-02
1.782136818207976856e-02
1.639443166340551206e-02
1.392635646696727646e-02
1.140447154237602713e-02
1.672828218041561704e-02
1.338319926047459515e-02
1.456478187669723624e-02
1.373532296000549123e-02
1.286338344687357194e-02
1.737772194784218197e-02
1.471445585378964270e-02
1.579067800222751575e-02
1.298900766237556272e-02
1.410449565860316667e-02
1.397961443071929488e-02
1.646761080283368900e-02
1.384676564059602114e-02
1.453007386648454830e-02
1.137193458036801080e-02
1.435427478384626934e-02
1.204706923594127746e-02
1.252714279299865612e-02
1.110174817042567340e-02
1.832798010946100342e-02
1.737222893963387416e-02
1.310542457685112856e-02
1.711590121074125712e-02
1.463168309511195427e-02
1.615594658967754033e-02
1.396498226442479014e-02
1.460285272644800715e-02
1.255183046246518760e-02
1.311395432701680484e-02
1.377157244398323488e-02
1.570727165741149511e-02
1.311314234538382695e-02
1.405447305177159011e-02
1.465448728760833201e-02
1.301670529861736515e-02
1.632947168993548193e-02
1.689316790065276824e-02
1.356709677212285074e-02
1.204636208017806701e-02
1.493999074857898547e-02
1.192205030546989244e-02
1.274907550537334247e-02
1.690774314686094640e-02
1.426401355849088101e-02
1.178896950443629639e-02
1.341172841546561106e-02
1.149003132417334046e-02
1.560131815308565296e-02
1.151695201855175779e-02
1.250809141537881364e-02
1.712488913261158568e-02
1.150712891580372987e-02
1.161408149064613142e-02
1.337541090643096578e-02
9.981980866760928328e-03
1.429736271435654016e-02
1.296051997272975459e-02
1.264638383852670182e-02
1.876272732618165101e-02
1.019075396990778114e-02
1.440994541845909416e-02
8.703162874088905820e-03
1.182644591798980883e-02
1.249156939644346757e-02
1.109412636791911287e-02
1.497389063178351278e-02
1.189562402941446266e-02
1.176999999375714055e-02
1.119560650756515514e-02
1.393648342708626864e-02
1.141260782122327164e-02
1.129751017593367407e-02
1.431679151466283724e-02
1.195245310415381408e-02
9.336224308382332429e-03
9.919797434943620346e-03
1.132491210691642831e-02
1.286832532653238090e-02
1.195253111429250142e-02
1.298024739393024117e-02
9.921913074148237116e-03
1.018914859658346002e-02
1.198742865328513395e-02
1.147874365445251781e-02
8.754101696847697844e-03
1.139824335266019159e-02
1.076642708014113013e-02
1.260778428431163362e-02
1.024190696794355024e-02
1.199946227451877644e-02
1.463256179705558178e-02
1.167354656045321674e-02
1.150358063461350867e-02
1.225436474246872562e-02
1.282982459619497716e-02
9.832199737591215336e-03
1.005938628938586425e-02
1.202476675821682883e-02
1.395623784403654359e-02
1.263070668737509630e-02
1.180462129873914752e-02
1.125161245840199456e-02
1.206461328845902931e-02
1.147577043937323890e-02
1.162299205356889624e-02
9.504333336058190182e-03
1.121596796104326436e-02
1.134027509380147389e-02
9.881438627497574068e-03
1.427743641220188472e-02
1.168538165929755394e-02
1.054474913434127505e-02
1.379231116255904763e-02
1.297051192499135142e-02
1.234410386674744155e-02
1.165166199467592041e-02
1.044846074655284701e-02
1.162366818129718406e-02
1.247478505614180340e-02
1.035986171657511494e-02
1.013621783659401920e-02
9.667091629997967908e-03
9.903871904526016443e-03
1.384028260712510949e-02
8.265553830246866185e-03
9.366167924509519183e-03
1.469100973588017417e-02
1.229518074661056781e-02
1.071048582857643018e-02
1.203351976037997373e-02
1.307323577447878221e-02
1.073657391488568383e-02
9.709213912433591748e-03
1.334976968538032979e-02
7.964071946422658643e-03
1.225125493565815127e-02
1.137488857126642793e-02
1.215203178009523211e-02
1.033202133308122085e-02
1.415709670011588983e-02
1.561977071895023425e-02
9.297566668174557514e-03
1.150084893995783134e-02
9.873578814819840982e-03
1.370194477361338405e-02
1.084972477419491460e-02
1.058773125794556028e-02
1.300251670383213536e-02
1.147513598143094782e-02
6.697034454965421386e-03
1.064291890688012776e-02
1.347581710167280664e-02
9.330732228400858558e-03
1.102658120364501636e-02
1.111490399716859485e-02
9.278938048784173345e-03
1.093866817968188777e-02
9.437110056794260557e-03
1.143029002091777886e-02
1.193267469645359694e-02
1.178665320656813176e-02
1.263512255123078534e-02
1.052366682354190404e-02
1.084864030723420997e-02
1.355156211491029272e-02
1.168432215264350246e-02
1.169368497180782104e-02
9.431901915087984034e-03
1.350522584242242093e-02
1.147004079696612756e-02
1.242960245498161802e-02
1.321396334995439750e-02
1.117745223127327922e-02
1.092401466278151295e-02
1.360417303481117716e-02
1.212306152867003925e-02
1.147968639260320278e-02
1.237018371959848310e-02
9.362469843435665059e-03
1.075896292027493650e-02
1.217785897392864233e-02
