4.819612825682905756e-03
4.435508925558930178e-03
4.291210910050111821e-03
3.840365289612596589e-03
3.656235438817953629e-03
3.352107754222601044e-03
3.492335252059397283e-03
3.126009442648307237e-03
3.099432438285799635e-03
2.786306660560782834e-03
2.729778155372850849e-03
2.534559165553713564e-03
2.556091604655219909e-03
2.563740982336234174e-03
2.416860021708281282e-03
2.384226411939584147e-03
2.291637318913166722e-03
2.143110716811851349e-03
2.419262498397533896e-03
2.285495002199008571e-03
2.338317479283045456e-03
2.360851357007473679e-03
1.995157743096801547e-03
2.156906514444731707e-03
2.359994943072518322e-03
2.258792964890587052e-03
2.204485319240363696e-03
2.171234433824583646e-03
2.106231586376750183e-03
2.199122033284475405e-03
2.223413087420366124e-03
2.217022247444336638e-03
2.221300714976256856e-03
2.242497738005400695e-03
2.166818132651933751e-03
2.086647941548912689e-03
2.114802205827501572e-03
2.031026784218054656e-03
2.061413869027438339e-03
2.202615546130287909e-03
1.983227482468475494e-03
2.030302074755730574e-03
2.057300461276459057e-03
2.072456595333948669e-03
2.242729936987295641e-03
2.102775935003543643e-03
2.188037685815792926e-03
2.094126452745852934e-03
2.177967490870932280e-03
2.272846047758325314e-03
2.156574137225464576e-03
2.229443031769574174e-03
2.043310393968234776e-03
2.309361669916991464e-03
2.064248131260727412e-03
2.215982991236410248e-03
2.121715360122968484e-03
2.129894189812310632e-03
2.248633814720289378e-03
2.063798355669613054e-03
2.231955032425652317e-03
2.126461146087026653e-03
2.123727472443359774e-03
2.087132121012107242e-03
2.164021522411103873e-03
2.093261636166533421e-03
2.162918622629180204e-03
2.334233724260290424e-03
1.966520819137218806e-03
2.144936402540394745e-03
2.245975969463859766e-03
2.193305856496987911e-03
1.993070822522453791e-03
2.142711894858144450e-03
2.340445080516695767e-03
1.962457712359092638e-03
2.294035616790769325e-03
2.232952440116872921e-03
2.105305399075538264e-03
2.272763368026569416e-03
2.288597193177479509e-03
2.180348361791870256e-03
2.137782037602620200e-03
2.147165212106459491e-03
2.118761564615600189e-03
2.159181249491003846e-03
2.160090718876608341e-03
2.321412617481758995e-03
2.224982408131243559e-03
2.288650925642795198e-03
2.167284253300448549e-03
2.288741377355610254e-03
2.305711305451338487e-03
2.384822401901297816e-03
2.360674601331063174e-03
2.177390496975410445e-03
2.386597428639320936e-03
2.335820182519803695e-03
2.262811946301685005e-03
2.218848385879892970e-03
2.317226518912593805e-03
2.124715739457121080e-03
2.379017882806459643e-03
2.321137867843499347e-03
2.208268145461441279e-03
2.433440035758799823e-03
2.256950471850852416e-03
2.178072091724568993e-03
2.349137569552704752e-03
2.292995930123979068e-03
2.225872203369103509e-03
2.411873202258180832e-03
2.250746495773455792e-03
2.380003575499547216e-03
2.141119544945612428e-03
2.085102064703320095e-03
2.198902619897648378e-03
2.189225550178785715e-03
2.336620075067382188e-03
2.079673919204597186e-03
2.094972595985283761e-03
2.313378655231177524e-03
2.073980398273231676e-03
2.151984643630876909e-03
2.321642917630420064e-03
2.365583995872295314e-03
2.398042112507490272e-03
2.147489266562143707e-03
2.189826609296687942e-03
2.191544535940459677e-03
2.143130247460086311e-03
2.227702954720366373e-03
2.011885958153519782e-03
2.095874351262457230e-03
2.152362704603406115e-03
2.190812089501170679e-03
2.314493239252954186e-03
2.388499138156710121e-03
2.210637230145484806e-03
2.086719371146332751e-03
2.106025169688478197e-03
2.222794826480854833e-03
2.268389731004387660e-03
2.057166888086245198e-03
2.233195988739917082e-03
2.126819906689512377e-03
2.306053946676149113e-03
2.023034509879174415e-03
2.202527681866924165e-03
2.287393212089609742e-03
1.967765807571163813e-03
2.270136537492944105e-03
2.401275840808974986e-03
2.208719126325324814e-03
2.381833282429554437e-03
2.068017243428491893e-03
2.161360142355362498e-03
1.967268830084440735e-03
2.376811712055863432e-03
2.257905233526875943e-03
2.340585441940633456e-03
2.176039430158845881e-03
2.262737075298268397e-03
2.179849763863385068e-03
2.176478317859843400e-03
2.114822314121625121e-03
2.125985013890681515e-03
2.203160705473708111e-03
2.094492808082105886e-03
2.292587105965364965e-03
2.101337046289844784e-03
2.167553715754973100e-03
2.369891093669387189e-03
2.086960807644311355e-03
2.171275431864278134e-03
2.035099719739759828e-03
2.291310325885335172e-03
2.145490357444925552e-03
2.402083597965171905e-03
2.226729947282853495e-03
2.125420973787001382e-03
2.394549182710404688e-03
2.274270368315078200e-03
2.132795607747993687e-03
2.452463518818329222e-03
1.930353514976186147e-03
2.320685049819692491e-03
2.106148586285837548e-03
2.152785711422733166e-03
2.369927722005412893e-03
2.187956633288383121e-03
2.389177722737638107e-03
2.275690975624885051e-03
2.350757625032837746e-03
2.319738399306546604e-03
2.341552154733902991e-03
2.292811113152928935e-03
2.216797403079319440e-03
2.135413022791461495e-03
2.149761769410587792e-03
2.272420512460442826e-03
2.316938354075227195e-03
2.276401038653007389e-03
2.183309973755366735e-03
2.244262512732184307e-03
2.122396540941192365e-03
2.226383568393473962e-03
2.165959804589394962e-03
2.203902175561829168e-03
2.227343057312604867e-03
2.269842353901275686e-03
2.240137183779351664e-03
2.140780271402970090e-03
2.491830194203465808e-03
2.306435301954523360e-03
2.202086278416199618e-03
2.251599973678735690e-03
2.170080621821698745e-03
2.280341823551633972e-03
2.142962390907658665e-03
2.175764947281981325e-03
2.064606806336930899e-03
2.102752092348762151e-03
2.079948137820582937e-03
2.211635303823501070e-03
2.242406711242478715e-03
2.174571666005463595e-03
2.316158912704395154e-03
2.336875948058336240e-03
2.274102395003596740e-03
2.338958992565047003e-03
2.327823609261831656e-03
2.212724966597344380e-03
2.131682942561661728e-03
2.357802709849943570e-03
2.022692950528557319e-03
2.142179421932690741e-03
2.260961822813596471e-03
2.213049266773478227e-03
2.163525922527699541e-03
2.247734181022467345e-03
2.153354648897399040e-03
2.366248958551192463e-03
2.275740627451544335e-03
2.343257556458107523e-03
2.122875061767717873e-03
2.106622914727251245e-03
2.108001827992598935e-03
2.161997732172515896e-03
2.214411219425893584e-03
2.373147486441563175e-03
2.130685559149535918e-03
2.250521454863964755e-03
2.269849851747662416e-03
2.115840562035785875e-03
2.037730072857539629e-03
2.269949435014290921e-03
2.266741368278292045e-03
2.221062825121005585e-03
2.270839181037023671e-03
2.174690064230980734e-03
2.163439000494930559e-03
2.384364125398931184e-03
2.334098762582176387e-03
2.091314609015395773e-03
2.361127802195069243e-03
2.048903025899050621e-03
2.377372208372461205e-03
2.266590246935446234e-03
2.027715825126365050e-03
2.225659937355469777e-03
2.211410976594303714e-03
2.340329935470344350e-03
2.169303996853753653e-03
2.308113971855874514e-03
2.273935071248281946e-03
2.157216956291295278e-03
2.218641448176144129e-03
2.444783859512478404e-03
2.241876691266264567e-03
2.105475730090270239e-03
2.258753506900866830e-03
2.121931215797143687e-03
2.125782463825627751e-03
2.202989277633805951e-03
2.215919489227311662e-03
2.261428967127237892e-03
2.141816165834103773e-03
2.179238354557778545e-03
2.240816919526095966e-03
2.282845257508309307e-03
2.640181176767469710e-03
2.122537352057836738e-03
2.287591791416014163e-03
2.328603503294839235e-03
2.290552502236320193e-03
2.227613437727679439e-03
2.223623422485835038e-03
2.434975644131240347e-03
2.331680061534717029e-03
2.369114631548480468e-03
2.268788749622361461e-03
2.468764097218652427e-03
2.400470194033583506e-03
2.106546715728166777e-03
2.357279446963130454e-03
2.284072675913003791e-03
2.351419587262045842e-03
2.169908210584866725e-03
2.100984093080583356e-03
2.268388780035008462e-03
2.294242702590981210e-03
2.130283140308125104e-03
2.271887307666466300e-03
2.321033906655297838e-03
2.302657857785986827e-03
2.224920139500646734e-03
2.222470238797989023e-03
2.141963983067510843e-03
2.283865058474839494e-03
2.109814396926136277e-03
2.123950541686616018e-03
2.237850917823548495e-03
2.060072966769817011e-03
2.065812941876053049e-03
2.031506885389052202e-03
2.258941396833726890e-03
2.236437404463824819e-03
2.214864485476978478e-03
2.143328354983290059e-03
2.267011418652047691e-03
2.146118025161651219e-03
2.236464294411914192e-03
1.960658495196114688e-03
2.145246508861067391e-03
2.225605204054869647e-03
2.088756649216684091e-03
2.230058996942374614e-03
2.268192010115794091e-03
2.140911143638489673e-03
2.308457991875558987e-03
2.247119375608735200e-03
2.225017541145399465e-03
2.241371480434439008e-03
2.096168819819344172e-03
2.186497285478831033e-03
2.166565446481862837e-03
2.243434624952315905e-03
2.171510936781837191e-03
2.262558256510706790e-03
2.200346504797133940e-03
2.239639486638024014e-03
2.280673056755096705e-03
2.139367000924395201e-03
2.199683346129505286e-03
2.147480173315958162e-03
2.158402351742440099e-03
2.014738432886761885e-03
2.053265326186721595e-03
1.929937834152302195e-03
2.315081489406462922e-03
2.052033648889842014e-03
2.274890310330594020e-03
2.170465531934507621e-03
2.208722789734892267e-03
2.186649442834942038e-03
2.240231531473682852e-03
2.199012928154560342e-03
2.437576649656316916e-03
2.093813432158382788e-03
2.163951856733758918e-03
2.261499092307232318e-03
2.151983960992370423e-03
2.113510875954526663e-03
2.164211131011810861e-03
2.251815707300242574e-03
2.190343758233310317e-03
2.563072800545448948e-03
2.268310385387545172e-03
2.036228646040098324e-03
2.243380371261729372e-03
2.221318808116415702e-03
2.205978972148971498e-03
2.143503404300303034e-03
2.323588893522253711e-03
2.072517620692754855e-03
2.061928150075799642e-03
2.117923860886382001e-03
2.250170015765921676e-03
2.298099824525032513e-03
2.176310086534236250e-03
2.250002932729304028e-03
2.322734836655560280e-03
2.298968408976194248e-03
1.980935646409006691e-03
2.122669708351535185e-03
2.130550658810235250e-03
2.227148080847471054e-03
2.077856411614138060e-03
2.246307034437149651e-03
2.345697661723350914e-03
1.963168539180908632e-03
2.215858161524109863e-03
2.094260720423157026e-03
2.247475866483494844e-03
2.171300070114248314e-03
2.321761533302808475e-03
2.072842582788315957e-03
2.344946166669555857e-03
2.209459215207560095e-03
2.443164474335151291e-03
2.195182369329509199e-03
2.242904114771780179e-03
2.341167762427388919e-03
2.121903395290298394e-03
2.043529600883086869e-03
2.029303587045572406e-03
2.468680297919246570e-03
2.256492802576760826e-03
2.207517717475046808e-03
2.248511999989220248e-03
2.295643727535288080e-03
2.277680040591466629e-03
2.293168890700852426e-03
2.083110299053724489e-03
2.194674001976725398e-03
2.210198823105429759e-03
2.356979648780839313e-03
2.148732830729676007e-03
2.113754881521036962e-03
2.101195514055113293e-03
2.180765831737724141e-03
2.075830902971679930e-03
2.024536282112361640e-03
2.183337085116446481e-03
2.243654971064584086e-03
2.173818736602670457e-03
2.150401681182497263e-03
2.162450199961269120e-03
2.204515375729307683e-03
2.270164039432801505e-03
2.307046642889614470e-03
2.164735033643934957e-03
2.260396493118364304e-03
2.153398518161786426e-03
2.304112686698373165e-03
2.309013127841639569e-03
2.234679972880512962e-03
2.298184813866158485e-03
2.303335058759160836e-03
2.140018201576284352e-03
2.061498639332111707e-03
2.267080648064402366e-03
2.128481955987726257e-03
2.195380603533201962e-03
2.213870913839760535e-03
2.106011970485348415e-03
2.239244145086744311e-03
2.191705583412853573e-03
2.378558402321537431e-03
2.134630998882829523e-03
2.367756272692043366e-03
2.374996604268013976e-03
2.127377988825684702e-03
2.180040753705542698e-03
2.556371746890159086e-03
2.052605130317692282e-03
2.188478699278888478e-03
2.385853041051952481e-03
2.091716498241979333e-03
2.228925994112417042e-03
2.145449648325691103e-03
2.409950590668920572e-03
2.148392254177980149e-03
2.389373185368760463e-03
2.413639354753367716e-03
2.264773127796685867e-03
2.022095383828212065e-03
2.273916662624833433e-03
2.033211052981152497e-03
2.304934102167162119e-03
2.108542511225071532e-03
2.124275195728815655e-03
2.086408356521348133e-03
2.059493259951798716e-03
2.313033483492093079e-03
2.258739940668674524e-03
2.332703327887401465e-03
2.050188457112342433e-03
2.211885127253234232e-03
2.151268462267604854e-03
2.203351417727157646e-03
1.923021303966940829e-03
2.284247863190915981e-03
2.362071295085978531e-03
2.241645165577758978e-03
2.135370280089841227e-03
2.094925177494229036e-03
2.321838600490023271e-03
2.327080240969223342e-03
2.428658805693851251e-03
2.235266977856956508e-03
2.251143051167132317e-03
2.299240826328270270e-03
2.070796071164562706e-03
2.314319006222012934e-03
2.244526586894330603e-03
2.301183610411059420e-03
2.112626216642553116e-03
2.380123706602024769e-03
2.437856605658205410e-03
2.259026365943514122e-03
2.191944564331820347e-03
2.277211143627570246e-03
2.255712505896521284e-03
2.359771565993625756e-03
2.135938203945290763e-03
2.290182636059933871e-03
2.279532503010332084e-03
2.337258362893433229e-03
2.181458530691637171e-03
2.297897269244411622e-03
2.126684182105337099e-03
2.253769889768370178e-03
2.127247738684120027e-03
2.324930537219065466e-03
2.162133134497068107e-03
2.078668036484196402e-03
2.294834333352198212e-03
2.299306325654037683e-03
2.149004671874192064e-03
2.179161226119810581e-03
2.208227085921217296e-03
2.156112252498756671e-03
2.178448381320223157e-03
2.157638882384415018e-03
2.173062459366297081e-03
2.119408902950282829e-03
2.244164808335348191e-03
2.271358568562475977e-03
2.112949573368852647e-03
2.235527929980874601e-03
2.305900778933307228e-03
2.135983064740228955e-03
2.209911908439569830e-03
1.900364010584954660e-03
2.142004254009218910e-03
2.109778508536816043e-03
2.134307007044157576e-03
2.260656064419855945e-03
2.133582122348307887e-03
2.171451724976869793e-03
2.290550171692866226e-03
2.327832496383235462e-03
2.419209283679269601e-03
2.232099388633267904e-03
2.266013798105672578e-03
2.122229798726353502e-03
2.209122897909960356e-03
2.202156407748027435e-03
2.344602399391216598e-03
2.201918732450455513e-03
2.094412636062227551e-03
2.234315263346215233e-03
2.161256659909701824e-03
2.239299011016644778e-03
2.267685633333993075e-03
2.252274980437231691e-03
2.220890653516868762e-03
2.272934612514605768e-03
2.454662408140376780e-03
2.227498599895268074e-03
2.074754027535039187e-03
2.102240489342277648e-03
2.068954960616657852e-03
2.043489334369885842e-03
2.253352363507702804e-03
2.150326118192311120e-03
2.084330763760960416e-03
2.352169277207352867e-03
2.087280413553054166e-03
2.040914761075349887e-03
2.238967718442026918e-03
2.135243711118190585e-03
2.304267927947230808e-03
2.229057445765347811e-03
2.296240633553635509e-03
2.232821320314819225e-03
2.126627381259649143e-03
2.229863640325365111e-03
2.263700502328535539e-03
2.245257165823987423e-03
2.188488533968784271e-03
2.247530477931386494e-03
2.211405377236574932e-03
2.251825241479215797e-03
2.295756855558071362e-03
2.349631420848561324e-03
2.234690411511777892e-03
2.103487727427764964e-03
2.112708329432028131e-03
2.338624644909532979e-03
2.115018569008186682e-03
2.226337745649338822e-03
2.285632905175833708e-03
2.210471994667089022e-03
2.290232056466157823e-03
2.203297141794482300e-03
2.121073424574647370e-03
2.137052194575758679e-03
2.180307810472718270e-03
2.184875127075631453e-03
2.077727321511043616e-03
2.199402519587016682e-03
2.174721624517445689e-03
2.106479701491826943e-03
2.449917949987112219e-03
2.124287442211683814e-03
2.351616637474155443e-03
2.372047304245474691e-03
2.372262645000377309e-03
2.192575978640636403e-03
2.141217676319966557e-03
2.239648850947799537e-03
2.261490070704976277e-03
2.206279503643822620e-03
2.207045763082662523e-03
2.105862251312929680e-03
2.089757019993419493e-03
2.176060975649761996e-03
2.134888935172330349e-03
2.170976557671998666e-03
2.099674863644997690e-03
2.197176463432321068e-03
2.180176710825393153e-03
2.169955181957115495e-03
2.236032437318845843e-03
2.221817857484918203e-03
2.279819187175160557e-03
2.333764585644174105e-03
2.262887623477792282e-03
2.242521343408641291e-03
2.057975714268288694e-03
2.290781047797439598e-03
2.187111423738127749e-03
2.245997437462628199e-03
2.304767239621851975e-03
2.150545940322606472e-03
2.118303860883578166e-03
2.148974172415318677e-03
2.110687707177379569e-03
2.161995103610123408e-03
2.229621394358748988e-03
1.979535988877482219e-03
2.244031310901124787e-03
2.165238096174101987e-03
2.344958792941706505e-03
2.407037637227820315e-03
2.335360806985327387e-03
2.265466188350355979e-03
2.187045470608912825e-03
2.383923709902510072e-03
2.171120909139746032e-03
2.116630059987473743e-03
2.202691608072642263e-03
2.129132399179217618e-03
2.239269761059181716e-03
2.287212979348576033e-03
2.263926421179076297e-03
2.231812488482906153e-03
2.110091259248706407e-03
2.132287930209301151e-03
2.180577953123418247e-03
2.083379496304087891e-03
2.244260074246726046e-03
2.146804551351275819e-03
2.258262670158281762e-03
2.341986425925741619e-03
2.020408947709409226e-03
2.195966658269454721e-03
2.273006966447774398e-03
2.409772658952023285e-03
2.248975596361690778e-03
2.132491979835737968e-03
2.256296535961167457e-03
2.217795402319850447e-03
2.252069795697359336e-03
2.050869395911418536e-03
2.187977695235078946e-03
2.323947848398336645e-03
2.261083621243604840e-03
2.320413674223483803e-03
2.168140691671493342e-03
2.173511366636749972e-03
2.060174512033231906e-03
2.171680825697274060e-03
2.187997524385538149e-03
2.293088264068529180e-03
2.142293034644424891e-03
2.066741364431767293e-03
2.283738562142333117e-03
2.158061213629020904e-03
2.238164147568073598e-03
2.069749456951902166e-03
2.201632078028694858e-03
2.096522960358780316e-03
2.179008729981017113e-03
2.100053789859427159e-03
2.205532061568435745e-03
2.160018199802381331e-03
2.209897328293132859e-03
2.110687154058231863e-03
2.299223832417553268e-03
2.258718735648804297e-03
2.143168961223531309e-03
2.292405668722098926e-03
2.362763065570551956e-03
2.239445993222992197e-03
2.245952381740721777e-03
2.063067756456986486e-03
2.103974568126173485e-03
2.158048494700708867e-03
2.228028476328940220e-03
2.226806409542622482e-03
2.207227587366244158e-03
2.290447684584744070e-03
2.175838541062576938e-03
2.305648452103339126e-03
2.237169608309979001e-03
2.125845612607422594e-03
2.154259427462116867e-03
2.118414121020901087e-03
2.224728280678302684e-03
2.237666444352161103e-03
2.183432999129820452e-03
2.309985406701178454e-03
2.185246740985996149e-03
2.054328604768298604e-03
2.232167052838275600e-03
2.054125031381901379e-03
2.162359051769406886e-03
2.157621838058542459e-03
2.281815561732409691e-03
2.181505122671810459e-03
2.179170332917571354e-03
2.235739655026805842e-03
2.206246522623405738e-03
2.259013772142302173e-03
2.161521196566786734e-03
2.278787980787636436e-03
2.260369074436288650e-03
2.315692553705604641e-03
2.224369884076446511e-03
2.370108039449770384e-03
2.148377717487857247e-03
2.215468418722756939e-03
2.170612529880673342e-03
2.143920526291082443e-03
2.301473874450545021e-03
2.149323244372062375e-03
2.135379252669592463e-03
2.111716397586606460e-03
2.192062317726780479e-03
2.339797740931058058e-03
2.057037919946733649e-03
2.272615736849651572e-03
2.376075421771190518e-03
2.134573723727387767e-03
2.244586460464167033e-03
2.224516320812861686e-03
2.066836077315746534e-03
2.106807888013451004e-03
2.249163934503628330e-03
2.082939835733609284e-03
2.184811575658003515e-03
2.315347557076494027e-03
2.159355864745153911e-03
2.204151578738002947e-03
2.147745027409572825e-03
2.223151990158008136e-03
2.214245154658278474e-03
2.072660348119979498e-03
2.018420962165939740e-03
2.330546978530156389e-03
2.319135145855780525e-03
2.310543166907460914e-03
2.306903648275896411e-03
2.185245646793406750e-03
2.378874645948835659e-03
2.172954482897406035e-03
2.092219501220100777e-03
2.059916347867427749e-03
2.321407153751625305e-03
2.172914529186728040e-03
2.269119925597396469e-03
2.328754344573466702e-03
2.401953505106166602e-03
2.318465025419129931e-03
2.115598617306222416e-03
2.236146952464513997e-03
1.977398981789178171e-03
