4.090539595808844776e-03
2.957236454269943082e-03
2.841864610426376482e-03
2.067526823167473073e-03
3.401158417476090635e-03
2.747927369206899263e-03
3.010488688149415022e-03
3.509149373541220127e-03
2.396866819994953116e-03
2.457147888816094312e-03
4.355238252112211307e-03
2.783148053978007439e-03
3.338956839239613263e-03
4.399001222864279588e-03
2.992574361220138018e-03
3.181540747473758732e-03
1.803623817184147899e-03
4.496116974109380486e-03
3.483401161171456074e-03
2.391158014197935361e-03
2.069809039316821645e-03
3.939666919929809066e-03
3.152651701449664650e-03
3.714109995326808980e-03
3.548442332682006685e-03
2.679582773276245784e-03
3.001205320999449956e-03
5.613444004286784021e-03
3.753222192493730226e-03
4.026548019327272007e-03
3.557424437435823244e-03
5.158241474693967335e-03
2.646084164351238718e-03
3.979587751808680990e-03
4.260589960455195800e-03
3.841100100558375065e-03
6.380458088863050908e-03
3.993348264181610478e-03
3.550286099771691496e-03
3.674959909276769975e-03
4.033593622215098269e-03
2.709666905463934197e-03
3.131321077339207799e-03
5.309077206969161147e-03
4.206235568990614182e-03
4.803935608584742993e-03
7.767006058987267238e-03
2.899634444195547424e-03
6.033993347048160691e-03
5.607127173103939113e-03
3.844197461865292258e-03
6.380319417498801771e-03
5.628542054731487838e-03
5.396380329759956421e-03
4.955380774760512370e-03
5.279195439594943327e-03
1.974455646466516997e-03
4.515058966426416069e-03
5.414244790648505348e-03
4.815670348620981235e-03
4.438235528222585040e-03
3.107770267912549067e-03
4.030073569960761215e-03
4.463319688976442184e-03
3.830744186878242124e-03
5.151163872270513033e-03
3.530331926352067370e-03
3.707948564734826584e-03
4.318615235771922425e-03
4.103145154416641682e-03
3.706189671337407898e-03
5.454982815175067785e-03
5.356324789284326246e-03
5.171269114949386854e-03
5.086211327730480111e-03
5.030135180790889018e-03
6.047836334709814562e-03
6.563181332473053825e-03
4.883167475710145644e-03
7.635214000863393101e-03
3.838701586746189314e-03
6.126600583540161779e-03
4.502219584388911407e-03
4.402597156591632303e-03
5.067097256687521506e-03
4.987869371233596624e-03
4.644515530701024894e-03
7.703153689175590638e-03
5.307311766798992678e-03
7.276211587631069115e-03
3.737103069452384681e-03
8.955637484577958288e-03
4.104440578566593938e-03
5.752605073819233757e-03
4.515036891771085845e-03
3.790811076457658180e-03
5.582712462976736900e-03
3.742706292543198157e-03
4.732182137798665415e-03
5.677425899787758891e-03
5.360675076298818467e-03
3.231212854384145697e-03
5.925849645695460167e-03
4.953366749348915229e-03
7.636775311393229071e-03
5.241851413395766032e-03
5.128120132601376828e-03
4.770891551821754284e-03
4.924737790891282364e-03
6.008111194944220496e-03
6.559120537526860577e-03
6.199677350544683350e-03
5.818336519110111141e-03
3.955637918543966278e-03
4.370778456124695815e-03
6.165091595090296632e-03
4.836057027073949362e-03
4.776640184464567285e-03
5.735168474082090982e-03
4.395842037695558979e-03
6.342343897628353010e-03
4.664712456543469374e-03
5.070720572379396399e-03
5.145850761431853757e-03
7.084914947209315639e-03
4.342527518905804282e-03
5.681444827691292145e-03
4.242988386080150109e-03
5.395970367457741251e-03
4.853110645805143626e-03
5.976824030799714714e-03
4.865273752376152519e-03
5.327317403245061291e-03
4.875107688013679066e-03
5.941113393664370669e-03
4.732977518182509245e-03
6.174450479165063260e-03
4.849423705215899841e-03
4.776964998127710554e-03
6.550065388930534360e-03
3.711227855367560304e-03
3.540324380787246861e-03
3.981523762847253949e-03
4.792109560038930287e-03
4.977948192444741835e-03
3.610245346719996671e-03
6.432376937066335183e-03
5.600580466778410163e-03
3.184237149934758537e-03
7.094674320732158312e-03
5.149298174879884081e-03
3.247022220840185564e-03
8.761093076599968735e-03
8.615442786582687071e-03
3.627228300004431590e-03
4.743648907834675972e-03
5.605721224457179547e-03
7.258405802488469664e-03
6.174203806618542428e-03
4.824537017095771249e-03
5.974468577885604093e-03
3.456611457784795807e-03
4.741760618837811969e-03
3.491231891695287075e-03
2.130544822169969967e-03
4.715849718638207358e-03
4.307089787163912234e-03
4.353800532879609914e-03
4.783772335577591260e-03
4.809850769942634018e-03
5.036480895044745214e-03
5.325259128150948776e-03
3.934123640720285295e-03
4.330393341801056298e-03
6.329089259402114788e-03
3.975665659173161122e-03
4.052299142003419966e-03
3.824592376116751381e-03
3.715900829565446997e-03
5.576280930165056389e-03
4.701255599546310705e-03
4.338475232709769480e-03
2.843093000221697322e-03
6.379839810707632966e-03
6.088379697995312256e-03
4.252724556695308168e-03
5.125766628441515323e-03
5.558911014213974329e-03
5.500885054193618839e-03
4.066994472896903919e-03
5.692637811035027723e-03
5.709709842464521200e-03
3.744522996785090360e-03
4.309037596571836139e-03
5.012420606238528198e-03
6.602774842616370397e-03
2.051609931910617496e-03
5.018046258308773641e-03
4.871419764321392731e-03
4.774238166567363294e-03
4.412534851301140766e-03
3.009266979635612672e-03
5.111198304226525872e-03
4.755333921857716507e-03
4.076504752962392848e-03
4.653742625583054751e-03
3.031379951116765052e-03
3.839935699430618507e-03
4.404939241036544099e-03
2.118049420511576835e-03
4.802744170261617589e-03
3.233561988635405560e-03
6.565933470431163134e-03
3.999916351090707783e-03
3.769262022823757861e-03
3.366211629721096044e-03
6.388355125869352343e-03
2.112896389933904568e-03
3.522562112775153281e-03
4.896958305320710421e-03
3.071085574543047560e-03
3.589361820724257766e-03
5.661271450819577687e-03
5.480529663048659857e-03
3.282482771180639507e-03
3.341412297594284486e-03
2.038687139542067536e-03
2.279088390366773489e-03
2.701958283210367448e-03
3.578348441644556722e-03
4.775318757310099797e-03
4.886109798013387601e-03
3.369004284732288624e-03
3.392975836261752452e-03
2.010052547090664891e-03
6.646237425760421862e-03
4.518788045432568443e-03
3.036118372702909744e-03
3.107486105826765769e-03
3.692612746283203268e-03
4.600050705900922410e-03
5.362090206919905601e-03
3.799105413213596689e-03
2.941268678847999436e-03
1.871591547603482664e-03
4.151040458086291927e-03
3.428870304148960019e-03
4.268838401288212354e-03
5.370301058734816557e-03
3.303648314417938908e-03
3.164218672252551694e-03
3.332899000654663234e-03
3.248336219395643251e-03
5.527055665357004204e-03
2.291895985739408892e-03
2.314752770139610720e-03
2.451551206061795395e-03
3.250961197967315412e-03
3.682988033927295755e-03
4.728711562101128689e-03
2.186798369392899295e-03
3.754491650879530820e-03
2.190811529166001356e-03
3.908411057779600205e-03
3.055406927194330522e-03
2.415823486081972518e-03
3.831319366429521839e-03
2.300443880576310760e-03
1.718492330075337138e-03
2.223338566236676955e-03
3.610087455552240133e-03
4.280811554738914344e-03
3.812063490620546009e-03
5.437588931322223477e-03
2.556646415310792793e-03
3.939931033015335073e-03
3.590911355746039414e-03
3.542156614208060144e-03
3.634370784742638107e-03
4.171240146528427083e-03
6.270763793563562463e-03
2.324399819329010016e-03
3.163802451943874532e-03
5.635377344006555454e-03
3.900359296199070423e-03
3.597553844062847256e-03
3.374245191899659900e-03
3.189358133658702806e-03
5.356766448014278238e-03
3.868028729519482067e-03
2.328470675054834533e-03
2.100664568451430809e-03
1.902521785354595709e-03
3.007398039961986080e-03
2.170002202081640786e-03
3.306684650698758169e-03
4.565875678107450888e-03
3.570564886196151647e-03
3.172239429226076431e-03
3.774318421777705240e-03
3.616795674900752811e-03
3.186369682516862565e-03
3.428613794188725694e-03
2.422060808034147156e-03
3.181091556449307245e-03
2.647850274596272573e-03
4.103200679831206510e-03
1.604013977386836015e-03
3.803187270789941659e-03
4.026961048019714849e-03
2.804037652779336337e-03
3.319424279487494852e-03
3.698347132135905782e-03
3.763486063012448039e-03
1.583412256192195684e-03
3.882550226685975350e-03
2.081377768591039477e-03
1.813518576625809675e-03
2.777133418645521233e-03
2.935451023911371093e-03
2.347640721510756753e-03
4.596762467848747487e-03
4.730232172277863863e-03
1.740389572869093914e-03
2.976102580192988706e-03
4.965999523902291796e-03
2.437064349249107569e-03
2.750306744709693323e-03
3.081158457657511788e-03
3.467380191035635169e-03
3.771614058344621191e-03
1.591146331881002161e-03
3.450102157097964875e-03
3.011259945026555345e-03
1.613076068798855464e-03
1.587355956651924273e-03
2.712034714254120144e-03
2.409058252338906660e-03
2.795764863060479048e-03
5.112172706578857820e-03
3.989673628387694314e-03
1.602428956194583507e-03
3.325419237493427733e-03
2.142270196149659821e-03
3.902349219856763706e-03
2.582769243090827366e-03
3.979189066321083337e-03
3.646003582284303764e-03
4.150133784648151435e-03
3.366787342831412556e-03
3.596676288825218989e-03
2.403720852167454906e-03
3.623817625604743888e-03
2.948092784166088214e-03
3.428579719398432060e-03
2.544918505180255013e-03
3.529696964942644587e-03
1.875553038769221630e-03
3.283691645604521706e-03
4.522211446881671364e-03
3.713491100664839065e-03
2.935466908441000233e-03
2.166167976507074513e-03
2.513595110072373070e-03
2.584444940448639080e-03
2.602027486697703652e-03
2.088812895236269451e-03
4.164008832227804324e-03
1.838243280045956081e-03
2.209972974956530157e-03
3.845245572724813495e-03
3.135005809917689942e-03
3.661810701090950637e-03
2.095924551974501140e-03
2.874433952374877334e-03
4.131474609229205709e-03
2.236695946141582098e-03
4.087171987727767318e-03
3.486405120638103820e-03
3.485450195346330004e-03
3.684045753903986489e-03
3.145769748040914016e-03
3.494982363273406792e-03
4.863351136939645519e-03
3.246665973490841031e-03
3.819549523897561392e-03
2.714092551440521264e-03
3.541462076591032557e-03
3.195234512264316391e-03
2.741995698351899855e-03
2.468976725240813047e-03
2.772737426023018890e-03
3.310388924453439193e-03
2.562842442595057897e-03
3.028123535119698739e-03
2.530165418276689778e-03
1.983937326965152289e-03
2.279029230625058237e-03
2.606519526499860052e-03
2.105869237723001670e-03
3.274506557075383597e-03
2.608949402991150596e-03
1.992493589113167665e-03
3.772753175760197412e-03
4.325090629503993388e-03
2.465590924758394135e-03
2.263465089849977813e-03
2.923387400367409746e-03
1.524168010528394786e-03
4.164117124134861410e-03
5.152699450978361594e-03
2.779642741439452940e-03
2.235405403429370410e-03
3.245106621919016492e-03
1.974774680344529732e-03
2.188635537353808558e-03
1.751774826703949000e-03
2.704621144806290591e-03
3.474317474267087612e-03
2.836246590176904475e-03
2.175465393318004592e-03
1.957947691687390770e-03
2.642654508545487328e-03
2.255881802472707153e-03
3.649938347684867582e-03
2.353974565402982676e-03
4.489083839654020407e-03
2.479844027285843869e-03
2.769821708350304629e-03
2.839583313922903855e-03
4.592374374496153468e-03
2.469376849023502234e-03
2.663926244815679502e-03
2.794138036567816313e-03
3.177534409442650445e-03
4.585896655546393107e-03
3.031578559261912439e-03
2.144151954135216972e-03
2.497540877670558108e-03
3.501893917174832890e-03
2.607062226145582997e-03
2.999760945327527382e-03
2.134952060205517511e-03
2.923941777492960418e-03
2.729020411378550118e-03
3.060206885109423465e-03
2.374952769165591514e-03
3.249064207283179628e-03
3.688526129157566717e-03
3.628446216628047980e-03
2.406451467963613595e-03
2.819593091822854020e-03
3.336977774991450874e-03
2.189026804754454214e-03
2.789221010688255984e-03
2.190727882302354393e-03
3.201325491315391673e-03
2.678830050063525474e-03
2.208714076301791784e-03
2.640316624399346220e-03
3.606126152272298366e-03
1.986421054104701555e-03
2.578430802409176908e-03
3.828843438274134175e-03
3.858769227092682073e-03
2.885347949135693129e-03
2.030070454522503107e-03
2.288961853689083347e-03
3.503504755036879973e-03
3.820301204071799728e-03
3.633446152150502945e-03
3.226603942689063292e-03
2.544742710439306787e-03
2.789549361841664379e-03
9.583873696481404365e-04
2.890197363925311493e-03
1.143040420482785641e-03
2.437604882847548005e-03
2.316208072195092074e-03
2.277174749549888168e-03
2.554582427444972333e-03
2.881048844645996143e-03
2.232417610940799681e-03
1.136282556153650003e-03
9.808167220761666773e-04
3.800433659465562216e-03
4.751853959933200096e-03
2.280221727416080306e-03
3.813075656081896681e-03
2.404506556873466008e-03
3.832091126371261688e-03
2.082398767048868927e-03
3.381300350232854281e-03
3.829031284538494430e-03
3.234161349381098859e-03
2.345797525659601077e-03
2.846041260286634369e-03
2.616851933357302804e-03
1.576409463652265206e-03
2.752995518135792352e-03
3.681787641945061945e-03
2.921831307270553353e-03
2.435946856596479110e-03
3.618701841100096898e-03
4.194162823772925285e-03
3.207282683266247068e-03
3.417904568267994114e-03
2.395106979786855526e-03
3.599604227383389199e-03
3.366365309018058173e-03
2.883688109214527749e-03
2.935268723837921884e-03
1.946929389631249160e-03
3.097718170686396613e-03
2.475433809825164366e-03
2.408343407130660203e-03
2.301302349927286661e-03
3.024362001607682360e-03
2.854226621112767627e-03
3.382413941495584098e-03
2.706561174560749225e-03
3.324151329936678254e-03
2.719798377374793574e-03
2.269816006112939603e-03
2.857144102819140184e-03
2.931147436621906431e-03
3.790099140820014402e-03
4.599793711745169119e-04
3.242623801663236261e-03
2.675913644725367527e-03
1.756355134089765575e-03
1.386673596624605565e-03
2.765750174892562651e-03
2.424442616342086052e-03
2.830662887392925917e-03
3.201797783460591258e-03
3.098196858259314422e-03
4.256765948778040536e-03
3.644940371259040596e-03
2.133609966690615863e-03
2.112355920974269292e-03
1.705143369342505041e-03
2.227028905164855650e-03
1.427224085569106645e-03
2.538419145891876363e-03
2.332081815953783444e-03
1.822827834614771563e-03
1.666433857218272861e-03
3.444766271653455086e-03
2.480043283711281382e-03
3.572268857954392397e-03
2.584542621266414618e-03
1.715280186467442632e-03
1.970667723790316475e-03
2.524032410776716299e-03
4.161858249804342193e-03
2.679928978013949165e-03
3.846864032329989132e-03
5.342210534719333062e-03
2.835336353158550513e-03
2.127911204223281207e-03
1.183449020550262276e-03
2.283130806685309232e-03
2.251228762164475278e-03
3.389319660420260158e-03
2.009612801787668407e-03
3.257711671487327921e-03
3.554011982509501424e-03
1.726227653368456226e-03
3.429922942897860663e-03
1.760321300475419307e-03
2.456428513293410030e-03
1.304068443737715433e-03
2.462142236870741401e-03
4.212864463019227318e-03
2.159295825722071759e-03
4.121972922705712840e-03
1.404436527929161333e-03
2.371115799431359680e-03
2.609740204778961733e-03
1.654087705423341317e-03
2.179621753534975379e-03
2.554161880228397654e-03
2.687230101818790465e-03
2.156731023265017790e-03
4.540050101050958735e-03
2.354695718932244865e-03
5.078288796533606680e-03
3.161451346871210159e-03
4.403335063078184577e-03
2.745736940432140939e-03
1.839362466043086052e-03
4.498409524616374736e-03
3.119087756180562599e-03
4.171584445268442659e-03
1.693918196990314238e-03
3.494320724656954213e-03
2.527142453080022302e-03
2.028590242350466772e-03
1.956575945073400508e-03
3.059298799149448231e-03
2.677976816485406510e-03
1.879373791878751095e-03
2.447530312923063174e-03
2.554842603829851882e-03
1.704301321796368495e-03
2.796223980694850005e-03
2.065832463987174721e-03
2.556224888878292755e-03
2.951691126438451499e-03
1.972243857112218265e-03
1.610720721296827118e-03
2.922202369431890073e-03
2.713315691353145303e-03
2.970285714472041885e-03
3.257015862272119849e-03
1.655675651957002172e-03
2.868305510836670087e-03
2.376486573885798828e-03
2.383842045915090038e-03
3.659201912221601589e-03
1.931562385649936197e-03
2.119566495850809008e-03
2.709820958134705193e-03
3.420510204290964657e-03
2.131287272452317590e-03
3.414324860406347563e-03
4.836601866339297444e-03
2.471197486961853283e-03
2.071085148125988758e-03
3.266533857586569750e-03
2.499914817686495119e-03
2.943386217280440260e-03
3.406422131245946498e-03
3.135940675912828567e-03
2.351289999299774336e-03
2.584254847130059048e-03
2.289046790721918807e-03
2.126623113668004491e-03
2.117408086497679989e-03
3.944535559352015108e-03
2.745697504841990762e-03
2.930729028818903400e-03
3.556157991430550398e-03
3.365409999559226383e-03
2.538293680754581238e-03
4.070759207818599318e-03
2.109955772505488561e-03
2.584547300291962276e-03
1.518724736892593978e-03
3.723891203912955104e-03
3.318288423149301589e-03
2.312419682894411611e-03
1.899934649352052205e-03
2.031334736886780852e-03
2.140820571395134642e-03
1.922097830083007537e-03
1.706492731982429305e-03
4.530908762960844834e-03
3.941888997056020374e-03
3.639418310579431264e-03
2.781534825871398182e-03
3.818132858149846879e-03
2.964787249119355764e-03
2.694754191111819672e-03
2.111297371337788470e-03
3.447173437371415985e-03
3.587980310192569276e-03
2.838701797913252729e-03
5.036897134874139016e-03
2.945503186250165821e-03
2.710881799853291727e-03
2.652569437316364999e-03
2.207307797112108456e-03
1.756104402686043883e-03
4.824970454150624699e-03
2.102370086412842266e-03
2.477362000184885407e-03
2.862692150290516158e-03
1.137557982409942220e-03
1.742305092771143831e-03
1.945390326365459797e-03
2.808204599236009680e-03
2.567660506243412896e-03
5.322398121872179769e-03
4.316710176112978879e-03
2.284369324394177388e-03
3.813338560433049244e-03
5.209367965245579116e-03
2.336006723032847416e-03
4.366143833398588268e-03
3.091764690886812921e-03
1.822791186562956311e-03
2.518620048568761486e-03
2.113823392106830863e-03
5.312892071384849035e-03
2.161827838099730087e-03
3.047181247417205582e-03
2.122032177606263288e-03
2.492714059216049206e-03
1.864599682061759706e-03
2.702546806829164792e-03
2.573859928284853889e-03
3.118449846423208566e-03
2.828585178367312453e-03
2.309988096082740954e-03
1.896968637844445625e-03
2.796724573919045533e-03
1.726357114431704542e-03
3.535987720698587165e-03
2.527861424600828192e-03
2.668801507810631378e-03
2.339590714629022523e-03
2.298802251830282285e-03
2.864739063772619825e-03
2.491838581538896157e-03
2.688114967483430737e-03
1.873878169004112833e-03
3.107906452217032173e-03
3.831879046729241411e-03
3.221307818679534397e-03
3.390465756488895456e-03
1.933433253916570088e-03
3.369904282258493877e-03
4.059942074827069432e-03
2.748136649148048231e-03
1.398546415445617872e-03
2.986396960372134785e-03
2.593042005679535231e-03
2.004889051178537253e-03
1.424312924133998987e-03
7.447963763738531338e-04
3.703305489700044889e-03
4.249715748488268156e-03
2.794988172119875630e-03
2.151964750087472737e-03
2.149766875972060950e-03
2.897019517600027752e-03
1.665647513274090248e-03
2.498985097569131602e-03
1.755941520114198467e-03
2.190917217466346704e-03
1.465294315076258501e-03
1.546995878990983309e-03
2.605191771454898851e-03
2.494366928859743059e-03
1.236444360375375763e-03
2.220101174115720905e-03
3.102820761654845588e-03
2.050095576332431474e-03
2.422733234512709430e-03
2.695760313758902276e-03
2.938424615073566976e-03
1.347790966026078110e-03
2.361956439821908185e-03
1.802864013487016784e-03
2.819961773147667151e-03
1.931625750510232485e-03
2.243539685744094445e-03
2.511088084972762195e-03
1.050527522082546133e-03
2.077503725913749759e-03
2.601385654632731165e-03
3.590899631017178874e-03
3.328201943707524701e-03
3.155758751155033834e-03
1.801966596014243065e-03
3.127979284250365349e-03
2.143559277664122773e-03
3.450034428300129564e-03
3.281440209623337836e-03
3.304124758393525360e-03
2.905121648315710670e-03
3.285560742887369112e-03
9.026129568107335186e-04
1.909110402063677811e-03
2.660962864062119387e-03
5.819135257046842598e-03
2.903775861140460088e-03
2.966333954361599114e-03
2.268016190846435312e-03
2.919494545754108480e-03
3.642091533358555750e-03
2.165423452695731249e-03
1.951183818435887202e-03
1.888321686861198440e-03
1.525752938069302152e-03
3.166269695634199317e-03
2.060367835474825621e-03
1.914236022817402847e-03
2.393341214074938984e-03
4.508284734436879791e-03
2.455178190883912110e-03
1.780479608440069554e-03
3.291610685769912580e-03
1.601826096568386305e-03
2.416713333955885102e-03
2.504043985799372755e-03
1.567973491002365785e-03
2.102994072646815604e-03
2.142541189953775776e-03
