2.644422636515830500e-03
2.095727763136150546e-03
3.012127849721971031e-03
2.173137995080735158e-03
5.351352304583932920e-03
4.066398420609571192e-03
3.310878393184177662e-03
2.639403566374085887e-03
4.029979874028175729e-03
4.160060438009962648e-03
4.615079566086580619e-03
2.833201601287204958e-03
2.296431984606470394e-03
3.186300744325948515e-03
3.027269513808971899e-03
4.482952191210296845e-03
3.004626100680001053e-03
3.882485102026888863e-03
3.253824754392388181e-03
5.088001784112597750e-03
2.626162269439080450e-03
4.947644729683029451e-03
4.243436115548194880e-03
5.932683350898043488e-03
5.039447448676777873e-03
4.714435293926691473e-03
6.925236887485393747e-03
5.956071454281660314e-03
4.860657883323098692e-03
7.357289040921840065e-03
4.699300587108838113e-03
4.334348059018798549e-03
4.495499931138315780e-03
5.153763091858821338e-03
6.371740320274662563e-03
5.819941090044015997e-03
6.459722569076564724e-03
6.691591306954370981e-03
5.383927798802375965e-03
6.846291764892967549e-03
7.737483811455956109e-03
5.160613401788746897e-03
7.340707886353659874e-03
1.091682975808459279e-02
7.982761839203874471e-03
8.245600623545889032e-03
8.599121776546978999e-03
8.770589492184014541e-03
9.118559262773691734e-03
7.505007187307463114e-03
8.331750202210927436e-03
7.860262217821035319e-03
1.119870979169026656e-02
9.264323080286135034e-03
7.879143468328995287e-03
7.448711675076298035e-03
9.563366842964417247e-03
9.273241301397339154e-03
8.172051267947622044e-03
1.037297377005177296e-02
8.974899261859429697e-03
6.626719928163412980e-03
9.906116280288498541e-03
1.108062436419899981e-02
9.918489156030147955e-03
1.071153701611807577e-02
8.643546544461630510e-03
1.120578036813606355e-02
1.251267485659464385e-02
1.061838055523642126e-02
1.311006014187736553e-02
1.200779895941293286e-02
9.501607159133880140e-03
8.829434850673811494e-03
1.018582730643452158e-02
8.640552654225509832e-03
1.054885576618517194e-02
1.218332597829617503e-02
1.152470573624611930e-02
9.564003006316768030e-03
8.535477207412160011e-03
1.370407968904534778e-02
9.246948566793785143e-03
1.174158793500189660e-02
9.349454966011071580e-03
1.396804251750389386e-02
1.256732291133715387e-02
1.334480087237033957e-02
1.150403044380675366e-02
8.968580792445439431e-03
1.030704430576961407e-02
1.520473419144380105e-02
1.053916757584595111e-02
1.385044360112197906e-02
1.160945714915892837e-02
1.142559982984076537e-02
1.085627820098825254e-02
1.050014932644049818e-02
1.038352876306695982e-02
9.669924581796633320e-03
9.862042429831352486e-03
8.462083962938909618e-03
7.711389190021210489e-03
1.671588217213340957e-02
1.099541407889715640e-02
1.084151476483916771e-02
1.276137318049779326e-02
1.193657817218947252e-02
1.037898601611577688e-02
1.261492461875744243e-02
8.553036483202504023e-03
1.164431935210269789e-02
1.188894921785423574e-02
1.497028798566311762e-02
1.026682140892909607e-02
1.300080116689896793e-02
1.403438403994017140e-02
1.222828895578902814e-02
1.467737543691702111e-02
1.264807969780601220e-02
1.256274737892174378e-02
9.937540283256265580e-03
1.196930436503215039e-02
1.587863465846497957e-02
9.640356163170953410e-03
1.148159006550178093e-02
1.234008530715902108e-02
1.123922526201984531e-02
1.613637500317974260e-02
1.074040127425751091e-02
1.148175283043447424e-02
1.523896575539249350e-02
1.508558682216622898e-02
1.193443228764459220e-02
1.119349774594805003e-02
1.247874094393054342e-02
1.249358836353385051e-02
1.332625474832080208e-02
9.619004617360602319e-03
1.610411965725491723e-02
9.984784214348778331e-03
1.111248145986821166e-02
1.005294870023177960e-02
9.419784881370232496e-03
9.294635950171464822e-03
8.917580721265342195e-03
1.318083465692702037e-02
1.168432967635345439e-02
1.263222163507803780e-02
1.174876247228662934e-02
1.001614914983002536e-02
1.285342048748942465e-02
1.303859608811805751e-02
1.197561000634522060e-02
7.387921289665352886e-03
8.810840596464402513e-03
1.103133972937423921e-02
1.327056032590205777e-02
1.213568713999619436e-02
1.291090576505252857e-02
1.176148567024676121e-02
1.276039834956219782e-02
1.077131794127431444e-02
7.314889017860084705e-03
8.958890332845016041e-03
8.616906330370982872e-03
1.207796548539905729e-02
8.154048685245008851e-03
1.152459641804667867e-02
1.129954825280136098e-02
1.490665738843676043e-02
1.206360043197270658e-02
1.184139698108021242e-02
9.913731780478418285e-03
1.217557176354176762e-02
1.010946920245601489e-02
1.071088767303467019e-02
1.043781289588490216e-02
1.199597953015732986e-02
1.926950846461468470e-02
1.231521611067907737e-02
1.049638760897079158e-02
1.003630100360865078e-02
1.323125041208475169e-02
1.105495666186086592e-02
1.211390911462446873e-02
1.479231530083207312e-02
9.174249260042916659e-03
8.921976228997171784e-03
8.361122101866486078e-03
1.247613134605305742e-02
1.190097583020146600e-02
8.833356719731325427e-03
1.015489902714548920e-02
1.174525148003489894e-02
1.033316067693775507e-02
8.461504184800123021e-03
1.074459652021607890e-02
1.311932121236937358e-02
8.257000953785089553e-03
1.178311647763594268e-02
1.105951605409115010e-02
1.108163522707416269e-02
1.500132715988264018e-02
1.109173632608190935e-02
1.044909022017182984e-02
1.287243107615835408e-02
1.275283198697345702e-02
1.237117724860993181e-02
1.253432457970540120e-02
1.046325073381069830e-02
1.063501426340948512e-02
1.175662230870316328e-02
1.165304656837198860e-02
6.991735635932642273e-03
1.296173766280463852e-02
1.056955813765994567e-02
8.148015255595593073e-03
8.720541827606840754e-03
1.039316239891237455e-02
9.280649268043540678e-03
8.699085276360768101e-03
7.046472381351663594e-03
6.854845407642849199e-03
8.094546453441693254e-03
1.441300818671959437e-02
1.174227595280597468e-02
7.448268533669966801e-03
9.466129850968115628e-03
1.433923652337057604e-02
8.198412479368014441e-03
1.253788968691104885e-02
1.013844090779728903e-02
1.149199349610971650e-02
1.011587556426142391e-02
9.795288204003179885e-03
1.182207222314188462e-02
8.407673654385090442e-03
1.019736893253333533e-02
1.106180192721098812e-02
9.686609704444706231e-03
1.304765908141729269e-02
1.012142004482002346e-02
1.095277182977260830e-02
1.047219476150879763e-02
8.320123011908210978e-03
1.208981144787998376e-02
8.653019553614468146e-03
1.027261825818311623e-02
1.292257468488121862e-02
8.872555439323309354e-03
1.023501963372171197e-02
9.015389542285794783e-03
1.129240964223655365e-02
8.812823369531657888e-03
1.044905623016108981e-02
1.043433563846056338e-02
7.333037659173422158e-03
1.062657107986144343e-02
8.590715814443098536e-03
9.907801078325270683e-03
9.853052628214554326e-03
1.061871919664312061e-02
5.772390581751727159e-03
9.105473889061696871e-03
8.701548595921810084e-03
9.920665027632395022e-03
7.332146744671627636e-03
1.032945895872909581e-02
1.084490795374152931e-02
1.054073507635861114e-02
1.084000006786199274e-02
8.065040182262778537e-03
9.245018473767109557e-03
1.013305513680972866e-02
1.048989628394426596e-02
5.629801305387161989e-03
6.934918013353216087e-03
1.098738943057456230e-02
6.922578467889844468e-03
1.000247776094027354e-02
8.577864489246940852e-03
9.704912981867598945e-03
9.443045501300876415e-03
1.077440250821581902e-02
8.200729917134559621e-03
1.120358362499385141e-02
7.133776124966787445e-03
9.710542963135166197e-03
9.660712160917170332e-03
1.195037412455551319e-02
8.459236016857137400e-03
1.036497090930868850e-02
1.070400574053150151e-02
9.532788735521560697e-03
1.117356223539626298e-02
1.014366244941241994e-02
1.035060193048697660e-02
1.055930903654813367e-02
7.665562808713054753e-03
1.026062404601045530e-02
8.166163696491694768e-03
1.028655700087525472e-02
9.032010746041568838e-03
9.729394914404046121e-03
7.307785972044591322e-03
1.188781824215459637e-02
1.329261775027917696e-02
8.340514680654064622e-03
1.060430024579133400e-02
8.010697854192599249e-03
1.169391997956866630e-02
1.080162817225378651e-02
1.043439069214469571e-02
9.604500610065262386e-03
9.930582333822423127e-03
1.448623167213928566e-02
1.034753339307661370e-02
8.346933553922252641e-03
1.033834605353452923e-02
8.516082268564192925e-03
1.053897755415809760e-02
1.016705145622031140e-02
5.646002307321563822e-03
7.605467655530059358e-03
8.138901325051389052e-03
1.089576429144706142e-02
1.090161663893678481e-02
9.159826841894152735e-03
1.069546400473082859e-02
6.571019977225359653e-03
7.569305386955669894e-03
1.153275392791750301e-02
7.339552242929694645e-03
9.321549738934150134e-03
6.718190581265626529e-03
7.810773588028440198e-03
1.072867618351016836e-02
9.950035255359590547e-03
6.074918965184700724e-03
1.089850436392567588e-02
1.000533715868325187e-02
8.711789405151168855e-03
7.733705596503282972e-03
8.208041577952780374e-03
9.698152627799222145e-03
1.152276215716380343e-02
7.681117606304886831e-03
1.104330024712334678e-02
6.755568908635494960e-03
8.482618994638814816e-03
1.064546121625045347e-02
1.041008348067648526e-02
9.702871860558272277e-03
1.005140603755019270e-02
9.741435245975467103e-03
7.941118808090995643e-03
1.016880513608122913e-02
9.526105991664592446e-03
8.909815745352543323e-03
7.826824771754350984e-03
8.917118785635148870e-03
6.727107117742034403e-03
9.714727515954972581e-03
1.021413820083613526e-02
1.020618408927801042e-02
6.478338922063547195e-03
1.048214476881011332e-02
7.977964342303188114e-03
7.387531682285261407e-03
1.087661396505815517e-02
7.825547734127955013e-03
6.561845581245931772e-03
7.858243599408454294e-03
1.075014836593728151e-02
1.133301906988644532e-02
1.020159535553333621e-02
7.763276850296370150e-03
6.931227163982481981e-03
6.854867816511427646e-03
1.231604915513696483e-02
7.976132391220497331e-03
8.944196544993952488e-03
7.074290738254524792e-03
8.257656171830154643e-03
8.799531719709650576e-03
9.571381992363828597e-03
7.652765881992109297e-03
8.507474176406400884e-03
1.014834108592373510e-02
8.168536502511522523e-03
1.082629090891192372e-02
9.163474887009867911e-03
5.891714500363139963e-03
9.270166218874166877e-03
9.767449998837154576e-03
7.026676215993361146e-03
7.144334364385974100e-03
8.905427149201816314e-03
7.616062871652736800e-03
7.631637152768871481e-03
7.698697822252682614e-03
6.079182561340376774e-03
5.707839595744888458e-03
6.526767280505025616e-03
7.757250164556262102e-03
8.531119006529714471e-03
7.531743749815692640e-03
9.150789963945547834e-03
7.860089875385410652e-03
1.087825590461402592e-02
9.470435561890094486e-03
6.548196331669318797e-03
7.920814191420549530e-03
1.034474076763036016e-02
1.101007077213874905e-02
7.893838202594091052e-03
7.104538081558045559e-03
7.590367977582834769e-03
8.692704975561765801e-03
8.371765598854790172e-03
6.755208603096337153e-03
6.816690403992554069e-03
8.239883977494408263e-03
1.082073289728184388e-02
6.558391205513675742e-03
9.294807275675351019e-03
8.107818119310054167e-03
8.297217063435355019e-03
6.063866546977408900e-03
6.839560939139956511e-03
1.044537184157976091e-02
1.011539451361194962e-02
8.658480315298172636e-03
8.987262398530171739e-03
9.134536740937337918e-03
8.887713698159514786e-03
6.285003888813088177e-03
9.656005973267739462e-03
9.306961581733467700e-03
9.197057208025456038e-03
1.202031635797639469e-02
1.008405730241384614e-02
8.305588720608613612e-03
7.168952470928189810e-03
8.995956268962160968e-03
1.157568040612035921e-02
8.277877603429096079e-03
7.118581060854218059e-03
9.124468674248204306e-03
9.177028738986096543e-03
5.331512019500280787e-03
8.658707834752104107e-03
9.627407857175104486e-03
9.855592478389997579e-03
1.001937265397651045e-02
7.014458918532241044e-03
8.134082531720069828e-03
6.414390349551922846e-03
7.602314835006942703e-03
7.306584012416574361e-03
7.754639422899519893e-03
9.231798606516818800e-03
1.054975760259352184e-02
9.823853917552308884e-03
8.246267845501009316e-03
9.198881433772771940e-03
7.226191772224708522e-03
6.891638300242206375e-03
8.501643987808263705e-03
9.378391093008392465e-03
8.429292126166540444e-03
8.765986533314997983e-03
1.026871953541243741e-02
7.728619721084613835e-03
7.994139070894539303e-03
7.883570054743589336e-03
7.910872109689971732e-03
8.707676116005058989e-03
9.147795631174650971e-03
8.412639071541716529e-03
9.343811839188177759e-03
7.951386051513924594e-03
6.927379721256865866e-03
9.115228877047555633e-03
8.565438532917437481e-03
1.047796911973960035e-02
1.019978746821348023e-02
8.880198880344686643e-03
8.670669251124828170e-03
9.952324816261924612e-03
8.572750057205693816e-03
6.037979533943031024e-03
9.687098675642158430e-03
7.749392739690920406e-03
9.592845792785652248e-03
6.304477091454546364e-03
1.212867724578387506e-02
6.416671315492989032e-03
8.974060416261975259e-03
7.181177488145638887e-03
8.706405409956857050e-03
7.918933497963461660e-03
8.427933510502073206e-03
9.487396008080462018e-03
1.215454805788405458e-02
8.071007675855746202e-03
1.026230299763578394e-02
1.096101685309505171e-02
1.140365398363593630e-02
6.484343642340100432e-03
1.019355121809709455e-02
7.185763845420536922e-03
8.823141902020279273e-03
7.192724747723510011e-03
6.426690632431843533e-03
9.242241044181698228e-03
1.440686648067199434e-02
8.970423851494251782e-03
6.469420519779905780e-03
5.986007586605114963e-03
6.985424973203081984e-03
7.002593348709562626e-03
9.015272839099173346e-03
8.768570470282625179e-03
9.944670892890651245e-03
9.803271879718373355e-03
5.692662100894601077e-03
7.436517866500342959e-03
6.818469128503918189e-03
7.937522029876598398e-03
8.475915779100876360e-03
9.751069799080382822e-03
9.914817392418744449e-03
5.509602634492460037e-03
9.090704297772578962e-03
1.060163654578499121e-02
9.720827005723825520e-03
1.125397411247231264e-02
7.534001019775022137e-03
1.017205186296326128e-02
7.919878665588962405e-03
7.858724093840745162e-03
7.445787406204084843e-03
8.683131343503677074e-03
7.418405246897316271e-03
9.562317760729986682e-03
6.626625017321947399e-03
7.277018903894563913e-03
9.699046355383033127e-03
7.260029543353482308e-03
7.336808029046360154e-03
9.549460181351453886e-03
4.703023208706086020e-03
8.245199996454044208e-03
8.008609670020731472e-03
6.985508584108074924e-03
9.675422187484614134e-03
8.319360781808232339e-03
6.410693912261265087e-03
9.154107222556270157e-03
8.647065834632726433e-03
7.907902407428502034e-03
8.068990496611942384e-03
9.530528743726101454e-03
7.133218770457688297e-03
8.305731243036721181e-03
9.711212703646571881e-03
8.537888504546878657e-03
8.285095124758863963e-03
8.925047894289632119e-03
8.556385596792512663e-03
8.681428037265792597e-03
8.593660669330354523e-03
7.599074575494013488e-03
6.358381675362398573e-03
8.886034460055970002e-03
6.390596136815690845e-03
1.037245123725111934e-02
7.595099190237182898e-03
8.077858760660498391e-03
7.942707070545070025e-03
7.137625185234540252e-03
9.061341724418045182e-03
7.409408783233610921e-03
8.277692298738469415e-03
7.911507914909847450e-03
7.603379050456384250e-03
8.341302110288023597e-03
5.763172284555737913e-03
5.828998152327864897e-03
8.451346300756900493e-03
9.874373852663939979e-03
9.306478264362408673e-03
1.265998552256889127e-02
7.021362060567047647e-03
8.091070360783662180e-03
1.102731905152886868e-02
7.899178534130524287e-03
9.451998883621250472e-03
7.106660641541033725e-03
9.259952482670018650e-03
9.064312914158186366e-03
7.106002889331105438e-03
8.818623544739532388e-03
6.046538181048430327e-03
8.209211396990869977e-03
7.328022939994439933e-03
6.149805133746180305e-03
8.159241225644688067e-03
9.841868305094423827e-03
7.358121359062888382e-03
1.235036699376811445e-02
6.610384295704574940e-03
5.260331347866781422e-03
5.519694051455745383e-03
9.122716773564860937e-03
1.017576943652666842e-02
9.129775231187652051e-03
7.932182502015041811e-03
1.027921432097378233e-02
9.549654087112949968e-03
7.375590430148628099e-03
1.020333527554715368e-02
7.984612898821259047e-03
7.986069837069422611e-03
7.689462362627387526e-03
9.184023415012147404e-03
6.182001424896798637e-03
6.373719636006579779e-03
6.648069227959737398e-03
8.396034608903197097e-03
6.095958081805347498e-03
6.601559461843261450e-03
8.893359502969983357e-03
9.995261924534480300e-03
7.974481668616806296e-03
6.169474332237811359e-03
8.045469168484942549e-03
7.549029619876726840e-03
7.678325517693911778e-03
8.035554616405444356e-03
9.018467544618937251e-03
8.040575681920743289e-03
6.791734873419230829e-03
8.230108391303206719e-03
9.466055156182210523e-03
8.340229685934839529e-03
9.175587707406191590e-03
8.172360309121808053e-03
1.149611318925560996e-02
8.300773169327011619e-03
7.035730606123231923e-03
7.603425296566948544e-03
6.857400792441925054e-03
6.661604102283134876e-03
1.053026019149487687e-02
7.648564325882203224e-03
7.672205288674232605e-03
1.146122017243737280e-02
9.404934568041256604e-03
6.517747835512935697e-03
6.434074557645629890e-03
6.339707923912521990e-03
1.029269532701923562e-02
7.668675952175469344e-03
5.799580634698888425e-03
4.945256537159706776e-03
9.087960476843770161e-03
1.051807134153543745e-02
8.601130776885802451e-03
6.505735956276597308e-03
7.881278744866843794e-03
1.045129358121134160e-02
7.288825912787805054e-03
7.360947255390946735e-03
8.177926425745829508e-03
8.170469444921970442e-03
7.321687599360492127e-03
5.936179728070981737e-03
6.291251175312134042e-03
7.857776767421541589e-03
8.358541587339389511e-03
5.844762216029828449e-03
6.092862515007809940e-03
8.122455292164279528e-03
7.409036412399910149e-03
1.244033592903080049e-02
7.111429220157371341e-03
7.857640984879444429e-03
1.125323367109075379e-02
7.582538180636665126e-03
6.130656189636866059e-03
7.902376462847613553e-03
6.162507360079577494e-03
7.740666936335740059e-03
9.537473774955385758e-03
4.967125651618546633e-03
9.987369699051862684e-03
9.122958006236496151e-03
7.342904228519490581e-03
7.627202448031510790e-03
7.429120449322090813e-03
6.692360537547093272e-03
8.771635519993499497e-03
6.155868794568658368e-03
8.137604845347663068e-03
1.162273031394383052e-02
6.344902251347866486e-03
9.260316380272018075e-03
6.210049475803986092e-03
1.061527916865568320e-02
7.965295730651477529e-03
7.237076796511270407e-03
7.838702896466164666e-03
9.444422416920316907e-03
9.225878752544207362e-03
8.708375962920176724e-03
8.098397366079850695e-03
7.272224032188105355e-03
7.536144072613776800e-03
1.071962268336048435e-02
8.258214823704826402e-03
7.157256800579305835e-03
8.199228815376368232e-03
1.052751858467094667e-02
5.196530469181549934e-03
6.108079738928642866e-03
1.162609632125165965e-02
7.507902258290420627e-03
7.653647730287722190e-03
6.512302329887027612e-03
8.773284286072539906e-03
6.702073975497497248e-03
1.001121088871875439e-02
8.377348726236046733e-03
8.900993816685014159e-03
6.764815946345583905e-03
6.312104687982967276e-03
8.692739015008757800e-03
7.389366671799012763e-03
8.504570641709806311e-03
8.085362101719123160e-03
8.987559912983616658e-03
8.279496377412213365e-03
8.447945880329909771e-03
8.343775183411158980e-03
1.028777645486963523e-02
7.197684808005450074e-03
8.455748726476629631e-03
1.065899961378398257e-02
7.358960628752358665e-03
6.953633884728734581e-03
1.057926597976740005e-02
7.898769295120093223e-03
1.169837082181585455e-02
7.875845655983929744e-03
8.618918691062529835e-03
9.467442808252495706e-03
5.541833807978348639e-03
8.097793664345325979e-03
6.916312572701544155e-03
9.281925301249837473e-03
1.064680692011502755e-02
7.423236834129646154e-03
1.069226576669136605e-02
9.336377217132834153e-03
7.925182789146542617e-03
8.536677756034607642e-03
9.917132721612815019e-03
8.556229600975837069e-03
1.111258149931047302e-02
7.339672264732295323e-03
7.959448627033353235e-03
8.052576627541125492e-03
6.199592310430795082e-03
8.892241157795601619e-03
7.003860526781550445e-03
5.657263648379270461e-03
1.188414197221952448e-02
8.717590855910870712e-03
9.935281330049006154e-03
8.694170519434238006e-03
9.702191994636044300e-03
1.073434467316944363e-02
8.196166355643462118e-03
8.270673377004829352e-03
7.183779572900133095e-03
9.303406968289159099e-03
1.027853224169005854e-02
8.575107935158582731e-03
8.112721429129296155e-03
6.870124146984058627e-03
8.588269312386886262e-03
6.397998024006795910e-03
9.403343122615074115e-03
9.742744566083936034e-03
8.279103197027364372e-03
7.335999707582357456e-03
8.625488259999231078e-03
6.863646110404365494e-03
