1.512279230266341812e-02
1.498009469366327374e-02
1.503609933424583656e-02
1.488603724160585638e-02
1.509947836491816464e-02
1.477987616216041092e-02
1.478453030536710025e-02
1.464453255879371446e-02
1.470053458789340878e-02
1.461019024285703169e-02
1.449292685680829071e-02
1.434539518890684019e-02
1.429188428588205190e-02
1.429158788075812064e-02
1.408209138351201872e-02
1.388274232108020409e-02
1.405193336082070227e-02
1.376553958887312933e-02
1.395205606509442725e-02
1.378059834022627231e-02
1.359015288835018972e-02
1.349254883181252168e-02
1.335741540313113533e-02
1.316530725362381575e-02
1.325322733079169722e-02
1.311190064256840399e-02
1.309388365199278502e-02
1.274558631153900959e-02
1.284875683720970024e-02
1.233410412698346219e-02
1.239981358558923594e-02
1.222828095640498061e-02
1.216334342633921053e-02
1.193283652607703138e-02
1.170480677215589294e-02
1.163982081455184649e-02
1.109427773377764589e-02
1.132386423334470586e-02
1.117090911161101874e-02
1.093790217388744546e-02
1.098962560555632496e-02
1.088366160149922997e-02
1.038315352280350969e-02
1.027429303739171330e-02
1.032036223833345673e-02
9.975848451880854617e-03
9.932339782237020048e-03
9.489545147459848423e-03
9.331449221726090953e-03
9.303775987906917969e-03
9.039451987735244720e-03
8.981046239754016461e-03
8.545529726218829489e-03
8.403817138063488651e-03
8.156594652364040909e-03
7.933092272684945032e-03
8.003105771832701859e-03
7.667888647077132636e-03
7.518959277666898561e-03
7.321182891917981175e-03
7.413449356360195600e-03
6.871645248392289386e-03
6.833501561260725034e-03
6.767250015255485938e-03
6.388329002299172887e-03
5.914532852204141579e-03
6.159560336428523616e-03
5.859114372627479556e-03
5.874935397777008780e-03
5.758099400222535698e-03
5.582622227970187624e-03
5.310377346153360989e-03
5.261782838265703817e-03
5.050748648314085446e-03
5.042910118384986984e-03
4.804909935975930010e-03
4.794946939421767390e-03
4.432346665216684023e-03
4.221131434564383104e-03
3.997102499284151123e-03
3.799032540750457362e-03
3.686088191065856404e-03
4.009326977880940841e-03
3.698104538566221802e-03
3.457524590233313627e-03
3.327361493644861133e-03
3.604921766277448258e-03
3.194760397902828356e-03
3.120899548864163216e-03
3.384862772913858984e-03
2.965098155339944246e-03
2.920751026065128431e-03
2.786021865019402098e-03
2.978948617838007677e-03
2.681413164475105089e-03
2.549007035093267103e-03
2.591853449786287074e-03
2.781788811932846359e-03
2.857047067196198404e-03
2.402297225461140929e-03
2.285768157587086263e-03
2.445207445816610214e-03
2.490166882538298772e-03
2.032181147231684835e-03
2.389671687162332140e-03
2.242345742804755394e-03
2.723939180237206110e-03
2.498897923785571833e-03
2.608174864087533292e-03
2.340335531224805275e-03
2.273390750683762680e-03
2.006247645793839910e-03
2.312546077422495024e-03
2.342453543676471447e-03
2.426520294464426086e-03
2.540601907376408355e-03
2.420556687075847528e-03
2.235309684943785277e-03
2.251849451256321584e-03
2.072506135136833148e-03
2.029409271875951253e-03
1.925866411392875531e-03
2.408361761061693189e-03
2.156305360188228923e-03
2.083551240903465905e-03
1.636047199267371115e-03
2.482155848995570239e-03
2.080728019623007217e-03
2.245829995914341414e-03
2.292471990105008316e-03
2.039463170339385432e-03
2.275076299704014652e-03
2.231157402646826576e-03
2.194596142541728901e-03
2.276217952742072819e-03
2.201945668801670152e-03
2.371213006458765434e-03
1.974557225615249188e-03
2.256354905723083250e-03
2.338016789726698151e-03
2.008620020016407826e-03
2.083597573072918947e-03
2.363927035030786473e-03
2.221281295237872641e-03
2.213228058441455044e-03
2.091234199816607679e-03
2.083216841815383174e-03
2.168538785543639488e-03
1.822401039994289533e-03
2.079533446196258489e-03
2.039837570213471132e-03
2.053687402760899505e-03
2.205367080875133157e-03
2.557289820701504502e-03
2.077590438136371620e-03
1.896151742912386123e-03
1.856900316049150262e-03
2.326204650376416470e-03
1.716765510958494570e-03
2.009677044103918512e-03
2.399860565495846951e-03
1.961456467682958209e-03
1.937633190555113375e-03
2.238175789501713805e-03
1.779130523780035915e-03
2.137102814953345791e-03
2.199384341305457829e-03
1.832469516064600106e-03
1.913475652321152808e-03
1.833771505838989718e-03
1.934154770920896126e-03
2.264214621147865418e-03
1.980532064694505955e-03
2.211418266552972987e-03
2.032725530938214818e-03
2.156669522457934935e-03
1.943422217424100847e-03
1.741305160843134017e-03
2.090356979788679688e-03
1.961814337123979433e-03
1.664046210456196929e-03
1.778250355222696843e-03
2.202631752621796515e-03
1.994457851125517982e-03
2.023884409653488314e-03
1.485399911596728970e-03
2.133430186361472657e-03
1.952595746668974591e-03
2.190502161024456777e-03
1.999258575182842178e-03
2.040738810346904870e-03
2.130999886895557170e-03
1.913124134217757989e-03
1.832806134488344481e-03
1.633098929149966530e-03
1.932028270335884668e-03
1.844859099384776359e-03
2.346188695327233210e-03
2.144438165906974603e-03
2.192225478164236841e-03
1.943439076988190926e-03
1.776902415101937324e-03
1.938682204693513390e-03
1.601190065266171105e-03
1.806754809619097501e-03
2.081314289579103225e-03
1.617628984289807507e-03
1.575622471037798874e-03
1.856306118709061086e-03
1.782185672088704067e-03
2.174638135731085230e-03
2.027488358516064959e-03
1.932172760904770628e-03
1.813315933052819058e-03
1.840018934503894095e-03
1.566775013510273264e-03
1.722986058639635601e-03
2.344299805820352061e-03
1.762423876913150975e-03
1.859581210070433612e-03
1.851009210112254232e-03
1.703583222646634253e-03
2.233804974561695057e-03
1.572326506085204101e-03
1.786286884626205398e-03
1.839597491808047953e-03
1.453875484615846890e-03
1.755570761171693084e-03
1.878673861700710327e-03
1.724820378524929022e-03
1.565309426433186910e-03
1.956689189090591446e-03
1.636716386434297621e-03
1.496386003834368743e-03
1.766866366209949267e-03
1.840079221266890117e-03
1.594137752697245055e-03
1.311874704587605257e-03
1.690099895058127903e-03
1.857661440943137506e-03
1.891810075688935867e-03
1.836690101720385134e-03
1.500930072194595500e-03
1.689736073091828873e-03
1.870737266464658419e-03
1.930421476916385163e-03
2.121611341303534289e-03
1.567523889615692880e-03
1.667454338942211392e-03
1.508232002749278211e-03
1.579680629824270618e-03
1.635432041129870158e-03
1.794157274970097906e-03
1.927993567315416457e-03
1.860599551091588486e-03
1.570519739875831430e-03
1.531925213844585656e-03
1.548102630166805225e-03
1.649158125362963677e-03
1.848041517570020182e-03
1.844833151578202830e-03
1.986565148738132953e-03
1.781864072962799405e-03
1.502502946680616888e-03
1.659262546589106114e-03
1.356075572195804399e-03
1.717673110380746717e-03
1.264195901319414795e-03
1.636712880789660193e-03
1.578180755204676130e-03
1.665991377404117419e-03
1.527250156992981077e-03
1.430117440213900769e-03
1.744726510841394405e-03
1.859891218964517760e-03
1.502768191015295624e-03
1.620438257161726896e-03
1.686339569349356964e-03
1.713849971355170055e-03
1.604731180608506098e-03
1.734326602895501761e-03
1.551568848214248970e-03
1.717512495527266821e-03
1.617861086007701564e-03
1.610230461297140281e-03
1.641861966226547658e-03
1.797981725834296458e-03
1.501315421693765655e-03
2.007292893415245794e-03
1.689312183219516487e-03
1.666372418189765751e-03
1.798234105179374875e-03
1.497907655520459673e-03
1.745327332698244898e-03
1.272311551427121774e-03
1.512188221582655683e-03
1.606147281151883719e-03
1.481521021923710209e-03
1.496630057433744488e-03
1.666773725059069507e-03
1.662173771910080422e-03
1.464686487789375931e-03
1.536938564557118348e-03
1.624770442007578532e-03
1.260686385601750194e-03
1.365308458666122200e-03
1.516460129873658559e-03
1.553809457167305494e-03
1.707768051434199481e-03
1.428090751577663518e-03
1.482282678059466561e-03
1.453479874322664758e-03
1.551198725828682691e-03
1.738849800584693584e-03
1.613361491673761606e-03
1.971400194112164165e-03
1.459303833090919503e-03
1.608659184403242372e-03
1.460504536076843345e-03
1.647874456017617024e-03
1.315741301459906780e-03
1.475209117271149067e-03
1.637545804768958738e-03
1.479524986376613491e-03
1.621241396979387342e-03
1.730729287621856965e-03
1.440218078393391658e-03
1.335119495930413985e-03
1.353634600087354851e-03
1.768162966560920049e-03
1.301205144856476363e-03
1.521424536001891696e-03
1.674342014170522499e-03
1.428550670365943097e-03
1.769228564658781398e-03
1.303358655166172953e-03
1.562088598225902080e-03
1.637809841542076528e-03
1.525544383270375495e-03
1.555089856161032428e-03
1.546432306898346942e-03
1.503733642518241456e-03
1.592352824404801156e-03
1.363774305790096475e-03
1.832110106754326591e-03
1.465390742946621984e-03
1.624375698739343246e-03
1.390898020698131581e-03
1.648776356915444699e-03
1.935685927113373625e-03
1.756849047947841658e-03
1.411839753786737258e-03
1.471622896384666267e-03
1.748674159398744179e-03
1.656537230663619742e-03
1.541635727515555578e-03
1.674295146913369614e-03
1.549683406965309592e-03
1.475923116753185107e-03
1.396596870479970389e-03
1.718946030671715443e-03
1.613217608430791332e-03
1.444208818092143501e-03
1.289911594447534088e-03
1.544227860696810277e-03
1.717493491538105632e-03
1.694148633787680679e-03
1.578914568894204369e-03
1.636717940234390985e-03
1.367937787294724698e-03
1.588082702571094393e-03
1.723205395568935035e-03
1.507168380865131670e-03
1.409857840286698116e-03
1.511758227519565886e-03
1.580241752444443582e-03
1.595344455326040169e-03
1.517480902215667497e-03
1.779919843079661021e-03
1.361467515639702480e-03
1.703241841918836166e-03
1.512811855183730011e-03
1.324917734060868622e-03
1.420297680836215583e-03
1.517392731955949196e-03
1.454373993132349920e-03
1.518187351569942264e-03
1.527400398853328775e-03
1.606899865904271637e-03
1.583106469348873925e-03
1.664085257551083151e-03
1.540394016963989726e-03
1.564069248538298628e-03
1.261113981424322140e-03
1.662487715182394896e-03
1.296496489761279989e-03
1.509449505642587860e-03
1.429175968746426153e-03
1.490801218527513291e-03
1.551805894041731557e-03
1.397353291716537261e-03
1.838376965902256254e-03
1.678181037000719272e-03
1.584849971640367059e-03
1.270939408832660010e-03
1.607722583348347072e-03
1.537097471278916355e-03
1.508052710495020200e-03
1.200935210282853610e-03
1.473541696555726596e-03
1.511368957520855053e-03
1.515852676215312736e-03
1.511882389890611533e-03
1.517176850323411364e-03
1.554165689090199112e-03
1.375834635291757826e-03
1.308464248767696181e-03
1.411562281185902790e-03
1.470880791426274273e-03
1.397942043573990011e-03
1.565871456260120326e-03
1.401012269061703780e-03
1.341529279147159323e-03
1.325687356659690152e-03
1.650689683716098166e-03
1.645271762298135872e-03
1.705777275237345403e-03
1.586499815893167159e-03
1.316844506767982786e-03
1.528424390290006275e-03
1.573969465853228104e-03
1.427099400951594875e-03
1.384455449021352366e-03
1.324073717963537844e-03
1.616845387152708981e-03
1.564352191724728515e-03
1.463217224517765654e-03
1.446294138449223101e-03
1.623960933441983895e-03
1.684086766120157118e-03
1.419938902744094251e-03
1.583702145536913450e-03
1.246299830744749008e-03
1.400238050735724046e-03
1.501255572913037491e-03
1.660335443025143893e-03
1.570734636616629484e-03
1.516627499024933564e-03
1.266961995767911528e-03
1.395766463849621580e-03
1.488497696399168017e-03
1.608282315379441253e-03
1.275417437229363002e-03
1.634347404555942535e-03
1.545984806175639730e-03
1.574706570079219443e-03
1.612908444064390431e-03
1.658238729547313215e-03
1.594582283543361087e-03
1.154547370620222788e-03
1.685036248635662188e-03
1.391410775304491006e-03
1.670003911058834910e-03
1.575628180381381631e-03
1.480436168027191024e-03
1.432221983602790594e-03
1.318385419434284223e-03
1.484881561847853360e-03
1.411859526114550047e-03
1.736047822428919783e-03
1.363894567277402180e-03
1.377002830190422267e-03
1.374442920805748081e-03
1.422711085480923669e-03
1.485642187424643856e-03
1.586854625200617578e-03
1.364562098612469906e-03
1.472040806466601596e-03
1.612746964155933665e-03
1.441320896443195991e-03
1.353186533810792590e-03
1.587060974850006004e-03
1.318411125213812211e-03
1.325187363502559890e-03
1.347552130587196346e-03
1.426924242371711230e-03
1.474782824105484160e-03
1.472411319394270005e-03
1.309404317020102350e-03
1.572837333228463159e-03
1.188757641596256080e-03
1.476437665308123846e-03
1.420296175341771413e-03
1.540048949691004464e-03
1.452756598050934872e-03
1.680695214343065277e-03
1.435789105560527149e-03
1.527019186237563468e-03
1.507807467662942557e-03
1.490856019888728507e-03
1.402641902275683682e-03
1.636542930806875098e-03
1.561246803029911305e-03
1.433933905887556891e-03
1.608851564336940794e-03
1.601719169393767605e-03
1.628615099323142733e-03
1.544235313948422519e-03
1.426816979701934834e-03
1.343376525140874220e-03
1.467855992675835743e-03
1.484735862595282794e-03
1.346700818517914842e-03
1.694249642289839472e-03
1.340756047794829531e-03
1.228421584247959848e-03
1.184937350449468546e-03
1.419702661269350592e-03
1.494623525861281648e-03
1.687719684320786737e-03
1.381698666986906025e-03
1.276523002990806715e-03
1.553730636744215859e-03
1.595178049851558909e-03
1.578109726028053498e-03
1.665052292536701442e-03
1.250951024630220752e-03
1.270097647793724674e-03
1.277432139699315704e-03
1.362937459114132391e-03
1.343197059897482991e-03
1.441452104681244326e-03
1.471472091680902598e-03
1.313084612976385315e-03
1.348307642716112514e-03
1.563373273561225168e-03
1.575744901523833683e-03
1.361986949873011336e-03
1.555184791949142152e-03
1.565399220968109999e-03
1.410486450457381540e-03
1.371368181191492345e-03
1.669679614542392103e-03
1.511846879376381025e-03
1.521633257825033125e-03
1.170675055122582858e-03
1.749602265319148871e-03
1.383883098667682563e-03
1.599708722498769829e-03
1.414572482545694166e-03
1.441047098657690295e-03
1.556301692050076702e-03
1.332044935322679877e-03
1.165338628833845159e-03
1.532915298855995435e-03
1.733128215119135625e-03
1.376869921771331322e-03
1.691816553575437292e-03
1.728607494952211221e-03
1.409213416465658055e-03
1.402293092982194195e-03
1.412205149869549857e-03
1.570878761430979410e-03
1.434916351033580515e-03
1.440864810441779041e-03
1.569249052000897936e-03
1.345606972933449360e-03
1.769350117435524025e-03
1.423375847886446978e-03
1.441070090940251881e-03
1.523720186583394027e-03
1.383579975922841036e-03
1.303971713860272233e-03
1.587129496151487140e-03
1.532381630942743992e-03
1.538068140438734500e-03
1.604522487390876943e-03
1.342217054433632231e-03
1.340141364652473570e-03
1.542096328732717875e-03
1.271163098552496960e-03
1.325410923209727589e-03
1.824247301254055100e-03
1.798852595066653811e-03
1.472127150581075544e-03
1.375574640675145599e-03
1.503029744448000334e-03
1.395117503111989541e-03
1.484804037741666071e-03
1.615506809272494780e-03
1.457984786271878828e-03
1.652269642012277806e-03
1.501094501169814976e-03
1.388161337132523022e-03
1.298612577148563737e-03
1.289402939623682069e-03
1.421604692134614736e-03
1.499927813303131513e-03
1.533664672823550250e-03
1.524982312469659769e-03
1.630376913831404649e-03
1.605948648583738420e-03
1.318569241214379538e-03
1.571122630070534692e-03
1.575019245711613367e-03
1.386858225204594484e-03
1.382914572306912209e-03
1.287705270681254854e-03
1.409748259785317988e-03
1.369626632151701951e-03
1.255666291583929861e-03
1.372028852670212178e-03
1.484730461536732955e-03
1.456264366188403034e-03
1.392001413869407627e-03
1.661193207681476011e-03
1.372862673437300583e-03
1.337442224845163206e-03
1.768745945261023488e-03
1.757870231092288887e-03
1.560258680369053111e-03
1.370904642320058082e-03
1.643236803806128604e-03
1.614971062085251204e-03
1.346563395002994996e-03
1.376793332159310110e-03
1.728103124408945966e-03
1.669385874302126800e-03
1.477569939976098451e-03
1.601909728642066490e-03
1.572851083532847633e-03
1.587004381185525134e-03
1.495882089604551237e-03
1.401474227374126464e-03
1.589800193459145776e-03
1.472442331847070461e-03
1.251113039927054379e-03
1.383591974415737322e-03
1.328958413264057616e-03
1.402304987510695662e-03
1.579715461515419396e-03
1.483466795586285778e-03
1.564696566663083613e-03
1.791092507147697306e-03
1.549293887808345484e-03
1.353659996561698943e-03
1.424153103436345694e-03
1.430812060621632987e-03
1.592599909443029879e-03
1.379783103380158695e-03
1.337146062376284037e-03
1.383602140793694247e-03
1.488478350269042613e-03
1.364927210114678631e-03
1.327843767552671153e-03
1.361844672312047038e-03
1.500710451659005486e-03
1.338935945469504635e-03
1.542325224471246701e-03
1.602670939809015165e-03
1.380924823084208383e-03
1.714092600041043071e-03
1.559966534917906931e-03
1.416339788421621575e-03
1.444040563323549650e-03
1.697733930762281799e-03
1.356378088780685592e-03
1.513996019489004903e-03
1.616219196329015230e-03
1.873843188283142152e-03
1.423677088534228271e-03
1.602721250933904391e-03
1.688966098754573607e-03
1.369243056698494880e-03
1.291519321149046245e-03
1.495990993815374823e-03
1.205442474483081877e-03
1.459230968293954512e-03
1.369116378036232392e-03
1.406662043913197227e-03
1.638234133961633150e-03
1.453954542603631220e-03
1.388021869095854011e-03
1.589434633037638614e-03
1.581825838113092410e-03
1.304600624086721481e-03
1.898980229202163091e-03
1.360415592739195635e-03
1.477126908921317164e-03
1.544806080714518966e-03
1.854582306081989417e-03
1.403356223761509456e-03
1.550132170973999137e-03
1.445858873171381506e-03
1.404233441971135645e-03
1.501559873430194456e-03
1.510239775620322118e-03
1.415127537976325995e-03
1.518122760279092074e-03
1.327156969188514942e-03
1.417360051488761059e-03
1.421256957065464939e-03
1.283463147992051218e-03
1.709152310195452464e-03
1.225295065000123499e-03
1.611128267419509145e-03
1.413653487353990455e-03
1.483143790337679117e-03
1.271372692185072494e-03
1.679251609674585217e-03
1.630267187114505228e-03
1.465283071420698299e-03
1.504257395977831417e-03
1.432460850494941818e-03
1.412420188894656595e-03
1.345213086173541661e-03
1.478582501319351469e-03
1.313063428668522934e-03
1.510328356713244030e-03
1.482297224258693038e-03
1.496576723235396381e-03
1.415572764471003568e-03
1.286318053628072089e-03
1.630028554805102413e-03
1.438361212032808608e-03
1.406012962391543731e-03
1.257760762635661998e-03
1.604132935112920558e-03
1.390211855649778165e-03
1.468880512627588480e-03
1.472470084082344198e-03
1.676661817134072509e-03
1.631368417152924194e-03
1.562981499709501388e-03
1.386883471374021626e-03
1.371331449097671316e-03
1.423987887331985055e-03
1.467678552187076484e-03
1.549930288691003756e-03
1.423726992340886271e-03
1.596930886409095958e-03
1.433401864380999449e-03
1.544427632142424470e-03
1.314484327120556649e-03
1.422330897525830428e-03
1.399287640458721140e-03
1.576660720300215000e-03
1.394672798705195310e-03
1.419784639127033305e-03
1.377858316506567517e-03
1.582662962130347486e-03
1.569781866330730805e-03
1.536465339768679434e-03
1.439726927978447453e-03
1.563176725418091587e-03
1.661205890421640517e-03
1.576045305460453249e-03
1.309348806522896320e-03
1.726544257526876772e-03
1.799134295361536637e-03
1.486366047335075562e-03
1.615346802631934149e-03
1.454459378417814622e-03
1.358815484219051987e-03
1.344571685665510831e-03
1.329360858119667038e-03
1.615464695043081081e-03
1.566420867905947423e-03
1.346836460444215434e-03
1.473058151244725691e-03
1.365070015013450464e-03
1.366481970396033179e-03
1.568510764649232994e-03
1.272326445351616968e-03
1.221329453084750872e-03
1.427075464745663699e-03
1.548737327319737837e-03
1.502295705806901051e-03
1.533041679583066648e-03
1.349736573367640727e-03
1.458123394084989005e-03
1.379596021063193368e-03
1.665477462533507865e-03
1.788023048613937224e-03
1.682446340540479698e-03
1.760208949898279911e-03
1.615918644701216716e-03
1.472747426764343427e-03
1.837393717162601539e-03
1.403935198320990958e-03
1.649505215772501757e-03
1.436971045558804987e-03
1.410526461447389468e-03
1.333770852118557537e-03
1.645891462475741968e-03
1.672249893770498151e-03
1.494626413364656507e-03
1.588011605105317482e-03
1.510002332826460274e-03
1.606471935743627056e-03
1.493627173321046510e-03
