4.569798460698181776e-03
4.740849926558038732e-03
4.605790588019519592e-03
4.330318382866907984e-03
3.870123213915034176e-03
3.613329443864083702e-03
3.532397002662812733e-03
3.626070171346697582e-03
3.254347446395754444e-03
2.990818037096559020e-03
2.754206725066569647e-03
2.551818836554952449e-03
2.677361918745196304e-03
2.688630176053448742e-03
2.526654735285734348e-03
2.479987674499047230e-03
2.625498434471812675e-03
2.192469604274313155e-03
2.169427828699786558e-03
2.004040962157155499e-03
2.127312435634347732e-03
1.904141579099040676e-03
2.114800209225975100e-03
1.647188430919703950e-03
1.809323959692481134e-03
1.620630110045210648e-03
1.541837667704082241e-03
1.466370512111131973e-03
1.387017538780288984e-03
1.445612634548366741e-03
9.531559817743146413e-04
9.090382244512581773e-04
1.433937809137797057e-03
1.238667876586802431e-03
1.166360338298004593e-03
9.085954612787737472e-04
9.316011321308004418e-04
8.196171854385024677e-04
1.225697570252483890e-03
1.091109861705954033e-03
8.857920385606438737e-04
9.679864951412856097e-04
1.102468074407928714e-03
1.016923647081336736e-03
1.235569661823592187e-03
1.012254065083158672e-03
1.230041381434568253e-03
9.398971691775915085e-04
1.064672627016612907e-03
9.995922406451230712e-04
1.043113982399988208e-03
1.210222450478994332e-03
1.035743525776559003e-03
9.303288197819016645e-04
1.109679693416465440e-03
8.177877303186063124e-04
1.163085261678841256e-03
1.365498502164697123e-03
1.220428488185358422e-03
8.874071176556467232e-04
9.544235694257753371e-04
1.171303795921329553e-03
1.093960498267765530e-03
1.148962321666147611e-03
1.055539054638428634e-03
1.171626578412877972e-03
1.007878180006616196e-03
1.086793239636127742e-03
1.059745311996579788e-03
1.024585952267611936e-03
1.059354569091922440e-03
1.136703963843857350e-03
1.143353281851038333e-03
1.347973073711064085e-03
1.242159565521814765e-03
1.099895332062205897e-03
1.065118340308090616e-03
1.639443450464346357e-03
1.161067046399814548e-03
1.249486558719352207e-03
1.277124845366496347e-03
1.127435322833725880e-03
1.406162929936803641e-03
1.292710404869495868e-03
1.089447105260968243e-03
1.346895941425796340e-03
1.248792930450234526e-03
1.340927598417441472e-03
1.240458209214368975e-03
1.279608718958208727e-03
1.308602372627644742e-03
1.505280071263374007e-03
1.382310582976269348e-03
1.339051057337979373e-03
1.462826985437194055e-03
1.234982568279036595e-03
1.482380871978110750e-03
1.638556674601536305e-03
1.420109413295991743e-03
1.591617730564040285e-03
1.430713120190927430e-03
1.560680058283257180e-03
1.607851766538910022e-03
1.308134340365794219e-03
1.369168505017377127e-03
1.455342352932718734e-03
1.640984711560333938e-03
1.541600019224647223e-03
1.858109133852276634e-03
1.491272273360946159e-03
1.293847322960577431e-03
1.404911575535902363e-03
1.243120937756160820e-03
1.428216441818304979e-03
1.460104004762359390e-03
1.526037729411034013e-03
1.522065681094635081e-03
1.451787457204424016e-03
1.727522116177454808e-03
1.587736975447701310e-03
1.600600136764994061e-03
1.551606735597078988e-03
1.656740890801890881e-03
1.553427572408743688e-03
1.609351177968326241e-03
1.503510509719685299e-03
1.602230708398763755e-03
1.432711914847922818e-03
1.572589602024093225e-03
1.575705491789414475e-03
1.627553418372397389e-03
1.629964675239588875e-03
1.312485302976806791e-03
1.632692306508149848e-03
1.545607571938645806e-03
1.679685621010147808e-03
1.668204115135410275e-03
1.737490114637929312e-03
1.774806594189595179e-03
1.568919155060234400e-03
1.496703050258629125e-03
1.651364744575070653e-03
1.583192260073609543e-03
1.543289663508667269e-03
1.429809133519511838e-03
1.624561268008771486e-03
1.615019958105244537e-03
1.543285672702910446e-03
1.579439962612812567e-03
1.408471775913936082e-03
1.615924452094273395e-03
1.485570438694629528e-03
1.472392771977679366e-03
1.560772938163313079e-03
1.375179503552954137e-03
1.486960302341510179e-03
1.636357845921206739e-03
1.431512573991580630e-03
1.695011138924033475e-03
1.316116143351615288e-03
1.630539502369079139e-03
1.571505591435716758e-03
1.494434351370429494e-03
1.347784706152985786e-03
1.521088629440937607e-03
1.643447798272780046e-03
1.632983497376365532e-03
1.700706244246995855e-03
1.602384468021347255e-03
1.609609792471292490e-03
1.580718144157200336e-03
1.628488255326607714e-03
1.525133534808660596e-03
1.363996783508212001e-03
1.600315777049358176e-03
1.466885835595093572e-03
1.372006962068136361e-03
1.544892963642434044e-03
1.439347338749759689e-03
1.522830058233220953e-03
1.691934866050085785e-03
1.722874612941495843e-03
1.828175632282505242e-03
1.530436465772867360e-03
1.602242341871885868e-03
1.471322280971373722e-03
1.450432150689096381e-03
1.537453434396935563e-03
1.671894535077716668e-03
1.517177575652168490e-03
1.615619447101535261e-03
1.430177465496262987e-03
1.643702381478628991e-03
1.483105327246454080e-03
1.823540111350585450e-03
1.590273775800584485e-03
1.717932458764417653e-03
1.764934512033037401e-03
1.525407123096871129e-03
1.532192442469584338e-03
1.775809359174372907e-03
1.433270152754888326e-03
1.815887248783671802e-03
1.637044269046257754e-03
1.528411428469049656e-03
1.647045227684338590e-03
1.734579566266590458e-03
1.660948092192043261e-03
1.706308790044949297e-03
1.476178990086927240e-03
1.562955877702745756e-03
1.470280213165433463e-03
1.702117911518956188e-03
1.678256942037649642e-03
1.700544595438282028e-03
1.631731454492944778e-03
1.695627833484796487e-03
1.477903408941924623e-03
1.695805879223392758e-03
1.445122948052394258e-03
1.688215288420807925e-03
1.611699237801507943e-03
1.513600949268009612e-03
1.699216783077495563e-03
1.417615858922557535e-03
1.790016432431896457e-03
1.736618260343764661e-03
1.475010197051658100e-03
1.734964800588563623e-03
1.611719380457086580e-03
1.569857086078084787e-03
1.573588397919590187e-03
1.597437753897999746e-03
1.472902587836461040e-03
1.738529452226512039e-03
1.641178487405240381e-03
1.593328530708145591e-03
1.796090048421719078e-03
1.654096487452843579e-03
1.470389179670679274e-03
1.632909819534776510e-03
1.556703851596295211e-03
1.239364480660043412e-03
1.641443917566384660e-03
1.716647079878402685e-03
1.560065678697927522e-03
1.513170425557307155e-03
1.606161968674122515e-03
1.704875225272302775e-03
1.382975028269244414e-03
1.546067992493895373e-03
1.477789477399050599e-03
1.474342583801197719e-03
1.494346608586511610e-03
1.528031975226158950e-03
1.416493789620331149e-03
1.785100858398655510e-03
1.549794286716029996e-03
1.437929483916455635e-03
1.443926881309407721e-03
1.643124916087881048e-03
1.580315728018144789e-03
1.542507355076399526e-03
1.561245463256786615e-03
1.629018551236621542e-03
1.665074352395339366e-03
1.641615672489148484e-03
1.722525063759937358e-03
1.286547683482766775e-03
1.744210582870056635e-03
1.636315139634620221e-03
1.609429551918747144e-03
1.636828088579191185e-03
1.465281122546179069e-03
1.743402994910023089e-03
1.265345959280638399e-03
1.730044004452466633e-03
1.606679451821294100e-03
1.567176383150220521e-03
1.341556124592184918e-03
1.624891043225131209e-03
1.619905839457624116e-03
1.473038507511785283e-03
1.509460692752315376e-03
1.441566593755559504e-03
1.499257200065301932e-03
1.721612445969273632e-03
1.403332459821613051e-03
1.439927506810355969e-03
1.453765368844417991e-03
1.404065977910540219e-03
1.488566495376154354e-03
1.490919733767666691e-03
1.499936345299194510e-03
1.496216766918588830e-03
1.546699745407462221e-03
1.502463235894899857e-03
1.536771935470003904e-03
1.533636625999320203e-03
1.475585645950664012e-03
1.597547061159387827e-03
1.599713509791596960e-03
1.445229571443086124e-03
1.405868282433555931e-03
1.597686087544533760e-03
1.633273756004348289e-03
1.446276171002217406e-03
1.540368289574216894e-03
1.680360411528716586e-03
1.403413454970067753e-03
1.318747728924750742e-03
1.510383893437740582e-03
1.325618959651270537e-03
1.466738340345903569e-03
1.654028553737939928e-03
1.461571564746270415e-03
1.486468779490865855e-03
1.416241870058430191e-03
1.366072401127481351e-03
1.494632065389998616e-03
1.473679855427165392e-03
1.489776590302157797e-03
1.472161912861009916e-03
1.517249622288077866e-03
1.361856313589917969e-03
1.556449712799332259e-03
1.507875951058344375e-03
1.272068524857434321e-03
1.394208271416115140e-03
1.400635203717552277e-03
1.321155420466950826e-03
1.384767660414917920e-03
1.398723267105658058e-03
1.489039866865645616e-03
1.383933743747466777e-03
1.512152922277599891e-03
1.345900851735359893e-03
1.237575647438060068e-03
1.333746561695391825e-03
1.395787896448737186e-03
1.283021543230660616e-03
1.383953103084673009e-03
1.309201965803097074e-03
1.363715718840706297e-03
1.461462739403389605e-03
1.477787169333284745e-03
1.468969018179337466e-03
1.256668999056648889e-03
1.496995622303404216e-03
1.414707029225073607e-03
1.320094341117814506e-03
1.407459039791168201e-03
1.209991497901977998e-03
1.576923770136529025e-03
1.386527878949297054e-03
1.388400293182544352e-03
1.264142153569966422e-03
1.461928442350822780e-03
1.415514129177560020e-03
1.194198230326147091e-03
1.452423260656972998e-03
1.454419911553246278e-03
1.421313495527326640e-03
1.344509952441493754e-03
1.258884261819122200e-03
1.520876286812370077e-03
1.283423827599531773e-03
1.294069404567972561e-03
1.416643939949828457e-03
1.435376437870726800e-03
1.339436366661243740e-03
1.502677873017940497e-03
1.586875082831697625e-03
1.385827534405622685e-03
1.200656978602864574e-03
1.239960210821910731e-03
1.293811018296217369e-03
1.258973293820691989e-03
1.257232911473535374e-03
1.206554306421019941e-03
1.494356628574516075e-03
1.382270189908117990e-03
1.082756401140621627e-03
1.267540460117507622e-03
1.115952597167294046e-03
1.252826847767122631e-03
1.158918752272482472e-03
1.386933505119961399e-03
1.372418077395424303e-03
1.280530178943089289e-03
1.376558487775559475e-03
1.219471462490868269e-03
1.435046555374768244e-03
1.309456634895314131e-03
1.409705469791159779e-03
1.348008117968136277e-03
1.280058284877502815e-03
1.453722691215340347e-03
1.237516288176804822e-03
1.532286806877648788e-03
1.564500282137298252e-03
1.328057609007475635e-03
1.350091885077416183e-03
1.263201642807632464e-03
1.226438290861063584e-03
1.280316136868961787e-03
1.380263542476512124e-03
1.348180895791192130e-03
1.290319426829700114e-03
1.270031297705564652e-03
1.461172927882067787e-03
1.179602634945904312e-03
1.182439095577335298e-03
1.206711547296855907e-03
1.430817875697802926e-03
1.515565366331457758e-03
1.274708071412153799e-03
1.120072752810037349e-03
1.321242218243419897e-03
1.194889724080337116e-03
1.250040894527687822e-03
1.238688988516653674e-03
1.172695590227534022e-03
1.105301222468488016e-03
1.334144392184670371e-03
1.452349866234797348e-03
1.367000209008319275e-03
1.216989622047829180e-03
1.211910966921003405e-03
1.133056725691285183e-03
1.483047509371386574e-03
1.362719610843650484e-03
1.136028684783655643e-03
1.336681613975956818e-03
1.298353926928346716e-03
1.314371844721428165e-03
1.474169196581486332e-03
1.142227483445377263e-03
1.369981188893730668e-03
1.208038433319272862e-03
1.366559720533705013e-03
1.241284338348208009e-03
1.442838662256354463e-03
1.378301856626187047e-03
1.351315467531826039e-03
1.502705863523343989e-03
1.320471590947261539e-03
1.162482244265147660e-03
1.332407865462141485e-03
1.271978236442793727e-03
1.044298846205839702e-03
1.322285726987158273e-03
1.421915109617323840e-03
1.255844472645646463e-03
1.376427889390656554e-03
1.232754370300570990e-03
1.491495182089723091e-03
1.368748908921316176e-03
1.257165811275036274e-03
1.156994324610912317e-03
1.341247397066963349e-03
1.484823135866194296e-03
1.204894173917158643e-03
1.128774511531367535e-03
1.261635097315827589e-03
1.358134483609630848e-03
1.094344220769712540e-03
1.095990816680024200e-03
1.159515415133338580e-03
1.466283256026647448e-03
1.323203559672535756e-03
1.459073251355003185e-03
1.181336165704371293e-03
1.203830487327592477e-03
1.216902121491671715e-03
1.535218069919286592e-03
1.314196190804312351e-03
1.440161008822886781e-03
1.479662137072172267e-03
1.133991809254069130e-03
1.399385606703174630e-03
1.257639648618036517e-03
1.056239425276677421e-03
1.224981345336105835e-03
1.323983348617167616e-03
1.359705032055430474e-03
1.519258580627674523e-03
1.298948832658207864e-03
1.288070562522501336e-03
1.484045081820627122e-03
1.502371971120501030e-03
1.389903824939596076e-03
1.288204709135827792e-03
1.172383227853836859e-03
1.443318448342336855e-03
1.336901100109080028e-03
1.348459720039977064e-03
1.292764803398493197e-03
1.296285934912103132e-03
1.251405749260614195e-03
1.278841232213228426e-03
1.287616342711664710e-03
1.158977393347653548e-03
1.287381019427282901e-03
1.323816481747396544e-03
1.234825115504643335e-03
1.346544139071747474e-03
1.322006849118226388e-03
1.456470140872799177e-03
1.225724881028093880e-03
1.533153650274872784e-03
1.343461564425352597e-03
1.284383864318153559e-03
1.401697073295366230e-03
1.345430601835318450e-03
1.363844021572302879e-03
1.160092103814508143e-03
1.198033496758236800e-03
1.245672233194843612e-03
1.491299730319568025e-03
1.406108113160855350e-03
1.280022611950828136e-03
1.148797402332272111e-03
1.041102850358160969e-03
1.406606748492473646e-03
1.308084859073006031e-03
1.378576208193855448e-03
1.286192331410353175e-03
1.137248487880573389e-03
1.277563061994817489e-03
1.166343851301356038e-03
1.438739107040687155e-03
1.119749793280850692e-03
1.241769833134764509e-03
1.340948215882748753e-03
1.244277418005779743e-03
1.470158602978394267e-03
1.523804137906530944e-03
1.419874928698774789e-03
1.185231987286634522e-03
1.558862367867244096e-03
1.278305087804268176e-03
1.338893418750596552e-03
1.234003908572648116e-03
1.485895334579345230e-03
1.176558849667291243e-03
1.354634963725160398e-03
1.284847509624496668e-03
1.319527243847817615e-03
1.112398193656597171e-03
1.109915514649453209e-03
1.286881149236551204e-03
1.358050744930688284e-03
1.288684308563574875e-03
1.510298027067850327e-03
1.525042409776893298e-03
1.272872534545149443e-03
1.290268999241314272e-03
1.742140632395900064e-03
1.392597184818197397e-03
1.280776160756563840e-03
1.333030974206249764e-03
1.696927722617302134e-03
1.391930681617713217e-03
1.131460813914869894e-03
1.346628967405334330e-03
1.295406218274189553e-03
1.291816830271027379e-03
1.568242376834300383e-03
1.155969630033682524e-03
1.207776626971512283e-03
1.306710313468084162e-03
1.231420788639544725e-03
1.213010969793041922e-03
1.185434171775135749e-03
1.497381951423996113e-03
1.155775823545749335e-03
1.342890620711099936e-03
1.491737214400776571e-03
1.277578946035469280e-03
1.131326200622223901e-03
1.276274433393130830e-03
1.353949926353456091e-03
1.191496656389166983e-03
1.372929782667203780e-03
1.515762796659230914e-03
1.276284343634144936e-03
1.321160207064461974e-03
1.352998965014425362e-03
1.208947088879088480e-03
1.328050110339711867e-03
1.293944532242395553e-03
1.311454783550205496e-03
1.140119778503952044e-03
1.253836011922750040e-03
1.366986756889004753e-03
1.328890234797059505e-03
1.121888534900474313e-03
1.371148760252701489e-03
1.171901232784379812e-03
1.112351144223710803e-03
1.298617136709778437e-03
1.174171436608579915e-03
1.315552636678922905e-03
8.980759306497907617e-04
1.290932462019015771e-03
1.307738001964111729e-03
1.389647580072470240e-03
1.426630668811498717e-03
1.461478065567640722e-03
1.397959962669108542e-03
1.246253566794495136e-03
1.220914953564996306e-03
1.276494108768896213e-03
1.359646936843281282e-03
1.258878398260230083e-03
1.341808086308545703e-03
1.184958042089855317e-03
1.302735297657149540e-03
1.271877719401347338e-03
1.138276262340324942e-03
1.469334570576304611e-03
1.393553172283272350e-03
1.323920163048416263e-03
1.283481627098881882e-03
1.564474584700688200e-03
1.431859677219489424e-03
1.289119787072441322e-03
1.579134349162330609e-03
1.602016231320796662e-03
1.269001701901614591e-03
1.509822622903084005e-03
1.211616371290661839e-03
1.248570914942818185e-03
1.440758183804877884e-03
1.445587771136900342e-03
1.348866326420526457e-03
1.274902463847368134e-03
1.148200341056506866e-03
1.157772854706115833e-03
1.309925121401014003e-03
1.344344466048507433e-03
1.457166971341089783e-03
1.427094536649537804e-03
1.172670109535833534e-03
1.309358807279400062e-03
1.142442152278312379e-03
1.462482352014945596e-03
1.161248213537628259e-03
1.244933828993220141e-03
1.251373529594480751e-03
1.451072014751503053e-03
1.251159205159732037e-03
1.423510243857419293e-03
1.293855815235551163e-03
1.076419731186009643e-03
1.512075696991934098e-03
1.349777265949102288e-03
1.139155322221734740e-03
1.443893875313726144e-03
1.335678011465639501e-03
1.529640256847774899e-03
1.234067551543743119e-03
1.309090011623045141e-03
1.267206637783594488e-03
1.232007132905756520e-03
1.353127758246214923e-03
1.185333412858185142e-03
1.162840446506955379e-03
1.061666766756124260e-03
1.313217114407654994e-03
1.162423702982418473e-03
1.145706859731307004e-03
1.289198904502257027e-03
1.271685003946271958e-03
1.285802257095075866e-03
1.355005837703036550e-03
1.197548707541198475e-03
1.275952595668128657e-03
1.288161712559850224e-03
1.372119113632316216e-03
1.228414592179146586e-03
1.229375571697927929e-03
1.222266250316961017e-03
1.450845329316011179e-03
1.351973068070796849e-03
1.264176866649817117e-03
1.260839466274576385e-03
1.060744756923704237e-03
1.440133667952661622e-03
1.130693178788001220e-03
1.262879185865526050e-03
1.123284255498464617e-03
1.048570246556169115e-03
1.024596396208045336e-03
1.300082998994286747e-03
1.250621902653175233e-03
1.218644120782550909e-03
1.438297273334485094e-03
1.082463658234067167e-03
1.211630377412802398e-03
1.181004560559171818e-03
1.150874774956206709e-03
1.103160229388056458e-03
1.110973888726092193e-03
1.177545897537695318e-03
1.061320363888287269e-03
1.436286097768483139e-03
1.278525151134163752e-03
1.237648948399374706e-03
1.229042709133291219e-03
1.166578399930827533e-03
1.372316661126490086e-03
1.378390118268660661e-03
1.493348760927218832e-03
1.100717269617129375e-03
1.075136342321073371e-03
1.173655935410260545e-03
1.131601257747034527e-03
1.480658554722319008e-03
1.288130816386606065e-03
1.085280146116310339e-03
1.251708704494384735e-03
1.399717931819814210e-03
1.175308492859525236e-03
1.328021234565880801e-03
1.068323914197497580e-03
1.214560782012032766e-03
1.269890221111305778e-03
1.214300343510228914e-03
1.145447156947129296e-03
1.258199235618473076e-03
1.072474080711006365e-03
1.235663413879796880e-03
1.245263529953498762e-03
1.155463281605379009e-03
1.167652130048274593e-03
1.076523239411604493e-03
1.295405137746931824e-03
1.294787741500416558e-03
1.292417176467505237e-03
1.119245756035402301e-03
1.193426745790468913e-03
1.247031576564438127e-03
1.333367573013650000e-03
1.265564676435603983e-03
1.228915494463758262e-03
1.091775405091271849e-03
1.082502988507760399e-03
1.054679887211249336e-03
1.103971247237941523e-03
1.182634493863289789e-03
1.126442293661064718e-03
1.068864813212744205e-03
1.005977525721024352e-03
1.292177397950530857e-03
1.292702206251493055e-03
1.095265236378186336e-03
1.150355488602380818e-03
1.123386566559926450e-03
1.253990780175080321e-03
1.316159833464175836e-03
1.118581469703456470e-03
9.930696257547735883e-04
1.514388345823852169e-03
1.005023566461038520e-03
1.136359252479336029e-03
1.108406223025373057e-03
9.802796445573060992e-04
1.190132433798798527e-03
1.011740370370053108e-03
9.248464597223918834e-04
1.173811243534162970e-03
1.085137630068229485e-03
1.092114516211410355e-03
1.189793249845682958e-03
1.212746627559426523e-03
9.459613848063126197e-04
1.048832573611203868e-03
1.201849383655496754e-03
1.294188873542770823e-03
9.238979638242237951e-04
1.123360796085538750e-03
1.108823060809031522e-03
1.241659728414161879e-03
1.160662702499600180e-03
1.275176192836150304e-03
1.166259729938704751e-03
1.297575396426001865e-03
1.337327318864963647e-03
1.033424404075574884e-03
1.166478152244976047e-03
1.163678308342891389e-03
1.123062354232708462e-03
1.171827374492492857e-03
1.240079087335346254e-03
9.297152464781334880e-04
1.134978068689241606e-03
1.134151293320467433e-03
1.505873549107308472e-03
1.127318763885668896e-03
