1.615025102438709609e-03
2.975663363110426845e-04
7.279065170718873211e-04
8.702684013755807718e-04
1.144246422871863849e-03
9.531357980329659097e-04
4.039397385983349684e-04
2.098614081692857722e-03
1.225751330964895648e-03
9.040891924147954244e-04
2.121003356170849969e-03
1.341942260097389638e-03
8.201526988570917616e-04
1.874944420656225698e-03
3.331976087294932515e-03
3.000609378385317872e-03
1.720277332641269872e-03
1.080704277077472767e-03
3.429108603494302864e-03
1.349198017968202467e-03
1.356564287106282098e-03
4.218545238422131624e-03
1.826985536484140036e-03
1.533021505649751967e-03
2.009573062646478891e-03
8.849449231849900723e-04
2.623012431197924241e-03
3.029274723380464239e-03
1.491764852254593961e-03
3.806698942947289114e-03
1.963668310790341390e-03
1.968669292180295731e-03
2.920709041431491116e-03
3.695329438998828844e-03
1.520371179690459956e-03
2.409336886897478838e-03
2.844778161228147216e-03
1.916306329979266133e-03
1.367153570054859294e-03
2.403411785661631501e-03
1.048613926666261192e-03
1.914533357351770083e-03
1.810861142437314312e-03
2.250422400456815030e-03
3.341540511723673466e-03
1.871464277286455716e-03
2.760398166237340144e-03
4.386078616535362545e-03
3.367237959367122991e-03
1.761821356943012260e-03
7.665346641155519700e-04
9.885122267825987609e-04
2.979117124798718545e-03
2.073302677514697080e-03
1.227862901314950980e-03
2.005768150491147109e-03
2.374478724306870736e-03
2.116249835730799837e-03
2.381126764689047229e-03
1.667627673722487823e-03
1.691821314239409704e-03
1.933077712948002127e-03
9.165346839337024142e-04
1.662354967352141317e-03
1.144317422581031096e-03
1.003140319664027691e-03
7.546752039695835265e-04
1.149503060193107513e-03
1.919314329770635801e-03
7.662285149006857650e-04
5.728147533453769062e-04
1.058951322836811353e-03
1.473830940764173786e-03
6.414089313585430181e-04
3.743113845197574533e-04
2.252855447561413066e-03
1.276536486325648362e-03
1.558258295900274851e-04
1.696906119994071515e-03
1.529653744547186233e-03
1.469778607445961730e-03
7.122367448070507671e-04
1.051703567201262273e-03
1.408059021645306124e-03
1.228690914083736384e-03
1.201725651775784444e-03
1.617806514268863016e-03
2.385186357432878945e-03
3.061950974184669046e-03
7.897243984632013481e-04
2.489497515431772371e-04
1.516424374747827979e-03
1.440063747026477893e-03
1.693183012547726978e-03
9.051950735921223280e-04
1.424336624874597600e-03
1.068608593498234470e-03
1.030570928776325347e-03
1.314396571787576932e-03
8.820163706170273087e-04
1.659863430274815697e-03
1.565767916234300696e-03
5.537973880429860598e-04
2.624280995968399435e-03
1.299203498016987318e-03
2.251201340837280691e-03
1.298274946507487490e-03
7.105237501062673698e-04
1.086935343926744534e-03
5.609097594489261158e-04
1.755901472464936348e-03
8.570422933631142081e-04
8.962903258307261143e-04
1.151626270052810404e-03
3.812219880580293842e-04
1.133138328356926832e-03
1.573234551822554842e-03
1.594678886267857911e-03
8.984691107391673407e-04
1.023802258717175159e-03
1.368495427020315330e-03
1.176957775944021886e-03
1.553698805796022413e-03
1.516666213054605489e-03
7.655575267954480186e-04
8.455190385587582711e-04
9.102524384664558094e-04
1.781472910644930213e-03
1.459165705495911588e-03
1.228980633601345395e-03
1.510899374252473422e-03
1.155430660697410452e-03
9.903268656275114341e-04
1.009989447881122146e-03
4.752256696242367746e-04
3.541431961756267015e-04
2.133581549065425784e-03
6.207325119711921448e-04
2.242751393131145552e-03
7.027050057368452183e-04
1.487363562479345445e-03
1.228439009753991024e-03
1.486865061351859332e-03
1.442998917267109514e-03
4.310897179300692949e-04
1.025569743868597191e-03
8.883393938334415872e-04
1.087851772684787170e-03
6.233495966949743937e-04
2.830326575145309504e-04
5.118931939162202393e-04
1.448859385551598935e-03
4.707175722202274187e-04
9.026891281397451559e-04
1.016951026944819952e-03
1.077941794501045695e-03
7.712261952287867688e-04
2.037673378437158175e-03
9.092373205089515414e-04
1.057647758798211214e-03
1.270468832945143055e-03
7.283082565420670972e-04
1.221714511881704388e-03
1.763411569814347718e-03
1.546430692983747268e-04
1.386714932015537926e-03
8.282572885187362410e-04
9.197002785115910347e-04
3.240312015678287953e-04
2.028264139844076098e-03
6.998455380511263771e-04
1.385331691534947857e-03
1.777909790469987036e-03
7.624070966942295483e-04
1.581531490967417282e-03
9.290740541724525504e-04
1.309705097401919847e-03
7.196176833527005755e-04
1.211715053988502832e-03
1.535694385432990854e-03
8.987130208573650830e-04
9.945269362090229832e-04
4.391507010745837711e-04
6.532586162108905675e-04
5.213513432268329986e-04
1.517545989873516623e-03
9.813910969082406243e-04
1.243294085035007504e-03
1.585922249222527190e-03
1.026915599347590861e-03
1.142893578159875087e-03
6.140310012873125044e-04
5.574635661648690141e-04
8.414180980368768208e-04
3.223345934080271103e-04
8.627688770926484870e-04
1.091831222369747320e-03
6.807298624884305363e-04
1.057428570681426391e-03
9.010083857402255859e-04
4.177338561977522844e-04
1.451833832841549878e-03
9.674787501256692851e-04
1.462129289097127260e-03
8.148911940226799631e-04
1.115315233991684722e-03
5.987659243909149599e-04
8.699752155542847803e-05
6.848740369892105523e-04
2.490003781902089481e-04
8.576702762476378760e-04
7.474803388528997519e-04
1.324143905513103150e-03
6.721924299981923848e-04
9.640917108080136137e-04
1.124593521635909718e-03
1.730454132220731085e-03
1.752379072931136263e-03
1.667954328248394749e-03
2.206529164916561786e-03
9.789752359817881309e-04
3.327783801685139562e-04
4.145530955794760422e-04
2.139774343497772863e-03
1.436562483884430306e-03
1.137612630436796385e-03
1.563219453420131759e-03
1.635642363901746929e-03
5.145076669559122502e-04
1.913199844466626160e-03
8.046295758128318336e-04
5.035286028310544375e-04
4.499960645361814450e-04
1.039976671965450695e-03
1.196426715715575130e-03
2.055291101797133979e-03
4.860644629396579353e-04
9.914468628578402935e-04
9.289047004598763356e-04
9.194400091719594085e-04
8.298494023806202678e-04
1.495404382447390254e-03
1.785947540384809785e-03
2.726866337380470448e-03
1.193342049253586683e-03
5.062370989244994362e-04
1.114758724957319851e-03
1.564464745430300388e-03
9.732384389822372472e-04
1.056276566413128729e-03
1.453775486025711029e-03
2.061805094431585269e-03
4.510903711628980162e-04
1.681623065315234486e-03
8.868771725721326903e-04
1.234002697972965985e-03
5.340805725096603755e-04
7.881659322747375110e-04
1.162537751006084306e-03
6.880853692190610962e-04
2.197597900462424161e-03
9.756083347228900176e-04
6.896792103366373300e-04
8.695994949967380226e-04
7.087191983640780003e-05
8.844227740963627989e-04
7.067813404021282189e-04
8.345972256008276973e-04
1.676896801254655492e-03
1.049506497672753665e-03
4.898721235103376198e-04
7.614775812704600291e-04
8.845462343717853775e-04
1.498823531133515029e-03
4.096987473500417220e-04
5.132566924592985805e-04
1.303713508326140042e-03
8.572999332205623020e-04
7.488720559144267704e-04
1.275907710130394761e-03
6.794029227912058190e-04
9.647777264817090958e-04
1.826508493349280932e-04
8.091983072554490702e-04
1.667929160716330288e-03
1.316749091885475228e-03
7.539315242368637739e-04
1.567830959565877803e-03
9.394550205569311132e-04
1.125119617919835254e-03
4.579912072564138945e-04
5.753587646585488170e-04
1.324497890531893670e-03
2.121927445135330954e-03
6.686792716301878919e-04
1.036019935290042465e-03
1.316818910268619577e-03
1.257223996818369622e-03
7.892078905813432578e-04
9.247846905495516780e-04
5.839236145804594129e-04
3.550003723565653500e-04
1.183574349420272835e-03
1.145683643027000124e-03
1.912640222811267223e-04
8.633125630902597266e-04
4.964974726211472287e-04
1.045383014759990962e-03
7.022431239178062107e-04
7.644026450159427475e-04
1.758975807627142975e-03
4.850179213694532482e-04
1.179533704745620989e-03
1.442369980076530118e-03
4.166150205060105806e-04
7.813250131335301024e-04
1.583109211980009037e-04
6.686808216996201855e-04
8.037204945544067138e-04
7.439531294867390366e-04
6.039365012417791069e-04
3.459629150648645991e-04
3.566273263149297070e-04
3.253440531645157932e-04
1.170900513977428435e-03
4.273308233402126478e-04
9.678779903831940916e-04
9.655329283580107568e-04
6.206836045414843841e-04
1.216501854722107801e-03
9.754605685985835153e-04
4.228952977748180503e-04
1.182314496839110933e-03
4.909851386527361999e-04
1.084352715729477870e-03
1.007336972620705498e-03
7.019510001081107065e-04
5.234722520636542155e-04
2.070762681735426654e-03
1.078881943769681830e-03
8.854589307016129916e-04
1.639906462534623886e-03
1.047061823735493400e-03
1.047412006508715611e-03
5.872837528474433161e-04
3.363915157632361682e-04
3.878392191430567941e-04
8.757920937918686061e-04
1.110951803136755230e-04
7.123911382314581167e-04
4.873456055364099992e-04
1.171750492157755353e-03
1.342852431177586755e-03
6.830132449446341299e-04
1.156400073967206194e-03
2.342993247140171421e-03
1.159382926271370620e-03
7.705377759363617792e-04
1.246595284910834590e-03
9.441162621204539753e-04
7.006191095511479739e-04
3.942232815466131953e-04
5.795842582627414464e-04
1.117843738989011569e-03
1.489232384253034829e-03
8.872985504514903929e-04
7.314160075877967427e-04
2.446527144242161716e-04
9.072290054838483579e-04
1.019010072211394731e-03
1.490840256059405237e-03
3.309524269533072613e-04
6.476229339527710648e-04
7.792706840187631646e-04
1.464937900656737698e-03
3.764300065763825855e-04
4.671814385935890170e-04
1.354169765631755163e-03
8.571769951030491904e-04
6.151854495936406094e-04
5.504588986141351233e-04
1.172947946990606513e-03
1.182713726853603948e-03
2.674754313339207552e-03
5.698662979599754133e-04
7.612383249508594251e-04
1.614629486212331485e-03
6.336281965716596782e-04
1.370781125959996075e-03
1.191926625906361055e-04
1.085505505157173317e-03
8.346549827490390427e-04
1.747263035383665817e-03
4.374796744239091927e-04
1.659292283273177196e-03
1.855368502219645463e-03
3.866279149031106384e-04
4.108734313517798374e-04
1.517564525811095945e-03
3.999044840400124701e-04
7.952919572980633560e-04
7.323035437254365402e-04
8.104989437404820207e-04
9.305735188772466934e-04
1.206518673368937172e-03
1.282648336044337487e-03
1.542593417757195029e-03
9.340140849706920958e-04
7.158058011159398838e-04
1.946990180854594544e-03
1.007602180128430638e-03
1.641447838090838137e-03
7.898295843077936945e-04
6.140598854667098528e-04
7.584827180479395683e-04
7.068978568405779326e-04
1.580100084018063854e-03
4.170405755603357519e-04
2.904432643575787258e-04
6.452078157947326205e-04
6.386570691829323264e-04
1.112183942482381513e-03
4.491703185031452284e-04
7.839065879788518175e-04
1.000001295349110765e-03
1.497433748473057350e-04
5.936617387848115322e-04
5.131658934963052605e-04
7.238475918553494625e-04
8.469290089144002054e-04
1.126318043103408714e-03
1.333772256524437321e-03
1.805327109140232025e-03
3.797277108789982500e-04
8.165662385336914034e-04
7.947586863121499159e-04
4.183127449070703284e-04
6.089992716025572185e-04
7.789920428614538050e-04
1.463279821294402551e-03
9.086641196128658355e-04
4.931240852330535289e-04
5.697788915791649400e-04
1.249067705580970359e-03
3.958981585498880045e-04
9.896734099399170231e-04
4.555773539149949995e-04
3.645180743955993632e-04
8.007045681315010013e-04
1.286059438654695020e-03
9.366514928150562747e-04
5.982185874047249831e-04
7.261325804549971031e-04
1.019122875234853252e-03
8.028747668148918278e-04
4.774000423152780751e-04
4.006358826063118094e-04
1.040782239417206842e-03
1.149359952899761455e-03
9.578973660344731111e-04
6.524832574427856568e-04
7.103019230483640766e-04
1.200418108399669854e-03
1.403897131042698698e-03
2.567246073045351693e-04
6.776487455385846312e-04
9.685518443716947465e-04
5.579254374463993305e-04
7.557669563089460408e-04
7.194654770189537127e-04
6.446800214308878946e-04
9.851140122748291983e-04
9.447124887985539369e-04
4.094533945871182403e-04
5.891810875347327538e-04
1.339616705123807124e-04
1.269523514811947678e-03
2.325008080615497612e-04
1.754928089541429176e-03
6.787625648124133828e-04
8.050038940428008282e-04
8.204258641631051755e-04
9.776712561909294170e-04
1.543062245132112952e-04
1.711292748867343028e-03
3.529347976865294663e-04
1.566117035498964562e-03
1.573467237195026042e-03
1.743032276427110630e-03
4.783843200412534738e-04
1.140431602133457154e-03
8.088793585899481864e-04
9.614915494824364129e-04
1.050880887387599730e-03
8.265743936748116397e-05
1.042310087289138008e-03
1.202273196434278362e-03
7.200075963057679402e-04
1.246841916443741042e-03
9.776754467665735044e-04
3.504009080818311990e-04
7.912123553634057074e-04
3.309123684392527862e-04
9.811407602447624627e-04
1.711798381300347468e-03
7.024137206648873970e-04
4.544075945016358962e-04
1.223623449708730396e-03
1.137073265801991041e-03
2.052432111581328625e-04
1.211139967068468022e-03
1.303838187208319031e-03
1.438860941602555614e-03
1.386153734355692786e-03
4.373905021968953546e-04
1.128333552703745645e-03
6.388667330420920660e-04
1.274502163448248265e-03
1.426658897909120240e-03
5.851274980396911499e-04
5.299614132469044865e-04
1.026766630105016261e-03
1.326968970571549764e-03
9.198583260665680206e-04
5.675161343298413099e-04
1.187849861594310157e-03
1.130260351600689871e-03
8.184966071762311054e-04
1.309804776605794617e-04
9.056476239503538249e-04
4.126046464795341396e-04
7.738517986805979907e-04
4.305993457649498089e-04
1.595956641524409704e-03
6.135431466121062756e-04
9.710774386572255468e-04
7.062435716488125494e-04
1.294953511849993976e-03
1.739535055892237623e-03
1.080708536154814875e-03
1.076491325572858770e-03
1.203955413161647081e-03
1.435030275341639145e-03
1.504510172165625208e-03
5.179283800725949976e-04
9.601015471621054346e-04
2.960551297150232656e-04
1.328888169801871640e-03
8.766860852753499342e-04
1.284867699311406609e-03
1.329303467078453383e-03
1.492123413063544454e-03
5.830258248620799350e-04
8.373677168890340241e-04
1.407837375012568198e-03
9.276174377875819489e-04
1.087622514989151695e-03
7.910606682031387678e-04
4.022595931412038762e-04
3.796309137607475101e-04
1.642064064573915813e-03
1.359419178108658196e-03
1.506602271803162123e-03
9.883806289005332875e-04
8.888957376307935832e-04
4.578374115883997566e-04
9.384856150716083074e-04
7.027156987202237389e-04
5.667856731898898888e-04
7.660834973523223887e-04
1.010531728765502431e-03
1.347330514766016153e-03
5.179981894074231052e-04
5.881921044321926795e-04
1.212626669993967926e-03
2.583881630457139948e-04
3.977765921316735761e-04
5.609127326311475880e-04
4.730070440944747143e-04
1.782402023361263975e-04
1.149641935454315429e-03
4.022166608947178035e-04
3.976952364886460960e-04
1.077704689543551673e-03
8.638043149071692687e-04
8.115236954962643965e-04
1.284524303312934877e-03
2.159960017288094399e-03
6.520668804489015849e-04
7.937618225019838717e-04
9.086685314892958875e-04
6.921698092552493664e-04
4.322964782504122366e-04
1.535889558707249219e-03
5.454839472169265664e-04
1.212123892626655814e-03
9.742452959391230275e-04
6.704697411121573547e-04
4.797304068846989372e-04
5.805031657252228330e-04
8.442693818947598784e-04
1.115718638674282432e-03
4.955605185791951348e-04
3.112068105333604963e-04
1.667967513459758886e-03
1.822991459890251249e-03
8.383000280943939380e-04
1.553337018179908871e-04
1.091443814517895994e-04
2.680423842055380639e-03
3.899670335562472603e-04
1.741828405578455972e-03
5.035117650718872427e-04
3.120790594352236612e-04
2.096797143245002356e-04
2.241647971664406094e-04
7.109317141876963283e-04
1.239077201654655968e-03
1.364469956557501926e-03
3.773251825297441100e-04
4.612726331722853115e-04
1.226508093848486776e-03
6.603297074236041519e-04
1.395591648164933463e-03
7.360942156387192460e-05
6.896819876446907884e-04
1.536598999844596136e-03
7.020500634020160205e-04
1.807590062518167921e-03
7.404536302515038384e-04
5.562376129368219648e-04
8.394771106987823205e-04
1.139437915822339711e-03
7.275257255136476650e-04
5.722193085917732331e-04
3.058762975588236741e-04
8.419638581702559290e-04
6.199673908561212539e-04
1.507536498732325262e-03
8.360237395495637071e-04
6.702246585516344205e-04
5.877379819188168321e-04
1.093309539149136351e-03
3.757120500816241745e-04
1.281564307480393804e-03
5.858827296280140658e-04
2.642341760140434737e-04
9.502361385098783992e-04
3.532391790771238814e-04
2.820258977607729327e-04
4.760437777648625465e-04
1.262114446852768057e-03
1.016931315640875414e-03
4.855983546665281966e-04
7.585479072600421991e-04
5.032043977899533635e-04
1.119602521838478819e-03
4.938949979972946528e-04
2.737599290471190785e-03
1.036036354786596097e-03
1.722404615857062258e-03
7.825396984137944186e-04
8.673023925509211560e-04
3.349219833646590303e-04
1.505253381514156871e-03
9.496267423105778788e-04
6.375101564315506422e-04
5.104522659617618347e-04
4.204262673618124882e-04
5.380879411836345279e-04
1.272691764683154311e-03
9.922357293130330911e-04
9.716769225786539739e-04
1.049312867440665466e-03
7.101605998983417673e-04
8.167845780636251571e-04
1.028849003578668911e-03
2.831636391017074844e-03
9.202756983165493549e-04
7.105126611598044798e-04
7.687491702947148479e-04
1.209647958126693979e-03
6.420163176784854332e-04
1.592961786398533041e-03
7.245520799108588522e-05
9.700328980757520151e-04
7.491275754190373278e-04
1.903922172730951670e-03
5.421178402628437339e-04
1.002927791203502266e-03
8.199838921335931684e-04
1.299920594879482028e-03
1.916334956070776590e-03
1.144213893822197507e-03
6.492478567858639762e-04
6.442123127735158725e-04
7.048214988139956489e-04
8.493762323973189391e-04
6.366269374583497171e-04
1.247581029477686345e-03
9.730189991828625071e-04
6.616499004506782612e-04
1.001897283080951549e-03
1.569121058569303848e-03
8.722268271931463710e-04
1.294852891740457933e-03
3.370630306194893335e-04
1.360394897983568593e-03
6.769490028334241823e-04
8.258241961123592755e-04
5.232211981306960236e-04
4.519859803420515324e-04
7.344059491446669821e-04
3.627381232009153802e-04
1.662000875698463461e-03
7.553708409280923512e-04
2.193873427235614772e-04
3.850278489181053251e-04
1.329706951517150822e-03
6.500493481022513254e-04
2.322301210443862834e-04
2.065413859838758292e-04
4.696896200516629226e-04
1.247542919190655370e-03
6.117296538446287055e-04
5.419818445847782813e-04
9.817391432739585883e-04
2.297972617453908871e-03
1.302602110006673836e-03
8.460745744510842934e-04
3.672030154301903567e-04
1.246445598000659296e-03
6.638073853868160833e-04
6.058425672127396586e-04
8.921344282490208197e-04
1.581053709048369730e-04
4.840454703335137854e-04
7.411440893532113576e-04
1.458808071450057265e-03
2.020893105448182472e-03
1.051946917626129163e-03
5.376364821857628623e-04
1.189659580530762813e-03
1.907449876150928581e-03
5.356227288078906947e-04
6.583512376250781964e-04
3.565739311060723464e-04
1.056018550005509383e-03
2.456343973858622263e-04
1.237553552834783554e-03
1.485227452185836506e-03
7.373655431207377540e-04
1.054891451362987859e-03
1.342790630889116729e-03
1.203766375900807654e-03
1.107415875195211490e-03
1.302364912775669584e-03
9.128327394680728520e-04
6.160444768789345065e-04
1.997312685890272695e-04
1.114846611569224582e-03
4.666828382243689861e-04
1.098009638770004823e-03
1.090288653269779221e-03
9.305021144968306799e-04
2.957111659860581655e-04
1.123967371587398893e-03
1.224399181694487511e-03
7.107009237156480070e-04
1.102441232755821572e-03
6.244738795613320888e-05
1.106005891550632114e-03
1.359115147828652463e-03
1.578529716203374341e-03
5.684726295819239085e-04
7.784412928754963663e-04
8.640240783648021894e-04
1.107261508150739595e-03
3.315194617749663637e-04
1.060281215716135867e-03
5.860096996367179919e-04
9.607044982055485891e-04
7.954900050027460898e-04
1.165963483479405495e-03
4.908024923071604593e-04
3.735927473401502242e-04
3.939694685009865766e-04
8.987576097528441645e-04
9.105676308780382170e-04
8.476624095035143261e-04
6.216891671270425961e-04
3.639810213019252136e-04
2.977069262400101586e-04
2.692861992056377538e-04
1.562193444499840821e-04
1.071491174195401746e-03
1.500193025834210998e-03
3.654992629065991383e-04
9.073613178336109673e-04
9.527528620350686137e-04
1.416361227935232199e-03
