8.183213586078460014e-04
3.964826718623895379e-04
4.635905608576675985e-04
4.211096526724088717e-04
4.046704553013744966e-04
1.580695954072107521e-04
1.101269596269304905e-08
4.702556555152672329e-05
1.352981561743549200e-04
5.017979855989914252e-04
3.201126881300742446e-04
8.410525514200055332e-05
1.836109966574403464e-04
6.287665584494601857e-07
5.162711493891483677e-05
1.852290617520938607e-04
2.710181355786947616e-05
7.013559967443327950e-06
1.051328856418495749e-06
4.592409680673744754e-07
3.155554198922964784e-06
1.424940889106586069e-06
6.243697089473255903e-06
1.322670296900891248e-05
1.741848481496297560e-06
1.114753826688804046e-05
1.795140736914154400e-05
1.117518785664209518e-06
1.041941301365110429e-05
2.106460149760988206e-06
4.231874674938798154e-04
2.815367346675098407e-05
1.194663628174101464e-04
1.127189547467439484e-05
2.806140142261945704e-05
2.599885465182159416e-04
1.831372188710406678e-04
1.663318406726306743e-05
2.468143626966130306e-05
1.023157962965442862e-04
6.503068930166146667e-04
1.065086584840015013e-04
5.158206837321965160e-05
3.138448722723263893e-04
9.409076302064444525e-05
2.538803213755524740e-04
9.225804138437072345e-04
2.531263556350792929e-06
5.578808624362692015e-05
1.182925602844247972e-04
6.771332464558125993e-06
1.373505125944408192e-05
9.193867672576575641e-05
2.108832405454256058e-05
2.750678573963317221e-05
8.056327080264535749e-04
3.257386569614167899e-05
1.388052526508225789e-05
8.413359160661639999e-05
5.386710040765442100e-06
1.539506658473766942e-04
1.473149655685904356e-06
9.430306901439840166e-06
8.431317491844081977e-05
4.797540404395870509e-05
7.479518792892436653e-05
6.398506715785722718e-06
4.765311838564092995e-04
4.199198073015950331e-07
6.325215613498091764e-05
6.114890277263234001e-06
1.536424505330244778e-07
9.976013418100649580e-05
1.082624194511315442e-04
4.070725902397961477e-05
2.226072541796251270e-05
1.096283715603962080e-04
4.526662105134984305e-06
5.253883720848048567e-06
7.834257974204497958e-04
1.948417238149883471e-04
3.242690836258468564e-05
1.767650642676831950e-04
1.919517298437205655e-08
6.233446949414420796e-05
1.093206669255955121e-03
4.224410491966601629e-04
2.388281073978477064e-04
2.780299604098623195e-04
5.963062519536103386e-05
2.470966950166828035e-04
6.059442517227317136e-04
1.069514848992791087e-04
2.372709495123254651e-04
2.086191701972483670e-05
6.349272666608605760e-04
1.091893969515778237e-04
3.393744898964158943e-04
3.893720371459805037e-05
8.905017049514511133e-05
1.639815409766447681e-05
7.440692947748135612e-05
2.674221287397905993e-04
2.269683656343639378e-05
5.973876232996063775e-04
1.808225438451341533e-04
2.033369643111207882e-04
3.359238253261274433e-04
9.642956857259045217e-05
2.794113371727784383e-04
1.219701390439560494e-04
2.295062134518284386e-05
4.050935774441780644e-04
4.296073884650548642e-04
4.911327991591373301e-05
5.817331594482293681e-05
6.525293945117220098e-04
8.909575367603922110e-05
2.800613044546074269e-04
1.674774942151404061e-04
2.622663614522090778e-04
1.089479947583766325e-05
4.388427245717948675e-04
2.177455192356677911e-04
6.081591788278067727e-04
1.213926460610953319e-08
4.930107307181431095e-04
4.083322241416065539e-04
1.846876655320458713e-04
3.380470533502348313e-04
6.127951484778806695e-05
1.045202769123845842e-03
5.573326478087447874e-06
8.574530010069027772e-04
1.431421666917811932e-04
2.512351082510117677e-04
2.710357074843190500e-04
1.116541292539788592e-03
2.892151528180212598e-04
5.203851758482679665e-04
2.354821213627405422e-04
7.310826786605166506e-04
1.001584708313338942e-04
5.593327043966459964e-04
5.467106703213173895e-04
4.025443967412475617e-04
7.241108596178129440e-04
3.894881358760468051e-04
2.805336164023916522e-05
8.336917547357188115e-04
5.839709896588023445e-04
5.963634828776041494e-04
2.124946566278376086e-04
3.139321928489537681e-04
3.653413579198322450e-06
1.856706537974383100e-04
7.050235964828747461e-04
3.519893123159693177e-05
5.639014184579099320e-04
6.032212723437885158e-05
2.470000672811011413e-04
5.222318171887662622e-04
3.137680077169609900e-04
6.826104809969956496e-04
5.380460780252577279e-04
9.453203911255547503e-05
4.173560913869947802e-04
3.964478469305483918e-04
3.969562822946155929e-04
3.909924154663638944e-04
2.400730491234233095e-04
1.625520248055981390e-04
2.654199860926618180e-04
3.565219564399100703e-04
6.995725286960171718e-05
1.625459919287910548e-04
2.986256787566079476e-04
1.225921887941969451e-05
4.211725368012341316e-05
5.181400914211615983e-04
3.887726289630624022e-05
2.902585077808840500e-05
2.558525829030225244e-06
1.417452071681297434e-04
6.639768297785612074e-06
2.598405663314646945e-05
3.081662003401957440e-05
3.523287286095986244e-06
2.645654674993997443e-06
1.843695030054050312e-05
5.160403563023579105e-05
3.414700840402055386e-06
3.374525441705485682e-05
6.040186388843274705e-05
8.897601869335442044e-06
5.825861784361156641e-04
4.599359500535035397e-05
1.612407146799158279e-04
7.680099577476379810e-07
2.472220108054508595e-05
1.125112666681750507e-05
5.816850048335940945e-05
3.075335128499500587e-07
1.269591607211629971e-04
2.179336111836593378e-07
2.152050641837835630e-05
1.449104307085906937e-04
1.168148810880762002e-05
2.855338695273686802e-06
5.936472695052406340e-06
5.487300406477117856e-05
2.002724732944294765e-07
2.605186911825457445e-06
2.208957844415517598e-04
1.432483050569776522e-04
8.966781759899529534e-05
8.266303224806003476e-05
1.690833912925846449e-04
4.662376649776793004e-05
2.305293790575706930e-04
1.206129178367991545e-05
9.382781187072382166e-06
3.767813601882998909e-05
1.953217922154674437e-04
6.110546809808593295e-05
9.175936356289295042e-09
3.660880105166146472e-05
1.039155419039390502e-04
1.022547192623033633e-04
1.347893080711475987e-04
7.122138277453854784e-05
3.676902220525200870e-04
2.271769029058857135e-04
9.419289636246798317e-05
3.066080342708740485e-08
3.548380898633725009e-04
5.965001366256536867e-05
5.533737291338995543e-05
3.376713851899765403e-04
1.014446897485587039e-05
7.905153557698828357e-04
1.811421557872204395e-04
6.655053253758518776e-05
7.899607097646653951e-05
3.219667033918174209e-04
5.673436473279054636e-04
3.310660835351408047e-04
1.847862184850725521e-04
4.974689715549516578e-04
3.462393059658527546e-05
7.439128776773895352e-04
1.884497994356288720e-04
1.863876847062636275e-04
3.500643471838316796e-05
1.414328845466115048e-04
5.131167636384712893e-05
6.838855019403399481e-04
2.594448646785511500e-04
4.885124712950537386e-05
7.408183552605951058e-04
1.577146335536560532e-03
3.503982352905064541e-05
8.047286387891634894e-04
8.727344276563623725e-04
9.701320405568662839e-05
3.937166581947279509e-04
4.021841262338512633e-05
1.077787577319799144e-03
3.178553943218972088e-04
5.224143203427741335e-04
4.401189814765018812e-04
9.165510544111569362e-04
2.400741545046714053e-04
9.815114010614039378e-04
1.012944259358779242e-03
7.178354106604410104e-05
5.555495826312455664e-04
1.132005834288952973e-04
1.601296116968175046e-03
6.798539454907496149e-04
1.085952128450717999e-03
4.738754552874519031e-04
9.682364504678664635e-05
1.514794581375457946e-04
2.870283651263556813e-04
3.564408836057116254e-04
7.814064123057585512e-04
1.079491355951503863e-03
4.498290129021330352e-04
1.128223677851348785e-04
2.574558607377763764e-04
8.847108696158326093e-04
2.551244910851630594e-04
6.130971892113036906e-04
6.452680223431584133e-04
8.239981886367126352e-04
5.301284696547982778e-04
2.589314278329055011e-04
1.362364904061496912e-03
6.942536542867788719e-04
1.247444413530908198e-03
4.417319101824193454e-04
1.215616651673996325e-03
7.828103935526184399e-04
6.372071336961308667e-04
5.034609822430829388e-04
6.144188456080242880e-04
6.837868106095828504e-04
1.139075774558993793e-03
5.975231174086956991e-04
1.038310281866998029e-03
6.387014487462450065e-04
5.959677699383620708e-04
1.057129361258700873e-03
1.075463480541806894e-03
6.641006047050753347e-04
6.941899517695771090e-04
1.327733764014684629e-03
1.252122372482529456e-03
1.935196001650473516e-03
1.110615658529642402e-03
7.036210511127970234e-04
6.624275890162040215e-04
6.816993397351196141e-04
1.307612405403695303e-03
6.666732744295303208e-04
1.280716115446156210e-03
7.399626293090540196e-05
1.084177818544691850e-03
1.250471711452007511e-03
3.826320859584840832e-04
1.067602493626229046e-03
4.420795964565029019e-04
1.846852400245366753e-03
5.045963214443290046e-04
1.497499369671870815e-03
3.220870574789667169e-04
1.356204674254418967e-03
6.638467280992859949e-04
5.742858755519596094e-04
6.260092268262878578e-04
1.198685204534727378e-03
1.150282568983387399e-03
1.108869433034517706e-03
8.251130661000211130e-04
6.511984988963414158e-04
8.080925940694761757e-04
6.757911609455811031e-04
5.746785220867670638e-04
9.218843124431085881e-04
9.898899472754103292e-04
6.740709583208972762e-04
2.637010257441186169e-04
1.486912859047746522e-03
7.628607563211768812e-04
6.541283310560267990e-04
6.502012995735214165e-05
7.089255856436281087e-04
1.627701416157066984e-03
1.001577559449853654e-03
6.776499579863848842e-04
1.909431996133597275e-04
2.178332333201903406e-03
6.028507897108082922e-04
1.811988672588164253e-03
8.640124640762976210e-04
1.005820805054979212e-03
1.264963395565765281e-03
9.152326755100354764e-04
1.191076892384527281e-03
1.922559055524333295e-03
1.053813196303495393e-03
2.126113547533495327e-03
1.035463932036189902e-03
1.157846581527256606e-03
7.477809355189937333e-04
1.128826027850148277e-03
6.305990808948127918e-04
1.122227026166730188e-03
9.816573390186815462e-04
1.373760716205831966e-03
7.261185947442889629e-04
8.141162062049838973e-04
2.079961295094917215e-03
3.664741352958271014e-04
1.044165704050534563e-03
1.948754357854278352e-03
1.573215360112016799e-03
4.510272131551051693e-04
6.924130641211336543e-04
1.455420932893557347e-03
1.065478220504237827e-03
1.006842416671881440e-03
5.754133059670243824e-04
7.883364444752473475e-04
2.086846161701840993e-03
7.578108717270305500e-04
1.015995105307001840e-03
1.369470577035679674e-03
1.357096709393046385e-03
3.879068364716155336e-04
2.048552417875177528e-03
1.510159353909795417e-03
1.351255126395079073e-03
1.136667111980060483e-03
6.663158157216271874e-04
1.109617613123073604e-03
1.411513423032528152e-03
1.149067569096507910e-03
1.012550702489640325e-03
1.008590353084235208e-03
1.893973548513813547e-03
5.404256796085947457e-04
7.858230856359002276e-04
1.480299514892880310e-03
7.329541343616290984e-04
1.937070476982959578e-03
1.035995230797427018e-03
8.681660142786066939e-04
1.218929988658807705e-03
5.438379046916765307e-04
1.208616705732575491e-03
6.611016343235321616e-04
1.289091812792861683e-03
1.720651126048049076e-03
4.853869935566471430e-04
8.343003763265569982e-04
1.626768574440067569e-03
1.262166353526472532e-03
8.722302100604519860e-04
1.114033253809951522e-03
2.188478457035787899e-03
7.613926371316481713e-04
1.152655796739985227e-03
6.501058999907147629e-04
3.564244795616621788e-04
6.689277752512211165e-04
7.037713514025578307e-04
7.725150732999749078e-04
1.078457226255789608e-03
1.031768870077021246e-03
1.034418338482004851e-03
8.322467006730150784e-04
1.581306677369116297e-03
1.320789578395948488e-03
1.412244580992171906e-03
1.162283939521715050e-03
5.927195913794803400e-04
7.321926107910068553e-04
1.011862909412593499e-03
5.852359579565036491e-04
4.646551608836515775e-04
3.548447067639191378e-04
1.475953410979477347e-03
8.041894419782956178e-04
8.862313032557263227e-04
1.359451466019039349e-03
1.921688130032308227e-03
1.873198537197550323e-05
1.130644026275483402e-03
9.333608814855997313e-04
6.395270972771464934e-04
5.568957040387790582e-04
8.493469306710267445e-04
1.672077690593440618e-03
7.365096625133104799e-04
3.925770593533957527e-04
1.655524607575840782e-03
4.914932205826050976e-04
1.097002961270388292e-03
1.731890681704995440e-03
6.345692185744481210e-04
1.038035199751196356e-03
7.147431467435414690e-04
1.259650950966466560e-03
1.851801359469989723e-03
1.339233311242245955e-03
7.992041279738748517e-04
9.842830728446138808e-04
1.155529300382589003e-03
3.534445662802208617e-04
1.096029527113945691e-03
6.220884097729807629e-04
1.414577653353382876e-03
8.007415943522228161e-04
1.977611556154650323e-03
7.287875246373362332e-04
8.678386770330048620e-04
1.182615066068568293e-03
6.618646445941787785e-04
1.173344187432915752e-03
8.866416979606868290e-04
6.274967655548217491e-04
7.697698728047276976e-04
4.699755515025447758e-04
1.249598489992450896e-03
8.028953907675325657e-04
1.200728937883058407e-03
8.657523635100309017e-04
2.176752349005689913e-03
1.786215793613259812e-03
1.433694047755267086e-03
4.676016868501112894e-04
1.880440321197518602e-03
1.000188995514054383e-03
1.730355655793629731e-03
1.719715001274954884e-03
1.384716412543311606e-03
1.770494461311493840e-03
5.577355611681537872e-04
1.189167558887052828e-03
1.392715146580268855e-03
3.112483825928539626e-04
1.224028157697582475e-03
1.268108935106854575e-03
1.054421325543732427e-03
7.860861331698033860e-04
6.078866649642728544e-04
1.094527863361143298e-03
6.987470486267538788e-04
1.711142503729847896e-03
2.149753642181324517e-03
1.023109667983904429e-03
1.923040667807807960e-03
1.623466337723792133e-03
1.532736312924798307e-03
7.468532512704975862e-04
9.711024228558987883e-04
1.560257164604606211e-03
1.878048321615358477e-03
7.131832812988017894e-04
1.433912803708186452e-03
1.082650180975715205e-03
1.140927598411572161e-03
9.847122642620586338e-04
3.519436393928219065e-04
1.320824014555358394e-03
1.606392605005895532e-03
3.672300616591893298e-04
2.636186822899517731e-04
1.938668440721950633e-03
2.302616698176551246e-03
1.160920695297865254e-03
6.682476309535699500e-04
5.771598026752535696e-04
1.200100197141016354e-03
1.269668631739421247e-03
9.533611238494235640e-04
2.001778383915407775e-03
1.638800643319867365e-03
5.963917717655986290e-04
1.087876977166323325e-03
1.041189473530275845e-03
7.975298288002510318e-04
1.223524653519367884e-03
8.124837179187368490e-04
1.102497312427196986e-03
6.161743455041083280e-04
4.582171733971004642e-04
6.294299134174992242e-04
1.229545038527796912e-03
1.393795845029519856e-03
1.632030498075849687e-03
8.196606595022412796e-04
2.596685487153179285e-04
1.197141390747569157e-03
6.327309242857186763e-04
8.872910066774915804e-04
1.212468854165196005e-03
1.093731748718636265e-03
7.053082055590412279e-04
7.933392154628498205e-04
6.095317095664580694e-04
1.435849134711779168e-03
1.579191683626727030e-03
8.970135239233362461e-04
1.178733712250340905e-03
6.726048121894024701e-04
1.317247441560963697e-03
1.345586569706184532e-03
8.636310030484834616e-04
1.140109291043324468e-03
1.257014728626296976e-03
4.291450223346807342e-04
1.160119204289796271e-03
1.506911249999936002e-03
1.853017710794744883e-03
9.466488473900643887e-04
1.165383696222798034e-03
7.690302017852490742e-04
1.353834552826342586e-03
2.105879334406083724e-03
5.753777063149259977e-04
9.219511915201248015e-04
7.708838919780385077e-04
7.754330475710965445e-04
7.522403505748431838e-04
1.157153725908218475e-03
1.064823895195330088e-03
1.798985555046246501e-03
4.084404528401691030e-04
1.480531046536844681e-03
9.457545703630879617e-04
1.099676080195879186e-03
3.136485759497385068e-04
6.825657403766469209e-04
1.070310991410368612e-03
1.003029471811251426e-03
5.562576549481957179e-04
1.452693102144474429e-03
1.759576627183829936e-03
3.283788463193854416e-04
4.937369027430529899e-04
1.343888457746823632e-03
1.630154241837036269e-03
5.543932787951068222e-04
6.914182903955946825e-04
5.603682596491819283e-04
1.138069552090055763e-03
1.635023295994702261e-03
1.017258375804354700e-03
2.650421121735196169e-03
1.396020536030207837e-03
2.503269114761547294e-03
1.552315572995354147e-03
5.727923321271848316e-04
4.788044040187450462e-04
1.589790916306132529e-03
6.134681702889276415e-04
1.773328682508231368e-03
1.351251771031543878e-03
7.558763494430159168e-04
1.052127833009314012e-03
5.610054827820359739e-04
1.297974321178343169e-03
2.736420333836021910e-04
9.485510449735845952e-04
8.988754715866601732e-04
6.799125020948018974e-04
1.009885063495719829e-03
1.848580698400354100e-03
3.137025201402219763e-04
1.638699247287270060e-03
2.079018593817192652e-03
4.764024387462407377e-04
1.456892494596961039e-03
1.313698368278102971e-03
2.329754271117611287e-03
8.447278872639338515e-04
1.118301417945466577e-03
1.011001951139259020e-03
7.952172289917346180e-04
6.110950299418469378e-04
1.577707316934714608e-03
6.677449076423789620e-04
1.072021161040920875e-03
5.355050431294438402e-04
6.928123639408523965e-04
1.146506026923930577e-03
1.082201335758923568e-03
6.401864813122196260e-04
4.243431580379698493e-04
1.086435626198439634e-03
1.012166896999927785e-03
1.033232017770860335e-03
9.863855441067056508e-04
7.503318691439986570e-04
1.216008291983434802e-03
4.551684879604987115e-04
8.809975534702366639e-04
9.569005598599811865e-04
1.122362110329314924e-03
7.908318470715665132e-04
1.072717674550252619e-03
1.075447642967784691e-03
5.016335412172436828e-04
6.231092866579129559e-04
1.850025449536309152e-04
6.164196339840234771e-04
7.483224370642393422e-04
1.504125343437768278e-03
1.473787986918496853e-03
9.884029194153175213e-04
1.627089262563557234e-03
3.446296507316355109e-04
1.065508695618681964e-03
4.421177314367959058e-04
1.130975770143640476e-03
8.888419773168105653e-05
3.560295558833007643e-04
9.171407849602329805e-04
4.780221668670234388e-04
2.318515960805300931e-03
8.036984988548183904e-04
1.895117342137671692e-03
4.461144979187152697e-04
8.674973334414808664e-04
7.167357542896083409e-04
8.117969586486268891e-04
5.268204322921445732e-04
7.212620119793671175e-04
6.691978840056512969e-04
1.097950511870081575e-03
7.530239606589649373e-04
3.220037520008640995e-04
2.249266644081625039e-03
9.071863309091558010e-04
7.544435974132227734e-04
1.196094386625251322e-03
6.904308370963086264e-04
1.238839973055678610e-03
2.078926507749302710e-03
8.628722278230139143e-04
1.228136342951135053e-03
1.494858873470512233e-03
1.599021165265131390e-03
1.006410148433960552e-03
8.337569523423582441e-04
4.863264614298522595e-04
1.418986091223296830e-03
1.240030174770235215e-03
1.001903958498166205e-03
1.635916592853369541e-03
9.499836554832233109e-04
1.716857417868936087e-03
8.312418185451254850e-04
7.599690905915329605e-04
1.748856553231974142e-03
1.103961224847403375e-03
8.542721566989196777e-04
1.155809898181630029e-03
7.725402314043850740e-04
1.230013586175414701e-03
7.064112308784284595e-04
9.715851404362775860e-04
2.399596211348275024e-04
1.032613725788724844e-03
9.262952220600009692e-04
7.981604902682804155e-04
7.606990302285595532e-04
2.776895382982083799e-04
4.422674453943893787e-04
8.718914939067466284e-04
6.838934305078273913e-04
8.623291081431855992e-04
1.762962916817743114e-03
1.824806780041576251e-03
6.769858015916188848e-04
1.004089849854199494e-03
1.210175224407001628e-03
4.733689099006703244e-04
1.866118299784306480e-03
3.402100069673765154e-04
1.439116161370150365e-03
9.566023297405231622e-04
4.136098986359235444e-04
8.570994146694402250e-04
3.665397510990841688e-04
1.308070393534181523e-03
5.543440097898837647e-04
1.062364810727765840e-03
7.603365092295793137e-04
8.869562201797418942e-04
6.021086633566898527e-04
7.690668352775048219e-04
9.239629742470420503e-04
6.762977929854549356e-04
7.317258746413921001e-04
1.156890356659711358e-03
4.551151251967135332e-04
1.137724163056430668e-03
3.901266599095823536e-04
9.255886717355638494e-04
3.108170548286975227e-03
5.970659179309172884e-04
5.267889908953295869e-04
1.824015772261729619e-03
4.531542635524726977e-04
3.544067496221704164e-04
2.592413489709596234e-03
1.011102370435963422e-03
7.521525520071011255e-04
1.003880365341724501e-03
1.321139145772507167e-03
8.879134322930923220e-04
1.728546362937805536e-03
8.618816230346202029e-04
8.036431306682804932e-04
1.378818594271344778e-03
1.172339170183363602e-03
7.252267788091970764e-04
9.516734741662393610e-04
2.043655293098104071e-03
2.078589559924364730e-04
9.636152112850503507e-04
1.150727503615525844e-03
1.008145027789686355e-03
7.786500901670547923e-04
7.383100527631363593e-04
2.001601970266777067e-03
7.978470128672765461e-04
