5.263890845738858088e-04
7.958847727817174814e-04
1.639541263759631325e-03
1.226832465106350968e-03
1.809828351711311204e-03
2.212578590463871141e-03
3.579950659395015841e-04
6.865525589868947450e-04
2.233689169323285339e-04
7.968290412859509869e-04
7.835813543208493444e-04
1.887989235702541054e-04
1.237143416424022662e-03
8.437174233825799844e-04
7.371467296293873371e-04
1.165113719657211600e-03
8.756223426436714110e-04
1.802041241374850548e-03
1.425348939214425526e-03
9.179041654165307190e-04
7.747508932693327908e-04
3.781591249627468923e-04
6.985232325297228463e-04
8.359063366374528065e-04
1.694472584104092169e-03
1.361022534763698527e-03
1.865072360259146687e-03
6.358570646953807604e-04
3.005564213819921036e-03
5.587768811979781708e-04
6.263002792616554574e-04
5.051066075916555483e-04
9.401044568955323503e-04
1.223837053775079196e-03
1.105522720676669658e-03
1.001912350572003053e-03
7.898530430859326910e-04
7.027267707215544825e-04
9.214680357603893812e-04
2.454367915493190205e-03
1.003050996170269877e-03
1.296411106678476300e-03
1.690138271175737998e-03
6.801919318233984107e-04
1.040372636195489864e-03
6.450199244268540067e-04
8.399938942292205441e-04
5.526762492697468712e-04
1.716236575755629261e-03
6.282872496175657094e-04
1.675582152704548067e-04
4.393130255220013825e-04
1.206402465344417162e-03
9.059197676337680041e-04
4.526394403013642305e-04
1.359719720124570987e-03
1.505023992963014845e-03
1.192130960387911137e-03
1.113746726662049420e-03
6.937798388894342088e-04
1.034558109116671086e-03
8.840135394065049305e-04
1.496217926750274601e-03
9.274306963930000446e-04
8.314273306491318065e-04
1.583646300789665930e-03
6.866809155412314288e-04
5.288535558245805075e-04
1.895472199563317736e-03
1.142286759421028402e-03
1.551021946051098872e-03
1.318177015991196018e-03
1.381119054080798747e-03
8.068801940832527782e-04
1.620355536215167726e-03
1.148298422508757218e-03
6.873790321221790551e-04
1.507864388440471881e-03
4.569306123826574187e-04
1.113049469492198009e-03
9.419787367763871868e-04
1.324613987972424667e-03
2.179404742026642625e-03
5.354777907478958966e-04
2.141687914196602725e-03
6.398330711760107483e-04
1.238417759561815257e-03
6.027157056050591686e-04
9.337701910626702417e-04
1.045412050636378458e-03
8.021985597528593585e-04
3.597642093057550126e-04
8.081795308864015868e-04
1.319309454725397590e-03
1.102443598890324311e-03
1.028460179062102523e-03
1.221298495194918059e-03
1.259431145904743891e-03
1.048026676882027721e-03
1.427597451334351253e-03
7.377754981926681931e-04
7.005433264966880614e-04
7.175559245659577940e-04
8.330302931569167225e-04
8.302446109129302167e-04
1.389670111431415278e-03
7.682524542674313726e-04
1.715431695393280186e-03
1.577725508286495883e-03
1.696911436854303765e-03
2.667774967336629995e-03
5.023578965663156974e-04
1.520396015197810055e-03
7.978520301292314027e-04
1.597719930067571185e-03
1.529476633161892590e-03
1.099331627899411334e-03
7.414806055260133189e-04
1.646995533347427043e-03
1.936802858367912827e-03
9.865235053092688208e-04
1.277265679053792447e-03
9.305178299457318855e-04
7.762294488328369156e-04
1.242196844396545839e-03
6.239116440270096701e-04
1.742328142432222936e-03
9.727660540785688969e-04
1.803784473823412046e-03
1.855488636677978540e-03
2.148058587512526475e-03
1.258837324649551229e-03
7.980767954432839342e-04
6.876627359974048573e-04
1.225449225524389077e-03
5.448309089773202248e-04
1.072501391021414693e-03
1.204544813467578555e-03
8.391045428863787769e-04
6.233547841975002396e-04
1.324662500105399689e-03
1.664689751282932796e-03
8.564624253512741680e-04
1.971430481716303276e-03
2.205980330588250531e-03
1.144803501504704311e-03
1.029555872184098522e-03
1.573426075912110747e-03
6.019444541791709249e-04
7.072661746645954100e-04
2.005317213508650380e-03
1.037338817215347105e-03
8.422791855383830826e-04
3.397720455930293643e-04
9.182944870882026175e-04
6.317757811586808192e-04
1.305472175585317132e-03
1.007458991466850598e-03
1.073579139524396013e-03
4.543137243584030919e-04
7.865853975061897667e-04
9.731649723994782080e-04
3.775554903035867522e-04
2.283973880058762750e-03
1.879573054564286083e-03
1.722973728268638793e-03
1.129686388875063849e-03
1.045930538818163301e-03
4.501264000763053295e-04
6.765716897175934200e-04
2.002571428063150763e-03
2.028677894887534298e-03
1.178627024086725469e-03
1.175203943134707366e-03
9.886979039407232418e-04
1.201577165111857677e-03
1.685214429133020551e-03
4.238846309871808224e-04
7.094468942544713327e-04
2.043754676242743717e-03
4.488957629784364974e-04
6.531763054615258605e-04
2.276839875131851220e-03
6.226262901962742761e-04
5.838359450275945866e-04
8.388577441008544279e-04
8.693607186656191052e-04
1.432368852823523659e-03
8.979470000656152246e-04
2.383645356196597166e-03
1.333700184867365720e-03
7.428382755790193534e-04
6.290305334599886802e-04
1.170986371876587629e-03
1.946444855061282711e-03
7.200945199599237574e-04
1.474330093979315691e-03
6.181755088797433531e-04
1.688718715643724045e-03
6.280660021877813555e-04
1.771949422085778965e-03
1.651504357754482758e-03
1.618888301463467438e-03
6.840429433731894018e-04
3.646153503171211145e-04
9.945558881879897842e-04
1.002700401503785546e-03
1.402180101609201571e-03
1.440882590696933524e-03
7.211596270407352781e-04
7.402470902096952663e-04
1.014507188084431922e-03
1.363809082217643832e-03
9.338954507118994589e-04
1.571961971905443470e-03
1.542436965636362215e-03
1.104204676935955330e-03
7.937745538496591893e-04
1.118966418840501445e-03
9.799884774156712285e-04
1.072214510565845397e-03
8.397038148100157036e-04
1.145495667378917818e-03
9.791215617070932794e-04
1.227262716491390755e-03
1.009165381167370038e-03
3.174069732433393732e-03
9.619900633250952999e-04
1.598145586967265625e-03
5.268204888597296078e-04
1.409304080002559811e-03
1.187463576588382004e-03
8.980308235637235849e-04
8.770396764119210795e-04
1.575832155905522534e-03
1.587075621464644577e-03
1.477619570510936347e-03
1.122856238151131612e-03
7.330827746598468208e-04
5.575071760708647569e-04
1.173522604171568871e-03
6.311648800977666136e-04
1.763665688993516518e-03
1.034952748071445291e-03
9.230506234739952170e-04
1.169667398504155341e-03
1.201457495569109579e-03
2.457808523436343442e-03
1.409862912476304376e-03
9.704543316148889123e-04
1.541588930461744314e-03
9.152069001430086391e-04
1.089059556282687309e-03
7.414586056308887160e-04
1.653991155441248253e-03
1.458787424621150759e-03
1.649941767187996329e-03
8.909707500430588461e-04
1.372051086022389298e-03
1.538882814496638851e-03
1.227009665783256043e-03
1.578048308230624482e-03
8.861954469879925128e-04
1.676673218332958319e-03
1.268105332696398265e-03
9.657589821403113990e-04
3.359758408521082321e-04
1.143738346229600375e-03
7.952055588095654614e-04
7.352977498731548805e-04
2.085053561400017092e-03
1.134688464953423435e-03
1.017145024835328787e-03
7.846616520634739364e-04
1.159284416777714996e-03
1.883578041012690107e-03
1.760444914266111717e-03
1.373164689680561427e-03
2.782924287476587228e-03
6.617441887866228620e-04
7.053960017990309290e-04
1.287688581121695626e-03
1.698348878185708529e-03
1.411175296579319236e-03
1.032701956667801853e-03
7.928384667458085889e-04
9.098192987485541859e-04
1.420561329542707231e-03
1.813626074664599196e-03
4.726995735539807667e-04
1.447452269568336300e-03
1.673021068749826158e-03
1.317096555946275149e-03
1.285070988491472622e-03
6.682991147502600950e-04
1.390292136050689381e-03
5.775673518427301570e-04
1.071398684922398627e-03
7.482933235603595216e-04
2.212188111399443404e-03
1.304968455987047049e-03
1.023708531238180525e-03
5.134436553739150054e-04
2.152517227444873324e-03
1.959165022179512258e-03
1.166820027834797888e-03
1.586734467801282104e-03
1.086470944032763390e-03
1.798059485050504608e-03
1.491488665774429959e-03
1.187827610898726160e-03
9.457816608792692006e-04
1.023164324426892270e-03
1.644669376972633093e-03
1.361788408951943551e-03
6.141349689391996120e-04
1.275523056904023355e-03
1.344261067444575989e-03
1.354264198358331485e-03
6.913160553440228550e-04
8.462590431630315560e-04
7.316736551090897642e-04
1.117549956724596264e-03
2.281815455717363123e-03
9.693829278838903517e-04
8.921490462068859323e-04
1.541361883369295020e-03
8.844927821640879073e-04
3.326446738368924209e-04
1.113628541470389763e-03
1.585614529962905972e-03
8.075854081298194237e-04
1.660653496580422181e-03
4.112375396569168708e-04
1.261854568480361063e-03
1.187432237158990780e-03
1.142299043345770381e-03
1.191577917553875198e-03
1.714614735518794029e-03
1.654755487896589607e-03
1.922853099644679853e-03
2.868427800351806313e-03
1.934065593651601838e-03
8.392598664502871376e-04
1.385186053927031299e-03
1.481393955618248715e-03
7.802442165467714328e-04
9.951065876882307041e-04
1.165514784922953547e-03
1.314405839760601812e-03
1.571952669609688385e-03
1.166698227092172625e-03
8.311701583657571391e-04
1.328223311324037417e-03
6.561246897433728855e-04
9.673422773447130007e-04
6.193897394854091338e-04
1.455918665049013745e-03
1.390384246831429796e-03
1.312419961370535479e-03
8.967881158948408501e-04
1.117211081754622068e-03
1.766977275193363627e-03
1.228029078082242985e-03
5.366347462257187216e-04
8.310216134205037752e-04
1.694945372549055192e-03
9.086606864632194294e-04
2.020570108687401705e-03
1.939693426606553832e-03
1.414666081224439471e-03
1.027442260605115985e-03
1.102964495216253102e-03
5.628965966038404533e-04
1.490387960348884752e-03
1.150038941557142511e-03
1.405663194026454546e-03
1.554962850148890316e-03
1.702935037103119227e-03
1.392325741701369406e-03
1.659909767456111242e-03
4.960209714721010169e-04
8.141678966954297948e-04
1.718951012405289932e-03
1.663704479456093758e-03
1.559864860133769980e-03
1.681943833130581214e-03
5.749615609454719568e-04
1.202183533389948860e-03
1.207349482244360686e-03
9.046480186704641303e-04
1.171174868174142689e-03
1.148289742584463792e-03
9.020743684862805476e-04
1.466063746923210870e-03
1.592627115761856586e-03
1.578215777823226617e-03
1.712126816223402681e-03
1.653083637381095022e-03
7.322703072450548450e-04
1.800482724764944408e-03
1.513561141190836656e-03
3.493384916682714531e-04
1.533043498196033682e-03
1.200154251258728818e-03
1.552425368458009401e-03
1.067490766500595349e-03
8.012669577497421669e-04
4.190006336508616462e-04
1.602774368314834096e-03
7.332001226955556878e-04
1.499595845087093888e-03
1.222065815500548644e-03
9.411566232493456460e-04
1.298547898347642742e-03
1.233737804728520524e-03
1.362956228911522353e-03
1.387565372326374485e-03
2.983088661810944105e-04
1.532155310124061519e-03
4.570782846292597537e-04
1.591419460772602315e-03
9.919397965316646866e-04
1.561632895001786956e-03
1.123388602718059176e-03
2.230725883450280188e-03
1.221716025948910416e-03
1.696791200500965234e-03
6.428865210740886734e-04
1.042519290835048533e-03
9.335820443454086051e-04
1.229859661262006987e-03
1.960683188662774162e-03
7.443647747475753019e-04
1.366543800979740661e-03
1.563060734744750081e-03
2.368754401074415691e-03
1.328521168753424471e-03
4.466392789203767351e-04
5.790090845011540248e-04
9.813017133099850419e-04
1.486830204201563177e-03
1.734856827862961675e-03
1.019162709077561313e-03
1.111262671806311332e-03
5.159165998743714746e-04
1.919585528494060925e-03
2.340053822567161879e-03
1.283704671217294731e-03
1.010254006381579002e-03
5.327763472135515262e-04
1.145565449637139235e-03
1.401059212365593932e-03
6.878107396811394348e-04
2.020213103993320769e-03
3.084679188621787787e-03
1.130325526645555023e-03
8.039581988552715669e-04
1.703365762010442897e-03
2.327877311642218006e-03
2.251012522487585901e-03
9.736980841763930158e-04
1.029866232336842631e-03
8.904333444790145857e-04
9.566182183167032654e-04
6.852306388753082308e-04
1.015060919196421807e-03
1.073101016113863848e-03
9.551707972198504419e-04
8.534010588418274035e-04
1.351798100293986416e-03
1.360176357959958383e-03
8.952315862496926929e-04
2.367274001681208932e-03
7.842970221995596708e-04
7.529516883140726985e-04
6.255172846259369904e-04
1.844298906232994320e-03
1.741779357412701588e-03
9.358298001509356362e-04
1.205343471944929964e-03
1.563689046453070391e-03
1.057166841911754730e-03
1.523630056851503316e-03
8.272521553235852657e-04
2.152726102439274283e-03
1.030343630421693985e-03
1.332927345272572929e-03
1.358979755181702288e-03
1.440431616697387431e-03
7.106626244255522060e-04
6.089553912609655751e-04
1.348690775812624908e-03
5.501055285916180192e-04
3.593058705609043519e-03
1.031504593069522890e-03
1.447662212851748764e-03
9.208755806040470806e-04
1.291690582098515942e-03
1.397114398610882231e-03
1.369934503369829712e-03
8.555656758133282306e-04
9.616742285089074698e-04
6.042031409435036013e-04
8.144694939019630131e-04
1.341462092710288094e-03
1.897884449966966538e-03
1.218880995365461805e-03
1.166631469153677067e-03
6.959611376407845527e-04
1.286202114993298699e-03
1.774168221800699564e-03
7.554148649566393408e-04
1.258129303724221312e-03
9.181308598330893515e-04
1.705480087224359349e-03
9.512743433743141167e-04
1.577086184463396060e-03
4.903174803185374273e-04
7.400070827390202704e-04
5.439169587567160282e-04
9.453419541847384250e-04
8.415854515702585626e-04
1.331673363937780534e-03
9.583590619208723913e-04
1.058283233893604928e-03
1.167021029626233181e-03
7.733752627833488744e-04
1.573567829401718637e-03
1.056914499524006304e-03
9.902989318984057980e-04
1.156757180057310002e-03
1.059225697873879355e-03
1.165510185385194419e-03
2.050650851328821890e-03
1.839234118174199514e-03
1.094006238997682120e-03
1.395791350005379022e-03
8.617560384582956647e-04
1.261218946860620657e-03
2.069937184889992197e-03
2.524717398038070493e-03
1.700087713393460924e-03
1.119895696552825276e-03
7.789966718409081087e-04
1.070241184873037656e-03
1.489360076201119969e-03
1.010831204318888210e-03
9.888591274171260308e-04
1.319338536564989900e-03
1.811550691057445955e-03
1.200380530180676078e-03
1.573470193938092355e-03
6.424910437874922125e-04
8.958122525607894017e-04
2.185185911638410240e-03
1.286759430683924238e-03
9.459474043017050042e-04
2.004261473134066884e-03
8.732942843091439809e-04
1.046768818883920746e-03
1.508250608044455539e-03
1.179499902564829384e-03
1.935754802327431523e-03
1.416826834617318119e-03
1.976079437406881925e-03
9.086345199568038105e-04
1.573458264460205055e-03
7.347000908575283384e-04
1.102533781334578576e-03
2.061629764029939728e-03
1.907235815482436533e-03
1.128799845646146849e-03
1.663917176095387404e-03
1.414992284651483490e-03
1.531846463923582612e-03
5.311841214014851936e-04
1.084111854222316812e-03
1.651762306464964278e-03
1.231243303501443082e-03
1.402915235577646604e-03
1.022355494824468908e-03
1.053823097549032610e-03
9.713396499015022889e-04
1.316967745292084392e-03
2.145914463455200392e-04
1.247619614835451590e-03
1.516074476436536991e-03
2.911005538474045447e-04
6.254478810979224911e-04
1.876754643349271435e-03
2.378415889382037678e-03
8.889382906020942875e-04
1.232306545292420662e-03
7.730174641355084305e-04
5.034066564047820621e-04
1.205559677546051310e-03
1.549079823420809916e-03
1.204660866078712195e-03
9.074144732191309235e-04
2.071193110172184562e-03
7.331069218762038169e-04
1.587577068291877534e-03
1.476695925107580692e-03
1.161482329085466265e-03
1.264722126096568542e-03
1.067104811402154159e-03
1.211641052277905592e-03
1.564053588596751778e-03
1.075196954587668728e-03
4.078307022493019257e-04
1.425812195691279196e-03
5.087113357826889958e-04
1.404891057093202254e-03
1.498333703471622447e-03
8.213699586667417641e-04
2.055079348939491905e-03
1.044634821771240262e-03
1.003583732237670187e-03
9.513010226615919952e-04
1.964978406373153481e-03
1.269587875962768439e-03
5.982482590124875736e-04
1.708678288359265652e-03
1.923188405903385276e-03
9.174708127174057261e-04
8.938959578401361105e-04
8.839182338699342993e-04
5.641609029905737729e-04
9.865361740242382591e-04
1.252668016231053578e-03
1.419337098839499201e-03
1.376569137843111287e-03
1.450699992079324463e-03
1.115827335936313280e-03
1.188913980340218285e-03
2.316512401404314907e-03
1.568508844663810825e-03
1.428897619573993392e-03
1.426914489880334912e-03
8.937582889913796855e-04
1.654562970966691861e-03
3.721747554037346459e-04
1.232230440248444862e-03
1.488087363689356542e-03
1.149959914082776796e-03
1.798292061184071861e-03
1.934486886812227403e-03
8.073541082244311889e-04
1.539504189886854854e-03
4.057989394382124633e-04
9.562300653686309432e-04
2.430261311508259854e-04
8.876826230601606374e-04
5.942123431862594623e-04
1.730994086850515951e-03
1.290236696699541318e-03
2.018843400517520391e-03
7.674959080307944184e-04
8.533875721943727684e-04
5.870010877008680246e-04
9.047059892782916696e-04
1.483579412491715108e-03
8.088461754799401498e-04
7.250503895494358727e-04
2.429055457744026120e-03
7.494297703442094529e-04
2.091676110960822774e-03
1.226271815751090941e-03
2.031084451652327358e-03
1.109539537195501288e-03
1.013507959498938932e-03
1.314847582970432843e-03
9.301048124325668161e-04
2.239396298094008513e-03
7.883328720447361051e-04
1.620794915577428380e-03
1.045122889887149104e-03
1.198630288941062490e-03
8.271474707146408501e-04
7.869507490484000398e-04
1.685956360089111046e-03
1.719119828339904336e-03
8.648613732009202259e-04
5.843066102737012966e-04
6.717716131937475580e-04
1.111787722725529094e-03
1.078449940090974671e-03
1.194678833060027227e-03
9.571777521025821725e-04
1.451620949570883549e-03
1.704260816713447932e-03
1.393002062523841745e-03
1.207118860689848899e-03
1.001887586296759539e-03
1.350209838540076136e-03
4.557150635368551763e-04
1.027146277456471909e-03
2.139797075900347779e-03
6.831587193374589638e-04
1.248779412153551730e-03
6.383586743262325506e-04
6.717432044374768577e-04
5.565369286451413069e-04
1.525756144952200707e-03
1.385090285145067126e-03
1.238396555874226321e-03
9.284244370342181274e-04
1.120023625481662930e-03
6.902938356327343672e-04
1.952107399863758875e-03
1.442249970231662638e-03
4.842302553466161291e-04
1.531476369743845064e-03
9.600452842897997914e-04
1.675837820365132713e-03
1.789713881120669984e-03
1.619545652344339800e-03
1.793161642450308594e-03
1.271804077992109809e-03
1.484810170578985651e-03
1.234421379566534973e-03
1.769848602786615408e-03
8.469543496200659938e-04
1.553769732907489889e-03
1.167360806863796795e-03
1.466633518588645289e-03
5.453603141112002084e-04
8.768332261082820937e-04
8.341228799286314445e-04
1.221430544304467512e-03
1.596751737531580499e-03
1.244590705820635291e-03
6.749182230096204731e-04
1.089407213313680874e-03
1.394186215660003694e-03
7.962315549312177316e-04
1.506356996041825552e-03
1.120545387596946210e-03
1.044988006659873341e-03
1.106755761234022063e-03
1.151128964705148841e-03
2.416734126607426826e-04
6.305912612695140605e-04
1.028597753443894532e-03
1.541599630722253773e-03
8.003418715964904975e-04
1.524134262954470170e-03
5.560868343990786004e-04
1.693457692291877028e-03
1.091556757450876363e-03
7.621482377461817181e-04
1.476993488219421067e-03
2.039272605537930088e-03
1.775651687250386426e-03
1.916576392918322141e-03
1.604459842061239667e-03
1.224325038233738724e-03
2.098494716224083741e-03
1.490782895103516222e-03
1.097321618637883602e-03
1.230772830714750013e-03
1.513466432267291826e-03
8.076718953769505740e-04
2.599138788829700748e-03
1.009126204304908007e-03
1.430041438086110742e-03
2.425114242462331378e-03
1.247644038516612652e-03
1.151550640845131401e-03
1.082251919257467892e-03
1.411369478799103872e-03
1.102330870954091940e-03
5.798487334380983361e-04
7.238904496289578008e-04
1.243975786401048476e-03
9.262151774150718725e-04
3.387814502890827782e-03
1.107665178411255036e-03
1.335499170239073680e-03
1.860562270182728253e-03
7.074341147295186948e-04
3.026071421088204639e-04
1.684329290785678123e-03
1.968996914236752476e-03
7.564168087605347693e-04
1.368809525597096573e-03
1.187584517031985577e-03
8.633536073036917908e-04
1.497198711865959340e-03
8.797386804410804598e-04
1.579599209834079690e-03
1.162588047520770945e-03
6.273203939979517816e-04
9.268325001998066427e-04
9.214228705908465667e-04
1.084612509352677863e-03
9.859144532390561565e-04
8.258839202189731995e-04
7.676333685219530667e-04
1.237236899474699866e-03
