4.339442892162296943e-03
1.914680449602342103e-03
1.309044929582241570e-03
1.775348727007434449e-03
1.445869590372848281e-03
7.574374701085725319e-04
3.219127618005369115e-03
1.505702687810211602e-03
3.436571484759526601e-03
1.472763591449323308e-03
1.900129476092238950e-03
2.332529570888128290e-03
1.660648731282690464e-03
6.614023456953071860e-04
3.123914312343508467e-03
2.235242316568103894e-03
2.876754318080849450e-03
1.225301252857853400e-03
1.823334560821494735e-03
3.374601829117145242e-03
1.356578519827991410e-03
2.563952650476236227e-03
8.442541971933213620e-04
1.584298472332872293e-03
1.798038527574836532e-03
1.651639464468334989e-03
2.229536573938229252e-03
2.357616108813679733e-03
2.033075762258840756e-03
1.511961348012267909e-03
2.106554675693950076e-03
2.108917036165742793e-03
1.732462846521350347e-03
2.525442120098955225e-03
2.414140612501802265e-03
2.111106490283087313e-03
4.014350612452840909e-03
2.487969239638762858e-03
2.312513211532951293e-03
1.222666942208876749e-03
1.994646624322314859e-03
2.720778015307340550e-03
1.634211729661933302e-03
2.508588478356815494e-03
9.549113774198829093e-04
1.071410503922434450e-03
1.789436463780370379e-03
1.521356167121546603e-03
9.345153307934301028e-04
1.081070660607758981e-03
2.761550595778841828e-03
2.128583875642762156e-03
2.176691380187456299e-03
8.654094430837490880e-04
1.829245760240592444e-03
1.682899911665899527e-03
1.891607203588057014e-03
1.086755528216634291e-03
3.499198271608038816e-03
2.462906482932149081e-03
2.271470716367670305e-03
2.069369602204545501e-03
1.917862770533349578e-03
1.329312618155412302e-03
2.728180249676197006e-03
2.969096422322201577e-03
2.019146331863383437e-03
9.778758088208089512e-04
1.090806653776032380e-03
2.337609642476415860e-03
1.171131838465128226e-03
1.598742054903582333e-03
1.620357072617871355e-03
2.375855561888508011e-03
1.326136815291660033e-03
1.280708171127277473e-03
2.176713561393223400e-03
2.540393949741657879e-03
1.823477618438370390e-03
2.117945282969639458e-03
1.361350962701606687e-03
1.172205478605755887e-03
1.443550814800766396e-03
1.721897287766398828e-03
2.232798993676213175e-03
3.258758869920554482e-03
6.203567879277542595e-04
7.829665264773694698e-04
2.381442222312187863e-03
6.668963596242974022e-04
1.370338422796590731e-03
1.055018926645759055e-03
1.553743561500342540e-03
2.738428826245806798e-03
1.366661907426703574e-03
2.821619445166746818e-03
1.969392234891082210e-03
9.202859778422723932e-04
1.276428938081671394e-03
1.671147729054079257e-03
1.512012611564389920e-03
2.268716969301752193e-03
1.479785495837867898e-03
2.118252575086050984e-03
2.093650694653665604e-03
1.441572439154329777e-03
4.685068456228588351e-04
9.343905839041051920e-04
2.502894115202911312e-03
2.470913100719303486e-03
2.947496360739123005e-03
4.891404647046304578e-04
3.008740714162816323e-03
3.128475585812908518e-03
2.044931946546576194e-03
1.745791450348225951e-03
9.186835939188546345e-04
2.072887218305966874e-03
3.687648745684370555e-03
2.036877106598553640e-03
2.534203670964760378e-03
1.241296161083584211e-03
2.280651997429578026e-03
1.990646625890948006e-03
1.448434174816373796e-03
1.400513599274848860e-03
4.739420577222062080e-03
2.447473538789433131e-03
9.941077850315451284e-04
7.983060693408327007e-04
1.990143652572801992e-03
8.693116984500253537e-04
3.384637198803442694e-03
1.540459389478986054e-03
2.200642342591967865e-03
1.416287795228708636e-03
9.422204722789625890e-04
2.517067882560041978e-03
1.434235012165365570e-03
2.491408929128674250e-03
1.354966099608623416e-03
2.979693505826716722e-03
1.647786446466693302e-03
2.678085506758011609e-03
2.165832676400710963e-03
2.336207067058183959e-03
3.315195183073818856e-04
1.101485449892817365e-03
9.449626907683348221e-04
1.312723492681832412e-03
2.599655020313103391e-03
1.570427015431508609e-03
2.542397588616220495e-03
1.851393191416780869e-03
3.236774304627759204e-03
8.185416137244217556e-04
1.229995093604927632e-03
1.175812454213098377e-03
1.871554277553749614e-03
1.526242405730981501e-03
1.354539998325602615e-03
8.405048405279168548e-04
8.443658950104636612e-04
2.339186900664095648e-04
2.826222968469735159e-03
1.747337237939237389e-03
2.534465151622311129e-03
1.866903464872693560e-03
1.003625544951491878e-03
1.722948282207241487e-03
1.802710824039105084e-03
2.398124121759685843e-03
2.708196262794291490e-03
2.319615993691332041e-03
1.640312164028484261e-03
2.782541145410152156e-03
2.190008822728441162e-03
1.555835145755891285e-03
2.266032315813930852e-03
1.282136665526006610e-03
1.561452663073793204e-03
1.089246139035813772e-03
2.085806212703375691e-03
1.966888828313796862e-03
2.301781003638006702e-03
1.288554208039496569e-03
1.964968676963426385e-03
8.798209147685277613e-04
3.027869820167320217e-03
1.397382069749343635e-03
1.913541916636796788e-03
2.149863369735819339e-03
1.255865863324602668e-03
2.169342866198844307e-03
1.820784155900953593e-03
1.559174238574115951e-03
1.580044161497914500e-03
2.717116366489889107e-03
2.829562952439003409e-03
1.246500029370743463e-03
1.120154347619051541e-03
1.569304523399863913e-03
1.478908217157114471e-03
1.495612425584768711e-03
1.722739346789391515e-03
2.960834471711147001e-03
1.532478803121791822e-03
1.427835833462346793e-03
5.326447838273308186e-04
2.240198216031531308e-03
8.362763777376482901e-04
1.794029985111149274e-03
1.163508063925316810e-03
1.988314059398407340e-03
1.831688326027058151e-03
5.472603164919574671e-04
1.625473469939347528e-03
4.597203147397851963e-03
1.323480113598661436e-03
1.261310199207154106e-03
1.565144966108068629e-03
2.558745730867379494e-03
1.836078337924873082e-03
1.857622601858042750e-03
1.223421096264547692e-03
1.606126078369203092e-03
1.423978694671872115e-03
1.679830099195571023e-03
2.484125897193935253e-03
2.331613435328557665e-03
1.863704801690324901e-03
2.108309288320025891e-03
1.886876256674899005e-03
8.019707451593886685e-04
1.044248007126968945e-03
2.150312973757349637e-03
2.518622549951408940e-03
1.401130697161165166e-03
2.235210884622639092e-03
1.110470936951755234e-03
1.344029765091859716e-03
1.107276123194072268e-03
2.287093607928651021e-03
2.236491904894501084e-03
1.706617759694066452e-03
1.366856715167908244e-03
2.728743830578017008e-03
3.101438653396039729e-03
2.166168541179714756e-03
1.728951850143357460e-03
1.675301796788469973e-03
2.131037814362596577e-03
1.666379872499281541e-03
1.864043107691616599e-03
1.674651432344939671e-03
2.697697238064877476e-03
1.020790871089221740e-03
1.917312712208741861e-03
1.826697829618986095e-03
1.895324912719644535e-03
7.442753041163988103e-04
2.161759686311508569e-03
2.828096735807195117e-03
2.650132463138844471e-03
1.623350277097907737e-03
2.183980908305866581e-03
1.353206493975141417e-03
7.944199152478847352e-04
2.429038075837183005e-03
3.143980330254604258e-03
9.260017793699997163e-04
9.233427824639233632e-04
1.951827165764520762e-03
4.558698279645698659e-04
1.114749919749037947e-03
7.637265277482478253e-04
2.552267393940135711e-03
2.471839538795060631e-03
1.560855015202163845e-03
2.345208973914856415e-03
1.661469578821499682e-03
3.273352505909301203e-03
1.827793808784594935e-03
1.885445376961714581e-03
4.770017232872738331e-04
1.841303520453785618e-03
1.287829656573146863e-03
1.378967191398477836e-03
2.964406022216191285e-03
2.610287230964552369e-03
3.513492374693263399e-03
2.002333090363282633e-03
2.551300288904729402e-03
2.539581611130247926e-03
1.879597286128475292e-03
2.539464314467315860e-03
1.690395726935136570e-03
1.958500715138123804e-03
1.181543822540179591e-03
1.568170201372661192e-03
1.482468514172041122e-03
2.671774063252190402e-03
1.453188633637464335e-03
1.156018767252065677e-03
3.888363002049963647e-03
3.021723320789612786e-03
3.167912063525572114e-03
1.546437966333224709e-03
1.349313048655901995e-03
3.975777904320178420e-03
1.342249078295241387e-03
3.309386431762449243e-03
1.167711514481229200e-03
1.321560026724667020e-03
1.692942918987999645e-03
1.359468198597438152e-03
2.859639745692499693e-03
2.579045175582115115e-03
1.840846467093136670e-03
1.679187864564564208e-03
6.372508594208838636e-04
3.569529427795134057e-03
1.343925939950278356e-03
2.467542873531886234e-03
1.263265653544879850e-03
1.495555585268473851e-03
2.953892632267799811e-03
1.954388496916661076e-03
9.621715838054221374e-04
2.150692216082674812e-03
2.035611951076668914e-03
1.459343737242291836e-03
2.181488609570263713e-03
1.403233036619964264e-03
1.293625798521325088e-03
1.354625605681256595e-03
1.322798119587332254e-03
2.315397033169023372e-03
2.904485446640979029e-03
1.950183019484487456e-03
2.954861530395119350e-03
1.721690668921511177e-03
1.249256573012565803e-03
2.422747376017786620e-03
2.125179437992012494e-03
2.696044113760931102e-03
2.818960496722671370e-03
1.437765823063996001e-03
2.205356406890014200e-03
8.232512419735876471e-04
2.221084175931226524e-03
1.693750594930822214e-03
8.894591263304504371e-04
1.207211015937329065e-03
1.320280789542361026e-03
8.894930295744977880e-04
2.146773106844537815e-03
2.647694819546421961e-03
2.612235950342797156e-03
2.761898212225556183e-03
1.637599306781752561e-03
1.652526938271424396e-03
2.341080874557052802e-03
1.760797777314967311e-03
1.937889002634673010e-03
8.850060140675572624e-04
1.459559692020951857e-03
1.798761840667716496e-03
1.540263264382262225e-03
1.720090605154675142e-03
1.596155173135047024e-03
1.505714004871847294e-03
1.944248124671523739e-03
1.652101554312345160e-03
1.845000258820485945e-03
3.110693020547870141e-03
2.679601770181757985e-03
1.557481436642096494e-03
1.524252105667906095e-03
1.112891013217674968e-03
1.223547620978248382e-03
1.559049254648431750e-03
3.194544485032829988e-03
2.259606029053754569e-03
1.185803635256352977e-03
2.352110920113232272e-03
3.545911691886906823e-03
1.467873534041714027e-03
1.723239655184986884e-03
1.372468206942740023e-03
1.217077634908360914e-03
1.462105561162193755e-03
1.067629332456486446e-03
2.493068722116772388e-03
1.223464651680410652e-03
1.269190868635210537e-03
1.914922743190820625e-03
8.547039011227500465e-04
2.396164351811424717e-03
1.077548785340353083e-03
2.190123595667092891e-03
2.741518144701002562e-03
3.045205376017880508e-03
2.874003969151390624e-03
1.612082419776576705e-03
3.961034960652574412e-03
2.372365348242319941e-03
2.485927689366058783e-03
9.951080660334610077e-04
2.636498376670955851e-03
1.459905622990285935e-03
2.011547814342216304e-03
2.356143905904212535e-03
1.257376840310331888e-03
1.294134254635516835e-03
1.060997724442405525e-03
1.178110553590712992e-03
2.023272300391017620e-03
1.841107799921377431e-03
1.853810596316940711e-03
1.357009857011623943e-03
1.472023113608907042e-03
7.949318048140589527e-04
1.534328938594437582e-03
1.597388545613121890e-03
1.875245091282996346e-03
3.576573632932897057e-04
1.639757791052341403e-03
1.882360475145687358e-03
1.338324187193782504e-03
1.482994768101541638e-03
1.852132214073964542e-03
9.565848813597095136e-04
9.792116713533589867e-04
1.208682683017753452e-03
1.534726478396309258e-03
1.514549543841316615e-03
1.622262216499702680e-03
2.081216465562074451e-03
1.435267301806330198e-03
1.815206694421907761e-03
1.983952668720971157e-03
1.515325000032828216e-03
2.436005734919715997e-03
7.914875170960397133e-04
8.426832761901442096e-04
1.748167650940916961e-03
1.592844116774000136e-03
1.275801674674043431e-03
8.713898645414119588e-04
1.466854248722107221e-03
1.588931235129166812e-03
7.519433757826989376e-04
2.059792167966816197e-03
2.075214610305192373e-03
2.059313353305446646e-03
9.178405372825638791e-04
1.807019892150112670e-03
1.026842136439360710e-03
1.712139593446476747e-03
2.102902342222821071e-03
6.553936944735575367e-04
1.341659242628232647e-03
1.595421698299639328e-03
1.774061903171429092e-03
1.544817574559486121e-03
1.882484161976049133e-03
2.908001211026998729e-03
1.904724350956543992e-03
1.903210694339159317e-03
1.287075570239571863e-03
2.590373593160307745e-03
1.787072719104949641e-03
2.323348980061938109e-03
3.212806307533772662e-03
2.187615001892055048e-03
9.512276714429205964e-04
1.319541997284748303e-03
1.196324944160115453e-03
1.195639625365940749e-03
1.037948827129212687e-03
1.953255915156263799e-03
2.104749506556546652e-03
2.208207758870176559e-03
2.148781765539035157e-03
2.517202920472028961e-03
2.801732822698279647e-03
1.819890322853302909e-03
1.061663235196562329e-03
1.970275969770347423e-03
1.055963717033469099e-03
1.705396480928381619e-03
2.659773810053885773e-03
9.386025145404426661e-04
9.372840015864551764e-04
1.899846659399871684e-03
1.281693091872562274e-03
1.695941658941209395e-03
1.736357078031948095e-03
2.927329441956652047e-03
1.982236554507892795e-03
2.311770273197699156e-03
1.303316106600288385e-03
2.675845991307303651e-03
2.060215017400062083e-03
1.167370222627142021e-03
1.411253444094761082e-03
6.272198437717385004e-04
1.831348055419532465e-03
2.625053638073362831e-03
2.292473314584993205e-03
1.266191503262281302e-03
1.816262801639376753e-03
1.361700569870591014e-03
1.932455377373332910e-03
3.547903567126306241e-03
1.240508439294428500e-03
2.734064570382356823e-03
2.436829945460680831e-03
3.319845325642577227e-03
1.231042434706166580e-03
2.582153583968112374e-03
2.007237734703536981e-03
1.780250704905540554e-03
2.406340990898595249e-03
2.512433618911739247e-03
2.420702482790722167e-03
2.128218025298373502e-03
2.028180968692611889e-03
2.031731523734361163e-03
2.706972110196056037e-03
2.005230450872032624e-03
2.133346929772971228e-03
2.172719284406072517e-03
1.581102275192335961e-03
1.778448767661632793e-03
8.816043475753587103e-04
1.261172341930773266e-03
8.115090749306155034e-04
2.231213837639820039e-03
2.496233431857211062e-03
2.059648546949005479e-03
1.681012981397241209e-03
1.671564464164353603e-03
1.029110784007708978e-03
1.706411191062426422e-03
1.006225165929580971e-03
2.419358887132775152e-03
1.682615130383107241e-03
2.414591485605617135e-03
2.463824309453504363e-03
2.798337236216539084e-03
1.657695131005010487e-03
1.308978717319710930e-03
7.378166831605332144e-04
2.332109324300080892e-03
1.369341358678988034e-03
2.013605186017930569e-03
1.117655630211024159e-03
1.739567645955457983e-03
1.910184667834629712e-03
1.298155546519851999e-03
1.694699261043983987e-03
2.813479971363587462e-03
1.955342873899298950e-03
2.399951454490132155e-03
1.557360338170725184e-03
1.297609930195074311e-03
2.088463400649902182e-03
1.255322732626861859e-03
3.024951598722744241e-03
2.232991964780551598e-03
2.144731968541080218e-03
2.131037892375094948e-03
5.757605131513643133e-04
2.058568413053007799e-03
1.390618961527545451e-03
2.586848741895160422e-03
1.961394733974366079e-03
1.442941719314879030e-03
1.078162566836968986e-03
2.194896667918227670e-03
1.277363889613881802e-03
2.382919726023776524e-03
1.121936103044127511e-03
1.355867055256810812e-03
1.990826887691007300e-03
1.439621281277090247e-03
1.400441401769073838e-03
2.531535703183097376e-03
1.283820994857305013e-03
1.797890080847625808e-03
3.160084185401168880e-03
2.540285829107903192e-03
1.069768039642695181e-03
1.873846299352837199e-03
1.661956913492991994e-03
1.370918950505096772e-03
2.072251974876851335e-03
1.688238581764394579e-03
1.334025385661167032e-03
2.317829502752934319e-03
2.599695685005412159e-03
1.378987284204023951e-03
3.254236511059075028e-03
3.372433665617765100e-03
1.795358813766596362e-03
2.377732136112279890e-03
8.498972838071903796e-04
2.232225857580150564e-03
1.480539428244478191e-03
1.645966333436980292e-03
3.027242768776663290e-03
2.364917822712957890e-03
2.451641597279118154e-03
1.879987979768495566e-03
1.767032310997143597e-03
1.880982535910753501e-03
9.870055046820357461e-04
3.005146599736916585e-03
2.513306094400824704e-03
9.454592025713678309e-04
2.801051821176439496e-03
1.764180977692706483e-03
1.348150596503743318e-03
2.741043246306406993e-03
1.494714103319562610e-03
1.813412971916576657e-03
1.241046393828467440e-03
2.007241443481177449e-03
1.688044704460375540e-03
7.534619450625282093e-04
1.723908421693368500e-03
7.686301680295767619e-04
1.534901953496842870e-03
2.185281916270024553e-03
3.340849167455027177e-03
1.843930977235506627e-03
1.757436776065739907e-03
2.803198697233433984e-03
2.273684108158884401e-03
2.455467837300349520e-03
1.916771246601321017e-03
2.649175443266215541e-03
2.095960464154306147e-03
2.697263263888680096e-03
2.021113905216046815e-03
2.191277487820573588e-03
1.610454703633428962e-03
1.079690902929684266e-03
2.049071113093061790e-03
3.199796612685967909e-03
2.380561758889332673e-03
2.624515044421894990e-03
2.663662080392144131e-03
1.948388845095233492e-03
2.263460557613555281e-03
3.089954864988123887e-03
1.224580942350895086e-03
2.656775077372337812e-03
1.959694876856879747e-03
1.452309199917765654e-03
3.523203078584406702e-03
1.412333966813083793e-03
3.006700682159144013e-03
5.055507576521500561e-03
2.246051760754513849e-03
1.950632304436451412e-03
1.780596542860585435e-03
3.502996621321986456e-03
1.762240765677912987e-03
1.296218643997221892e-03
1.581721361406756210e-03
1.210679500679359612e-03
1.640450917190047330e-03
1.838281112838257387e-03
1.889186865168131528e-03
1.850421784816747061e-03
2.140243367470320672e-03
1.303433405100437245e-03
1.928863057875857380e-03
2.293745362505549262e-03
2.612644054133171807e-03
1.722120618661482448e-03
1.280474837099883747e-03
1.252169511904286780e-03
2.142001899112473857e-03
1.673416300085200448e-03
1.457830987990753249e-03
2.056576775616174215e-03
1.591765137948543407e-03
2.613273946569144839e-03
7.173214392106240728e-04
2.323190382144435604e-03
2.235558305533107398e-03
2.419506383446688551e-03
2.114980267517764696e-03
2.724224630915031940e-03
2.300861120917148221e-03
2.628064164770143978e-03
8.987409322304768184e-04
3.475934962443317285e-03
8.749304841131725101e-04
2.587535897711716777e-03
1.430361867148650847e-03
2.875337959529379508e-03
9.444732439869203298e-04
2.180968059241408796e-03
2.473652295028322748e-03
1.739650338078727694e-03
1.103133157244914637e-03
2.999397260915265522e-03
1.973726673723608452e-03
1.765700458843794812e-03
2.261789268673178917e-03
9.972791867937781489e-04
2.315866325899568375e-03
2.283594073119345116e-03
9.346943809682978352e-04
1.151913778674383722e-03
2.862647212687136847e-03
7.352110499004631478e-04
1.287885807147814629e-03
1.962257771457469758e-03
1.517519038186888707e-03
1.590012073752787103e-03
2.740322156311040397e-03
1.526995707748293090e-03
1.334944540006596531e-03
1.563384045883806864e-03
1.892283568179238713e-03
1.898761658952077261e-03
2.849581683812982269e-03
2.068257738562294650e-03
1.609913081384651981e-03
1.096621193692523056e-03
1.666977507175190125e-03
1.523613154832397171e-03
2.283500597514690443e-03
7.905722790981004446e-04
1.590142474969227044e-03
1.669909939779658627e-03
1.705975064008804750e-03
8.371020368347340977e-04
6.285855978689534277e-04
1.270860791660875268e-03
9.691489789276505010e-04
1.127486580300699230e-03
2.016344175813807298e-03
6.045946145544691275e-04
3.515419944439815512e-03
9.178748948905888789e-04
3.428249839022455645e-03
2.194123130795150398e-03
1.215374720987430534e-03
1.568902289713725723e-03
1.219724608738340923e-03
1.214075268240236670e-03
1.364312670838899958e-03
7.956403318082843181e-04
1.525029034742275257e-03
1.700145886839556997e-03
1.283828488909045506e-03
1.719099444960436309e-03
1.077599555512091670e-03
2.553438154062070715e-03
1.218728632490604247e-03
2.406730107234088516e-03
1.908022328139001317e-03
2.247931224697650998e-03
1.267344768926740748e-03
2.541887557285657344e-03
3.260048479480757381e-03
2.220972418135600240e-03
1.334184411234317193e-03
1.068111052585434548e-03
1.867103113714636831e-03
2.419026196956299262e-03
1.910991683299800327e-03
2.491648702859403444e-03
2.090364775224344291e-03
1.533496699239738671e-03
1.905077875509241739e-03
2.364175762578416256e-03
1.949668582182543814e-03
1.620953650572981835e-03
2.359984689886992885e-03
1.744220528444665949e-03
9.701674165485690447e-04
1.973586645223485581e-03
6.728512372884425021e-04
1.467780920901954212e-03
1.349908606356444579e-03
2.318144761521978570e-03
2.141935176737099975e-03
2.135575787188518163e-03
2.688951223702100869e-03
2.463432431172438240e-03
3.230022782013410986e-03
2.024282756360235806e-03
1.543477681374750589e-03
