8.249853192925263139e-04
1.907898804890564674e-03
1.220655398692160410e-03
9.631668097687647381e-04
1.807246828664727314e-03
2.578965318833116929e-03
7.799086690450096615e-04
1.481242792295059223e-03
3.002922575420640815e-04
1.578245407851733978e-03
2.258691240071798549e-03
1.117894694631045962e-03
9.374370120159104596e-04
1.895377217195659634e-03
1.008155307771718212e-03
6.823424079002663595e-04
3.061950516783169449e-04
7.269791307478512326e-04
4.530220936059163399e-04
1.526186556679425118e-03
2.770101782573466064e-04
6.690278458413506180e-04
1.111342806892539085e-03
6.447044465095040254e-04
4.315207263011760640e-04
7.687733305408560184e-04
9.825820873646123627e-04
9.270512977051920123e-04
7.366282887255820935e-04
2.915846497237819428e-04
1.028497411250582161e-03
8.296800632199390069e-04
1.007360703519869210e-03
2.895571285206609844e-04
2.707433753814848950e-04
2.882890701858224357e-04
5.589790227404403114e-04
1.205872403754160074e-03
1.866041261472796246e-04
6.701916867151642195e-04
1.348270204488813257e-05
2.821811901274964298e-04
4.279422056371243025e-04
5.507946103263437840e-04
3.205285297263180859e-04
1.890619849748940713e-04
3.036350986089903468e-04
2.102436461515088035e-04
8.528949075147446504e-04
1.544747901342867870e-04
1.652620838136113291e-04
8.312643407676755403e-04
1.078172553353361034e-03
7.339314238420383473e-04
2.300607784215542146e-04
6.029259570557743983e-04
3.685529389565494660e-04
5.464072747292890702e-04
2.781688697727291242e-04
4.522092123467237211e-04
4.506955025405439894e-04
5.783150428482844180e-04
3.611308743028454876e-04
3.582675203179165775e-04
3.516745402105173860e-04
5.058752507762800900e-04
5.798880022694701089e-05
3.337135648356804197e-04
7.189311150469017116e-04
9.418697247662770680e-04
1.635752030878077521e-04
4.429781719988500174e-04
1.050728090614753887e-03
3.708721535447612790e-04
1.178726170759137465e-03
1.014240239525114823e-03
1.666959721743359714e-03
1.762729423753800376e-04
1.966114771992318359e-04
1.624478222363218713e-03
4.802422361629283794e-04
4.243087356873079252e-04
1.314486109054111137e-03
1.048346958455978776e-03
4.230676397306602169e-04
1.174120263992668668e-04
2.262816584610594269e-03
5.530614365522165590e-04
1.668379949674172634e-03
1.748965364507462086e-03
1.126686030175954190e-03
7.532699849950302970e-04
5.841192568732045875e-04
2.099112677478591656e-03
1.800101583577182586e-03
6.269572522868447706e-04
7.586653832427971448e-04
1.892875549570849575e-03
1.365208501983413629e-04
1.413665629275670998e-03
1.328191177826626521e-03
1.114406838804057756e-03
7.694241829738216387e-04
1.372593110813335798e-03
6.358016681343738562e-04
1.145187804714704362e-03
1.572728077157912888e-03
1.192833741174976125e-03
3.787039084907787906e-04
1.786982816809116331e-03
1.533395914346585755e-03
5.939681737109308961e-04
9.423724589936747966e-04
1.111009220944227365e-03
7.650847898864354159e-04
9.500842501903906685e-04
1.308705375756501936e-03
9.365971032717715101e-04
7.982470376334268409e-04
9.819082184232940779e-04
1.532933035094985940e-03
1.168184484800642402e-03
7.239475330792157111e-04
2.307379179234896049e-03
1.777741108110414718e-03
7.190592827962781226e-04
1.178475745880547005e-03
7.769526385107755270e-04
1.179147584813017421e-03
5.243942810354533393e-04
8.173538077474472091e-04
8.794408347442392217e-04
8.312359572878552606e-04
2.101031987757158350e-03
1.424018676483109532e-03
1.598863125007068346e-03
7.306263333824217741e-04
8.703421039116420637e-04
9.221758253971600299e-04
1.000069554103842585e-03
1.260324657062517626e-03
1.201155535480742404e-03
1.507865343234679554e-03
7.747674187113981177e-04
2.326249848536154387e-03
5.797870490739402347e-04
1.056258650614134422e-03
1.016897673200043784e-03
6.331998660180854568e-04
1.067645926170047218e-03
1.650325422803756211e-03
2.176231559922920788e-03
1.993884513537550612e-03
2.180023797128048148e-03
1.721046683158924343e-03
1.793760993838914306e-03
2.333951074263993300e-03
1.365253569224620647e-03
1.153767290554054328e-03
1.731227898130082571e-03
4.369953595457614628e-04
1.705646951590880428e-03
1.028048415139918041e-03
1.458139777995538658e-03
1.433666991879040380e-03
1.378012876352540305e-03
1.076242264985866623e-03
1.321478668046517039e-03
1.189021854628843780e-03
1.586281732330088647e-03
1.969649331609642489e-03
8.880188032015501592e-04
2.545084720045694918e-03
2.192211200527717594e-03
1.775939568094377996e-03
2.346142413705043592e-03
1.932188971147512282e-03
8.440813571771722769e-04
1.117006793377835466e-03
2.550073245872455131e-03
7.518102263541216442e-04
2.404697808930545289e-03
2.208798386569225947e-03
1.503269877498274350e-03
1.140447910885626637e-03
1.082132446004348877e-03
5.436800119379120834e-04
2.365055662863079985e-03
2.040435115121580403e-03
1.442814417622253348e-03
1.246628480298460784e-03
1.762706911024820855e-03
7.202436192765094896e-04
1.804482128670946341e-03
2.087646954494136800e-03
1.156261723177307108e-03
2.769320098374121377e-03
1.328201012971810249e-03
1.278290277783502432e-03
1.451591646921707515e-03
1.707585503212490302e-03
1.960763919924509747e-03
1.613997870057785411e-03
2.081143620505762366e-03
1.628969246016390279e-03
1.227245041997632657e-03
8.588258413072230157e-04
2.262369099853971197e-03
2.476808520039909187e-03
2.415628059137200304e-03
2.254796504351221260e-03
2.488714843798308946e-03
1.951802224714276361e-03
1.710269751070597798e-03
2.398643839477733204e-03
2.314760436033513891e-03
8.079896542633949316e-04
1.468384710572817912e-03
1.656364955505586992e-03
1.229652566766721144e-03
3.170673546282779150e-03
1.551072709878163107e-03
3.118101499098508041e-03
1.167609943704341026e-03
1.779760127079213494e-03
1.644953636692363325e-03
4.293047980013822186e-03
1.200344304291553216e-03
1.434972544087611190e-03
2.127818517449001252e-03
1.873543746547885443e-03
1.875758942886610308e-03
2.127837059694618650e-03
1.908094977654505465e-03
3.072539345868472316e-03
1.474778685605436946e-03
3.096856505052580314e-03
2.115935237202576803e-03
3.450596302584039207e-03
1.892163674707202309e-03
2.571757438322518075e-03
9.544529354519952187e-04
1.265770362637994115e-03
3.090345772267829964e-03
2.147708939718631811e-03
2.125651337218838893e-03
1.668566193749849514e-03
2.803820754929548398e-03
2.166831652325486735e-03
2.913467505474003679e-03
1.828547002722501072e-03
1.311239813828136026e-03
1.735755424759873392e-03
9.661465872299991944e-04
2.273867543581933100e-03
2.148438938857116526e-03
2.515764145579432818e-03
2.621952339161575871e-03
1.977467960666687806e-03
6.419340285291811167e-04
1.254263925199956614e-03
2.369158169923991225e-03
2.648957567293802173e-03
2.927855230980001226e-03
2.795798198376471880e-03
1.968882645929806961e-03
3.286982411035422637e-03
2.221021134765415513e-03
1.590596717336739165e-03
2.677846160360010212e-03
1.547711887276883918e-03
2.057755787773613790e-03
2.629060655933710897e-03
3.980744422190597080e-04
2.003240118029618513e-03
1.305404460266700647e-03
1.738623436178204787e-03
1.794947695635066339e-03
1.668342758662694691e-03
3.360838731119330982e-03
1.375462040717407349e-03
4.066897422986778289e-03
3.059404876665109806e-03
2.253844587314444547e-03
2.087337952355005494e-03
2.507097799439869570e-03
2.042870265892989066e-03
2.426462501013949835e-03
3.174972372597880364e-03
2.329739345922745251e-03
3.056666943807245448e-03
1.433323561329400949e-03
3.092265721107724605e-03
3.632918051318729819e-03
1.952658674737512735e-03
1.030133483884036489e-03
1.731062914319260937e-03
3.748967627772548106e-03
1.152955367898604155e-03
1.739818613258500585e-03
1.982153235803402365e-03
2.130035076929914437e-03
1.954904203068674219e-03
2.503111688398127702e-03
3.568658431472800357e-03
2.535527300650600429e-03
3.643944408435478236e-03
1.724816263949739562e-03
2.005745964886732763e-03
1.593631974469100548e-03
3.074074733619699268e-03
2.345744203700512488e-03
1.506232597467108700e-03
2.317940724653320093e-03
2.775156108526439548e-03
1.252971166006328334e-03
2.197632439181603989e-03
2.212487185059261278e-03
1.161735950066091014e-03
9.911315396029939280e-04
1.138952147266234947e-03
2.946380485046209540e-03
2.032379526001034352e-03
1.774598390591384601e-03
1.917112972582416626e-03
3.186622806372707388e-03
9.118427031759687891e-04
2.126630291234186086e-03
3.052177806659525303e-03
4.096567210124635317e-03
2.562340552130874631e-03
2.935695765397685220e-03
3.598011252926480458e-03
3.643068447223700088e-03
2.830364763379696405e-03
2.380142995868986689e-03
2.505891149384306248e-03
1.986176274837829232e-03
1.962498919879455180e-03
2.984618994387719815e-03
4.943342349038416100e-03
4.971119406402991527e-03
2.679522792549462410e-03
1.491453992500336046e-03
8.341801797377741559e-04
3.937635389129715523e-03
2.279802888847317840e-03
1.817791740785098652e-03
2.412946253542159070e-03
2.751203244199799513e-03
2.390470718411030759e-03
2.238117741687962320e-03
3.639108969896586929e-03
3.261880800722285773e-03
3.304345697445621420e-03
4.009802593819068381e-03
1.224180762084960085e-03
3.158153659208102083e-03
2.742656482899474748e-03
2.750750246507658193e-03
1.584436564542911598e-03
2.006440465546296351e-03
1.965222885152423122e-03
2.334882209644994870e-03
1.978017831400231529e-03
7.114424034650802028e-04
2.984450605571525254e-03
2.870652455409941541e-03
2.938897005065461282e-03
2.489072609062539278e-03
1.763451098606014927e-03
3.471427422518665474e-03
2.395429625957419279e-03
2.993507333944755381e-03
1.519252379078911723e-03
1.876609032329720284e-03
2.993585892555695582e-03
4.251859966195336606e-03
3.961890677677659678e-03
1.813446238794559889e-03
3.913138549070774123e-03
2.823549561678307881e-03
3.195323734484746808e-03
3.757171008594730084e-03
2.471237049473098621e-03
2.709071636405160736e-03
8.561390100242317804e-04
3.093265741610975745e-03
1.159435012767820765e-03
2.567878961773886661e-03
4.205843388696195798e-03
2.670477588794855413e-03
1.438109949771272395e-03
2.216161145511374997e-03
1.219879695207082976e-03
3.004308964660787687e-03
1.967210283001244453e-03
1.943466884351315298e-03
1.142331464614296807e-03
3.002900370452772378e-03
3.135321152722254923e-03
1.929299157308532941e-03
1.670051943437688303e-03
1.914150904838300086e-03
2.316639534785207982e-03
1.790475337985514932e-03
1.359039015833650617e-03
3.712073700615314657e-03
1.806996702715840545e-03
2.772706907238943475e-03
3.552887830397776815e-03
1.072826618801448265e-03
1.992680370939924322e-03
1.250712097710445815e-03
1.477083721214593600e-03
2.532861585381917385e-03
1.469559744117293230e-03
1.894157370764998393e-03
2.438482812361744776e-03
3.285210562057463719e-03
3.012708879165415608e-03
2.474018380148549929e-03
2.537132744042544692e-03
2.916906381822951654e-03
2.501725894880479830e-03
7.917939312502526384e-04
1.916440443209026494e-03
4.148933981408207787e-03
3.201611842298421589e-03
3.593870286462658593e-03
2.476737146233300331e-03
2.743855937901691112e-03
1.814411410145702706e-03
2.846668745019433847e-03
2.403355938237620656e-03
2.683396682268377430e-03
1.705587243138769696e-03
3.162620467241988691e-03
1.491273410632681061e-03
2.872616583852881985e-03
3.253706156024620613e-03
2.178021260593769690e-03
3.712913810987407848e-03
2.613545677461340602e-03
2.350436808663110017e-03
2.234969203674028442e-03
3.664783847392653893e-03
3.725541530134431761e-03
3.504206328147928262e-03
2.471359265039279381e-03
2.288858229370540308e-03
1.298433597420211704e-03
2.363303891908603155e-03
2.830273903382884461e-03
2.126562647514618123e-03
2.810589760589841165e-03
3.438801418524644205e-03
3.307096239216670164e-03
1.777572846725205625e-03
1.797398942358045294e-03
3.490917689155653182e-03
3.094634070310964269e-03
3.059966915681589482e-03
2.040423166384167705e-03
2.328345450492117028e-03
2.856282196438506005e-03
1.368110050775229580e-03
1.299404613822758344e-03
2.925391006158419103e-03
2.757410679222911925e-03
2.155859840985846487e-03
2.803113857332010812e-03
3.048291055884082366e-03
2.491732807765155520e-03
3.180440471544864877e-03
3.742433849695337832e-03
2.811991863697439753e-03
2.660653920486582592e-03
3.569209141186226609e-03
2.867395632308177185e-03
3.398318561794214012e-03
3.510324425282649805e-03
2.033487122881883977e-03
3.108524092281456444e-03
2.107553273925361851e-03
2.929213123238418124e-03
1.608132284517326547e-03
1.617886971294403868e-03
1.727292679435497294e-03
2.053538107611203086e-03
2.605452622895582625e-03
1.959089547802400459e-03
2.486217581229088498e-03
3.832357712594015257e-03
4.333802166078900078e-03
3.321388296407716285e-03
4.342113139016787540e-03
4.296539367687283659e-03
4.026393524923750807e-03
1.906469040418171893e-03
3.837813868800288471e-03
3.041985914294545977e-03
2.312878772058850427e-03
4.203162448649235688e-03
2.044418315213865529e-03
3.016450044947316649e-03
1.697485951022616874e-03
4.310069820534521978e-03
2.389909437005718028e-03
1.347777813470960387e-03
4.845273419687128567e-03
2.523527311696485698e-03
3.478935279074303871e-03
2.778249028323661555e-03
3.176827677862794665e-03
2.005581353193320714e-03
3.150969979869288565e-03
5.097240902022244502e-03
3.358724501097647749e-03
2.977133787454219315e-03
4.571595988091575052e-03
3.306722005611204430e-03
2.351524077089468291e-03
1.957439413920071015e-03
3.273053534291516138e-03
3.954388559300744260e-03
3.474137024562473988e-03
5.283697088550392239e-03
3.415340007494196885e-03
1.924166793354836411e-03
2.615691082441115416e-03
2.688137609763182386e-03
1.764243388956917213e-03
3.505742840115220506e-03
4.374407914601178074e-03
2.182229061079819961e-03
2.906464335348906726e-03
2.189288646932728045e-03
4.470389566358715962e-03
3.288467181784897244e-03
2.694937763285040321e-03
2.894284979550082113e-03
3.264417299965933529e-03
3.163079170866582666e-03
2.324179244330846356e-03
2.029758679179220673e-03
3.115439389167181782e-03
1.649118958632120281e-03
3.267111497539288041e-03
4.040771717752522640e-03
2.857634717944289044e-03
1.951944886488142820e-03
4.223948743989030044e-03
2.665764035418016330e-03
3.013742194315965472e-03
2.234807248701523030e-03
3.003281402777566080e-03
3.983023036867998704e-03
1.989014302969787599e-03
2.263532875607144473e-03
4.954580865788601497e-03
2.939881971156644777e-03
2.691610040351257154e-03
2.983998902298769847e-03
3.077113066505684884e-03
2.009575460813449888e-03
5.586723972253761911e-03
2.377336860628107267e-03
4.485826871487894919e-03
2.606024743829453514e-03
3.215080611920575343e-03
3.324343437530951142e-03
5.092266883002280475e-03
2.275267072439838938e-03
2.748579403831871715e-03
3.700618775763753285e-03
2.439913035081035884e-03
3.274183283258824771e-03
3.927348547170576853e-03
3.031469540414400473e-03
3.879535442351803119e-03
2.305576496730560917e-03
2.497385363568730213e-03
1.408233574435188923e-03
3.246255158520124518e-03
4.806172996658990629e-03
3.917971855966469706e-03
1.735953660637262709e-03
2.266124621789350480e-03
2.282400886382474330e-03
3.050639382295137342e-03
2.331832999537572330e-03
3.627456821231909989e-03
1.669664710529228510e-03
1.925625649016715841e-03
4.503052246346457566e-03
4.542241607038735932e-03
3.306629626084993043e-03
2.652720775450461994e-03
4.145028671678910662e-03
1.567269033119524308e-03
5.777211945946893711e-03
2.558937077612293606e-03
3.944992554891255804e-03
2.981286077256638245e-03
3.064889503809836626e-03
4.261378724438394383e-03
3.241362554171109411e-03
3.798997185008626612e-03
3.430790730883762334e-03
2.544629575083503896e-03
3.457708576270127846e-03
2.243834317025395625e-03
3.111058002197793475e-03
3.137416194665757982e-03
2.726568505344957247e-03
3.440797585371974630e-03
2.542717539545161481e-03
7.594811142742508708e-04
3.258372683508043398e-03
4.125004882931521122e-03
2.561749209387394026e-03
3.516351792115856006e-03
2.190643174653038924e-03
3.905767854244482969e-03
2.298325157701359717e-03
2.072959072070494190e-03
2.380224404921502373e-03
3.382732203683051601e-03
2.658589694485646773e-03
2.382842183869458754e-03
2.669264085674073923e-03
4.573796512718345843e-03
2.535086364223533041e-03
2.839361813499197140e-03
2.791852991058821429e-03
2.234563413320434910e-03
3.917653701039172133e-03
4.528543787039328132e-03
4.071881955077643993e-03
4.066883089660186697e-03
4.503315090110053022e-03
3.474941285286439058e-03
3.239415181383443251e-03
2.185613563800991015e-03
4.610239910335833975e-03
4.503228344541573835e-03
3.117270217861886628e-03
2.071511943656300942e-03
2.507145283614210362e-03
5.343267048049967285e-03
3.109016878126096613e-03
3.011014059169714058e-03
2.178534113249906180e-03
3.482179991524563152e-03
2.853586634195924478e-03
3.210271709198896442e-03
3.933331658866862091e-03
3.833706545937895678e-03
4.675598453983340931e-03
2.496658267762573088e-03
4.311863797712509744e-03
9.968524650450800301e-04
2.378126817410219310e-03
1.871979682271664256e-03
2.117448828082285541e-03
4.630252647208742828e-03
2.464194523890955203e-03
3.306323551366725615e-03
3.212763526812715403e-03
2.211675739648975934e-03
2.992134310339158478e-03
3.115896968739514331e-03
2.068291954471013824e-03
5.644241715688605963e-03
2.865857066771533481e-03
5.991935936290917510e-03
2.699804277662002858e-03
3.015662821244353455e-03
3.554690456066625544e-03
3.477561219754285188e-03
3.341523638285955229e-03
3.123875869490662545e-03
4.408947977664811821e-03
3.325415533288317120e-03
4.379673274325806588e-03
3.518282172741474950e-03
4.160281050147653439e-03
3.725038903747343848e-03
3.258270741709895502e-03
3.049209381229546836e-03
4.351390155132660309e-03
2.835360827104171921e-03
4.961024855284737640e-03
5.006377469258214107e-03
2.408950223088100057e-03
3.910625901542516894e-03
4.323608910463144599e-03
2.889763143220868379e-03
1.389148803574053858e-03
3.631272539026469352e-03
5.284774139179389263e-03
3.193771039105338088e-03
4.215189511580776267e-03
2.587308646412974332e-03
4.745345734326646137e-03
5.350012248867320325e-03
3.892804634576476144e-03
2.558377886057065526e-03
4.079623256200430766e-03
3.295946044244368271e-03
4.068208069447760283e-03
4.457558804062056873e-03
2.978649388303331209e-03
2.680599129345363936e-03
2.371897597810364560e-03
2.842486204498707869e-03
3.904869720048056384e-03
3.484956065851981411e-03
3.405339284507175480e-03
4.617155508813557650e-03
3.090017793089779204e-03
3.777580534316314284e-03
2.831874415944694336e-03
3.644077703446472853e-03
3.165555198297151721e-03
3.843260838832328937e-03
1.777260167934393079e-03
3.072917133336827786e-03
3.366535881632064589e-03
3.822920840086033775e-03
3.051972532347119963e-03
2.718782167197769401e-03
3.485998308694815938e-03
2.750141105763519254e-03
5.574864946499335193e-03
3.314276183237943162e-03
3.409767854300049285e-03
3.509932736429588647e-03
5.257810734974930657e-03
2.504518420095999068e-03
3.830052183859857483e-03
2.061883789630250107e-03
2.846789019620084380e-03
4.031085000366529079e-03
3.135692682585312745e-03
3.641023180746918910e-03
1.824321391819368676e-03
3.170855764641000458e-03
2.251310112270082844e-03
3.060633534423837319e-03
2.913754092601626190e-03
5.855782700047954849e-03
3.284994645663146060e-03
3.816979644059234188e-03
4.331997406064445715e-03
2.694871031026343546e-03
4.594614954311763630e-03
3.652363965942098493e-03
3.987244419530040079e-03
2.627359019090778989e-03
3.001940226465024068e-03
4.510308866098065861e-03
3.814225798186590254e-03
2.586428580545505323e-03
3.233484148131259006e-03
3.283547601588363268e-03
3.684643017337381997e-03
2.841002736793384140e-03
4.650576869862048726e-03
3.960381955787612915e-03
2.140722699965077070e-03
2.239511355170826362e-03
3.534214333443532266e-03
2.865469492399518557e-03
2.531886344240146490e-03
2.898619968091306186e-03
4.117248561468268148e-03
2.880317954058192985e-03
3.970665180553304037e-03
3.200804701383747324e-03
