7.902102373655192982e-03
7.890719935324239098e-03
8.010732232958629392e-03
7.551925281531010441e-03
7.341155145983524130e-03
7.040067498580520299e-03
7.299182690604176689e-03
6.972789317516770759e-03
6.742878177819777892e-03
6.505859151937996160e-03
6.475366609079200898e-03
6.221675813976602562e-03
5.947419156373619578e-03
5.900444353190954262e-03
5.739045956873179560e-03
5.433033130527013116e-03
5.325523299964917898e-03
5.096535017747655903e-03
4.922224784097809468e-03
4.955843673424745362e-03
4.847882969725553735e-03
4.431259798141259573e-03
4.460848124546083412e-03
4.269944437975533788e-03
4.304283762694374564e-03
3.923081250959074839e-03
3.966720655562155744e-03
3.551264518610563505e-03
3.451113087562703192e-03
3.497672442974423916e-03
3.086916971512683981e-03
3.333536912280076793e-03
2.905255606135423354e-03
2.514696972274233205e-03
2.722304883433424114e-03
2.695353791150285633e-03
2.623916520393012111e-03
2.281383601008238077e-03
2.440559695532936932e-03
2.348548360104428696e-03
1.875445715235832256e-03
2.057481450912491700e-03
1.860041543064738572e-03
1.914783303221533148e-03
1.892478633801017050e-03
1.788952095316044240e-03
1.870667742495935731e-03
1.581551427513205443e-03
1.496623440672313621e-03
1.339503289158504350e-03
1.265741240300973262e-03
1.296997836162375704e-03
1.704778471506659997e-03
1.222772682063944178e-03
1.853081985571485230e-03
1.603551203299051790e-03
1.440017479169381940e-03
1.540955718327268213e-03
1.446932541003109448e-03
1.303770408157839877e-03
1.216973002381039259e-03
1.576013900283304309e-03
1.558860887184763391e-03
1.709626940652352999e-03
1.549679833356840770e-03
1.545157113326802063e-03
1.585662294564322422e-03
1.914607498673227305e-03
1.639457174919171792e-03
1.690251009799084323e-03
1.842711769780019590e-03
1.974474227102152989e-03
2.079561366178100598e-03
1.608228870089358159e-03
1.297760552171730013e-03
1.307971228640764311e-03
1.552307058594182623e-03
1.465201612997603809e-03
1.290358336381112114e-03
1.273979500886659143e-03
1.118885101393653474e-03
1.009648776577878318e-03
1.276866220241831048e-03
1.543799817012610773e-03
1.375392019902285570e-03
1.112912360633247846e-03
1.739177687023043877e-03
1.449184714496637699e-03
1.218575852307694643e-03
9.911358819022235336e-04
1.204170942052762254e-03
1.330432104629349337e-03
1.240744991361775445e-03
1.351290196337831193e-03
1.135798555559307255e-03
1.311224109117199157e-03
1.288033599340313116e-03
1.282452444920552988e-03
1.117864112949764439e-03
1.309117025788886701e-03
1.068961615976725572e-03
1.123474120424027695e-03
1.172785235708836754e-03
1.362848246120547608e-03
1.081847631599746609e-03
1.297481341168798359e-03
1.120796231822907734e-03
1.247228165111959226e-03
1.252539982151317302e-03
1.130601060596397867e-03
1.037301306729903217e-03
9.869305086224701082e-04
1.216237519208699909e-03
9.471407484652843945e-04
1.045185395436204522e-03
1.155405185901566250e-03
1.090693250715276449e-03
9.217909475557581637e-04
1.496219835676231577e-03
1.046266395071168611e-03
1.092102906920555975e-03
1.112839321998396061e-03
1.356586776309902549e-03
9.949876517793348422e-04
1.241528727868790836e-03
1.069001740593194822e-03
1.140656296758004330e-03
1.015614141457007102e-03
1.060706389255358867e-03
1.136467780253666744e-03
1.036448495590282931e-03
1.288810865881392887e-03
1.047513028409917998e-03
1.187606283991497758e-03
1.026637834581349074e-03
1.238759724300186318e-03
1.064322921571955391e-03
1.068019710212759175e-03
1.035144696882508292e-03
1.388886705771167620e-03
1.089324965256192271e-03
1.363073352266501578e-03
1.172805120022043590e-03
1.360775645180962740e-03
9.986355556378656833e-04
1.262133755075604824e-03
9.875142040925316035e-04
9.943142662715061947e-04
1.566089866514012562e-03
1.040056321801937451e-03
1.069188530396663651e-03
1.583239935975986560e-03
1.366064899160602045e-03
1.378477342967582850e-03
1.174333077664819081e-03
1.062506396640350726e-03
1.454627878687220861e-03
1.301738806992074060e-03
1.146789485555898061e-03
1.494925733667637740e-03
1.253326643252607349e-03
1.320150876551937557e-03
1.580813557104132063e-03
1.227880896033963377e-03
1.522174484298743306e-03
1.599091114727822695e-03
1.376601118197261740e-03
1.726472418160852245e-03
1.488415296822938501e-03
1.459165169970499162e-03
1.791128129896992806e-03
1.661085701647249061e-03
1.273773900121264162e-03
1.521791933980129767e-03
1.231870111480773324e-03
1.296472140369197504e-03
1.110226504138684973e-03
1.524540801390728093e-03
1.379821739570382191e-03
1.282905506616393567e-03
1.431619606334931126e-03
1.239354641331613487e-03
1.212618657481188793e-03
1.089389305538146502e-03
1.369459372667062528e-03
1.096482847762063209e-03
1.147462088214631915e-03
1.012507338403170016e-03
9.987100096001391356e-04
9.638565948775319140e-04
1.169588527748827980e-03
1.025250009864468953e-03
9.014229231959109160e-04
1.127129340751672256e-03
1.102948908233842163e-03
1.059778968491304884e-03
9.560420974245321382e-04
9.780415069804699983e-04
1.043832138663012242e-03
9.148370684960311630e-04
1.176060788746795998e-03
9.573061156720975504e-04
1.077520749525685221e-03
1.064227997426669741e-03
9.435753110065310664e-04
1.028459413575533426e-03
1.337040222885508287e-03
1.056806019108213254e-03
9.991894609812030162e-04
9.787789553586960425e-04
9.005628752932369127e-04
9.753027512574027977e-04
1.188469382356066454e-03
1.083963751589537856e-03
1.044551091283608827e-03
1.108361196036519464e-03
1.080800689484757949e-03
1.000793659279959006e-03
1.059527363925662170e-03
1.017795321681472850e-03
9.523487891767247254e-04
1.034371882302203595e-03
1.025832419867171805e-03
1.109896144027043303e-03
1.031722520954549355e-03
1.039453068802905075e-03
1.021972276394911413e-03
1.049625122717019700e-03
1.063105728656071848e-03
1.082264863371694766e-03
1.118344433554392323e-03
1.045443976235069629e-03
1.018823065168861057e-03
1.135158443527501011e-03
1.048610672382085940e-03
1.111329821143783488e-03
1.000594152978953339e-03
9.692086285385916652e-04
1.043187072225837181e-03
1.143351748594660785e-03
1.138177886393662228e-03
1.064605296087081654e-03
9.745636091923253960e-04
1.210894102974000540e-03
1.030928801581661256e-03
1.237397823603614668e-03
9.807684310582983483e-04
1.211258005142914086e-03
1.158522833775769935e-03
1.035409544682306575e-03
1.150978954640481666e-03
1.186232044067303364e-03
1.047219754088459052e-03
1.086874439978948066e-03
1.181248916628120389e-03
1.015477294464142829e-03
1.149083145356104936e-03
1.002532619657610369e-03
9.950013922182762184e-04
1.058439315923724458e-03
1.578074609050191196e-03
1.186032804115064957e-03
1.388092246371881939e-03
9.842292065592493991e-04
1.250109737926652191e-03
1.003634324533153599e-03
1.018380862917392859e-03
1.278788127003211870e-03
1.457994540232086279e-03
1.335588172330865690e-03
1.280404716601151642e-03
1.180418174286203877e-03
1.467943259488697222e-03
1.076015098003601806e-03
1.553069508272026918e-03
1.395785338985354842e-03
1.243450868979322204e-03
1.429489877626098464e-03
1.641599167853547130e-03
1.282232992525674832e-03
1.216277598662951227e-03
1.251977310342166499e-03
1.209314420508141724e-03
1.120822094868732495e-03
1.267982373741831500e-03
1.375141871788948837e-03
1.103089644605207559e-03
1.058027138995948878e-03
1.402917601781276122e-03
1.333202024447062558e-03
1.255753115777153567e-03
1.520685647218784778e-03
1.358366682089307519e-03
1.328538626563662700e-03
1.368855971502870974e-03
1.455232637880319408e-03
1.434512572939081361e-03
1.164403703527210499e-03
1.370380526653321249e-03
1.413085819919653995e-03
1.615545474589563744e-03
1.271246816444128631e-03
1.483090632402908962e-03
1.226628101085500870e-03
1.541787958646506987e-03
1.403876441353537133e-03
1.469306805563406646e-03
1.426701569344756074e-03
1.344660883078942128e-03
1.200106642540620149e-03
1.032353015956113560e-03
1.532219406052406354e-03
1.611082302988184247e-03
1.447065034006751391e-03
1.644425994515104524e-03
1.640948369486196125e-03
1.413677250868752540e-03
1.726508360302182049e-03
1.594576342886724549e-03
1.475499877178904724e-03
1.629989867259746747e-03
1.234681097533224612e-03
1.205219078120155956e-03
1.890887315747182473e-03
1.725088843897438096e-03
1.845822016893366698e-03
1.624417599674101136e-03
1.416104433513605283e-03
1.618641631482060526e-03
1.645904731657189379e-03
1.780858886694077717e-03
1.418685141825964209e-03
1.267077593953539263e-03
1.719931035263610238e-03
1.731056395813162108e-03
1.166692756381316511e-03
1.759710755360128663e-03
1.684544279638035226e-03
1.522567118078609885e-03
1.633387488141613319e-03
1.835094956461477949e-03
1.536142233012618204e-03
1.525933924640703997e-03
2.016040103316817534e-03
1.510339819048394294e-03
1.455892852508380375e-03
1.718781175243441241e-03
1.370633701995756020e-03
1.710242220752005923e-03
1.725449712646615324e-03
1.890107938714796678e-03
1.494659104744095520e-03
1.635508117727747833e-03
1.592058430071225956e-03
1.514974558349792928e-03
1.461507679196975265e-03
1.698686267398228375e-03
2.006251923243260616e-03
1.631689578239299077e-03
1.627328885259411934e-03
1.389718227852740221e-03
1.721364573033749108e-03
1.145554880824869223e-03
1.370541775328416347e-03
1.523436802705518999e-03
1.739937434313261564e-03
1.500511520158961422e-03
1.734034878485298361e-03
1.896477879956550046e-03
1.615496975815555866e-03
1.715812909257822400e-03
1.738826218349784174e-03
1.459081999987897268e-03
1.549396665290617061e-03
1.485724562159009780e-03
1.621463054676764923e-03
1.432542326395064812e-03
1.738350860378434781e-03
1.382427319143948122e-03
1.964500454881021839e-03
1.401001934299436671e-03
1.504064920481829049e-03
1.812668887087422968e-03
1.489795319640501705e-03
2.082152922496755074e-03
1.370398010816633932e-03
1.554710839564902572e-03
1.705869611272704161e-03
1.753953540935335956e-03
1.925169260382974092e-03
1.545623135087277828e-03
1.540534935201614154e-03
1.859663339361882026e-03
2.155684285794989396e-03
1.928990273008491033e-03
1.834729107438657584e-03
1.556239046257314662e-03
1.622603757304492142e-03
1.714505712070171989e-03
1.746677687637526863e-03
1.680287792641836642e-03
1.983509567751842555e-03
1.612120495151894185e-03
1.580640356796959075e-03
1.565101413983619469e-03
1.584265385097329741e-03
1.825767999480306953e-03
1.690957128650903392e-03
1.708561784889966757e-03
1.631397601426272858e-03
1.253683444228949426e-03
2.304001389696976043e-03
1.718118617697844946e-03
1.850930071082528515e-03
1.841689211657181234e-03
1.712559091244426077e-03
1.547065738235076614e-03
1.436242881483966232e-03
1.830403227265838071e-03
1.606152485583154862e-03
1.391922896862125662e-03
1.529734051491105909e-03
1.751993395647515918e-03
1.903155189012701882e-03
1.698246603153861969e-03
1.417448062004714919e-03
1.675612756347409551e-03
1.615107960623404348e-03
1.551262858335199224e-03
1.604600972750513900e-03
1.665781538944461834e-03
1.659944437567252183e-03
1.574127470108049745e-03
1.749819386330127725e-03
1.289849522657537072e-03
1.648385621087378183e-03
1.569395543164472289e-03
1.623421284289702348e-03
1.389323155871268400e-03
1.649656228048277089e-03
1.607455252137423175e-03
1.627418665991256118e-03
1.547771541518431528e-03
1.217521570619893622e-03
1.415549605282805101e-03
1.389477367516049567e-03
1.558589446821860743e-03
1.719064422218486267e-03
1.066506154883416473e-03
1.764469137112459037e-03
1.889894571336899701e-03
1.429873279423878041e-03
1.224575848048657656e-03
1.281233758174175029e-03
1.485440796493386634e-03
1.581710901601906041e-03
1.236953641962774009e-03
1.889827501721003892e-03
1.854909183260939915e-03
1.409927084554507331e-03
1.346555352610161269e-03
1.332169175038676713e-03
1.452029637027479891e-03
1.416644248649902207e-03
1.926220701119985609e-03
1.236857023936856247e-03
1.455023540282889775e-03
1.465916704328053830e-03
1.607769411711738265e-03
1.593486108587277919e-03
1.230387156634770579e-03
1.828260251793552976e-03
1.426169148495916436e-03
1.452707070581583243e-03
1.327079964456473124e-03
1.153186066415397108e-03
1.590514035677259878e-03
1.228862059178712114e-03
1.299425031145606596e-03
1.403157584700980920e-03
1.509252798649883195e-03
1.245797227887570019e-03
1.331005768011313522e-03
1.568774715735777280e-03
1.454820860766909687e-03
1.272953397529778905e-03
1.350606828628820363e-03
1.500653734526146300e-03
1.491386139127966670e-03
1.263212813330813825e-03
1.393907306283679193e-03
1.349818204758726275e-03
1.357548294373114297e-03
1.471889693318739756e-03
1.188720042695767375e-03
1.277609634999637587e-03
1.120333193570895473e-03
1.482236727816874751e-03
1.242491455291081393e-03
1.615246003542244058e-03
1.730878138083053819e-03
1.267891878718550120e-03
1.670531690173743516e-03
1.411969674039652766e-03
1.269544139835211173e-03
1.787674629165429121e-03
1.713835447508584801e-03
1.323750855472061953e-03
1.384922740304374246e-03
1.361364299120805055e-03
1.258191447601788833e-03
1.433695337230000456e-03
1.176668371474201948e-03
1.419373643842989589e-03
1.294924204436136454e-03
1.254516736103964900e-03
1.081746372735747398e-03
1.264653832956389758e-03
1.430188797309101542e-03
1.438447358017711864e-03
1.498880138055161231e-03
1.494055478206400252e-03
1.518982392792983353e-03
1.380142799634281317e-03
1.382027751517751106e-03
1.296595005717612360e-03
1.318741536847892106e-03
1.600585214172585338e-03
1.191720632735515520e-03
1.222370330811128024e-03
1.359167917394561460e-03
1.488877378760829987e-03
1.289261913934294877e-03
1.385818182478832424e-03
1.454732872665417173e-03
1.566676549791336292e-03
1.504465305436422217e-03
1.287838620537686257e-03
1.508936743456426848e-03
1.263001206113238380e-03
1.339569904231394711e-03
1.146354232510058335e-03
1.280771834693091981e-03
1.100816481253047950e-03
1.361127528490717505e-03
1.465869593861386135e-03
1.316184488952580004e-03
9.526467679622193426e-04
1.390118454175649429e-03
1.300064210200019797e-03
1.287372020376032627e-03
1.556352830196184147e-03
1.313185496020739156e-03
1.283257214279322255e-03
1.059412728364652039e-03
1.097755100830198529e-03
1.354101926538095295e-03
1.084359696177354931e-03
1.324748479473849237e-03
1.366602475143171951e-03
1.447527989706343674e-03
1.223884405679485400e-03
1.133583422780792653e-03
1.243594310593725645e-03
1.315034683965747835e-03
1.232593437776385165e-03
1.373372763060775464e-03
1.355248242327942304e-03
9.641409282840425650e-04
1.137659023433469424e-03
1.188830908397372392e-03
1.089766874782290267e-03
1.214100708685626317e-03
1.341719246578269636e-03
1.077973801654791243e-03
1.334842645953849584e-03
1.276383912789716716e-03
1.250911906021689914e-03
1.014440045424929359e-03
1.099327902230813484e-03
1.220706343323958460e-03
1.407224219174476416e-03
1.408329196831808929e-03
1.262843884118954518e-03
1.292558431363805644e-03
1.096460643493896246e-03
1.084499617145974785e-03
9.708359886377176690e-04
1.206075117064286896e-03
1.399873677902371653e-03
1.532795382418452364e-03
1.396713766637108995e-03
1.468588505753121078e-03
1.232187550427647077e-03
1.387214203461373295e-03
1.054762543942974751e-03
1.158317964048932117e-03
1.064067190197053123e-03
1.259856155867506572e-03
1.231444825801761549e-03
1.071965682749093400e-03
1.131875786167705657e-03
1.052617117798217844e-03
1.083765016518464536e-03
1.125382461296457704e-03
1.061635606329554282e-03
1.318760201372675463e-03
1.185315839242500951e-03
1.245749748989606869e-03
1.212557700547700753e-03
1.165671757084635286e-03
1.329607955506600719e-03
1.291049263507496698e-03
1.104106529572574042e-03
9.712354097521755294e-04
1.231565019373876855e-03
1.310179003607182986e-03
1.021248165660157674e-03
1.059606131600131012e-03
1.335266719215638534e-03
1.120344481325010128e-03
1.313641052872776410e-03
1.057307892135990902e-03
1.440855820933502817e-03
9.919883193813285299e-04
1.170286461179580835e-03
1.355945647097671781e-03
1.127038094682054426e-03
1.018722697335646809e-03
1.159565812027927960e-03
1.042974901159716191e-03
1.160033365164276839e-03
1.200815745015721900e-03
1.130591024294962761e-03
1.001427508659388311e-03
9.869859956469220156e-04
1.073684491791356433e-03
1.105199797839993576e-03
1.083137005822300183e-03
1.244443942473820799e-03
1.005960892181020222e-03
1.016016062397694011e-03
1.355164616350441019e-03
1.331470089326873118e-03
9.762171734334023319e-04
1.150827789097479082e-03
1.155190247656026278e-03
1.145647871619743900e-03
1.204922794125521616e-03
9.763895879397559412e-04
1.047843438298542117e-03
1.085105939410604915e-03
9.849269455993667211e-04
8.919974572619068917e-04
1.109833968254335390e-03
1.334184963477271901e-03
1.189929136264223806e-03
1.157696135846623606e-03
1.124445373934183706e-03
1.162055994935264763e-03
1.165931847596967698e-03
1.217226220668676329e-03
1.000319597080426065e-03
1.377117760507164590e-03
1.034646507490759662e-03
1.145493288793539462e-03
1.171663895820689418e-03
1.015417951759630755e-03
1.076310022697958991e-03
1.021666006424431150e-03
1.098766185888520657e-03
1.084159724347561003e-03
1.252543172217492930e-03
1.107854660319853397e-03
1.027863143133714687e-03
1.140254158965677261e-03
9.433868722665606811e-04
9.778478893541363466e-04
1.112921403226548511e-03
1.217309099545574010e-03
1.139131411110440219e-03
9.752484697569538874e-04
1.105019671363975534e-03
8.584116457325814513e-04
1.429316397911155768e-03
1.142292622333195007e-03
1.077044680602488088e-03
1.159423293990758524e-03
1.096033302582378154e-03
1.004106780383074186e-03
1.213154726174634022e-03
1.141491298852020074e-03
1.250610240578775524e-03
1.084102450468610963e-03
1.295105358113174052e-03
9.806617482686391836e-04
1.010531985765632376e-03
1.171941217862194125e-03
1.066473964591036676e-03
9.982401307420951664e-04
1.096626972442909251e-03
1.092797644908197110e-03
1.076969568139068446e-03
1.139006956912749910e-03
1.170807997461059333e-03
1.161274740865057137e-03
1.049453460028489798e-03
1.072349371125865935e-03
1.177206198998194311e-03
1.035712795385235370e-03
1.257560436312474880e-03
9.229187639022832287e-04
9.138495701257576915e-04
1.007250602305896896e-03
1.047855248844916124e-03
1.139949264994683875e-03
9.827581593026086734e-04
1.251606697617370931e-03
1.000783830538839840e-03
1.152538554727963044e-03
1.162134530511115503e-03
1.070323448799322986e-03
9.568710805158727037e-04
1.005888521554629484e-03
1.036597714617207419e-03
9.864905609699931369e-04
1.030118495597934659e-03
1.148624941041494728e-03
9.767941162244844766e-04
8.735674428645911430e-04
1.205320422224090068e-03
8.669201491565427763e-04
9.599228258236815626e-04
1.305323766217836952e-03
9.549605342387477817e-04
9.977583801877481021e-04
1.062879769454397631e-03
1.047231721483350524e-03
1.097988015551869083e-03
1.046571129589619247e-03
9.925271760302621909e-04
1.133531276052564176e-03
9.952133682628652982e-04
9.264521560877058293e-04
1.076608739835179830e-03
1.070670794982435045e-03
1.142602682139288789e-03
1.139832381981282670e-03
9.391813332710277238e-04
9.410240770608773678e-04
1.075454622230944280e-03
1.093670930767995375e-03
1.085976846668393813e-03
1.001971344479514730e-03
1.112422559411836796e-03
1.152931429483602596e-03
1.132482751693876608e-03
1.061481341257020875e-03
1.017232740285028665e-03
1.101717621882957561e-03
1.145997648224334180e-03
1.046436541084084203e-03
9.188340964642122610e-04
1.234292261025555452e-03
8.721297597941522067e-04
1.126890040513327034e-03
9.576238315722305659e-04
1.044193979548669509e-03
1.134872700111530259e-03
1.208891135464271226e-03
1.046485546569338610e-03
9.304795879360524971e-04
1.181563224683974175e-03
1.084660363842063994e-03
9.696160354919643697e-04
1.074992298323508566e-03
1.019251221015422858e-03
1.093647024280220521e-03
1.019583730642394364e-03
1.077062398282754591e-03
9.646265489772835574e-04
