3.099965533170442357e-03
2.118556505997593389e-03
2.770531867963283833e-03
1.783319822857113834e-03
1.155681215383796067e-03
2.071498768627882871e-03
1.847572002729769118e-03
1.657688639478536573e-03
2.956593029951209897e-03
1.700439700009579152e-03
1.508383730084040392e-03
1.645038333003132590e-03
2.701901334130377922e-03
2.051343725812117182e-03
1.494184560194993005e-03
1.215417514958426265e-03
1.604800865747537005e-03
1.649217155326895140e-03
1.267432876944849397e-03
2.169107660264637649e-03
2.196243690771607516e-03
2.139201062978598328e-03
1.179793366309807301e-03
2.918218475396708745e-03
4.707455204050893082e-04
2.112001994323786137e-03
1.169096176804460072e-03
2.105241396400942336e-03
1.422180867797499760e-03
6.448874835396892127e-04
1.764875501435503530e-03
7.802377511525665022e-04
1.715214058657669278e-03
1.339771443650689120e-03
1.126944080491849029e-03
2.287662534549754056e-03
1.127719529340674058e-03
1.173256207923830839e-03
7.713256525410276199e-04
1.734968249067109312e-03
1.873227886591495410e-03
1.582172980693332493e-03
7.637015849639435883e-04
5.394581708064854217e-04
1.315246711745384151e-03
7.370851739256933542e-04
2.451900482361316709e-04
8.253223126745679560e-04
1.391108160240504517e-03
9.769436268366770478e-04
1.191996578753601755e-03
5.024080780732546533e-04
5.674430781384120969e-06
9.192848273985763322e-04
1.510546057335260218e-04
1.256795712693938917e-04
1.270331058634890540e-03
3.330691352472942859e-04
3.694236910817652901e-04
2.305513042794075874e-04
3.578783072513919226e-04
3.614017688296212419e-04
1.836906566985951319e-04
1.526877228416546254e-04
4.424688580562416255e-04
9.023262525984342012e-04
1.561040358844713197e-04
9.781338909650774671e-05
5.220280931532592322e-05
5.795668138553114858e-04
7.619794675893066605e-04
3.952796965540788013e-04
5.568436522434166199e-04
5.313842447377553234e-04
3.407485476612612686e-04
1.185788654745822891e-04
2.197335295154217766e-04
4.800095661493434211e-05
5.513052060108794518e-04
3.013602587001948125e-04
1.844082126085923529e-04
1.058548640718503077e-03
2.824463182419009367e-05
3.352836080337695686e-04
5.102510618769978603e-04
7.249771395193699286e-04
3.219565832340248019e-04
1.342661149267039448e-05
5.978468391156633146e-04
4.650263732123051928e-04
4.425290523218402107e-04
3.482510502506015417e-05
4.723355860580743539e-04
6.412281169223569763e-04
1.435917176164166901e-04
7.838290401213041667e-04
2.389708833492492138e-04
5.620728100019892507e-04
1.078181288908611901e-04
2.574239248224120162e-04
1.229312575405224319e-03
3.118135578219456217e-04
5.585602866320881193e-04
1.676074562925925870e-04
6.967420846762523157e-04
5.263837436005672481e-04
3.483861542159382048e-04
7.842275862093817888e-04
9.401415207989624644e-04
2.397547554391999194e-04
2.196535822842375836e-04
3.875279024983210624e-04
6.897891358291404753e-04
5.273980525893982169e-04
9.412167004410806068e-04
3.422002613517056003e-04
2.096412402865208396e-03
4.389848316641939028e-04
2.627434447413243496e-04
4.006288421995008809e-04
2.978462747736857863e-04
5.969328595372239447e-04
5.249425395052495329e-04
9.571795381293846453e-04
1.156049406719435830e-03
4.246581123133462985e-04
3.191910741316322298e-04
6.469959908011844053e-04
1.231393547024343905e-03
5.611588709932972038e-04
5.201965563326314433e-04
8.399811363151287336e-04
4.808553260961774350e-04
1.095983623728056426e-03
7.443425618157218163e-04
8.655508940574042605e-04
6.882827641178405290e-04
8.512064357937197635e-04
1.163557624126488948e-03
6.240662889459843788e-04
4.063236013678466255e-04
8.911371906763249518e-04
7.925073089147188039e-04
5.353159083269754502e-04
2.745325288522107421e-04
3.786406148933384153e-04
7.058383546562014069e-04
1.187398141376112739e-03
9.054157081735865215e-04
1.147641887877426554e-03
1.079899371898569499e-03
7.559873407237831288e-04
1.122732533386759874e-03
8.464453228078417952e-04
9.334819065643720770e-04
1.370085369499432189e-03
3.850434903142215220e-04
9.226887013843609224e-04
1.353072474711168247e-03
1.932327112960880843e-03
2.327508031303444046e-03
2.795704417305516082e-03
7.227778915937192869e-04
2.016179127621854812e-03
1.026763749476595133e-03
1.733581845657184784e-03
1.687632689294321165e-03
1.645082626813224340e-03
1.794351078082060801e-03
4.443235497568998288e-04
7.505613856274529969e-04
1.321217816998232052e-03
2.097888041264282799e-03
1.086415464945714171e-03
5.452345871620713691e-04
1.498475332294073098e-03
1.157311531367182520e-03
1.950103181583586615e-03
1.594329949313368598e-03
9.189003739650664342e-04
1.365276385602676428e-03
1.681280509230363446e-03
8.089598572941536806e-04
1.215690320860427810e-03
1.694812767131594110e-03
2.293382834142973069e-03
1.861455584348677876e-03
8.755030228802991327e-04
1.419478633086647618e-03
8.298933491909576748e-04
5.547859234338023198e-04
5.469013743167841935e-04
4.142580399412007139e-04
1.249423931925516514e-03
5.571701866210544999e-04
9.974126708525519330e-04
8.420735696292383499e-04
7.911792689218858808e-04
1.796765067656317478e-03
8.848866704868796514e-04
1.012167431186176839e-03
1.524018831187674925e-03
1.773332741547338151e-03
2.698364672280455017e-04
4.151458084826405463e-04
1.034026038130423904e-03
2.899787764422611606e-04
5.693495816657396895e-04
6.575572941907543512e-04
1.738189457643684894e-03
9.502311369733246671e-04
6.391593802301347420e-04
4.261659602866728759e-04
6.900618198907599449e-04
8.314012365353921344e-04
1.329629176446578843e-03
9.763963447874673832e-04
4.483746170616734325e-04
2.146523215092832441e-04
1.463719165196167120e-03
1.505524263654438614e-03
9.573251885114273611e-04
9.419486267010132021e-04
7.090686035965995497e-04
6.179257230803616085e-04
2.271663631416485603e-05
1.131159966233538780e-03
1.199294590020952940e-03
6.545017584242531286e-04
1.135066115973114905e-03
1.210698642095603346e-04
2.623119632347033063e-04
5.748984705776714584e-04
6.166743672423930693e-04
1.450259108985761571e-03
7.158252196966838170e-04
1.035903659814399209e-03
1.342870860829982948e-03
4.717458146638873247e-04
6.958355278396307362e-04
6.752503678734478104e-04
2.249699704965532046e-04
1.453611577594838547e-04
1.359691913395707705e-03
1.383779870980442737e-04
5.073977035231181602e-04
7.810574779566995408e-04
4.427024273271980997e-04
9.451899451325594616e-05
9.245600398623127214e-04
3.005255013763033761e-04
1.494231574898190738e-04
7.682871194875459274e-05
7.362222688885721334e-04
5.558093435853937421e-04
2.095715013871095951e-04
4.372256605256799578e-04
3.371782327048555373e-04
1.199009669585920007e-04
3.352121608547434673e-04
7.321278160788566238e-05
1.120822105897484544e-04
4.891640576927591471e-04
6.516969627184061907e-04
3.322150173227392885e-04
6.683163002813088678e-05
7.746607091077991041e-04
9.591307701716505357e-05
3.675098482274595925e-04
6.384605322335005270e-04
1.054775830556548704e-04
4.478042922598914153e-04
2.031742464805202488e-05
4.373566697451526934e-04
4.181876624285784309e-06
1.869140244725542928e-04
1.286133025575470195e-04
1.410979220319676976e-05
1.086885127285450056e-04
2.440666969790124995e-05
6.709959960751998289e-04
4.971013972460557213e-04
2.085004437012092843e-05
4.216879538277658649e-04
1.836238112547514188e-04
2.818236890950314723e-04
8.650353291042239086e-04
4.640873410636078204e-04
8.489011504307032632e-04
1.003411421402708740e-04
2.301426883638697503e-04
2.781495209097607974e-04
6.405019617088987408e-04
4.116323518892290646e-04
2.414216254501180662e-04
2.493752768290185065e-04
2.351412803995891988e-04
4.935646455095415910e-04
2.077552698818604362e-04
4.684136671106739285e-04
4.016844255413471398e-04
1.471463685880477687e-04
4.830760015833063291e-04
1.634209771073343349e-07
3.258387965203365108e-04
3.540786318684206713e-05
5.702062300886057833e-05
2.988563342471659825e-04
1.702346895888814971e-07
5.816020317895731094e-04
1.615609039526009962e-04
2.324181054471360995e-04
4.944212996474464819e-06
2.102040260263385502e-04
9.484358379582744999e-07
1.505982587218988823e-04
4.183988049401050771e-04
1.355078052733035398e-04
1.877917930760452077e-06
2.881226486235525771e-04
1.225236899652431379e-05
3.093181257016386007e-04
3.192200749901291201e-04
1.309744702759837772e-05
4.750435163778768985e-04
7.464479071302001839e-04
1.079762398676287614e-05
8.221926574243652907e-04
8.304283363164179370e-05
6.595556348342867387e-05
3.819646962231775162e-04
2.720821222362028642e-04
1.796191619971034513e-04
4.551330650352798765e-04
6.472509696411333482e-05
5.163903105219178790e-05
5.607366622415833413e-04
4.390977834504323916e-05
3.656222507156437385e-04
9.996641208672690901e-05
1.210826283208047858e-04
7.080843723393777465e-04
5.153321579796660295e-05
2.259940754774307950e-05
3.050350790128669373e-04
2.802961956001792025e-04
6.548923226384836826e-05
1.227987829106596683e-04
2.927390168492552475e-08
4.522592384279094496e-05
6.617554373422070276e-05
3.850423325529187327e-04
1.064127563768989363e-04
2.242580679296260016e-04
2.226426737646761318e-04
3.594105851754306300e-04
2.323299627236970720e-04
6.015416250186773846e-07
1.416661144264451616e-04
9.526078835627349627e-09
9.812251373152632028e-05
4.007854472343715178e-06
4.358405310297555971e-04
1.455597213894199000e-04
1.934641191182194281e-04
7.962277625372096094e-05
1.064735278892560559e-05
7.797388537894559446e-05
5.025708679787815490e-04
1.114722537551687934e-04
6.813260895064779149e-05
7.144399008122906544e-06
1.937505426211035063e-04
2.940924416048221299e-04
1.240402726635545883e-04
8.111737268369772092e-05
8.828195811157373094e-04
3.314892597137022827e-04
1.098955304366233156e-03
7.135887618078882826e-05
2.901738622325957212e-04
6.401248000558621082e-04
1.454859773984506610e-04
6.116924433715108082e-05
2.393903204831079507e-05
8.245687238056923808e-04
8.121757025313381401e-07
8.260917077761794304e-06
3.041234384645632226e-05
5.833069581123242217e-05
2.813534697719279110e-07
3.038367247073661418e-05
1.054587103879097068e-05
6.542719099995737190e-07
2.348473248240877100e-06
7.590368742025628360e-06
3.547814580723760141e-04
1.760548515497029358e-04
3.030374391395118964e-04
7.592484895128401399e-05
1.512215383590115531e-04
3.312179009383380631e-04
6.988700830290456431e-05
8.673716176713066939e-06
1.237421715300849310e-04
1.418335592745029389e-04
3.034491485856358889e-04
5.200445883887923701e-05
1.300377055328161995e-05
2.274437341949422800e-04
2.220537900722400224e-04
3.476641388023848391e-05
3.582059127660750203e-04
2.525911100696317686e-05
6.633394266773989106e-05
5.347557076353456505e-04
1.781628694521978393e-04
3.586416914100010677e-04
4.662973043985914817e-05
4.950797512805873773e-04
9.312927808278021423e-05
2.006957603202716423e-04
4.110765608152945459e-05
4.838807084183338776e-05
3.941800140651353788e-05
5.536362656900782652e-04
6.111794130764370669e-05
1.438266491869653896e-04
2.780152426938150775e-04
5.610272615014615647e-05
6.789961510687713862e-04
2.758294848570462272e-04
2.468715395470981041e-06
1.481508891248462813e-04
2.806998296629254690e-04
2.414999251971819145e-04
5.279814010142132594e-07
1.214806086456350946e-04
3.475630727794226313e-04
7.866633065860606836e-05
4.506601913639615405e-05
1.875536594387753665e-04
3.090322258688903145e-04
4.283238097984703274e-06
1.606441794089538276e-04
2.166297297037779001e-04
4.656487653736955310e-05
9.991360970315178676e-06
2.364623313851378368e-04
4.643204201994187305e-05
9.391870418930330245e-07
9.325139435998497146e-08
5.005953935209107907e-04
1.600634749581253489e-04
7.887579499000742789e-06
2.554243846753610357e-04
5.803851346702447846e-04
4.874984717719920780e-04
2.265629279474360987e-04
7.579661968982192189e-05
8.122592069354902990e-04
2.640625864863199788e-04
9.130504045795455326e-05
3.357509754699256489e-04
3.328263939851833870e-04
7.694249253519633465e-04
3.087175339425259275e-05
1.368021656128043633e-04
8.496359066760100472e-05
1.009601283469495326e-04
3.973737561895793430e-04
9.361675790454532253e-05
5.960627289726115121e-06
4.675571219579258370e-05
5.795023860673113349e-05
8.447478854102989469e-05
2.320220596634326913e-04
1.384573656611283628e-04
2.405491689342920147e-04
1.438702168768914353e-04
3.603777870978448729e-07
8.646242271711353450e-04
5.125845699772000512e-04
3.200404700739949257e-05
4.975034710105880054e-04
7.239871399144377480e-05
6.104993211921675052e-04
1.705784302808944976e-04
3.070155888589525396e-04
1.740207406573018921e-04
8.108016861853809681e-04
9.185061275049171380e-04
1.901441663438088996e-04
1.931468459423828991e-04
2.603440106993953246e-08
3.725817775848149806e-04
6.698545151550250028e-05
9.608617507035434107e-04
4.505202162840042592e-04
2.491111601367809115e-05
2.046915527779151120e-04
2.000372980059630555e-04
3.724537335031672422e-04
1.784609423170118239e-04
1.005570031460124622e-05
6.282170301728814250e-05
1.471582085347471277e-05
7.255378087656811378e-05
5.645897611680752092e-05
1.347123080193944622e-04
2.875592756142651980e-05
4.578412113154719121e-04
6.863081319524116464e-05
1.337846359715065417e-04
2.380621847692688262e-04
6.986233415537902920e-05
2.904082053029675807e-04
5.746538512796998911e-04
2.018442707995940261e-04
2.230614663318770691e-04
1.223281358628748463e-05
1.693800081563449922e-04
9.435282641663427004e-05
6.664956304628725224e-05
7.528239539960532550e-05
2.042809079045479991e-04
5.261306408191097775e-04
6.043069597299347901e-05
4.696291619324863536e-04
1.217290478645585754e-04
6.229305452617701162e-05
2.858701872231429937e-04
3.921514483306523676e-04
1.324877593717819070e-04
4.863107290361000953e-04
1.232353577245339937e-05
3.028608962029530598e-04
3.692415819940923207e-04
4.182350771637676000e-04
5.213078886241803581e-04
3.272592324754567371e-04
1.482353185661948599e-04
8.490723782800336313e-05
3.437921726571886130e-04
4.183602652049440507e-04
4.750806148719623851e-04
5.808796593900368956e-04
4.524173157354170749e-04
3.738410901590923509e-04
3.977066419881364291e-04
1.799612577162018070e-04
2.971432279718220679e-04
2.661112410145437452e-04
1.692983327544685828e-04
2.364822236218278593e-04
3.611575277171288640e-04
1.446097196580062262e-04
9.087241772011538110e-05
4.746487421051188245e-04
3.407971516160897968e-04
2.627154836616333753e-04
1.571821005693223406e-05
4.501142281322884580e-05
1.206352613819492060e-04
1.384277862193230928e-04
1.936269218055516417e-04
1.649168998854677690e-04
1.262772127028816995e-04
6.134782099443693813e-04
6.019669775919689672e-04
2.530220290519456273e-04
7.710244001299532959e-04
6.807000747724481189e-04
3.562763302379587393e-05
2.236585944535950240e-04
9.977310725841623869e-04
8.203934495664262855e-04
4.113009285242044872e-04
6.514610821402240818e-04
4.838480417531602754e-04
6.853548561035151167e-04
8.139369221659529074e-06
2.204943636378073454e-04
1.030024321777812745e-04
5.750995063258040147e-04
3.012901063048482354e-04
4.020074692278561841e-04
5.471142083326093223e-04
2.007071842784039796e-04
6.053494019334409917e-04
5.345960368284396601e-05
5.299934510836940444e-06
8.464026340692697006e-07
3.298885131712857625e-04
1.831562873262216728e-04
6.779423410766269656e-04
1.592501404582071260e-04
5.062368945051403920e-04
1.374128028020601315e-04
2.663735562745324381e-04
6.792175179584740430e-04
1.830835408014735513e-05
1.249903259872260988e-04
5.656438925564782763e-04
6.528108492066786971e-04
6.089436976185740470e-04
4.734075548568621866e-04
3.854552243795120289e-04
6.940125204338290434e-05
5.951668208776791718e-05
1.909125403459305476e-04
2.979838532226268110e-04
1.801179116511667584e-04
4.340041779295667921e-04
4.227170608571961525e-04
4.047532783585430015e-06
4.434832150176232901e-05
2.142312109261537971e-04
5.676070907019996104e-05
7.683123018486562441e-06
2.855047969745423599e-04
3.315583870753345931e-04
5.225175200378770306e-04
5.306672959064038787e-05
3.613052438973755735e-04
1.203339057152788463e-04
2.815151028471978576e-04
1.548515675437554394e-04
4.209745250859563896e-04
6.193284518623326431e-04
1.151082703685691417e-03
6.359445433537726147e-04
2.139583551056311391e-04
1.222252296977924301e-03
2.734583447964138831e-04
1.420761517349505452e-03
1.241047691171017018e-04
2.529684507740060208e-04
4.124729853417652024e-04
2.833087645541757394e-04
1.050784263151028665e-03
5.653713817646135792e-04
3.723948963161581344e-04
4.562385689770430977e-05
6.673471287634317670e-05
1.382632363857120309e-05
9.122094771366562284e-04
1.200842291703171471e-04
4.705867217060612294e-04
5.018144681301684763e-04
5.355376338226833493e-04
4.202385600616088761e-04
2.880526005938678917e-04
9.792293281627955748e-05
3.298592230566209718e-04
8.041295977767832853e-05
3.051313038363826381e-04
2.718820679226197144e-04
3.383042223614734644e-04
2.414321693653371321e-04
5.712684227197362423e-05
8.293353859401101117e-05
4.029251343607287016e-04
5.184083821636611666e-07
6.184335506462091238e-04
7.103280480464787758e-04
7.152662941138854735e-04
1.010686201863800096e-04
5.624182577333961160e-04
1.451326759633573670e-03
4.313281917342155010e-04
9.400988729605287307e-04
1.043912479529942802e-03
3.871884855974243116e-04
6.211847533562753600e-04
5.060634786145085497e-04
5.420684767288877449e-04
4.873340904013616554e-04
5.518825057561859131e-04
3.374090223945899205e-05
1.357140708096121024e-04
4.538550406044333601e-04
4.643965140133744026e-04
6.105764778362560673e-04
4.906656630266617233e-05
5.155856602054522287e-05
6.974634306954992846e-04
4.803514601552411772e-04
6.340552052124491522e-05
4.723327586963779160e-04
1.036489184923403009e-03
4.654689745917478224e-04
6.750372722890317844e-04
8.322137570786899367e-04
5.105914823992499041e-04
1.090168897232814604e-03
7.236408653185416508e-04
3.505146042020575929e-04
7.641549248476072051e-04
2.798051311459343851e-04
2.371810365493845767e-04
1.946135767282838923e-04
2.601086076355157940e-04
5.097231417304325237e-04
6.976225067152182972e-05
3.627661912494536543e-04
2.395507612423216151e-04
2.143198793204439110e-04
2.026801885902337658e-04
5.220904495118270771e-04
3.409435439865977430e-05
2.333680277490245874e-04
7.853688843908680946e-04
4.394024383981748913e-04
5.885715745051272544e-04
2.828502738346427500e-04
6.173783383260845114e-04
5.803227623648247568e-05
6.907480953073647911e-04
4.690799210993538125e-04
1.121198244357964969e-03
5.756900334313661948e-04
6.826780913485593441e-05
2.938535058915906157e-04
4.001561201430697367e-04
5.030004381939984226e-04
7.081989622782742600e-04
6.064817935870188761e-04
4.442950173173533220e-04
5.905560317638799397e-04
4.642536610769184961e-04
8.455511441048962516e-04
1.320380270015128271e-04
1.073601687065979017e-04
6.453851033781125499e-04
1.512220073814082334e-03
2.392562618486507005e-04
5.974900669587335884e-04
6.815361070886033403e-04
1.802139302968248761e-04
3.740333748016305021e-04
2.795516242986871352e-04
4.827777670204949048e-04
7.804590188231323462e-04
1.855564490594238658e-04
3.365222352228821484e-04
7.082293995514566971e-04
6.474296993163354552e-04
5.818562738331085936e-04
8.278369663955195776e-04
2.889286069035083880e-04
4.343117400407665103e-04
9.009573484055151318e-04
8.780847044447094650e-05
6.925068555894843114e-04
4.603049736739966567e-04
3.644526093193310202e-04
6.814055967065377499e-04
1.235469111856038645e-03
1.993051914603363988e-04
5.181439617393368124e-04
3.040063852862071839e-04
2.950008460956264644e-04
1.031295582796230544e-03
6.188347137921077412e-04
3.199782173570675709e-04
1.866448678822428488e-04
6.747905123150115762e-04
7.544552195390176474e-05
6.244568932547884003e-04
5.731438334520831982e-04
9.069026373044191021e-04
1.862267120254293418e-04
1.609772213201727739e-04
1.394276431346170328e-04
1.168537580149132168e-03
7.370049261372049916e-04
1.209708269454906832e-03
7.620055110375098962e-04
6.583315924122807531e-04
3.945647926829913749e-04
