4.789015809889122003e-04
2.059632454765724119e-07
3.628022819144881293e-06
1.878040997547507715e-05
2.195716867728494380e-06
8.146641346183831640e-05
1.804234735836868304e-05
1.987270586315316738e-06
1.327521378731946729e-09
1.818909605636568417e-06
1.301461187956708208e-04
2.547135607496478184e-05
2.787293775102875065e-06
2.110688898847306206e-04
1.765210510101640419e-04
2.027353502511809529e-05
4.800055727496923825e-04
3.458071761257104832e-04
5.202017419253901313e-04
2.891445349107820860e-04
3.334702965570182989e-04
3.449946321308510654e-05
2.964055089878347006e-04
4.746399502861153754e-04
6.923331976237808924e-04
2.635508947118053312e-04
2.719322144956498231e-04
2.663080137400276014e-04
1.946549273769918303e-03
1.071355036662563140e-03
3.895533962029464840e-04
3.607759079725085679e-04
5.455809902588435031e-04
4.857071279340385156e-04
3.831838846879456707e-04
3.021674672875984766e-04
4.413747304355449680e-04
6.812699122806691650e-04
6.847119375800996693e-04
4.126514930147803036e-04
1.010894303965859456e-03
1.176482609997071046e-03
1.214759578766762748e-03
1.177562952372563894e-03
1.115262358959210774e-03
1.250398616399483543e-03
8.844305131209098713e-04
1.215024382335532253e-03
1.615827114761757841e-03
2.021465857165765084e-03
1.342325520254557215e-03
3.089538129391575759e-03
1.192725897585019930e-03
2.190175438627241233e-03
2.357102335694658511e-03
1.958710632683114891e-03
1.693883150158074320e-03
1.849177698244030329e-03
2.386637396842199773e-03
2.226110695424944087e-03
4.942419221137693205e-03
2.659762245273266951e-03
3.329692720650934308e-03
3.589469593915799867e-03
2.928312830394414010e-03
4.635208909252183131e-03
4.799004410272976993e-03
4.802879822720033942e-03
3.890490820532321262e-03
4.484706601358631056e-03
5.814246288974536485e-03
5.857300135121615466e-03
6.857575316942520274e-03
8.385342855714258622e-03
6.696415617272998173e-03
9.411304809795842038e-03
6.603520419153983967e-03
6.223873030524626655e-03
7.383509269911313691e-03
8.342195581717925731e-03
6.427766792791494467e-03
6.002435884481140647e-03
1.044105939886737222e-02
8.937230198008008428e-03
8.420869376201725251e-03
8.645723908538779923e-03
9.150013911608216241e-03
8.700234728982564683e-03
1.061362847387560537e-02
1.023666598364504458e-02
1.113946879312094872e-02
1.075442676647550902e-02
1.048140849562777775e-02
1.063641039237663011e-02
9.040152123889122135e-03
1.068680505018821877e-02
1.001112432529240384e-02
1.237609694121906238e-02
1.225106167675102734e-02
1.174245818765989532e-02
1.199217419568290345e-02
1.527477735432569185e-02
1.072207632756156000e-02
1.092503248392976897e-02
1.416774422405830784e-02
1.164247993731430154e-02
1.345158942267021297e-02
1.485742937415107136e-02
1.150375239214998166e-02
1.401243658410133985e-02
1.560312821419424997e-02
1.404399374460439665e-02
1.155028439372647597e-02
1.025690746115621131e-02
1.265269384081286509e-02
1.511716268410029720e-02
1.063589925516226185e-02
1.463414495985797259e-02
9.857805446596456730e-03
1.382493976861940387e-02
1.096643355442305200e-02
1.379494567774121154e-02
1.504766857625040692e-02
1.480073924984064149e-02
1.638303016435717005e-02
1.164887679381810225e-02
1.265261260545064853e-02
1.244841489938265308e-02
1.099525040564615710e-02
1.416493291183867041e-02
1.641214050700967597e-02
9.778905177902101967e-03
1.307035585438734090e-02
1.313045481381358917e-02
1.254271821389150825e-02
1.312196629480683226e-02
1.361500544931085015e-02
1.425624461370179202e-02
1.448316240369831864e-02
1.451313478635206204e-02
1.354755289847871247e-02
1.151385071971325683e-02
1.219056996445523101e-02
9.404515661883583108e-03
1.293726026046703760e-02
1.215859777708090846e-02
1.632201658157422103e-02
1.302326834183861748e-02
1.205611614970662770e-02
1.003154471420562681e-02
1.335941686313404063e-02
1.360032896585842282e-02
1.139108437050707391e-02
1.252529430567714958e-02
1.219562881155724157e-02
1.232559858658473749e-02
1.045778213471956070e-02
1.288257632508689639e-02
1.114410527034177638e-02
1.054667255282181956e-02
1.094017913168509118e-02
1.303247045159350130e-02
1.338639529242078088e-02
1.040311839560459535e-02
8.731125199130058967e-03
1.247658095481521574e-02
1.130260982751461925e-02
1.217062659848466843e-02
1.263330931093087361e-02
1.432586250493794386e-02
1.245071365403868993e-02
1.188826687115805344e-02
1.161331299783804026e-02
1.115887859901424847e-02
1.231638364230671148e-02
1.199015383340813756e-02
1.125958193411947215e-02
1.028427232401484676e-02
1.079799448389840918e-02
1.174232828811184147e-02
1.081346432886255531e-02
9.136583514591052266e-03
9.200243281706810966e-03
1.076165233455103620e-02
1.216088200528597611e-02
1.436928671619703765e-02
9.583100196878390972e-03
1.017732985570314434e-02
1.233133864865822681e-02
1.452979248592907099e-02
1.313599512292627954e-02
9.748165047685672727e-03
9.221595157110176397e-03
1.425841822961563393e-02
1.078898784397319850e-02
8.189567692842427554e-03
1.040631975329628020e-02
1.227784820827504397e-02
1.295182997073295733e-02
9.437448125013805922e-03
9.191621910120194999e-03
1.107499393223660214e-02
1.177285643315409934e-02
1.205630896973972251e-02
9.018599548284472051e-03
1.421744943364137287e-02
1.403520909223781969e-02
1.316234758053885096e-02
1.114378539662428010e-02
1.530493266645887966e-02
9.584200497020420664e-03
1.012821688621107392e-02
1.402157695130105963e-02
1.198092915809888595e-02
9.552331713850614747e-03
1.020949343778761870e-02
1.478237920002095293e-02
1.296837012252683233e-02
1.243086855895807891e-02
9.591402557253238953e-03
1.226333457538929077e-02
8.723334998041424801e-03
1.077093309031839849e-02
1.305112087721159615e-02
1.279187075863702505e-02
1.298243749074761734e-02
1.130491643225838526e-02
1.073088440526672079e-02
1.201953952170863732e-02
1.149338734190777193e-02
1.363267415220955833e-02
1.346977487773721831e-02
1.237579283204740324e-02
1.273434069414412090e-02
1.326333478412869069e-02
1.283374297755480141e-02
9.875035008779564638e-03
1.446093963660095329e-02
1.158603228897719939e-02
1.273895275312366022e-02
9.400654155595010442e-03
1.531947648514180894e-02
1.344412725907544875e-02
1.120005565498986312e-02
1.505954688930355098e-02
9.243640629473578313e-03
1.756034068753278485e-02
1.503770794559037421e-02
1.657675350219872321e-02
1.273690206375711724e-02
1.371019574737194005e-02
1.204991319207252519e-02
1.075532325180571756e-02
1.392540868330194477e-02
1.694703034948853368e-02
1.140570260854869254e-02
1.369186290880921621e-02
1.439389566469079056e-02
1.282554785681807794e-02
1.476338517095797213e-02
1.564981399064684781e-02
1.604198928324063536e-02
1.443350657331785719e-02
1.130314663659556795e-02
1.615978028156580398e-02
1.583766891009115441e-02
1.775450895702516962e-02
1.455747733152682605e-02
1.457633453920931590e-02
1.494177810142661295e-02
1.317017683349599316e-02
1.544955245861850263e-02
1.507349613363842197e-02
1.271123053053536435e-02
1.369329864695100450e-02
1.652700433575402320e-02
1.337173533788064972e-02
1.297304941324235218e-02
1.433191124824474347e-02
1.549189682496418530e-02
1.781636708642094641e-02
1.555693082327436715e-02
1.627706897144858347e-02
1.314608240414925737e-02
1.191318123674987677e-02
1.735948825215743313e-02
1.456644675145076298e-02
1.363250934009022086e-02
1.586728803125498147e-02
1.508500555923926109e-02
1.407813357747663731e-02
1.435912697907725487e-02
1.617226693779575189e-02
1.560699733338613213e-02
1.310635600164387210e-02
1.972290415296134095e-02
1.455304553909656483e-02
1.392710527758609859e-02
1.502260219373535537e-02
1.077767151754675974e-02
1.572813598472282831e-02
1.557374824993608756e-02
1.498899895529610775e-02
1.374387204161595447e-02
1.352651467882161687e-02
1.305048055259965846e-02
1.477703608129047122e-02
1.772817638123245360e-02
1.623854990018967770e-02
1.301679696811204427e-02
1.516216186813097028e-02
1.424888803659791169e-02
1.591261503034485658e-02
1.354315866456052772e-02
1.877566431569695563e-02
1.411089147387848547e-02
1.048367643222228481e-02
1.361278243493645526e-02
1.511819118239076352e-02
1.552058992662317706e-02
1.632692833718778214e-02
1.384153655852081270e-02
1.385841526221285973e-02
1.493875953743872484e-02
1.402652405626700176e-02
1.519609875640772281e-02
1.604327670976010353e-02
1.555324851169238333e-02
1.438719291657854227e-02
1.636976189727530270e-02
1.473748151389750287e-02
1.277699508349158450e-02
1.240302985533999099e-02
1.219036595819989778e-02
1.767204942294632597e-02
1.669524537348225646e-02
1.735323344659930531e-02
1.456064234254310710e-02
1.632776509464457793e-02
1.266391248951919193e-02
1.351248951615832868e-02
1.528576001674238072e-02
1.376830452805218735e-02
1.687780637626526067e-02
1.388956468093685212e-02
1.615215093482694209e-02
1.506040645829734119e-02
1.408219995289759253e-02
1.302487834759017901e-02
1.614896894347863862e-02
1.324551407428866713e-02
1.589958826690631224e-02
1.590434228891302731e-02
1.479610463262666029e-02
1.233851244196679589e-02
1.754169545807370348e-02
1.482390871716983242e-02
1.315901063596669127e-02
1.356972917921083453e-02
1.442845015485466620e-02
1.237357679596015093e-02
1.563435834849230197e-02
1.380293781124502725e-02
1.667803916604608874e-02
1.409219543285555529e-02
1.361879709845776991e-02
1.180992187263932638e-02
1.424519602938056559e-02
1.476286143107304223e-02
1.393082289683722497e-02
1.588670219723328086e-02
1.356648549395817610e-02
1.287235833594656091e-02
1.699686415803221967e-02
1.508239628769161497e-02
1.462037737101241908e-02
1.846404433052479047e-02
1.734284651957334472e-02
1.674298260417087306e-02
1.609073094918132135e-02
1.449091594640423454e-02
1.822187062273760219e-02
1.733064129648412624e-02
1.401967345075500436e-02
1.632479343163655006e-02
1.525261717341557487e-02
1.750511039036091107e-02
1.696202344328075554e-02
1.696624119118122706e-02
1.190275047419714002e-02
1.438170809209363132e-02
1.439971183532719710e-02
1.906977170993784040e-02
1.414396719247036291e-02
1.364559414457306059e-02
1.865055887592074677e-02
1.775068195475374561e-02
1.306062298002557027e-02
1.353609881169678085e-02
1.798658934527456316e-02
1.516560947770851514e-02
1.394572719998243143e-02
1.532727698012703588e-02
1.342062361217173129e-02
1.562083648714984903e-02
1.583047835591038649e-02
1.379299938352285780e-02
1.457749484035104383e-02
1.648752154631724989e-02
1.297398427791362358e-02
1.498092299506856295e-02
1.375238912586870463e-02
2.098017416496247844e-02
1.891067254554818292e-02
1.652393029186968038e-02
1.519805626517311235e-02
1.208458127241101611e-02
1.581309437918344829e-02
1.447039056855265772e-02
1.316567804651566816e-02
1.282380408772516162e-02
1.306968754124163828e-02
1.386260904316662101e-02
1.751298108633641409e-02
1.164931902449510039e-02
1.290123916435716861e-02
1.399268521811521289e-02
1.349489930908209442e-02
1.214052973737633073e-02
1.711885990355563325e-02
1.448400112098130292e-02
1.579229332523138934e-02
1.083073199534241061e-02
1.551596583626379741e-02
1.022576346724774106e-02
1.781320940099345371e-02
1.361713178132935818e-02
1.557983002946096776e-02
1.356210958499308970e-02
1.100554202681521335e-02
1.511294277035435570e-02
1.519316135431039196e-02
1.304921300011211913e-02
1.454627283660781499e-02
1.250211993532311140e-02
1.497418659615691074e-02
1.369499633553419859e-02
1.665041286960635900e-02
1.555363846121811909e-02
1.512283956067649385e-02
2.051940805079165847e-02
1.241305823806055329e-02
1.568871587314526334e-02
1.352088482286637958e-02
1.569733592677145101e-02
1.295647234899678646e-02
1.574225343746657457e-02
1.453800833106953273e-02
1.395069880452610989e-02
1.343024901310546811e-02
1.177561324886805712e-02
1.273402489691866264e-02
1.879991199437324595e-02
1.573862565609977782e-02
1.322378560249140231e-02
1.421752057340091441e-02
1.629016552882829247e-02
1.479801241779652582e-02
1.557771786087906556e-02
1.479392574883100532e-02
1.385174871748388534e-02
1.831772061669906249e-02
1.645881635235908053e-02
1.991613099964625530e-02
1.605337676129500041e-02
1.660230914276454237e-02
1.777943278569536767e-02
1.523002054947524518e-02
1.367206053615420934e-02
1.525296597617827390e-02
1.684553386367322950e-02
1.823348401384165124e-02
1.528038055519261376e-02
1.527380949831153197e-02
2.020167766373097765e-02
1.554978478195517995e-02
1.555659932045971861e-02
1.340885257966296061e-02
1.400514607263312131e-02
1.526867365170090675e-02
1.867339921392796240e-02
1.762933813907244934e-02
1.606630432930542668e-02
1.693714801076949203e-02
1.596549365700763654e-02
1.454228645128627026e-02
1.444298846907975629e-02
1.616571948191883323e-02
1.597340699673295908e-02
1.322620078951084084e-02
1.456608190295290498e-02
1.472754488264966036e-02
1.296700145799396624e-02
1.967308339448858162e-02
1.243743663214171881e-02
1.635204702619645276e-02
1.543424096804352046e-02
1.728586113175723665e-02
1.247863188643846648e-02
1.639742078187920310e-02
1.314851192855228529e-02
1.203223492955978607e-02
1.397506621076765460e-02
1.177060181773901225e-02
1.115586684877844723e-02
1.340818187169398427e-02
1.318174718138422075e-02
1.457872055016704027e-02
1.184290001819602450e-02
1.068503782724617573e-02
1.796811254642408096e-02
1.556449992775527091e-02
1.415116073622503870e-02
1.572464359041848489e-02
1.523097887168729792e-02
1.168388688507698663e-02
1.420440229520701474e-02
1.466292369419326495e-02
1.197147613437058757e-02
9.996872041122883273e-03
1.270363587362064763e-02
1.302227227453506796e-02
1.396591315002576085e-02
1.518123577977954428e-02
1.387545753170241029e-02
1.376741557328214731e-02
1.632091114078100882e-02
9.281824660061799639e-03
1.648173884508017176e-02
1.404209630057782349e-02
1.565289079980370507e-02
1.413582211736912585e-02
1.272707141684400675e-02
1.466840140649841411e-02
1.027746054014612616e-02
1.430764219613577144e-02
1.394330978353510060e-02
1.267276110050914902e-02
1.485851267574012612e-02
1.115984732690413275e-02
1.046127958944613641e-02
1.657150023067447200e-02
1.087775776768208115e-02
1.269602399289455376e-02
1.309950715768078144e-02
1.270529672740173741e-02
1.585773119277088597e-02
9.966481337010734548e-03
1.321120779192652347e-02
1.234577431050580890e-02
1.185037646157991419e-02
1.358661045665209705e-02
1.091773730485047847e-02
1.272071076923518736e-02
1.446447074110937536e-02
1.363498100482626874e-02
9.711182231316376270e-03
1.280581521589559992e-02
1.649988817673592872e-02
1.343628411897610127e-02
1.100524085148811386e-02
1.646738880903115751e-02
1.360887270921412248e-02
1.046322149554261387e-02
1.323657611263663082e-02
1.168181241791647375e-02
1.070906898372215449e-02
1.230235120967406413e-02
1.197291937760816376e-02
1.239648393516375180e-02
1.117869844505925588e-02
1.364076316129527074e-02
1.286442689734587641e-02
1.239275224547223796e-02
1.441317427138978126e-02
1.148096790489414043e-02
1.174004294137456599e-02
1.162039268846272108e-02
1.390891007733948553e-02
1.017061153256464991e-02
1.205525266643445864e-02
8.308742872494478612e-03
1.285644220967796167e-02
1.006349291288962354e-02
1.485778311054450525e-02
1.116045215394152745e-02
1.385256144682741296e-02
1.103004902665000002e-02
1.510020169617636195e-02
9.503823274969361301e-03
1.231955499451232831e-02
1.377836308360141405e-02
1.237528415072783848e-02
1.425393034215493605e-02
1.367978964602667435e-02
1.323607834320716416e-02
1.166214967869853673e-02
1.105798182076249241e-02
1.442361397293707298e-02
1.374341773419926124e-02
1.559790891561243543e-02
1.415274789170715454e-02
1.517710482938544082e-02
1.346609576488237182e-02
1.335801931184388627e-02
1.232551434004211001e-02
1.069589028565302163e-02
1.303024373164047255e-02
1.332461539846924517e-02
1.315643451618844426e-02
1.028267176189118053e-02
1.265608528715221441e-02
1.221057308093685678e-02
1.595407489416069552e-02
1.344009247634184688e-02
1.330582389567249238e-02
1.468100874836648050e-02
1.304054152163271370e-02
1.183952364035052024e-02
1.085982585787901092e-02
1.164117185233889615e-02
1.420855848551138938e-02
1.222907494620023572e-02
1.218625001728453582e-02
1.206081335687387082e-02
1.248709765178488210e-02
1.012637565356803819e-02
1.236976293496050081e-02
1.341278769091835792e-02
1.407092813545633703e-02
1.395752332220531571e-02
1.085182196393727483e-02
1.305772164838142277e-02
1.001368665105216438e-02
1.235419305349168620e-02
1.350457259904038788e-02
9.472322897130505334e-03
1.245242251868117385e-02
1.046291702098708400e-02
1.324117871609617296e-02
1.094865233808581598e-02
1.448370580874075962e-02
1.376642802126916247e-02
1.127678461791159319e-02
1.197437676786487423e-02
1.105736570146697781e-02
1.610762906673986541e-02
1.054350305348347901e-02
1.164524002220644963e-02
1.094858709660891799e-02
1.099593037693659403e-02
1.114165431207350156e-02
1.220784264195691644e-02
1.152150766428671619e-02
1.113103986874732984e-02
1.178267802681574362e-02
9.099870987549375095e-03
1.052259610215613636e-02
1.191796442963573462e-02
1.040231599042139299e-02
1.212871931150270866e-02
8.839359063275886025e-03
1.375794706742827257e-02
1.360415959148371205e-02
1.479264883689365359e-02
1.371488533438525170e-02
8.826837148013275819e-03
1.293191703673863407e-02
1.158841412967258518e-02
1.080618735821771426e-02
1.129222118303573226e-02
1.114357895215416401e-02
1.060391862506078475e-02
1.083404911469515279e-02
1.385998563888465006e-02
1.430635726864878769e-02
1.148041275456255193e-02
1.253217600692678110e-02
1.411513455538710056e-02
9.649453973567782492e-03
1.122001631675946867e-02
1.444917608036990452e-02
1.333961933471628121e-02
1.370926646915252532e-02
1.101375900248954300e-02
1.259603815089818495e-02
1.036238568838366084e-02
9.957603426872609076e-03
1.457785254984092678e-02
9.849805418953541669e-03
1.204648920144981913e-02
1.266853950998719260e-02
1.202493614559930861e-02
1.225625001160161875e-02
1.093136905652891504e-02
1.108217140392894241e-02
1.151958363088690859e-02
1.705091371326886845e-02
1.124022939591412182e-02
1.071683650804371515e-02
1.212289072370639938e-02
1.035640420095385039e-02
1.187784452859524595e-02
9.191027323801821344e-03
9.376341875889334862e-03
1.168140401170235029e-02
1.330277932745175910e-02
1.342717801865699057e-02
1.305490779475177235e-02
1.127828398734385083e-02
1.376511615856728689e-02
1.066799453893910524e-02
1.206769885455441504e-02
8.311065894305360094e-03
1.464344641313809932e-02
9.459598027976504411e-03
1.171200751986213422e-02
1.270803615329886040e-02
1.303712035417018029e-02
1.369493993278752056e-02
1.010320888386906542e-02
1.011395322417705037e-02
1.148530910360070351e-02
1.050979927737296510e-02
1.111930302562510672e-02
8.871215207151641330e-03
1.027273657560132114e-02
1.153586841935307951e-02
1.200507145198371345e-02
1.289853430574225239e-02
9.262435982222681080e-03
7.714055418339617332e-03
1.136400233174628301e-02
9.602042410074226181e-03
9.057550745178388762e-03
1.100127027798594032e-02
1.017421432273292112e-02
1.030494611245232582e-02
1.351395894023520346e-02
1.225376398181809816e-02
9.263846877741514080e-03
1.018314261629488585e-02
9.981812589603705765e-03
7.316672828905491748e-03
1.276583299461592214e-02
1.029131549842547677e-02
8.944877909453559719e-03
1.047589157351691731e-02
1.008871205586749260e-02
1.234659044898924612e-02
1.138282900011088582e-02
1.122794741211928689e-02
8.659661037519913312e-03
1.254819892030851862e-02
1.160103450803933768e-02
1.027178149455220020e-02
1.127412031172504367e-02
9.785944687693113805e-03
1.231010704255789366e-02
8.950306682278755949e-03
9.113944525566457233e-03
1.117744402856447362e-02
7.929899839318943142e-03
1.124792776097820537e-02
1.089976059690809032e-02
1.225077998697594352e-02
1.210391563666587088e-02
9.649556251036986443e-03
1.063864438517114763e-02
1.080992425796167312e-02
1.184439722415898261e-02
1.091056354961516227e-02
6.419429834995838899e-03
1.141563232881572659e-02
1.394114000885923396e-02
1.287855652789201763e-02
1.031998647303560869e-02
8.956153615953693983e-03
1.014701040488230448e-02
9.888121939921879627e-03
9.693029462946879324e-03
7.786434646000375652e-03
1.052320787530787970e-02
8.906716421580513840e-03
1.002763709613736266e-02
1.326998307426189086e-02
9.747117562735415144e-03
1.102398575347388922e-02
1.001279072117140616e-02
1.123828767604143943e-02
1.008010207535501787e-02
