1.233607955810542105e-02
1.217446311712189200e-02
1.196038970164613885e-02
1.199360362982387213e-02
1.202796962956209637e-02
1.165922216919532649e-02
1.107569388079972933e-02
1.106571942058596700e-02
1.067159441172388368e-02
1.052711012109304803e-02
1.020698769157724235e-02
9.816975267875959615e-03
9.831226655639695514e-03
9.196265473073800961e-03
8.801677466096920546e-03
8.377175601192986612e-03
7.961036287967050706e-03
7.482226710048585708e-03
7.263826013430525058e-03
6.791449929405331959e-03
6.268638957237190543e-03
6.138530740658659085e-03
5.588589395952582931e-03
5.112984861666692096e-03
4.924421366727220646e-03
4.641813491550732251e-03
4.204895351048808239e-03
3.489135759268487472e-03
3.272835717649080767e-03
3.087094581938339827e-03
2.822562858774612000e-03
2.761265347759221753e-03
2.143678027015625404e-03
1.912184481730300981e-03
1.804194990399692446e-03
1.587491654120823815e-03
1.785725423569375046e-03
1.139833733075460180e-03
1.283492183637463101e-03
1.383852559692360252e-03
1.378493760050708084e-03
1.092216469395344445e-03
1.019174018983988071e-03
1.207072595383428329e-03
1.139302600037866856e-03
1.110271501231165645e-03
1.133224773905543332e-03
1.170270153946554453e-03
1.371887821286827845e-03
1.060828704402834444e-03
1.064889825692256608e-03
1.151700912102396075e-03
1.011881352781569213e-03
1.076196827921483508e-03
1.113946157308751952e-03
1.069441560900471870e-03
1.073972910504884023e-03
1.112060270677938832e-03
1.132277178084006202e-03
1.214176047026406611e-03
1.365239467337301532e-03
1.038753336952470815e-03
1.153818139172396295e-03
1.314572357227232133e-03
1.165603708970695601e-03
1.296254332912304434e-03
1.102859919706335482e-03
1.228228591803792215e-03
1.393454200299780368e-03
1.238862443283123178e-03
1.264600720958879024e-03
1.282870592191192542e-03
1.246664614065487236e-03
1.281041204652902821e-03
1.225226788575026291e-03
1.353197203469208056e-03
1.381216330210716841e-03
1.248856589279204003e-03
1.339410666790941118e-03
1.341633753070531777e-03
1.459051528816427334e-03
1.374241223004465159e-03
1.350296840711103560e-03
1.413739105734739335e-03
1.407925225269412908e-03
1.417625586940676231e-03
1.486943294445683449e-03
1.670007100426459078e-03
1.608466368241477477e-03
1.570929992372995399e-03
1.390718367947795485e-03
1.515159722373629527e-03
1.415620050151095545e-03
1.579215653038221505e-03
1.610337127962259158e-03
1.617536714833907275e-03
1.702123530145001513e-03
1.716593197882643413e-03
1.600081224506301730e-03
1.654806845113656125e-03
1.683247781777627789e-03
1.795737555486158748e-03
1.764379517227966133e-03
1.555273580567786583e-03
1.529006846489981263e-03
1.663118731251780153e-03
1.693824167650947402e-03
1.761725324632556957e-03
1.618991571461142909e-03
1.720635717176359838e-03
1.495147895009919532e-03
1.491571911251913466e-03
1.609116267344736038e-03
1.608928624461925232e-03
1.597986626608096598e-03
1.724838583616291384e-03
1.845509323058906401e-03
1.721517943699638932e-03
1.667230407910532189e-03
1.642734010289205546e-03
1.567357121982619443e-03
1.657166985581576052e-03
1.609308414553174173e-03
1.622482716056628449e-03
1.703819538415227847e-03
1.607766412250995116e-03
1.635531360722624261e-03
1.646154312476584471e-03
1.595734176529336849e-03
1.622003943517182469e-03
1.740239726514267778e-03
1.809214429552897987e-03
1.719020728226745972e-03
1.848791487681119249e-03
1.600783965189191528e-03
1.713494234277490504e-03
1.852874725082470208e-03
1.523567743168914405e-03
1.802676085367882920e-03
1.898975298725707160e-03
1.807407176484270147e-03
1.885284464809307671e-03
1.674345758082743541e-03
1.877441556325370846e-03
1.679290154583632302e-03
1.515103527446303496e-03
1.624902198292945982e-03
1.766170385981688518e-03
1.724090178151204897e-03
1.691820362236740082e-03
1.889611084174958044e-03
1.672636624358346405e-03
1.861848380685873598e-03
1.779752317726047191e-03
1.684177931133369220e-03
1.502753745526736167e-03
1.608728894254943557e-03
1.698199895888393264e-03
1.661209834862064326e-03
1.537573201001910840e-03
1.732732102619463990e-03
1.737675105477030696e-03
1.715656953562983214e-03
1.730806260640413647e-03
1.628267420113283220e-03
1.580646182918761956e-03
1.820920708020627981e-03
1.598882926408469289e-03
1.745486533544002468e-03
1.437281721352013601e-03
1.781161948339785245e-03
1.566220132961594104e-03
1.677535363998007480e-03
1.586132718251475737e-03
1.461316877254174949e-03
1.877871025359460766e-03
1.534823961409647686e-03
1.410912512559966102e-03
1.804478257439803834e-03
1.481660944590776786e-03
1.629106925573009252e-03
1.442754630369752575e-03
1.659319610183034987e-03
1.675523438564706412e-03
1.404947231481511183e-03
1.574469652181147844e-03
1.595943109363346995e-03
1.548876977786857586e-03
1.576725517391833762e-03
1.431643196573522889e-03
1.569953489789050046e-03
1.642297440884593618e-03
1.626357647623664915e-03
1.501635762457532736e-03
1.350454713785788786e-03
1.504058862435597938e-03
1.531656972025533360e-03
1.578108145600532440e-03
1.730514624230006064e-03
1.468129302628473805e-03
1.617382522808427300e-03
1.452044067838719876e-03
1.586632085830146956e-03
1.547809134664265666e-03
1.704541486247834921e-03
1.945236567780493121e-03
1.810117610075597221e-03
1.457642540030048769e-03
1.588749732172214327e-03
1.453365191113537621e-03
1.458174134789778529e-03
1.578186123256994323e-03
1.921695563828393219e-03
1.592614332999194851e-03
1.501038084086362117e-03
1.745653730964858309e-03
1.726251277957564344e-03
1.674575604404813720e-03
1.688669494280856977e-03
1.532773028005807387e-03
1.551857696467792746e-03
1.693169402783806753e-03
1.640189453515411002e-03
1.658946323937213110e-03
1.885424702444075690e-03
1.574918256885316208e-03
1.889724058017377539e-03
1.746439295475057420e-03
1.567063660901383149e-03
1.660639307026511632e-03
2.202001175477889903e-03
1.783226024866236409e-03
1.638962439108029119e-03
1.810920210215714128e-03
1.768736250360683927e-03
1.745612389020501261e-03
1.628972047184112969e-03
1.762712334043618333e-03
1.769827547346904204e-03
1.772206994212467256e-03
1.776447824926470891e-03
1.765424112771836387e-03
1.882854063168587760e-03
1.574195042698177047e-03
1.796302451733484008e-03
2.006932405830889627e-03
1.942152761830367395e-03
1.681970404196867245e-03
1.772010794711139856e-03
1.719135327586179427e-03
1.841277001075572028e-03
1.708255176578932569e-03
1.832047200554432929e-03
1.999879016303985485e-03
2.022099060454395688e-03
2.006302789242694375e-03
2.189932073654035898e-03
2.317948211255618698e-03
2.503205667273157402e-03
2.686203972127088318e-03
2.191221104693056448e-03
2.592776815590282138e-03
2.058929418124359929e-03
2.063361143112791684e-03
2.011883180002339323e-03
2.128159383507039187e-03
2.332144090430886708e-03
1.863409417966387528e-03
1.694394168382540875e-03
1.901284290605039645e-03
2.009095334319646424e-03
1.935358870014562867e-03
2.004380447629976539e-03
2.005801359219392711e-03
2.129843882009739304e-03
1.858539291089117852e-03
1.718637980752019383e-03
1.548553740264493623e-03
2.109686334507262107e-03
1.596270946296697579e-03
1.836299472106930810e-03
1.683202514925672810e-03
1.942252401050530673e-03
1.944077628686691249e-03
1.782471136436914599e-03
1.715974251846548058e-03
1.785925715840424970e-03
1.836796459227551300e-03
1.564001312997245719e-03
1.965446001922280077e-03
1.604126556155027403e-03
1.694081142313325463e-03
1.553269164783543065e-03
1.643771004420532334e-03
1.575329197391896977e-03
1.841632671379349415e-03
1.946047981611469203e-03
1.577940178832443110e-03
2.060770721541797194e-03
2.194850759814457805e-03
1.645641154355659101e-03
1.451760149717018803e-03
1.668331243205292821e-03
1.726406195030248886e-03
1.521549723161203741e-03
1.630400174643741040e-03
1.719661312240907541e-03
1.631659790843895293e-03
1.484077414037748193e-03
1.659878623980785709e-03
1.536442904549598261e-03
1.654482703808693054e-03
1.651927593414465219e-03
1.531055462160309504e-03
1.629662850946317354e-03
1.624531323515956884e-03
1.589189072669076235e-03
1.474749236616169608e-03
1.630244997316666411e-03
1.816844893792941536e-03
1.514135968468043178e-03
1.671914215730811292e-03
1.521497466826182438e-03
1.557406267066886729e-03
1.470898921242517598e-03
1.550395834001684105e-03
1.855590221744633133e-03
1.952691942790741632e-03
1.562498445075674721e-03
1.525506946482256326e-03
1.839500557463167197e-03
1.577452381079282734e-03
1.624001118988646110e-03
1.555762736142013913e-03
1.716621590073252185e-03
1.502153647312723817e-03
1.732990685977680700e-03
1.502923228482889702e-03
1.649625508865855536e-03
1.652832756089753436e-03
1.550070666344296978e-03
1.317434861533650983e-03
1.566727956270393346e-03
1.503266248975770620e-03
1.744876703931292836e-03
1.587642647328896218e-03
1.596491512438391212e-03
1.449837574614587727e-03
1.491869036450538602e-03
1.353234927596728412e-03
1.487142047956773209e-03
1.472543210676523304e-03
1.449736491195439871e-03
1.400128857591666784e-03
1.422973794305093390e-03
1.598209601450013666e-03
1.555103273550963519e-03
1.576451875864061380e-03
1.356344923370102597e-03
1.604564803359321071e-03
1.390589220910561780e-03
1.406495912936366055e-03
1.427947563757739867e-03
1.458899428002937175e-03
1.301212750234400153e-03
1.326896232871833947e-03
1.364442240111868321e-03
1.378087735104760545e-03
1.525145423277111164e-03
1.501796096966415053e-03
1.413092073951144377e-03
1.445922160349753750e-03
1.294874735878624207e-03
1.518594571401354031e-03
1.607268700358867710e-03
1.576459850265710810e-03
1.294573767095575246e-03
1.412717527641854220e-03
1.530831825481247452e-03
1.362071048437481311e-03
1.512998361186388514e-03
1.436383303686003272e-03
1.505182970420440277e-03
1.374371720526436141e-03
1.284455168872698262e-03
1.278244685211717873e-03
1.536257508573354294e-03
1.377696990324804669e-03
1.289918734420583734e-03
1.502489302115409594e-03
1.216390179521029472e-03
1.382951830265344208e-03
1.344222573309254406e-03
1.470855086372703773e-03
1.473227231887560499e-03
1.650843913126028928e-03
1.400027801220836941e-03
1.364857233567867440e-03
1.385704474279795964e-03
1.498950484064151371e-03
1.416244277135933222e-03
1.345069832307225696e-03
1.350225464512433112e-03
1.541888816522749743e-03
1.318973895136728823e-03
1.380779979414650024e-03
1.452170259010489078e-03
1.413020277347387535e-03
1.329928250836815698e-03
1.425700111664124576e-03
1.416879779611418403e-03
1.269273774260449390e-03
1.359776967687716239e-03
1.477185110763194189e-03
1.394581491107308455e-03
1.365384474212136224e-03
1.319386224515791024e-03
1.376907889528379038e-03
1.380299385490186626e-03
1.406820221634871512e-03
1.313369496798499469e-03
1.372258856927292912e-03
1.531982366047823438e-03
1.258564546527571456e-03
1.402961537935111264e-03
1.419980900183478480e-03
1.357857985100564997e-03
1.429426684906460457e-03
1.403653080987013902e-03
1.397307021483951530e-03
1.438774068466018748e-03
1.380472960475543276e-03
1.403829739825349088e-03
1.244921219850541379e-03
1.293219087228359050e-03
1.385401518725390847e-03
1.448901613665412808e-03
1.261016241623640370e-03
1.390359097032180550e-03
1.618473235234166177e-03
1.332204469571933447e-03
1.458798523958672322e-03
1.412209272278498783e-03
1.423832292826303445e-03
1.391355407448011464e-03
1.205381119790922568e-03
1.428556806328269875e-03
1.346478149732381569e-03
1.418732497988986659e-03
1.304086604701121081e-03
1.411955617455470111e-03
1.315166387864792792e-03
1.338751519813527729e-03
1.424835898189476951e-03
1.435818897618487732e-03
1.517385990703674047e-03
1.507368957461285852e-03
1.423944293961813563e-03
1.558998015966787812e-03
1.490099235026164483e-03
1.475901629352499318e-03
1.520262056475643478e-03
1.345130709528693765e-03
1.475824615909197271e-03
1.372709163485944352e-03
1.247721081327481021e-03
1.480435170042257182e-03
1.565701355756260460e-03
1.622594962106966568e-03
1.654428104271725257e-03
1.805249639052926552e-03
1.699969517237573478e-03
1.812470913553753532e-03
1.652256767908670413e-03
1.575102794723634222e-03
1.796381711511541197e-03
1.498877174466695236e-03
1.628073926421587728e-03
1.756549806139332632e-03
1.612067200826124407e-03
1.662613234318886845e-03
1.914398115372193234e-03
1.671218583107270724e-03
1.748756191539902610e-03
1.943582575332785225e-03
1.598823535634345773e-03
1.767624182629184103e-03
1.732548599856668231e-03
1.648988746497838907e-03
1.719377532744942793e-03
1.653690633224273558e-03
1.846174030048982739e-03
1.625236232947838708e-03
1.507548905039770388e-03
1.668531684574687309e-03
1.775754132842884744e-03
1.643887578638128857e-03
1.560587961535111513e-03
1.413435744891903363e-03
1.653200796577300935e-03
1.526965753093526479e-03
1.434842898865467927e-03
1.500726504117338772e-03
1.534853444957710519e-03
1.562346640454781487e-03
1.445621659009278586e-03
1.389003051189002455e-03
1.653955604821658390e-03
1.525468443208220434e-03
1.384915791986227702e-03
1.393934269919380785e-03
1.487463357869849272e-03
1.330823518633509478e-03
1.443415233132818798e-03
1.346212117114634239e-03
1.360997697879883081e-03
1.238012713506865059e-03
1.353445042024000160e-03
1.492483675382681816e-03
1.567417457198851463e-03
1.335108156298064983e-03
1.245244932594710609e-03
1.383179400603264109e-03
1.409002609731732462e-03
1.412568796086430614e-03
1.298805469461687288e-03
1.384761240148235477e-03
1.337690986288852125e-03
1.572668790776392874e-03
1.399558577358852533e-03
1.354973671019044784e-03
1.387592510545936032e-03
1.417802046034217795e-03
1.436844002854859199e-03
1.358713803278869744e-03
1.472854800139089754e-03
1.316531118474746631e-03
1.462092851348137726e-03
1.235325411099945760e-03
1.357989860595737019e-03
1.446536538726151365e-03
1.530542686961970135e-03
1.559518198935707289e-03
1.332717987072262657e-03
1.494798722689765543e-03
1.447996715370364080e-03
1.394131151302356987e-03
1.504643933246084747e-03
1.516283938441675494e-03
1.367515591160975126e-03
1.333464794246592890e-03
1.355691501126906479e-03
1.392036940093951828e-03
1.363134528113372698e-03
1.379659084473911466e-03
1.553332888185268539e-03
1.193692841199155141e-03
1.533894846196513524e-03
1.231210240451182780e-03
1.510887554111307223e-03
1.526690692720883945e-03
1.578079720323852242e-03
1.402815892814024499e-03
1.351796334661496159e-03
1.391458885760491794e-03
1.413631667610785493e-03
1.365981575151453426e-03
1.415264294435318419e-03
1.290279713425227393e-03
1.417745686292992257e-03
1.510607291735724302e-03
1.585996474094441113e-03
1.420087700369390086e-03
1.647172924184385620e-03
1.292265053947259977e-03
1.470652136051287234e-03
1.301612550072955669e-03
1.404967715634197756e-03
1.353446744782868744e-03
1.209029091747727607e-03
1.421237821351148877e-03
1.569941388450462379e-03
1.428373090798870518e-03
1.515708990201165146e-03
1.281661495955484491e-03
1.544375148338800619e-03
1.295827818910008861e-03
1.216157517651323110e-03
1.479559481587663060e-03
1.415381023628588079e-03
1.429709662284460057e-03
1.460547572900116643e-03
1.513691813564150244e-03
1.322303937284076674e-03
1.229270144538797136e-03
1.521578600926502562e-03
1.265094740310424536e-03
1.359854625572660914e-03
1.374712656205263461e-03
1.450127431970526246e-03
1.228281981574290286e-03
1.535709432639703262e-03
1.417067389127545009e-03
1.281473735183398955e-03
1.362845794873575496e-03
1.487337548938565211e-03
1.398599095193657580e-03
1.256281115499606558e-03
1.323702485141036236e-03
1.403620579301126988e-03
1.325752516634379295e-03
1.428284807285229050e-03
1.393566069093230431e-03
1.307460882680817199e-03
1.401063720352473769e-03
1.508178522078542499e-03
1.414235098474135761e-03
1.342447933899127170e-03
1.124537040996238194e-03
1.501984463790057402e-03
1.475892690474623573e-03
1.297028183243087787e-03
1.454085184007476500e-03
1.439483058902646297e-03
1.364536236116721622e-03
1.510999606544009312e-03
1.234804630495433793e-03
1.320479163934086195e-03
1.405644625000645586e-03
1.413345228557882135e-03
1.361908567848460960e-03
1.576037415571362446e-03
1.369811764978731477e-03
1.385202980153105688e-03
1.509873890275013984e-03
1.610557513987467913e-03
1.627893171147147284e-03
1.357558553971781670e-03
1.491843445874639802e-03
1.453495316304828644e-03
1.480596868114170649e-03
1.374957152273022535e-03
1.314156537676330243e-03
1.279386060425977134e-03
1.281747865090595911e-03
1.470516292435446789e-03
1.374782601591327058e-03
1.390843262017133581e-03
1.272407358346494544e-03
1.390601461518063122e-03
1.754868884825993430e-03
1.305625140558326625e-03
1.486623723751632261e-03
1.606640559789329148e-03
1.351322918321886703e-03
1.408990045890388650e-03
1.351441500287593788e-03
1.251819392187102174e-03
1.581577994359194619e-03
1.485818389286069604e-03
1.291538329244211816e-03
2.011415058285451023e-03
1.265402124769294395e-03
1.346711486689528741e-03
1.364577814076567072e-03
1.527945361760925640e-03
1.375066762594496107e-03
1.436087956991992116e-03
1.257179584544018854e-03
1.405551000095129092e-03
1.551116614108818221e-03
1.447823968003709516e-03
1.483948163390671777e-03
1.326706320026362377e-03
1.375009262815940188e-03
1.441670118419197556e-03
1.471540516261344135e-03
1.364127297767002596e-03
1.362653556892484512e-03
1.442823982957267426e-03
1.344662740756360489e-03
1.583553157529727024e-03
1.563087886210469271e-03
1.487003565509843793e-03
1.618608145214144424e-03
1.453370129082709201e-03
1.470906476777398934e-03
1.669846259239611119e-03
1.461276244843404517e-03
1.577508803022294962e-03
1.535432554609087157e-03
1.307582364146098099e-03
1.490001866433045882e-03
1.745444741525647167e-03
1.573225133534561157e-03
1.718796605358631144e-03
1.574459331220884762e-03
1.312391515319463308e-03
1.473509825323551271e-03
1.556123476981541038e-03
1.527923182741382398e-03
1.768884565089081512e-03
1.460267685167686595e-03
1.639154995978371696e-03
1.481385000375195311e-03
1.503095079299252360e-03
1.502467165865071196e-03
1.521756543175729415e-03
1.393768395834818789e-03
1.717072555710523214e-03
1.566644416845066126e-03
1.564859161770091288e-03
1.356095560537501268e-03
1.649312996580746746e-03
1.606058222872803164e-03
1.897768434241341434e-03
1.343831488121703405e-03
1.378277559321493435e-03
1.740439899419590764e-03
1.515138845427364692e-03
1.395080348110083876e-03
1.601087654388507310e-03
1.595070133539643834e-03
1.678764293220034315e-03
1.478638545571425711e-03
1.815704849553558811e-03
1.556498266932799775e-03
1.614991184459132296e-03
1.595733547448277686e-03
1.549342433008842534e-03
1.593550287726513840e-03
1.663076737335196249e-03
1.483169073681641411e-03
1.633752900816898973e-03
1.648945805651610714e-03
1.684465668321696820e-03
1.650780737895907050e-03
1.739173238800624348e-03
1.885901821643894138e-03
1.486626173491655944e-03
1.481939074330330779e-03
1.704241015470025003e-03
1.375992592058410255e-03
1.586869585418373366e-03
1.838048435907708479e-03
1.462446207092973471e-03
1.559032618544282760e-03
1.620655768706843114e-03
1.650850975269760931e-03
1.922078373109400388e-03
1.581840356184142232e-03
1.556561514742128404e-03
1.730292532725149395e-03
1.766113042993833464e-03
1.605935934817215782e-03
1.764420665513876264e-03
1.727542319322451824e-03
1.826515549293856837e-03
1.681745209463698888e-03
1.608367222358211791e-03
1.630588632605062390e-03
1.777351114282844403e-03
1.737280449007687485e-03
1.765630190151152657e-03
1.985579092237182638e-03
1.622789252603176139e-03
1.570637284724085182e-03
1.599722557197105766e-03
1.341428200388659420e-03
1.767486033431588197e-03
1.879730426023872459e-03
1.818438072014937762e-03
1.636665805733460675e-03
1.853273690540762275e-03
1.732117672779533071e-03
1.681094828367121589e-03
1.814681207642163292e-03
1.744255949151695935e-03
1.576419383050310999e-03
1.771983712579996723e-03
1.826273755013289304e-03
1.738898730836214903e-03
1.732297810983787984e-03
1.396645808617277915e-03
1.941998754592992376e-03
1.609846361329485276e-03
1.992661497949626583e-03
1.612372141709374207e-03
1.574880982759506443e-03
1.726746332278923483e-03
1.922905177556966235e-03
1.887953171236510155e-03
1.618948736751987371e-03
1.583400419281148427e-03
1.774266326444738032e-03
1.775480633704546590e-03
2.026432749233989840e-03
1.734712184271815704e-03
1.645431729139635105e-03
1.984047630681033941e-03
1.868037494826008419e-03
