1.244771832120753147e-03
2.040575340837793520e-03
1.601644471829827537e-03
4.467701741113975882e-04
1.515125887975059997e-03
1.754116322895718201e-03
1.876297163007753640e-03
9.446037064521808479e-04
1.255735614328324333e-03
4.451899350345026474e-04
9.736021900687149514e-04
1.124514781977763210e-03
1.286802472639802814e-03
1.641798381839834359e-03
1.388713427701880393e-03
1.024228848194591677e-03
1.313041762823114605e-03
1.148140988873121160e-03
1.461772605124570315e-03
1.065769679727008668e-03
1.081215989201820887e-03
2.331944368623408131e-03
7.398363710412250976e-04
1.111958612545459364e-03
1.131551632498433574e-03
1.059878483143650730e-03
1.657898605016349834e-03
1.518970603002964747e-03
1.636285227529042608e-03
1.135938986246022965e-03
1.053786622475733634e-03
8.610321029011692127e-04
7.219084136747845864e-04
1.440683003131591018e-03
1.665353044097425857e-03
3.236733874669669477e-03
1.513066935302462843e-03
1.260811482405039445e-03
1.757069849767229665e-03
7.888270414728820691e-04
1.517968818536773266e-03
1.838928350231306503e-03
1.433617721195836435e-03
4.206730666115945927e-04
1.109678230877733174e-03
1.334279907830849404e-03
1.237313655087707038e-03
9.101476402347894856e-04
6.613802808272732604e-04
8.589935264371430712e-04
1.543046416327310691e-03
1.498431038263352494e-03
1.789264142807135954e-03
1.166976531401411714e-03
8.439331206839500825e-04
8.028356545261892225e-04
1.528591381023315697e-03
1.385041772642025279e-03
1.454883131645229571e-03
1.066519887931414523e-03
1.945335280057491597e-03
5.791021155523181068e-04
1.625301603366287057e-03
1.290264659070103131e-03
1.034543626252949853e-03
1.267294789657661932e-03
1.052517582238769560e-03
1.045253292912758829e-03
1.735473244442777832e-03
6.102060066391018847e-04
2.872812817123057780e-03
1.616188496553775267e-03
1.415828924015152205e-03
1.334934035022293519e-03
1.147475062356700546e-03
6.601409484725856598e-04
1.340673747756702819e-03
6.045653140038632174e-04
1.147404159791398735e-03
1.039909555619134788e-03
9.757895411233429841e-04
1.289882687871833286e-03
1.342998883014870836e-03
1.064635036444335154e-03
1.949860203076675142e-03
1.348590902490026710e-03
1.259944574652988860e-03
1.193852378650690901e-03
1.073250573130932889e-03
3.628538095314070818e-04
1.637128886106912519e-03
1.825583281702317703e-03
1.384604413819310632e-03
1.354452149775429385e-03
1.506740882804136553e-03
9.067428982450879971e-04
6.545740897600276420e-04
1.606649738109968469e-03
2.294967327558366035e-03
1.125265476455727161e-03
6.886467334376603295e-04
1.304599947432826456e-03
1.080526524478136541e-03
2.087219941566560363e-03
1.936247380141164738e-03
1.786167097489577789e-03
9.829290305546330500e-04
7.110863328745396610e-04
1.332165518019853964e-03
1.278639542654749512e-03
1.504131110649707627e-03
7.268838963430615139e-04
6.773786992787647404e-04
1.616683062498764679e-03
6.281197655840611068e-04
9.460101753476114891e-04
1.175719917109081152e-03
9.352446095132548693e-04
1.324951754004878709e-03
1.189077577223204103e-03
1.960326590830470134e-03
1.078064863513911740e-03
1.318895235719944265e-03
1.141214747116257519e-03
1.485796165010077165e-03
1.923632640998860751e-03
1.507464089987691370e-03
1.597165547341285793e-03
1.950970803824617116e-03
1.448740906750005386e-03
1.008421655578930565e-03
6.735912736125440484e-04
1.421757288520392095e-03
1.093367713980114867e-03
1.601262512104146630e-03
1.254568559124646064e-03
1.121602185947058721e-03
1.251747059178205191e-03
5.642567352971512504e-04
1.553680438860557261e-03
1.103860285881455789e-03
6.319797472552435378e-04
9.329130141275617004e-04
1.966600049693106606e-03
1.681205965498092352e-03
1.234656727043595458e-03
7.717267231563603455e-04
1.129273397005402593e-03
9.766428925446477873e-04
9.198138509042120105e-04
1.125873560182760746e-03
8.442817586358277717e-04
1.047557690040235414e-03
1.127163704059528163e-03
8.572094999110365559e-04
1.343366741196943366e-03
1.353965309255299263e-03
9.676676180419506966e-04
4.387801297606117577e-04
1.379214078991368919e-03
6.233693246807869501e-04
4.866916358027451755e-04
4.252898933235277541e-04
1.982573210740398717e-03
1.558724011193263594e-03
2.477641842295470829e-03
8.759829144037438887e-04
1.147252359685744811e-03
1.645385786270034401e-03
1.306357555880708178e-03
2.073472537320865893e-04
1.296095931605121751e-03
8.554018898508770029e-04
8.350030675314852472e-04
9.498489760002280010e-04
1.509884361086419628e-03
7.259100445041133604e-04
1.077903315380887486e-03
1.815086828273721571e-03
2.128296016855657936e-03
1.440267716581926458e-03
1.487911190075760868e-03
3.135652702702647972e-04
2.056658590050517831e-03
9.066589095621696874e-04
1.911397632428094495e-03
1.414503962998736207e-03
7.345763170307081317e-04
1.511615291107965215e-03
9.452965603908148988e-04
1.117324150620447589e-03
1.308601720130891715e-03
1.649841920754282912e-03
1.383583204283350514e-03
7.541222635957495852e-04
1.195393754794904636e-03
1.126246793863229078e-03
2.148014101757546139e-03
9.686993264968595538e-04
6.992996122486375447e-04
1.239921543886900309e-03
1.870907240627738000e-03
5.319983987327528679e-04
6.003960901503459582e-04
1.037295017305375809e-03
9.774635491044810984e-04
5.029654467041722076e-04
1.109362096889497098e-03
5.336965311253868971e-04
1.095605816152462600e-03
1.807120561102861173e-03
6.267385661931924304e-04
4.976283226893665063e-04
7.048247109809510332e-04
1.494581365267774612e-03
9.248135549757791150e-04
1.076819804527214290e-03
1.253615109461609723e-03
6.999247110504677348e-04
1.384651854608195823e-03
1.417980742941646246e-03
1.128367998360497483e-03
1.877600620110699220e-03
1.353070398158285909e-03
1.521853932521624684e-03
9.017640802117781861e-04
1.105309678913945961e-03
1.321193381050067821e-03
4.358214201091779416e-04
1.243343630090179954e-03
1.569296355070950695e-03
9.178378227805687349e-04
2.004879566041649092e-03
5.382434552383387688e-04
1.387064734668139393e-03
9.875496817213405120e-04
7.574264643944624009e-04
1.278425513974138124e-03
1.118327402545209528e-03
6.376926450459709890e-04
1.060883324146355685e-03
9.791321649870485082e-04
1.749454162449337298e-03
2.006260570065626810e-03
5.094919621062408586e-04
8.275787352475610058e-04
1.720567606475632838e-03
8.191400411347064207e-04
5.450406839533663813e-04
8.541107694378075694e-04
8.810509155032349377e-04
6.975432490584573559e-04
6.416418562012503931e-04
8.017964413135704503e-04
9.225370331412345148e-04
1.416410149155257481e-03
1.999083919380394321e-03
5.572408319008869066e-04
1.307054646311553306e-03
1.124256799465929999e-03
1.076796536525876768e-03
1.596748496985944416e-03
6.098597192070332601e-04
1.286468003536056243e-03
7.187011643873051758e-04
2.184208609880920488e-03
8.957177860041169119e-04
1.421784252405887796e-03
8.030174547578783264e-04
1.275833124867752511e-03
1.738220387321145815e-03
7.835092882207606762e-04
8.758909968619015560e-04
1.409506790840603981e-03
1.148183623168687112e-03
1.310310815186762571e-03
1.822591542680001989e-03
1.374688917852379599e-03
1.517381706037610259e-03
2.385703921308339817e-03
1.018968322089705905e-03
1.522244428495279044e-03
9.733189729052325401e-04
7.113717061669272640e-04
1.422508957804709739e-03
8.308955419439508763e-04
1.442060316887745211e-03
4.722116406510672940e-04
1.258890560700501142e-03
6.162187604217555939e-04
7.230738600641309919e-04
9.412224483918023342e-04
1.391168178801502169e-03
1.063553815419672173e-03
2.150090448888705621e-03
5.361246098907141225e-04
1.127086940346629356e-03
1.948783972800640762e-03
1.418760301017169771e-03
8.174996157563698979e-04
1.212741128125448221e-03
1.130575515720636534e-03
1.511446452223614732e-03
1.127456741873830584e-03
6.466180577043897232e-04
1.530902878661566033e-03
1.457947022287105557e-03
1.646987155002984770e-03
1.264789610733428344e-03
1.203497631938087566e-03
6.708745134240949202e-04
1.035152889190883371e-03
1.820198095270401462e-03
1.533886108167533888e-03
1.790555367854892261e-03
1.420056184379077380e-03
1.532961426597341005e-03
1.284296974291291400e-03
1.742136213078072362e-03
9.259661595387860085e-04
7.797846909462830987e-04
1.692151617010643995e-03
1.373894671425751656e-03
1.116662819729956910e-03
1.143496398325770293e-03
1.498559212459566652e-03
8.500423227873791458e-04
1.091814709038751953e-03
1.656218869045829540e-03
7.701162755818657555e-04
7.952320309311891339e-04
8.279793587424930231e-04
6.983532498424809866e-04
8.834567644166708240e-04
2.078753526770289739e-03
1.391318564764973831e-03
1.040687816071286277e-03
1.797076539572012603e-03
1.470706701463105276e-03
7.176992133855655386e-04
1.546811468877385635e-03
1.215541599992284042e-03
8.958903473606352535e-04
5.440591470199841349e-04
1.576908557075122055e-03
1.786807212038736461e-03
6.990851595851234421e-04
2.063869891531948820e-03
1.648165637427642183e-03
4.352042098285381329e-04
5.636636854214657332e-04
9.533502665433095033e-04
1.374491882521428369e-03
1.243321889199171032e-03
1.679586796664083500e-03
1.546297939688035146e-03
9.031423687677005195e-04
1.220002226581066605e-03
9.833285966601014276e-04
1.080488139799174081e-03
1.482843896272058488e-03
1.322895377947245696e-03
3.327662587611448543e-04
1.045389024844395505e-03
9.047181008883399935e-04
9.547532464169351677e-04
1.379585717866279671e-03
1.014663429894369735e-03
1.571277371975134769e-03
2.018899003300809493e-03
5.527959284796523428e-04
9.637189579555470453e-04
2.087031487932320458e-03
7.765852034790680057e-04
1.556185547306381933e-03
1.677876978233245947e-03
1.058731118621590236e-03
1.193841243725195581e-03
1.155853744277429056e-03
1.531137511704649479e-03
1.267762005259279309e-03
9.780185359860489331e-04
1.177664755747266558e-03
1.173589662233290830e-03
1.911929981552142879e-03
1.097616988226119902e-03
7.117956851649468982e-04
5.039967272339747990e-04
1.507305443263664071e-03
1.015828823577365463e-03
1.793911760046559356e-03
1.622224980282346634e-03
1.606168326576265862e-03
3.242756633645700430e-04
1.067480999624061903e-03
7.825709692336513560e-04
6.297616919581954442e-04
9.364595276978560610e-04
1.110094951232389136e-03
1.111421134539614932e-03
3.065660903695655959e-04
1.653790811872158945e-03
1.649806753173914267e-03
9.331332147710017086e-04
1.124383054741056372e-03
8.826602119916112862e-04
1.278168118454354281e-03
1.686930926686229385e-03
7.285948171168864663e-04
1.678041803742646131e-03
1.132560875331055806e-03
1.601397197750560348e-03
1.279818329778929483e-03
5.153698960199842340e-04
1.072183467927194595e-03
1.024894080622043482e-03
1.386940381752721366e-03
7.972216918395912339e-04
1.585100513192046461e-03
8.987521580603989200e-04
8.931166307329688973e-04
1.207025081619246976e-03
6.574271592569647452e-04
1.557594760660837522e-03
1.237512308888296091e-03
9.666842125470826797e-04
8.061439773458269325e-04
5.478338105052432813e-04
1.369297930158850773e-03
1.440775488563458178e-03
1.572892412531877579e-03
6.940107565877723633e-04
8.850249438603497842e-04
9.581347025990767088e-04
4.384900110646220220e-04
1.410118310741583642e-03
8.428228325513556713e-04
1.672348292087830852e-03
1.313776528316199389e-03
9.004227146411457458e-04
5.401682145181196807e-04
1.546433254703907757e-03
8.693915181927020300e-04
1.789434639543548882e-03
1.371344083333444347e-03
1.801010208026218671e-03
9.924726545461662851e-04
2.229654933089264025e-03
4.505824961562872690e-04
1.037201213800232258e-03
1.158316302757818111e-03
1.553766615822541877e-03
8.819852186701617911e-04
4.064411224487659235e-04
1.779998463525384175e-03
4.116736530674686340e-04
7.486266081071209309e-04
1.309785805406019814e-03
1.765604571184549139e-03
1.173469728612663160e-03
1.398080395483032937e-03
5.134353652660395484e-04
1.088598083627228706e-03
1.055506709025589435e-03
2.045907658038284907e-03
1.327622177410833293e-03
1.209733015759050694e-03
1.835010832781168878e-03
1.684386794742603497e-03
7.264258432133832840e-04
9.147502861619075196e-04
1.984322271476472114e-03
1.524866165246796220e-03
7.558530629273655906e-04
1.083335135749193294e-03
1.003370728307440571e-03
4.058045092372816352e-04
1.713671283728351305e-03
7.685621608699483081e-04
2.091616389221581749e-03
9.537303710140711006e-04
1.741753780287219784e-03
1.201855342156064052e-03
1.218270018364774792e-03
1.080206746007995400e-03
1.423578011544957261e-03
7.346050039718542493e-04
1.441468560576623101e-03
8.492087799960359182e-04
6.676251004364957414e-04
1.923410030920441735e-03
1.903008802028231675e-03
1.616443156243455633e-03
1.478446589945957550e-03
9.419120880173146183e-04
1.500386701655826794e-03
6.804211460165830033e-04
1.398190536874572903e-03
6.699365242259215604e-04
5.486792724425148876e-04
1.734843360527142230e-03
9.902815823468369590e-04
1.860287299604394644e-03
1.510250899000611024e-03
9.674410534754866080e-04
1.626906769802541819e-03
1.044490479067769310e-03
6.955784444529219219e-04
7.714595904416757504e-04
1.051757662921280539e-03
1.739837467300000932e-03
7.770825212487869832e-04
1.376152115302639242e-03
5.904467818846881842e-04
9.267644794596393686e-04
1.610097931461103998e-03
1.012495641095567233e-03
1.111029608697209313e-03
1.035360583434654464e-03
1.106425948766206731e-03
7.516951120965836754e-04
1.640405672063946756e-03
1.250923929052202496e-03
1.164435824133607184e-03
1.838281702811306317e-03
4.715565018184807405e-04
8.891532782603584970e-04
6.877896617746719109e-04
8.855632197294090570e-04
8.721322207704264263e-04
1.040420271850845020e-03
7.700964061061824897e-04
1.027077839651204189e-03
1.166419154433152383e-03
1.293905971688288567e-03
7.278509826483295060e-04
1.067102623481272798e-03
4.450969489438602535e-04
3.598188638250164845e-04
1.365989293138917399e-03
9.667425881324535810e-04
7.229420387811813552e-04
2.236154417570766773e-03
8.002632025934123747e-04
1.107904826017038456e-03
9.502075109489783360e-04
8.862841341029978988e-04
1.123704056045906740e-03
7.651071259896343119e-04
1.676599137521501102e-03
2.058462600052460029e-03
1.208705479190752422e-03
1.671436354165040496e-03
8.517753875742551696e-04
1.020543073461078207e-03
7.793261375268861453e-04
1.349622792830765857e-03
1.084168837510476706e-03
9.195594751062884271e-04
1.194712949654825598e-03
1.552887774989488139e-03
7.214503583268789101e-04
1.030717716396508960e-03
1.176086585018729872e-03
2.625567005492644300e-04
6.717931083984836132e-04
1.812470825209563062e-03
1.326941603408641297e-03
1.109798258287465365e-03
1.209403817364781714e-03
1.324167584773702343e-03
1.181756856530251192e-03
1.464959390116190707e-03
1.500057905164572805e-03
1.607892653138117247e-03
1.299211034208132623e-03
7.318071220633282038e-04
1.074918420129356228e-03
7.861882773345165191e-04
1.717301941200464208e-03
1.684202460409209333e-03
1.220631372045583377e-03
1.156512352655149822e-03
1.181221321803917809e-03
8.322444025980239250e-04
1.488028917984689746e-03
1.493867279943304500e-03
1.528967968844938954e-03
1.554694901370560567e-03
8.624134281107806834e-04
1.234662966921499117e-03
6.123806688611272255e-04
1.084887566403124797e-03
1.033127836184488191e-03
1.013091971698572768e-03
8.481649141243081426e-04
8.795244285803158939e-04
1.106637117345689097e-03
9.705829815901382716e-04
1.315826452740795783e-03
1.279272754986528291e-03
3.112800468060562516e-04
1.121304155607328939e-03
2.126812949846464129e-03
1.584719222202599694e-03
9.254804902875769313e-04
7.143420900581807197e-04
1.316864933301699868e-03
1.013269787036540992e-03
1.242173160759806137e-03
2.069840980098611952e-03
1.124352383564155601e-03
7.362957546744382676e-04
9.824397477083562664e-04
1.409567257567128024e-03
2.254858741794782493e-03
1.153878571923011012e-03
1.739857773824996304e-03
1.404827984146553733e-03
7.503720741157752757e-04
1.315648732703263071e-03
1.172999984215973351e-03
1.168191733224807106e-03
1.153305074025919377e-03
7.116808210042744557e-04
8.664206159778045863e-04
9.539884515239629818e-04
1.431516572105823301e-03
1.259178318016100336e-03
1.465017076003924607e-03
1.124343318117673783e-03
1.452356011170342779e-03
2.304657309664433305e-03
5.030884472536669956e-04
1.508014795766890329e-03
1.153808359455909356e-03
1.370747151348158683e-03
1.591854689532446300e-03
8.357804732858460043e-04
1.518729416321964445e-03
3.889719805580298465e-04
8.029969797365217772e-04
1.332390670224048272e-03
1.270937437856293302e-03
1.364549785978963828e-03
1.075892269904012285e-03
9.119609012750650671e-04
5.484568067571288837e-04
8.523623223223750168e-04
7.032705422963200260e-04
1.011442472464747430e-03
1.241429052102373037e-03
7.986978806442588102e-04
1.200176612616199370e-03
1.625499838287374496e-03
5.866064354248223247e-04
7.790441387338776884e-04
7.613899479622310762e-04
1.253076933148313931e-03
1.749745754851397784e-03
1.441495178086412039e-03
1.759288179373222133e-03
1.957697603672980090e-03
1.684929825698745429e-03
1.145588214394038231e-03
1.572766559498447970e-03
1.409759008019960576e-03
1.728610496744350080e-03
1.808049653051862745e-03
1.382276676045981773e-03
1.069598722773723197e-03
1.493202510611735733e-03
1.992182955357975349e-03
5.018735198251629602e-04
9.376676887125946509e-04
1.473888141544288898e-03
9.766562985711109857e-04
1.274231383300158558e-03
9.969269129264058879e-04
1.299578703766791389e-03
2.840039810088873951e-03
1.196281032516700697e-03
2.543104409427594283e-03
1.763777315572710551e-03
2.047650528573056235e-03
1.329804486452364036e-03
5.620082880887512225e-04
1.216482466405427367e-03
1.802629365022114785e-03
1.793537683205824918e-04
4.930664320711984931e-04
1.440246459291106944e-03
1.064094189464140578e-03
8.393286043831684829e-04
1.279432316285133552e-03
1.170642107135223386e-03
1.330560002732375903e-03
1.498200699565455573e-03
6.274430048737657684e-04
1.194899998121808646e-03
8.713896112334569436e-04
9.910959537409742143e-04
5.338991044289205946e-04
9.205706583400512059e-04
1.541400282989310215e-03
2.685530235866216957e-03
1.690204931912808696e-03
1.606808449073020024e-03
9.242763094474374264e-04
1.323312651719150317e-03
1.519532048971282846e-03
2.023291132525884342e-03
9.245777157483403650e-04
5.629862613699894739e-04
1.120186085333654867e-03
1.824223190981559594e-03
1.955202704097541190e-03
1.585316134256140735e-03
7.064963365840138407e-04
1.937509748318624317e-03
6.798411272347659479e-04
8.378060782767974462e-04
1.380460821115628203e-03
1.780406061304348969e-03
1.306584334709059254e-03
8.641997073885367012e-04
8.860734296283154796e-04
1.137650329504788938e-03
9.369439874409610063e-04
4.713447741631709661e-04
1.083965607913994203e-03
1.589782746478272729e-03
1.729425146766397792e-03
9.143544744987301643e-04
1.301072052733995245e-03
4.388454734617321042e-04
1.580638237856419985e-03
1.507689570886314558e-03
6.244214757947624253e-04
5.793184385404319403e-04
7.104213946685528644e-04
1.043542174876474146e-03
1.565670732954534648e-03
9.656789457970057968e-04
1.150560497008743313e-03
1.037643653288399057e-03
7.223912880462024120e-04
1.350510837128360850e-03
1.414410257099254489e-03
1.196632737967119912e-03
2.281033599825343493e-03
6.141304580832062992e-04
1.870379972248612487e-03
1.830781056175848987e-03
1.206536765976543718e-03
9.598647057299963033e-04
9.968708712465408021e-04
1.803131038001610457e-03
1.282003064948696036e-03
1.156630504861032825e-03
7.619254110522058303e-04
1.591007645460895854e-03
1.015639985429797262e-03
1.040540180877830246e-03
9.359713502937547919e-04
1.055715929795528587e-03
7.478755425607983226e-04
1.277796570478958223e-03
9.394753758746108956e-04
1.191806129232766314e-03
1.608735438867191746e-03
5.228878681247180367e-04
1.849082598168389543e-03
1.285534393873105207e-03
2.471053668320279291e-03
1.211166792919227738e-03
2.245038506778912219e-03
3.706268426047696881e-04
6.949209064422823658e-04
8.955380883231045573e-04
7.686764724923945318e-04
8.713504649139244265e-04
1.160626661603517736e-03
1.343801636958719646e-03
1.136468737349089191e-03
1.081750220850640756e-03
1.044964538583528909e-03
8.150517965575624366e-04
1.041028906815818231e-03
1.322766878771576516e-03
7.975890088080581477e-04
1.163749839379570354e-03
1.486047465961326921e-03
1.532766854435855261e-03
1.723645829227962549e-03
9.004028601910360387e-04
1.247039663422086714e-03
8.167756715439728268e-04
1.104493431537756712e-03
1.431129940419197978e-03
1.348130742210805737e-03
