1.679649227555337059e-03
1.746089214947414833e-03
1.608762043111619435e-03
1.337620126845904525e-03
1.518227551426497811e-03
2.282461105978157625e-03
1.668487219887438734e-03
1.464105679694244731e-03
1.781207238769283137e-03
3.142693448387454559e-03
2.595247267288935088e-03
1.908836919085518538e-03
1.999421498324635820e-03
1.594657299664655695e-03
2.298649545996802723e-03
1.686880293792279327e-03
2.476298338315472466e-03
2.414962061595463637e-03
3.258315215884495519e-03
2.657676661169759876e-03
1.064339231046384582e-03
1.748854000538431919e-03
2.845840897849330562e-03
1.290992206708757887e-03
2.185048199220436353e-03
8.487036985764062711e-04
1.636234938072164084e-03
1.767451034139716623e-03
2.254806262016097445e-03
1.668267436505436801e-03
1.987185457053925776e-03
1.736191166426466134e-03
2.567912200335109498e-03
3.162966724772950117e-03
1.152304489653566003e-03
2.943464243071246961e-03
1.004075479479700625e-03
2.081460562903631514e-03
1.308796237062586016e-03
9.742455211177621088e-04
3.484420924604702922e-03
2.351108135968272422e-03
1.557606017544851430e-03
1.813460795395922982e-03
1.870455241644726615e-03
9.811289932669605991e-04
2.262932674603605667e-03
1.442581481432106058e-03
1.590681661427807963e-03
1.337064292968955089e-03
1.811243022888684362e-03
1.384552204759470712e-03
3.345520862872163742e-03
6.743925027319193572e-04
2.655832008237024242e-03
2.039823655249938580e-03
1.864832368614716736e-03
1.290801173265690048e-03
2.786910089164224263e-03
9.009627343521054354e-04
2.286806423386919876e-03
2.533717319214068807e-03
1.404513982751666315e-03
1.652335731841733484e-03
2.129547497964274713e-03
2.161450758055000372e-03
2.185339797938355699e-03
1.901569406281752254e-03
1.043225610539577934e-03
1.610946138731325725e-03
2.297363905634797372e-03
1.119344978930526249e-03
1.443736304495229095e-03
1.912659191123352318e-03
1.274013320895813232e-03
1.113861683027959557e-03
2.451676218426003702e-03
3.168425055981903896e-03
1.718392880504307930e-03
1.139573384215137198e-03
1.161845552703020612e-03
1.307443647114765132e-03
2.236152752886094545e-03
1.460817822191400571e-03
2.320342116302116786e-03
3.878985473655962267e-03
1.498577402686804543e-03
1.100503005385127528e-03
2.747281396054184095e-03
1.623187913272433266e-03
1.452611564220745131e-03
1.052165442309602444e-03
1.505279082296376520e-03
2.000626362684121157e-03
1.888488281077825960e-03
2.617565183511813467e-03
2.553408492825312310e-03
1.224407455018997146e-03
1.318963015856115936e-03
1.692715461342153517e-03
6.144237929934311289e-04
1.905858305188841938e-03
1.164096107022620247e-03
2.792256581200314777e-03
2.261922254546908269e-03
2.796825369474342359e-03
7.705269368086102881e-04
2.657278849950187819e-03
1.502042340586049471e-03
3.344803162467598328e-03
1.459236240466907060e-03
7.637259494041828039e-04
2.137940837618589138e-03
1.992115573203836858e-03
2.254246376368644698e-03
1.221824654453932714e-03
1.413675492449374335e-03
2.172518133684745584e-03
2.080552729448733890e-03
1.810887122231822277e-03
2.436263482902393564e-03
1.775183528282782376e-03
1.820005381204838285e-03
1.644155000872022298e-03
1.789732368053026899e-03
2.271200878269302031e-03
3.129489769688264134e-03
1.383517263845343266e-03
1.279525435868943909e-03
1.435926040605630966e-03
1.473840268272346527e-03
1.146343863219801383e-03
2.739213844021998884e-03
2.268895949182455664e-03
1.477881604375788248e-03
2.223310975450160359e-03
2.027509572179888361e-03
2.379351465780353125e-03
1.894874162358751828e-03
1.863756494234551338e-03
2.384394994444237643e-03
1.800739014008922913e-03
2.419584691542864003e-03
3.974341158645486663e-03
3.603956386262323949e-03
2.262281578276345313e-03
1.373055812354583103e-03
1.347272059513198025e-03
1.379899055421778247e-03
1.577742822099359324e-03
1.932767773454664847e-03
1.180440154877727878e-03
1.962576896809816243e-03
1.926223566693759971e-03
1.805216519879633595e-03
1.724450698347085873e-03
2.279220632213932451e-03
1.908026720251482754e-03
2.059172195681233108e-03
4.167543021976000996e-03
2.272353417088862539e-03
8.389841459289416490e-04
1.591869224381395505e-03
1.554754581123696244e-03
3.269930283315462555e-03
1.892837552900359472e-03
2.608147235043908711e-03
1.248867619928273722e-03
1.965883951420122240e-03
2.905270170092904766e-03
2.442917603666556157e-03
1.809665804284711329e-03
1.109701550967220028e-03
2.708305234043180063e-03
1.669708458864294868e-03
2.398925946775700042e-03
2.223084921239325447e-03
1.593430142081221417e-03
1.321781097351871744e-03
1.798818428913622055e-03
1.505479083210265173e-03
1.734262879525648579e-03
1.630720477407081098e-03
1.365084876902292231e-03
1.717720271164195102e-03
2.209346508538897243e-03
1.632075731475749305e-03
1.384409519156441868e-03
2.878181534510589924e-03
2.222878913748732674e-03
1.382143567765752989e-03
2.393897322922485058e-03
2.064874651038748482e-03
8.622619271460073374e-04
1.076832625407251167e-03
1.463611877778561937e-03
1.539693672477324441e-03
3.121654237466347116e-03
2.474529063873221434e-03
1.732263629080541510e-03
7.987091043287338973e-04
2.044150465949148843e-03
1.901299544237484030e-03
2.074562711445203812e-03
1.424512863103615879e-03
2.897397336923727539e-03
1.349924115744655139e-03
1.230005126788462268e-03
1.277946228296695207e-03
1.307837127087537387e-03
1.766812835354120278e-03
1.500087458179349270e-03
1.714608559914823551e-03
1.414021304607998445e-03
1.746061185899657787e-03
6.750933539164691386e-04
1.069359607931793426e-03
2.569098783341104350e-03
1.559314444883712564e-03
1.634791801960872298e-03
1.714590864850604971e-03
2.877485999112268118e-03
2.956719428886194368e-03
2.756435585967339976e-03
2.204004488065457699e-03
1.460453175175129405e-03
1.203919602212001096e-03
1.659732893039948766e-03
2.494344266553841401e-03
2.217874251075138432e-03
2.022628232193219352e-03
1.385154781069029102e-03
1.572326089506552969e-03
7.090436281559431893e-04
1.771289437132980531e-03
2.121954453739963685e-03
2.608534899569723859e-03
1.553455751270403336e-03
1.073479576023411274e-03
2.032707445323707948e-03
1.087803951204661295e-03
7.875596013330065683e-04
1.733895621396179575e-03
1.797716675602337080e-03
7.313849527290259504e-04
2.309854164325398848e-03
1.039994089198247127e-03
2.775031612753294571e-03
2.197778786766066850e-03
3.035440368401083871e-03
1.417862489068187843e-03
1.950060405620533026e-03
1.651656452069544170e-03
1.878260787536540841e-03
2.316421237538835755e-03
2.519252293897189174e-03
1.938998135831381670e-03
2.181262794970116430e-03
1.651914012229726116e-03
2.024654380327495055e-03
1.086637742834689483e-03
1.964742556919700685e-03
1.774367421370965031e-03
2.471368174771729903e-03
1.691734498635489529e-03
3.175853972087605039e-03
7.161050653493137175e-04
1.356825796731690259e-03
2.018485120212794998e-03
1.447936066325402563e-03
6.060815414840153544e-04
3.101338859734116288e-03
1.618664919131136996e-03
1.615227402348047570e-03
1.537341610718722350e-03
1.186963479762826769e-03
1.843840940054261449e-03
2.923801898940753610e-03
2.512409229623694795e-03
1.525265304129644036e-03
2.722654126684324188e-03
2.004829239817807612e-03
1.577416659935911144e-03
2.053474458628284233e-03
1.229894157830142441e-03
1.957593253901143693e-03
3.365108658935654640e-03
2.896204867907793256e-03
2.073988144692371065e-03
1.984140054811268494e-03
2.695127970357186382e-03
1.212984717758971466e-03
1.375070744632559110e-03
2.740869071303672546e-03
2.762031287800140785e-03
2.511458972111188688e-03
9.601806805181083756e-04
2.417051458049573887e-03
4.591478090125182998e-04
1.308276853697040070e-03
1.483288252710989212e-03
1.567534026585253948e-03
1.258819116543225371e-03
1.324447725060279909e-03
2.044956832321477916e-03
2.158868268232581097e-03
2.705938452118114394e-03
1.756672444691023943e-03
1.348203329007556083e-03
3.646893873535397672e-03
9.968910214888148172e-04
3.388194719076612679e-03
2.228899504871505177e-03
3.067403565192591310e-03
1.736060458848517982e-03
1.587120674025743663e-03
3.133306490760481931e-03
2.044309731913890402e-03
1.835021011605560961e-03
2.013761960852659787e-03
1.138958584154984828e-03
2.083025753033444262e-03
1.473181675642229937e-03
2.293117980816929309e-03
1.373712895591073331e-03
1.257053157406477122e-03
1.731816936551244931e-03
2.955450564598962725e-03
1.372894601163331943e-03
1.648477641095523645e-03
1.803565463811992965e-03
1.482408397158682407e-03
1.478740971020855392e-03
7.249752284612545703e-04
1.911653853712383258e-03
2.089895839976567936e-03
1.712481930296939599e-03
1.894070785816105414e-03
1.598195678804293545e-03
9.942650543855733377e-04
1.421502444846890712e-03
1.677659082885859815e-03
1.857602957060502111e-03
2.089883886319242236e-03
1.921249703401128666e-03
2.597242245876753459e-03
1.829487838103842053e-03
2.084122284820165167e-03
1.446644504616268010e-03
1.732557648554913787e-03
3.057401163201853463e-03
2.429816302429199746e-03
1.916279777497847470e-03
1.920482593248498552e-03
1.709419375959728192e-03
1.437481206817546597e-03
1.869533464227353869e-03
1.687398439979051132e-03
1.945379085101827830e-03
3.307143602939994174e-03
1.493196371863462569e-03
2.264376303826884460e-03
3.087421254564459705e-03
1.771606769450110187e-03
2.117812216501314005e-03
1.463690943985911921e-03
2.432536868408503427e-03
1.522851668222577727e-03
2.625203713471353610e-03
2.059230437347312013e-03
1.877490751256009329e-03
1.102635573484156677e-03
2.274492755839172421e-03
1.837827762492423144e-03
1.449320660172140948e-03
2.582916571090050021e-03
1.338650315485434691e-03
2.080937239625657575e-03
9.193474362659965734e-04
2.491710958888336200e-03
1.335592175953948272e-03
1.701048117020431683e-03
1.426291956541874024e-03
7.794730553364341476e-04
1.424315009597739269e-03
1.790681054860885930e-03
2.995238298512406094e-03
1.822026637647105500e-03
1.291191810170732712e-03
1.277336148376529172e-03
2.491309865502873942e-03
2.285304423547308492e-03
1.930288724443579617e-03
2.674319237077005251e-03
8.461063740889879833e-04
2.427163132722085902e-03
2.297974640066872271e-03
1.732342789205128762e-03
1.955741897919250662e-03
3.050085853448972206e-03
2.229683446152112749e-03
3.372008214284752826e-03
1.402306743171642580e-03
1.490571964316623728e-03
1.175927720905843273e-03
1.939628035226707283e-03
1.773069571298435806e-03
3.855710847222451956e-03
2.435954924035535311e-03
2.141278040272160538e-03
1.809527717990566534e-03
2.871025039310761383e-03
2.262428731623889432e-03
1.644903791615947132e-03
2.699772433945367943e-03
1.336082617356434792e-03
3.143021660590106670e-03
2.140122477440778263e-03
2.119494079068374656e-03
1.775455455762936507e-03
1.597935683748861113e-03
2.450125313956733920e-03
8.144468625903069367e-04
1.290903726169454575e-03
1.439825629946086660e-03
1.722542527149864208e-03
1.243066410001304528e-03
1.108642524292182329e-03
1.185645498547144685e-03
2.230436343077266386e-03
1.838751919033839496e-03
1.134178853938244127e-03
1.127845412290656843e-03
1.762851921407285714e-03
1.638163368732716224e-03
1.552686146342583838e-03
1.720722289992524835e-03
1.756382473175083225e-03
2.429530292481731600e-03
2.147553609865172648e-03
1.439592283091616727e-03
2.277822805099717456e-03
2.330815350637193729e-03
3.766291588144769602e-03
1.272597684268127281e-03
1.377474771090864396e-03
1.164230667646485229e-03
1.566857649101590895e-03
2.137208644864524443e-03
7.967770338173507530e-04
1.968853174805798318e-03
2.256012829172687490e-03
2.302470707821546638e-03
2.987970227514909639e-03
5.390111176306177504e-04
2.099057616999646780e-03
1.554626296046032882e-03
1.147084058165498714e-03
1.064526246666193648e-03
1.675831591663303876e-03
2.040226042152087395e-03
1.574967272685713019e-03
1.380110833317332170e-03
1.307894611891919712e-03
3.113439515570160313e-03
8.333286585281048098e-04
2.142752403024356881e-03
2.136919801349067543e-03
3.040883768333702518e-03
1.528694044641447586e-03
1.826643730150946622e-03
1.160086270795996147e-03
2.568093148677469666e-03
1.525780859684106256e-03
1.851955446429332484e-03
1.655880769325259079e-03
2.104353230186528905e-03
7.427690172995195673e-04
1.557255584994177242e-03
1.789531067163901415e-03
3.087589062240336975e-03
2.045500223640305069e-03
1.682609552110144987e-03
1.455262691699107849e-03
1.285233173733587621e-03
1.424392301819926709e-03
1.343051005732041414e-03
2.487392540084158547e-03
1.863725266158257430e-03
2.099128796550088060e-03
2.271218226611929937e-03
2.353942897946819691e-03
1.660107692311786750e-03
1.795071625648140580e-03
1.064224603184395126e-03
2.289607942941346026e-03
2.740398361251133400e-03
1.613083500847965496e-03
1.685473663371656050e-03
3.219574754537317830e-03
3.352764409505304497e-03
1.185401957066919195e-03
1.304257460451169019e-03
2.834643688465963898e-03
3.198747592651329536e-03
8.245744177530518878e-04
1.325146140189356354e-03
1.836298574438154909e-03
2.055927284014678457e-03
2.134869166966078292e-03
2.527269652765132268e-03
2.154134444218230599e-03
1.838089495459326560e-03
1.296732311064623371e-03
1.830369097492082642e-03
3.062654452920248772e-03
1.321224216505623942e-03
2.111907972777523571e-03
2.248037379572814191e-03
2.438045978977775377e-03
1.533593137091635982e-03
9.653090715377889543e-04
1.280095784405662794e-03
2.301051551213152517e-03
2.448162730536745067e-03
1.891159899659975102e-03
1.551603428093688243e-03
1.440830252847682610e-03
1.554182008648774711e-03
7.162448409979626715e-04
1.944087475107393907e-03
2.708968497697772284e-03
1.632377824787968786e-03
2.052365703220510474e-03
1.867135029719537180e-03
2.187939271932736601e-03
2.396640214314323461e-03
2.053926940912094087e-03
2.041331047352466527e-03
2.363449944578108110e-03
1.592927345486182472e-03
1.347678628411503546e-03
2.817162781291434985e-03
1.750606983040520551e-03
2.401941008863825791e-03
1.095398893209522870e-03
1.313200924299900334e-03
1.480406939934829271e-03
1.142656063422770648e-03
1.881592237717912052e-03
2.518370148813740220e-03
2.000758090058150657e-03
2.300826460650174862e-03
1.833322887895660501e-03
1.422543845595473054e-03
1.403157670579350223e-03
1.676630121596153853e-03
2.903519896622304419e-03
1.664817047000932519e-03
1.694647652555627670e-03
2.061341096162292493e-03
2.549383216371828992e-03
1.814510677657002425e-03
1.710820206234284040e-03
1.881117969733512533e-03
2.116479537082559519e-03
1.413875311818781066e-03
1.313648802742878622e-03
3.047757292011752783e-03
2.449466940101198247e-03
2.539218673422263036e-03
1.192371767411518676e-03
7.845739743669837962e-04
2.263584778468542575e-03
1.442172451887883695e-03
1.256346455588160278e-03
1.599164136315547749e-03
1.088048362252451006e-03
1.062339834419828623e-03
2.749735851800146156e-03
6.451376364002024471e-04
1.016261916799698732e-03
1.567362138249405075e-03
1.781509984920899526e-03
1.674836783940838536e-03
2.121745838491989784e-03
1.728022169472597262e-03
2.047989065134511559e-03
1.684907757741030757e-03
2.633588157081147643e-03
2.106136333261120729e-03
1.764359024541230659e-03
1.847067219696285666e-03
1.865835259900392590e-03
1.016064386051528752e-03
1.928678226795968583e-03
1.440683772123653970e-03
3.729730032706764491e-03
1.568573697700715750e-03
2.086210346179299870e-03
2.271599328715598592e-03
1.740801724936010247e-03
3.041782270813925791e-03
1.891795026153830122e-03
1.924935215664824771e-03
1.812357681503941722e-03
1.772981134192722769e-03
2.850755786925560260e-03
1.221621663239046141e-03
1.746362020589658235e-03
1.714188838351183783e-03
2.932750530847896483e-03
1.068932531433381327e-03
1.545281899016826607e-03
2.166134682424113427e-03
1.771946153874232304e-03
9.264348054143397822e-04
1.852556022402537502e-03
1.903879927548167428e-03
1.780961737169445454e-03
3.624937095968646609e-03
2.118908564527992571e-03
8.293475766744255783e-04
7.426164566288599202e-04
1.754460572610020384e-03
2.935731719773791801e-03
1.707165808590613808e-03
2.291644429176685309e-03
2.117614891860197975e-03
1.172206867977281918e-03
2.341843889362719023e-03
1.740720967843713014e-03
1.415362442643895583e-03
1.022766009810428117e-03
1.964835061414851782e-03
1.543737742778035363e-03
2.322705962245041021e-03
2.331211789943431114e-03
1.753559802601580703e-03
2.535140579238607562e-03
2.170962867483360124e-03
1.865021673208318211e-03
2.780213454915659525e-03
2.642174902064870889e-03
2.041932034032896935e-03
2.621658403695607993e-03
1.308923474714525099e-03
2.564938415887995597e-03
2.100363186624759973e-03
1.732943048345106591e-03
1.041919647094188004e-03
2.179075394713150555e-03
2.623766956787427530e-03
1.208508946922828408e-03
1.740320834035437346e-03
1.911320716061951693e-03
1.949493241049409225e-03
2.285667214874990538e-03
2.198086608854656499e-03
1.236516699644824501e-03
2.652446132371830221e-03
9.422406581686226888e-04
2.828367875290878873e-03
1.298628994564694512e-03
2.271021891096095154e-03
1.885078871302969762e-03
1.345232023380222046e-03
1.874015367223505870e-03
1.447401932391868210e-03
2.348263000878234724e-03
1.050529477434483357e-03
1.553323152231799332e-03
2.354456700193337335e-03
1.410086295968225253e-03
2.740494552526093891e-03
2.276549102435295163e-03
1.962477896093145664e-03
1.140365172744163330e-03
1.558574615938322768e-03
1.439913152383161558e-03
1.194099973283175090e-03
1.353467217144471799e-03
3.032795784034791539e-03
1.447929047794930266e-03
2.218950220406944347e-03
2.250701217280542434e-03
1.771706867814203373e-03
2.032441549933160490e-03
1.542538619327553850e-03
1.853875532598690899e-03
3.416424035187746316e-03
1.555920065711108346e-03
1.728757681163738732e-03
1.644111633174299199e-03
2.224854711417551673e-03
1.709486930666717381e-03
2.571477407520603164e-03
2.003089977168849307e-03
2.661095222414167853e-03
2.861101920865944271e-03
1.852451238459002295e-03
2.616093994829034146e-03
6.525796776726045835e-04
2.381298250397738143e-03
1.973000751350227188e-03
1.419386936732792157e-03
1.892329820300411684e-03
1.782549488574828840e-03
1.599060861332988678e-03
2.700326300991144190e-03
1.716149541326356066e-03
1.935260320155767410e-03
1.651731508770682300e-03
2.499580680257025133e-03
1.377862316201326721e-03
1.834178437438637290e-03
1.600828641168853790e-03
1.639202422835781773e-03
3.937377740635863554e-04
1.587666497334532445e-03
1.674038787829582693e-03
1.671259499312560941e-03
1.622771293883918785e-03
1.278822726556774802e-03
1.853262982605780648e-03
1.855965000986818918e-03
1.393420656361399942e-03
1.907594539742031104e-03
1.131978525533687161e-03
1.109091390596618400e-03
1.977408777334348309e-03
1.985973264879023481e-03
1.440174847843636238e-03
2.651573148548700635e-03
1.648148830151388708e-03
2.070735392303435160e-03
2.293707052458930726e-03
2.171593223485378515e-03
2.555412843417068786e-03
2.214875119777390960e-03
1.036432395328291045e-03
1.859530454882406345e-03
2.623855412706100655e-03
1.908273087051584301e-03
1.636151849708541344e-03
1.654990427123323319e-03
1.692098961734492995e-03
1.636836578165889100e-03
2.171815412228310198e-03
1.239106706581147343e-03
2.178654021334265872e-03
1.885534717342848658e-03
2.051528756514773080e-03
2.754274286889153624e-03
1.298191725136551037e-03
2.508610727265063803e-03
1.903894944850239223e-03
1.926898040486467283e-03
2.659871065778015697e-03
7.263301085972603821e-04
1.593355854624103549e-03
2.736136462615176325e-03
9.925206272370834439e-04
1.660822477458646354e-03
7.984077637174219868e-04
2.034837276631354819e-03
9.041921342219274692e-04
2.367184515536275170e-03
1.450173732890832571e-03
2.214682851050836943e-03
1.251087998306907095e-03
2.416771391147287153e-03
1.873184369488127771e-03
2.338262591901591348e-03
1.902811881484431800e-03
1.650390404686907743e-03
7.734079950758206146e-04
2.528535554069281932e-03
1.352136751562552737e-03
2.010410473845207231e-03
2.177892282133989197e-03
2.078296465259859161e-03
2.142696282457309635e-03
2.994687736796253566e-03
1.625718756014816026e-03
2.723385825229190146e-03
2.303720316392260468e-03
2.821258556367856399e-03
2.321051938873096646e-03
1.106213011821739756e-03
2.182119890684108224e-03
2.455069119673006575e-03
2.370575808391792941e-03
1.230417870453073262e-03
1.604595217521856973e-03
2.554470868345770380e-03
2.142015091328138346e-03
3.352078344557730960e-03
1.388901800173482923e-03
2.826570667812302456e-03
1.988437653171000810e-03
