1.582151655766583787e-02
1.580977245346248949e-02
1.580208425115788365e-02
1.587151906672006757e-02
1.577833734964009457e-02
1.563601522024699736e-02
1.572885334164956378e-02
1.556575309519122284e-02
1.564344237842766466e-02
1.542391181743939764e-02
1.549859102506671513e-02
1.544041660672371141e-02
1.530564794515471699e-02
1.525944423732655472e-02
1.523457001375557590e-02
1.514112998265382606e-02
1.498197938339983389e-02
1.505294647918873144e-02
1.493683150261269389e-02
1.485504876772166666e-02
1.481681099492621057e-02
1.478399888514976904e-02
1.463662126956071993e-02
1.458246895136136936e-02
1.449541372295385863e-02
1.443435982311907020e-02
1.435687722469584406e-02
1.429760677981373185e-02
1.408755583080852428e-02
1.412757976548486248e-02
1.398127295473121194e-02
1.394058588740073289e-02
1.385588813543777928e-02
1.379498569063598856e-02
1.362194534664728368e-02
1.355900870096089436e-02
1.349948276661378649e-02
1.343795854479356774e-02
1.328718236434385004e-02
1.318841284085216226e-02
1.313124633269374328e-02
1.306158611032768452e-02
1.294797232931820148e-02
1.286301188684533907e-02
1.279201542253818706e-02
1.261782992635003021e-02
1.255451589833353129e-02
1.247293196876122709e-02
1.230275712674252717e-02
1.224575286870892114e-02
1.213619900536310782e-02
1.194930007979256269e-02
1.188813087074129179e-02
1.177346858312673487e-02
1.157859217097120114e-02
1.164668723320461986e-02
1.147487304362776982e-02
1.145131014452008440e-02
1.127976397758432073e-02
1.107573408859631459e-02
1.098269665465943443e-02
1.102875094365856658e-02
1.078525326625962878e-02
1.074320014056504707e-02
1.051227012049214468e-02
1.025617362353850245e-02
1.034483712436799069e-02
1.038172075829388308e-02
1.019631009716139014e-02
1.002908131390806319e-02
9.929683428495615638e-03
9.841890252541299344e-03
9.511516752974076561e-03
9.549040529529989260e-03
9.467628293655327987e-03
9.383279787348725726e-03
9.269948858746240861e-03
9.244309538755400568e-03
8.789143317812869033e-03
8.958109495200804531e-03
8.764378133171877791e-03
8.666675733729253123e-03
8.351507643401515427e-03
8.361784191811352102e-03
8.179435488755071662e-03
8.135302263788153285e-03
8.106298762422876197e-03
7.804186058690934340e-03
7.923083660119779187e-03
7.568919390709376652e-03
7.428554489585504489e-03
7.389584473292867828e-03
7.301014652363831126e-03
7.193624940403226670e-03
7.068447639612408448e-03
6.643752790406830429e-03
6.893445378830954234e-03
6.998383471493826134e-03
6.611463376473062509e-03
6.340520165136065076e-03
6.431687466100507317e-03
6.190693790139520369e-03
6.151480172991685182e-03
6.020974939085769334e-03
5.988402549515166318e-03
5.767099962015336673e-03
5.612238202681017231e-03
5.596406159206677305e-03
5.515970004901117954e-03
5.236494444047140595e-03
5.255898002704234573e-03
5.078548296805541519e-03
4.854874229232461480e-03
4.936056445163196534e-03
4.820591194763976586e-03
4.804462082683050306e-03
4.664185043770612514e-03
4.538693495035106551e-03
4.373134497836932144e-03
4.268196838546988066e-03
4.214206968714516444e-03
3.895523994847471458e-03
4.245824524183832230e-03
3.880214758124449388e-03
3.719840334038847229e-03
3.933185846186459944e-03
3.812987569442027706e-03
3.630254213826094711e-03
3.606484337642439260e-03
3.756942920000951383e-03
3.736370905555406845e-03
3.457681166570137667e-03
3.332618064684323301e-03
3.415554793041050696e-03
3.219774673043931251e-03
3.457081743742297219e-03
3.005919115068547264e-03
3.269882363588264094e-03
3.014267409015559430e-03
3.094407229114468690e-03
2.991208733067495570e-03
2.926873751512154998e-03
2.828922948386435130e-03
2.991875526711631952e-03
2.827646329868192289e-03
2.924016346517864517e-03
2.945403649694729523e-03
2.696489448098227625e-03
2.757643205613989536e-03
2.623684815229378187e-03
2.666714391346474908e-03
2.506171747815553585e-03
2.577320445484765962e-03
2.587073917957184721e-03
2.750118506004762143e-03
2.466771668224513464e-03
2.680339794688478116e-03
2.781155560246750466e-03
2.526719288381897976e-03
2.556293452529456896e-03
2.571991240413968281e-03
2.708146105335985845e-03
2.579525760714506625e-03
2.545194110898744803e-03
2.736036508969754213e-03
2.542727248000461147e-03
2.673370904214925157e-03
2.638772122148908775e-03
2.551916909622814998e-03
2.734546247618202877e-03
2.686106282577757371e-03
2.266353538176994319e-03
2.573116834505486707e-03
2.577183299257916876e-03
2.474634736648827736e-03
2.661386509311138796e-03
2.468485733811068630e-03
2.364040244889856202e-03
2.667046382548842170e-03
2.806577160263190943e-03
2.632216296209861917e-03
2.614700302344802156e-03
2.574443272526985398e-03
2.435197436197134458e-03
2.447646230116763254e-03
2.311190765012156347e-03
2.681454664652427496e-03
2.505444877326539876e-03
2.430826502000102592e-03
2.689828831784105145e-03
2.616151931245323629e-03
2.839019912011508766e-03
2.567481818586621594e-03
2.418087187699078690e-03
2.737045756426388556e-03
2.500493495986802310e-03
2.552853025150372129e-03
2.617440395833174789e-03
2.371640210962426294e-03
2.678322729461345402e-03
2.441808214632943102e-03
2.359443806658859631e-03
2.485291914152971786e-03
2.545133338681377852e-03
2.612807358765316043e-03
2.389182211802089000e-03
2.408862965187761208e-03
2.517057722056139767e-03
2.488661611196135888e-03
2.518804431610330297e-03
2.639279585833701012e-03
2.545462561131595254e-03
2.567925938801141408e-03
2.617350094322675597e-03
2.519743702977871730e-03
2.330647517474254780e-03
2.478241329888952911e-03
2.314616920312265874e-03
2.633982797673586028e-03
2.509821254860445869e-03
2.544934688038532830e-03
2.622887549769720161e-03
2.590795725528183008e-03
2.355365525863884878e-03
2.548916629678725856e-03
2.443035922448938066e-03
2.474802055607253949e-03
2.557579461842987394e-03
2.464948836171499888e-03
2.564613408104527478e-03
2.468887144143350806e-03
2.523342175843186833e-03
2.625321020386704816e-03
2.504225607469589068e-03
2.483552021854126129e-03
2.494910846655279662e-03
2.528747947755678651e-03
2.632993715153371991e-03
2.529779947915845005e-03
2.384133342473841472e-03
2.597563117283115293e-03
2.787476503480778873e-03
2.605926353519144676e-03
2.490769486494107902e-03
2.546096216102487330e-03
2.570486851122756339e-03
2.556874225099648769e-03
2.494273483318949942e-03
2.525021401489845399e-03
2.432904739489861329e-03
2.414773380865114887e-03
2.424427127005142346e-03
2.503214450676785087e-03
2.543142160623241676e-03
2.559816852066166236e-03
2.372572280301800743e-03
2.588309490599541036e-03
2.730523358319371895e-03
2.438102609814749196e-03
2.456004303215355081e-03
2.651238338795285435e-03
2.424117707323566843e-03
2.517732761535984402e-03
2.727568376910221443e-03
2.551413173523919831e-03
2.493705528722864675e-03
2.378017281995574092e-03
2.445348100027222148e-03
2.511363185086513787e-03
2.433478560376042647e-03
2.607397356998181030e-03
2.528780192717777937e-03
2.494843817182097658e-03
2.435360831549354243e-03
2.608488386536896193e-03
2.707889429927699994e-03
2.642204236364020797e-03
2.564258392616426598e-03
2.604239976692685442e-03
2.348429721471711334e-03
2.419860263223172665e-03
2.490490135895848112e-03
2.430690620499344288e-03
2.516934332940756313e-03
2.534958743873797112e-03
2.627431174696859793e-03
2.577415984965513232e-03
2.610509258004425990e-03
2.450159381125901169e-03
2.484766288241500778e-03
2.395458392326087465e-03
2.532676365170482592e-03
2.269212642355359928e-03
2.557522302969344064e-03
2.637402170539478868e-03
2.476891869028538095e-03
2.322315537239821783e-03
2.530076392779944446e-03
2.478647378623298134e-03
2.629936103274307328e-03
2.530139982603147545e-03
2.684162432997056966e-03
2.514551764560701494e-03
2.356929741688320798e-03
2.494553297923046524e-03
2.669289369233773801e-03
2.716456142570177357e-03
2.453134526069186520e-03
2.504430432309208594e-03
2.523627644076556487e-03
2.570642188341871765e-03
2.357537969615988889e-03
2.666855480882834514e-03
2.602744737264437586e-03
2.892042614613970879e-03
2.749568999053856981e-03
2.456167976233345450e-03
2.572911242771265539e-03
2.534297055922704860e-03
2.509768747676517815e-03
2.459895381145647299e-03
2.542521377245834241e-03
2.372053998923819365e-03
2.553125076530199985e-03
2.499603585678568992e-03
2.599866419097109169e-03
2.469465260806057421e-03
2.604900462226076262e-03
2.514702055006465698e-03
2.541981460126244412e-03
2.452096102152866858e-03
2.392934952239651920e-03
2.350721234683792859e-03
2.577174581814942796e-03
2.336585610891615469e-03
2.499158008341551430e-03
2.419068158162840810e-03
2.700007467145011837e-03
2.678509027062556547e-03
2.587546497806831811e-03
2.443361180162527489e-03
2.738628651471967414e-03
2.511428363424213477e-03
2.601097362505263785e-03
2.342931389369525257e-03
2.494299791405259203e-03
2.636721610465784550e-03
2.650779094899582793e-03
2.621010223654166374e-03
2.381980950092373820e-03
2.513638915760060561e-03
2.370776456892130686e-03
2.309381608303644542e-03
2.629322066391819902e-03
2.499739309855816306e-03
2.377297096671493297e-03
2.503579331372783080e-03
2.300372144829145819e-03
2.451004751982431736e-03
2.497007541465825174e-03
2.636063929120425683e-03
2.398796292250162353e-03
2.468552734417530856e-03
2.632999658789875099e-03
2.414783720310973401e-03
2.445868663135014262e-03
2.525189235085572702e-03
2.517545894145566988e-03
2.301566602743983746e-03
2.446295210019193683e-03
2.299546329098260764e-03
2.496547758682850053e-03
2.519802740626878208e-03
2.511083358277113597e-03
2.366154906843015264e-03
2.326618533307552982e-03
2.556057383816988642e-03
2.447396500237544216e-03
2.474286534019063798e-03
2.620307235267451459e-03
2.632559274022585900e-03
2.520084999088968800e-03
2.504915861118368805e-03
2.522075783995481740e-03
2.584522131686308247e-03
2.615844967792648953e-03
2.485205935707106729e-03
2.447519811470541800e-03
2.549765153207322107e-03
2.678393866002299652e-03
2.436970623176664894e-03
2.639624014933892801e-03
2.530959476799380520e-03
2.380031838273687778e-03
2.466614554088954192e-03
2.458004031233746237e-03
2.548145817485149810e-03
2.380975004602910085e-03
2.412956943199448621e-03
2.523023923673060886e-03
2.317187165528655085e-03
2.578670339371776261e-03
2.553671914900596668e-03
2.518971660585268835e-03
2.333062212721623632e-03
2.671428717121862324e-03
2.424036995252933525e-03
2.663784886167477276e-03
2.542661165539901111e-03
2.434191442175797325e-03
2.566590307010285787e-03
2.543453377300085479e-03
2.665880754234842796e-03
2.473625142157110431e-03
2.519194316017521820e-03
2.537460792406652510e-03
2.567776871932261114e-03
2.488801330579511369e-03
2.558522535637937356e-03
2.545796830152517384e-03
2.406125294343946196e-03
2.522793344075436282e-03
2.407097469166688975e-03
2.455141136936949721e-03
2.410809421841671706e-03
2.264798219178152782e-03
2.428586669409831759e-03
2.505789087642423286e-03
2.451891831054958237e-03
2.481851328494867788e-03
2.444654637045763027e-03
2.481085387948886185e-03
2.671100028016645030e-03
2.305305094149886786e-03
2.436165003346169380e-03
2.512867822127963155e-03
2.351458271761511579e-03
2.438264534355899689e-03
2.479545764730295247e-03
2.574016524546445060e-03
2.498026311421140157e-03
2.531213986723813373e-03
2.618717498022252350e-03
2.590999585623319449e-03
2.545539977527281218e-03
2.435384281847206671e-03
2.424337066709161131e-03
2.364975159291729176e-03
2.537029233470118779e-03
2.458781998276440839e-03
2.433759880831277457e-03
2.396236837857479082e-03
2.426733705808373914e-03
2.569522986999206622e-03
2.565139552002134241e-03
2.428081415642461757e-03
2.405535954634920905e-03
2.572155184373115314e-03
2.589279968100069180e-03
2.431453870187542769e-03
2.552396597686947856e-03
2.471801266038996855e-03
2.506471484345016917e-03
2.412957016329634122e-03
2.645070646771350252e-03
2.646253257741017217e-03
2.534369066955320920e-03
2.444044010706193561e-03
2.352492166045684879e-03
2.529093927319373252e-03
2.539944727853534531e-03
2.610923573472659354e-03
2.546698892196547128e-03
2.528361408261614422e-03
2.546562769766171422e-03
2.440875377151000870e-03
2.621387514911599666e-03
2.547168251375286734e-03
2.394750485008005723e-03
2.456509586119928583e-03
2.457146402013275430e-03
2.684515655369171423e-03
2.622207491444203571e-03
2.588253515263502433e-03
2.384170407676568411e-03
2.389547229307390896e-03
2.404497640658748939e-03
2.449054465395592278e-03
2.561384851320572080e-03
2.515310258618376482e-03
2.693975983476398772e-03
2.510604339847239807e-03
2.452234400802664679e-03
2.416061170874142690e-03
2.412602911024222876e-03
2.611380536832874980e-03
2.644082877340970562e-03
2.383234230641597534e-03
2.525616013783731160e-03
2.606773453687379928e-03
2.569411878145649690e-03
2.398342735124759165e-03
2.455083174191424571e-03
2.626498251803341746e-03
2.549949783367532873e-03
2.342433795026320487e-03
2.690312198884613898e-03
2.638712115480377519e-03
2.689370470986000156e-03
2.632909198487390703e-03
2.535321548259161263e-03
2.487281896162457651e-03
2.547623435296245391e-03
2.483526271010701517e-03
2.430229763604162003e-03
2.398409813701049033e-03
2.388310029022925815e-03
2.317192416254765068e-03
2.481798661757090869e-03
2.538293549366969944e-03
2.372870968158467472e-03
2.618315924007449513e-03
2.605924765085071600e-03
2.688966213559521728e-03
2.532510102355547184e-03
2.457785975402373979e-03
2.445167523851763877e-03
2.576190128160047148e-03
2.514877223720050729e-03
2.644178336456385822e-03
2.434500470538697448e-03
2.614836772118215441e-03
2.579312164842113321e-03
2.454883650818371135e-03
2.406316027402818220e-03
2.367680901617006360e-03
2.605927310297016016e-03
2.625427224285022468e-03
2.457344215393618067e-03
2.425309859816523160e-03
2.517333310890600660e-03
2.461923072641124428e-03
2.468407828366826241e-03
2.567630390258454458e-03
2.610161044792018784e-03
2.481443770958241101e-03
2.437960422130054303e-03
2.510651017843057789e-03
2.455211016889471271e-03
2.794351470574337783e-03
2.629859784301343938e-03
2.490829020060968905e-03
2.488041171487437395e-03
2.426774914844611122e-03
2.460653522468408960e-03
2.459665257800538497e-03
2.394298264932851698e-03
2.260624107604422475e-03
2.441537335589773119e-03
2.358325444024101866e-03
2.561045420833528256e-03
2.451046663262047842e-03
2.404673965757259720e-03
2.562247237757154811e-03
2.628099342613119359e-03
2.432828222144181249e-03
2.482825903105937392e-03
2.609676525973860396e-03
2.434017684953269575e-03
2.484217484897032185e-03
2.631056315362357428e-03
2.623361276831745297e-03
2.504480235373885214e-03
2.428848917294205816e-03
2.270595140202402891e-03
2.335375858602546043e-03
2.500866744427353988e-03
2.465065269893242528e-03
2.222508500598166428e-03
2.350062619799107421e-03
2.414371693367146042e-03
2.515415669691087319e-03
2.806882439462097915e-03
2.329368645734741783e-03
2.572860947582117103e-03
2.558514675809967463e-03
2.337908702981098333e-03
2.553298786164206503e-03
2.485906667814068334e-03
2.446497804324910662e-03
2.334128398732471937e-03
2.469386710212957085e-03
2.562369355967506444e-03
2.722726608372853796e-03
2.395821214005554832e-03
2.724469178242375049e-03
2.600489384489998532e-03
2.525561658708951485e-03
2.485488809132875392e-03
2.370388826990164465e-03
2.505818683188837034e-03
2.613267569124014689e-03
2.400168988152101210e-03
2.546760298230328796e-03
2.490074672945921750e-03
2.511586667907599133e-03
2.467580184103824233e-03
2.452766646919010869e-03
2.499243060073231930e-03
2.523076612794114895e-03
2.488069393513296472e-03
2.381896844600905373e-03
2.455213624955008677e-03
2.635032140838095786e-03
2.516529775848980969e-03
2.488137927540506281e-03
2.479262940552355056e-03
2.466710034683387669e-03
2.531408258937909057e-03
2.324479128486509148e-03
2.544476742885998320e-03
2.496628335770777370e-03
2.592029429589547129e-03
2.438689659074303774e-03
2.554764914453221646e-03
2.447344107289379372e-03
2.376257407405447594e-03
2.409173235430238369e-03
2.490394120211478733e-03
2.534572008890183421e-03
2.329857007937428340e-03
2.520933109739273599e-03
2.528888316604461801e-03
2.374688524422156975e-03
2.516958840492550253e-03
2.286356261082214680e-03
2.461917058861350788e-03
2.490434226982361429e-03
2.237011875354791811e-03
2.538688201868198255e-03
2.504553153616159798e-03
2.432088346245348150e-03
2.338098418105687918e-03
2.550862017991412274e-03
2.449442530652897517e-03
2.521185389685225500e-03
2.493118771431529664e-03
2.507687102170883496e-03
2.276161919665377342e-03
2.413100049045126087e-03
2.354532744312495211e-03
2.474631615424153185e-03
2.411499961161001158e-03
2.472968377815071631e-03
2.681749363110638110e-03
2.622872719043880911e-03
2.292527425414440587e-03
2.311461895292658483e-03
2.462182245968881373e-03
2.301116815893745112e-03
2.436274921882815303e-03
2.401128582286106688e-03
2.495612121127558855e-03
2.552542763268876146e-03
2.469838192961068372e-03
2.608666678353029067e-03
2.313764319783788263e-03
2.653570999554818316e-03
2.546090821655326662e-03
2.436498205849719698e-03
2.527480933399280094e-03
2.503187631182492590e-03
2.329373138515709787e-03
2.463186335956117547e-03
2.419110389226300853e-03
2.527178051819568751e-03
2.439988870553971498e-03
2.448835719987268490e-03
2.414855009956894723e-03
2.332717137612063014e-03
2.184989548648513368e-03
2.461927082849639081e-03
2.334621820882190179e-03
2.337167995702672460e-03
2.310910682179068663e-03
2.406847517947167947e-03
2.416611493472562659e-03
2.515405610711046909e-03
2.490374213799754436e-03
2.474726513604868713e-03
2.364916419660492881e-03
2.489922636970827528e-03
2.359791946624318834e-03
2.437866410873265437e-03
2.407293827723024689e-03
2.416072416363839251e-03
2.436266982427491221e-03
2.509132371612434256e-03
2.403066695754747795e-03
2.592632916978710941e-03
2.500540562592743106e-03
2.573261785690328200e-03
2.519301715665148503e-03
2.528852467325710951e-03
2.596732247206422033e-03
2.519169931057631956e-03
2.552250646014020755e-03
2.728018294070819368e-03
2.438124146948817978e-03
2.516345906393499011e-03
2.452690155002323034e-03
2.279240637018518749e-03
2.489769743277189980e-03
2.510707622682037052e-03
2.589536629599376461e-03
2.570599078875291949e-03
2.286376390520789871e-03
2.444852888141375510e-03
2.385909488840050330e-03
2.449362583554179004e-03
2.335168115274446985e-03
2.379126874443315137e-03
2.551692216115853881e-03
2.328253496447321366e-03
2.444282411406146008e-03
2.914382579001425881e-03
2.490132001915080009e-03
2.524268293983403244e-03
2.598233584913001420e-03
2.521345345198519432e-03
2.749650708537212159e-03
2.329651822017242760e-03
2.305689914985155874e-03
2.329618321091225536e-03
2.595222104404236452e-03
2.320340428168524670e-03
2.541787934160150489e-03
2.528367041983568646e-03
2.487926558586308397e-03
2.356455324385474566e-03
2.531025510390064528e-03
2.447813892771567249e-03
2.380173756937879748e-03
2.274518628702796967e-03
2.531921838669559492e-03
2.262713961320596441e-03
2.676121732119492690e-03
2.242627857352521951e-03
2.383394123304836444e-03
2.596316590655748692e-03
2.422671641765336559e-03
2.588404578728968272e-03
2.372080560870916920e-03
2.403648429674578018e-03
2.361704431336297469e-03
2.410246583406844539e-03
2.278766566516734343e-03
2.591154166930570955e-03
2.300412534791821013e-03
2.583852555095088148e-03
2.368722745551270648e-03
2.220491042104880998e-03
2.625743594115450240e-03
2.353658435416031581e-03
2.582031469898610730e-03
2.437006242595763598e-03
2.517783166641641458e-03
2.332372705648511069e-03
2.566396931689877460e-03
2.491730087675252635e-03
2.526399000988000399e-03
2.559755717751376926e-03
2.379909669078418468e-03
2.279623734071924493e-03
2.418319875774794202e-03
2.531911131243562429e-03
2.473679407596542784e-03
2.526921735682896228e-03
2.598187491043363155e-03
2.385975487301188365e-03
2.519263330096380669e-03
2.619845114119428303e-03
2.453576417263324868e-03
2.375730170964413142e-03
2.477929898579675320e-03
2.368385097237621795e-03
2.302533788611027012e-03
2.405038254441934070e-03
2.447469460031772084e-03
2.435810060346190777e-03
2.431534603252781014e-03
2.408908722822285936e-03
2.510723362112751537e-03
2.537602310706951400e-03
2.712531283338495691e-03
2.515559979754860252e-03
2.571828998016641513e-03
2.478712157217642653e-03
2.578673213434128086e-03
2.481537289475078262e-03
2.505499156505029863e-03
