2.872072859136742362e-04
2.677135189960470289e-04
4.917369454775589793e-04
6.340609860719818641e-04
8.314302825392975950e-04
1.587394033340053809e-04
3.911029203841401552e-04
5.205060525689771730e-04
9.062729180011994297e-04
5.784694654106037944e-04
9.824964036334940531e-04
5.942723418016046706e-04
4.941916844017799852e-04
3.931139759477994110e-04
3.730545916354846320e-04
4.408897386922543647e-04
4.480408443151399651e-04
5.544795594137459866e-04
9.132841170810348554e-04
7.065870716236101760e-05
5.401562733579794509e-04
4.240808396306661740e-04
4.044335274809083940e-04
2.657749752119164090e-04
7.862111227154909652e-04
3.517927283943661672e-04
1.004502831796416033e-03
8.211410491721360936e-05
1.401236622626348847e-03
8.496002483981240341e-05
3.610477654053047031e-04
2.857305032029568322e-04
9.477115273203454366e-04
2.350475385934092663e-04
4.457025736892339450e-04
4.745650684603392659e-04
2.177761793276758472e-04
2.763095517909973072e-04
2.670744947326740017e-04
1.036042524046390956e-03
9.502576363468272615e-04
5.222737417867074359e-04
2.839282850099507220e-04
5.477743552670628424e-04
9.574992557094394105e-04
6.190841357614891788e-04
9.061610543545018564e-04
1.084566193913816127e-03
5.051202179471060705e-04
4.721714196288513232e-04
2.228295129445949656e-04
6.759931758715163018e-04
4.381350185577899403e-04
5.942755895876936740e-04
3.917645825390433825e-04
6.594575081669382284e-04
1.969162711147861352e-04
5.503223756154946612e-04
3.902021818104719261e-04
5.357399193015796590e-04
4.358293336554523788e-04
1.845450379281463711e-04
1.904852022684225439e-03
9.725062916178004802e-04
2.301348695316771868e-04
2.574107119974271794e-04
9.759590622136068636e-04
7.928663569466477302e-04
4.372972225622889222e-04
5.810769747041053283e-04
5.346778876779087215e-04
5.151605858451999012e-04
1.896549231721451304e-04
6.526521806011593378e-04
5.302001173476720381e-04
8.079037257009665570e-04
1.114622960202023587e-03
2.578343585373095675e-04
1.208722279806846928e-03
7.523223093583638341e-04
1.011391411562086867e-03
3.180141473639681773e-04
3.800257366039519144e-04
6.332176780322870463e-04
4.817465696609252212e-04
1.193257645394549303e-03
6.168193527226529561e-04
7.031541344079297699e-04
1.819829090896826328e-03
9.716370109569935805e-04
1.350279325538668090e-03
1.747025813035794862e-03
3.001709121652371636e-04
4.388305059939298322e-04
8.605292079000471809e-04
7.225719155374625514e-04
6.439592509055595045e-04
1.329689838322198987e-03
6.256645469215703749e-04
3.960512843047439384e-04
1.051726979354605015e-03
4.862484379366471213e-04
2.078986978864857775e-04
3.772231810778662328e-04
7.364867477891934777e-04
1.216692020744387015e-03
5.919181197329356769e-04
1.508287100280912996e-03
1.015440968437149316e-03
1.260904519646901438e-03
6.580818511759298998e-04
2.647330121476979556e-04
1.203443415486114051e-03
1.005099057786917579e-03
3.001238316968474727e-04
5.951206579989995601e-04
9.902972311589184045e-04
8.290127278993344052e-04
4.659269949581683963e-04
7.359039077618857250e-04
4.280358395618965705e-04
2.916272454282151094e-04
8.161757297080571467e-04
1.013984912928555344e-03
4.707409170923754931e-04
5.317717958671033416e-04
5.481703569076903102e-04
3.640492228888059061e-04
2.564252065468382389e-04
1.028021977862445804e-03
5.910019329885889084e-04
1.689475238127924512e-04
9.422652424416072276e-04
2.265765794447267725e-04
9.382130134028615273e-04
2.843401412441275643e-04
7.892499755781747818e-04
1.042275281408424183e-03
4.951655963439840612e-04
9.514865906930717980e-04
6.605853051010317787e-04
7.441549115949797500e-04
6.511161193183936848e-04
1.243150540640341464e-03
5.665636781343463824e-04
1.065027518560262133e-04
1.183014511197093797e-03
4.018530120688927360e-04
9.683519850714672125e-04
2.853194844939139249e-04
3.008883265105100047e-04
8.626247734961711797e-04
1.054411027151985411e-03
1.282453357274407346e-03
5.788011802972330795e-04
1.234770790907349864e-03
1.719861529893911781e-04
3.323675384621650720e-04
3.773545702288554462e-04
7.797802808799810491e-04
5.128328990884000425e-04
5.987859606369363248e-04
1.095312566928813525e-04
4.047608566516512477e-04
3.628667448061252405e-04
4.627977398902450266e-04
6.607157494002620932e-05
6.036503855716684065e-04
1.924799200789538195e-04
7.012963901075864410e-04
4.367402070230473827e-04
2.207592815142081900e-04
4.009826617622606350e-04
6.779857551993194020e-04
5.519878576470886415e-04
5.202474846322418297e-04
7.901379752357435074e-04
5.773970317926447444e-05
5.454015439431291910e-04
3.189225976065233697e-04
6.975026764946079625e-04
3.839936921206879182e-04
2.500722440051422095e-04
4.351035111276277964e-04
2.021253819788636804e-04
7.471346182747083328e-04
5.828181435771818573e-04
5.520657569357111799e-04
9.051649609841354164e-05
6.981720120892186739e-04
3.114593630194747108e-04
9.171590433195984699e-05
4.233959229443665703e-04
7.049332195509757423e-04
1.426064073626314571e-04
8.088418501505253121e-04
1.110013042404930234e-03
2.791859516405074894e-04
2.614643179004219045e-04
1.459195944684964252e-04
1.083791730387496027e-04
2.863714708905893249e-04
3.936407384136070666e-04
1.668381139209505174e-04
2.238199545667772321e-04
6.170227768333216845e-04
6.238721964063065079e-04
1.340302258611603028e-04
3.787395225400358250e-04
5.611975811452808108e-04
2.489693235757608927e-04
6.665032139988102749e-05
9.560443377382597460e-04
1.039669169535318086e-03
5.611808588594734398e-04
1.346635860856149980e-04
8.970282691543166639e-05
1.878116441379095098e-04
5.960480757801552183e-04
6.402597475459325012e-04
6.330093021544783280e-04
4.731216499795422742e-05
1.219875823983678637e-03
1.798626901496419778e-04
6.481010972006850490e-05
2.889757916418456813e-04
7.348609014078864247e-04
2.551954713961018936e-04
6.725926971621744126e-04
2.679572448547439933e-04
3.445803850512636443e-04
3.532135972530190760e-04
2.205151379073741176e-04
2.106390609196738333e-04
1.163465008802874691e-03
2.166365432750312213e-04
1.221171889448856209e-03
1.744538767462205237e-04
1.300371537276360915e-04
2.784016818645204737e-04
9.465020098615109935e-05
2.111617763165365470e-04
2.703858497786199152e-04
4.093475174112375082e-04
6.377264752158225570e-04
4.263929578324576557e-04
3.788073684550317239e-04
2.295451731898311273e-04
2.983115183334653390e-04
1.202720634088380521e-04
3.244790810884573681e-04
8.696999245410295997e-04
1.023743395978757298e-03
2.379100185643343729e-04
6.327753396727243268e-04
4.512808425872469114e-04
2.173251806199818993e-04
8.249695346585682277e-05
2.348105474181550595e-04
3.220278518669596342e-04
1.178068124669616994e-04
7.213394225622321533e-04
5.891353313234035712e-04
2.070510894533109277e-03
2.832253941692473311e-04
3.380712332548714821e-04
6.394912156386748378e-04
4.283403602253544641e-04
9.412540430021802511e-04
2.678379422772225477e-04
1.299625218341268675e-03
3.310991552069475095e-04
5.384646636260413807e-04
2.795032743258454703e-04
6.599696161431855678e-04
1.135491996786889982e-03
4.933419140160042729e-04
3.427415895656961528e-04
4.611815180921201745e-06
3.957535019902907970e-04
4.686663144953691611e-04
2.755924580727795370e-04
2.730263676445118912e-04
1.190002523304939483e-04
2.926833707218846306e-04
2.482539169060628856e-04
2.946451686624781984e-04
6.439848473695743624e-04
1.165490232206575321e-04
5.215434571852721338e-04
2.519377163724015952e-04
2.646107361165477923e-04
6.912330985823872355e-04
4.974083349457544329e-05
8.870757713501626436e-04
5.351185353406050791e-04
1.353907868675067430e-04
2.323249352509937089e-04
2.544981600880752578e-04
1.756263364716619630e-04
3.249153294757907819e-04
2.235408809224018016e-04
6.475548236082427503e-04
1.080281448528785720e-03
6.900532734273596806e-04
3.955617577131993566e-05
2.127925995907723822e-04
6.711839850581198183e-04
1.107992963409395599e-06
6.585858119694246908e-04
3.763194056426226951e-04
1.078725504239462355e-04
1.617293584216921302e-06
3.341547394164939345e-04
7.260291053485262865e-06
1.452602131046126311e-03
3.754714483686364865e-04
5.715122797624335284e-04
1.210619326213515365e-04
1.467160660849544534e-04
6.933651294242095626e-04
5.784490975084138908e-05
6.858018419957864504e-04
9.128157656419142157e-04
2.535036113699240621e-04
2.059901475137937941e-04
1.659158557431872078e-04
5.027492141096647112e-04
8.415501585186863955e-04
1.575586139111742547e-04
5.787380204593853533e-04
4.222013998578448384e-04
5.709306032127173898e-04
7.765643548148837326e-04
2.092371080598889746e-04
3.836392406799713590e-04
3.471232547907653261e-04
8.206504488924938395e-04
6.613770052436177894e-05
1.882430316982632295e-04
4.524032537438062791e-04
4.842284330454867439e-04
4.892376141474524083e-04
2.308530571212998508e-05
2.439905150255965789e-04
4.822403223956885326e-04
2.650619108651017437e-04
2.110201044456390092e-04
2.822031149491517816e-04
1.515339678193746646e-04
6.377233127338229751e-04
1.272160989612912115e-04
9.314154580271722869e-04
7.081222802056364520e-06
2.368431403206834943e-04
1.012922793720709034e-03
8.695506925712450036e-05
3.137617369948776354e-04
5.244562750291866752e-04
4.125226092331235497e-04
2.039264098182615192e-04
4.878857588460060743e-04
1.458325962564362697e-04
4.705635972037275653e-04
6.290355308249267769e-04
1.110399797780724923e-03
1.263748343934117599e-03
9.973695148178234201e-05
9.093034147854634408e-04
4.660909075561626047e-04
5.168891194322165891e-04
1.541922024244100420e-04
4.598209378276730489e-04
1.182889810956989180e-03
2.686750935465520812e-04
9.047131441328391506e-04
9.265129143764250490e-04
4.440092455566630944e-04
4.668041770151420446e-04
1.978589003318005971e-04
1.334825701625670961e-04
2.083868104558260330e-04
3.187019627624681746e-04
1.010733562751425958e-03
5.560438327410886393e-04
3.888362227993162027e-04
3.626969050980836918e-04
5.123514327593713894e-04
9.525578135433717016e-04
4.978573822251254524e-04
5.642638704659556784e-04
6.039932215211836009e-04
2.798067488307189607e-04
8.225383717284718340e-04
1.369824744355082789e-04
5.914372083075671683e-05
1.926133021969010824e-04
5.328920829321311938e-04
4.268188204805533769e-04
4.322424471536616994e-04
4.857873969074448474e-04
2.681224134742104690e-04
5.937951673376971277e-04
2.862765524693729533e-06
6.345402697702975242e-04
5.955206151989547031e-04
1.369783785234271296e-05
3.044968884289991237e-05
7.357865739935126517e-04
1.393114113579723302e-03
1.355671071817408436e-04
8.870675781176594939e-04
7.112713068576810571e-04
4.717414546197403130e-04
1.739297285047569479e-04
2.986954407250051822e-04
3.094237665874401957e-04
6.690864877851439253e-04
7.192695699114829430e-04
2.673511410259605311e-04
2.770982787437061045e-04
2.548450945729458460e-04
1.998074676844248040e-04
5.417533940475102944e-04
3.062371441724965346e-04
3.580052949865644707e-04
3.007207465756177138e-04
8.191945003866342586e-05
7.754290624534075768e-04
2.437795377855587185e-04
7.614761655693365328e-04
6.039002939388978409e-04
5.518447958178968353e-04
5.988338040303155295e-04
2.767123207389622207e-04
8.324020070702403564e-07
2.374616881547415598e-04
7.907530646849844158e-04
3.708539988645486178e-04
4.997452394463071899e-04
3.631553159130320504e-04
8.554906948430899497e-04
6.074225942153806080e-04
5.946372658290304111e-04
6.870600486094109553e-04
1.805277680889049666e-04
1.781377861862456840e-03
4.458821890371098971e-04
5.657901689714406150e-04
3.531663136311410500e-04
7.044281884494844230e-04
7.885793435495961875e-04
3.855731120625108038e-04
6.182591749121698352e-04
2.654658463874487819e-04
1.249762494763961699e-04
4.399251172702204173e-04
1.021662061543381289e-03
8.915452375415571602e-04
1.807037547967209150e-04
3.984137524028266426e-04
1.184702287666609000e-03
4.626199544087537937e-04
1.620771202782914772e-04
2.553003269084295514e-04
4.851477570922130950e-04
8.576644849147162708e-05
1.439421059339051441e-03
4.556119741439747131e-04
5.700437705594158661e-04
2.680059492208191133e-04
8.160535204063942621e-05
3.692715769119831468e-04
4.294698206389399174e-04
1.128867229130404881e-05
8.142191635916861282e-04
8.609209965199078287e-06
3.609099788701468554e-04
6.341664204763916872e-04
1.757512153042490167e-04
5.048221602304680394e-04
1.130532153963371224e-04
7.364548077965711636e-04
2.516126020058995737e-04
2.320762325725052593e-04
8.898907791779317358e-05
9.840335159711306376e-05
5.435380961298719518e-04
6.864376839449668789e-04
6.424768906917867166e-04
9.426606656514299222e-04
2.251985334810573114e-04
3.252386062877029227e-04
1.068811295306456178e-05
7.787170751207444282e-04
2.972366469076753075e-04
1.914610487824583212e-03
2.608703776462927785e-04
6.993973833169335724e-04
7.224424706234503727e-04
6.993833575281440621e-04
2.797032948718222332e-04
8.582903467629315712e-04
1.285759880301539705e-04
5.610506534345913784e-04
1.302394635593347172e-03
8.371827276525142065e-04
1.317059267942662234e-04
3.378751568189658668e-04
9.067949604215559158e-04
4.542160426705735526e-05
5.398953896835832333e-04
3.318105178147471722e-04
6.044246662604187961e-04
4.463815964484493673e-04
2.942538081700304056e-05
8.481908060699239931e-04
3.381766674812084709e-04
5.951013590286553367e-04
3.909373501121823024e-04
2.398272183720854487e-05
2.711823952355731852e-04
8.111786076605160536e-04
4.305128565980613367e-04
6.951827335147618692e-04
5.890857498644456449e-04
3.738746614044320422e-04
3.749291504541348019e-04
5.951081692659927237e-04
2.160957631579247097e-04
4.712397280597250084e-04
9.015761829644467233e-04
2.660542672862201727e-04
1.010732418259087167e-03
1.481759879838255665e-04
1.366047458347332969e-04
9.447689051373682869e-05
8.783255425269470909e-04
1.065466711913926593e-04
5.390102050414832813e-04
6.304205927309024715e-04
5.089722023611175598e-04
5.936922532647437517e-04
1.245637047883075285e-04
1.901228994757174059e-05
8.088976731516364736e-04
9.738808309292472224e-05
5.012871044984806151e-04
9.364763971745292646e-04
3.291750725017723454e-04
9.496857405924877520e-04
3.494987715752375328e-05
7.197971266760443219e-04
5.634844163433592578e-04
3.827423277565463388e-05
3.317641959326619850e-04
5.464531888780010428e-04
3.975184528809503769e-04
8.611927864827188936e-05
8.698810540742570908e-05
1.239891651379888956e-03
6.154814323425346822e-04
4.429906054595782378e-04
5.689553927936088400e-04
4.546725811145517558e-04
2.776903802524838304e-04
3.314138432754351778e-04
5.092441395480196836e-04
2.670993931539138015e-04
6.418711337165386227e-04
3.371269901103788680e-04
6.280146846214075063e-04
4.363732899966735841e-04
3.057030203717875871e-04
1.180040572198821566e-03
2.267138123465342473e-04
5.371181991752236803e-04
2.348409955932961131e-04
4.829783398584935167e-04
3.813030947432611336e-04
4.301249248196045683e-04
3.888647484082382645e-04
2.079892483134820305e-04
6.860575387971541445e-04
1.838295277199261798e-04
4.649878477435247237e-04
1.405469198064558580e-03
1.180840149605984235e-04
7.085389543149094157e-04
7.515176800656617109e-04
4.923359781653388698e-04
8.671173279353005907e-04
7.595664709572193338e-04
1.537602443143710801e-05
3.771268736891440158e-04
3.946068580734997692e-04
7.403105161338316290e-04
1.060202500221658038e-03
5.569273385371842095e-04
1.879738031391991863e-04
2.947776364154560064e-04
7.189733181095018773e-04
4.962569215962856547e-04
6.697135470270006857e-04
5.331911419564113862e-04
4.732203794008203843e-04
2.182243007174953554e-04
7.490983433016792014e-04
3.603703722370641370e-04
5.710727991028391806e-04
1.342184879345493674e-04
5.859890759238437939e-04
8.252355717790379715e-04
4.944417721712572513e-04
3.055023889405877749e-04
7.329234907062995037e-04
8.523506649802727877e-05
3.151461808915052062e-04
1.068300549256369662e-03
8.360036851616490811e-04
4.693759103516611988e-04
6.525087655424378127e-04
8.764933530507490483e-06
2.728486374918326316e-05
4.943885961695145903e-04
5.315773563941364075e-04
3.286167579701759897e-04
3.237123775272258237e-04
7.104131706045683581e-04
4.773871930808731368e-04
6.099599987218644109e-04
8.008035721762467004e-04
4.043604193840980715e-04
5.217852479060645790e-04
7.391117541388152841e-04
3.014127430446207124e-04
1.246124816241400788e-03
3.499633528465888712e-04
8.269558843807854956e-04
3.594397345953179233e-04
2.849466095615252846e-04
1.644083380770033789e-04
4.286276137879488531e-04
9.007542224994753623e-04
1.051143716503750037e-03
9.908691100880345163e-04
3.272870776467736668e-04
6.471445926254673520e-06
8.414013160757428120e-04
7.940212389709426499e-04
5.171616984121974641e-04
6.758445752220334059e-04
1.057044020247302355e-03
1.433879766711934113e-04
1.081387774916893165e-04
5.953712940410563984e-04
8.053945907201559172e-04
3.652437107931614840e-04
5.883090466756258968e-04
2.700499068753495712e-04
2.705272541484333710e-04
3.797265695318346058e-04
5.539231320216956612e-04
5.108729951398092040e-04
8.476135365660239973e-05
3.529207540674892795e-04
7.614675265895259372e-04
3.258142892902461175e-04
7.928554558795143387e-04
3.243204050143336063e-04
4.762600552241389525e-04
3.580969188750992953e-04
4.928615432761188986e-04
6.972391765214286559e-04
1.433562708749451151e-04
5.475029022149140558e-04
3.630229431387482601e-04
2.494052556501209880e-04
3.358583295736212917e-04
9.207265138405667420e-04
1.073991892362412531e-03
2.786794506457253729e-04
1.047383914663031117e-03
9.139453351949701878e-04
1.690933276917702460e-03
2.962199394136129436e-04
9.249808066920999980e-04
1.672642237824598511e-04
1.558294924038773990e-04
3.727269492400311782e-04
1.663844440533847292e-03
5.476137623616909910e-04
6.842540897005205828e-04
2.530294222895775936e-04
7.533034669208806293e-04
3.169351965029223463e-04
4.905607587592057672e-04
5.950262380676245516e-04
2.616532472640493881e-04
4.757495273158324667e-04
3.939922442210357740e-04
2.574130875975841446e-04
3.955319862956856581e-04
3.017465221560724836e-04
1.130957221405121566e-04
7.822908631722294863e-04
1.069696804782991684e-04
4.189038346068785895e-08
1.159248919263819916e-04
2.324920417478565783e-04
4.281795726748354445e-04
3.581679147067037198e-04
8.161738033322139081e-04
1.275275727693386428e-03
7.418725875832764965e-04
6.375742085693242647e-04
6.203112264320335143e-04
1.780987706441360043e-04
9.377874985299261470e-04
2.652260376042649419e-04
6.103557409323484952e-04
4.701206760705813184e-05
2.926559775054240532e-04
1.698844221163345910e-04
4.048423545209585807e-04
4.377156300889022567e-04
4.947883633425749061e-04
4.624534343431712779e-04
4.132122424825400019e-04
2.515725269297059059e-04
5.710480624658715578e-04
5.989371613191702770e-04
2.197807077813580855e-04
2.751481839765692380e-04
3.821853589153062221e-04
1.755860934769503377e-04
1.741695367293315581e-04
3.326338829326460343e-04
8.460723554946193237e-05
2.689591619654406094e-04
7.900355706502636089e-04
4.741631357034108939e-06
7.117336234757057258e-04
1.916263609290938747e-04
3.405541525227447791e-04
4.007482583270819809e-04
5.607402984768746195e-04
2.443679766851801602e-04
8.257260829577117061e-04
8.805286325127229397e-05
8.539702923229023322e-04
4.168973100516508608e-04
3.148610393064625373e-04
8.368052630545561466e-04
2.606850404273924199e-04
5.773893248145273637e-04
1.546345889420127088e-04
1.732878735973151705e-04
5.504084619261652390e-04
8.780902614674468594e-04
1.136035777398848937e-03
4.725015055356639572e-04
3.990011003082857225e-04
4.852205289453386666e-04
5.519982925974619347e-04
4.313842257066683502e-04
2.517836392573572792e-04
2.561901088688205868e-04
6.740900605753929195e-04
6.128342671948296648e-04
3.346235189395500615e-04
3.030035318289391088e-04
4.750016470917833833e-04
1.187935174543503121e-03
3.564696855445207736e-04
2.098062944820674373e-04
6.738173360052605648e-04
6.960033128625557923e-04
9.014221140416665487e-04
4.514675772518815413e-04
7.172799386462207010e-05
1.581819386511048632e-04
6.498604994121578299e-04
3.046496661580312335e-04
2.187849880745702875e-05
9.370754673208460785e-04
1.341516313474044846e-05
2.622697574724613067e-04
1.905429080488659779e-04
2.051985607674927195e-05
4.339395037254984810e-04
1.098951770535356795e-03
2.626403757634437094e-04
5.444670076486005875e-04
5.743684318784031710e-04
1.567765433560008631e-04
1.024062743438650981e-04
6.951325429428731675e-04
3.388907201510849812e-04
3.422981000498557646e-04
1.821858713041662049e-04
