2.241953142218064670e-03
1.916661779289644159e-03
3.232348920097496796e-03
2.378878952197922142e-03
2.517121243719497910e-03
1.092688295103023477e-03
3.600804430515315221e-03
2.747024908023090132e-03
2.431298252180237335e-03
4.964554475944791753e-03
3.933624105151647954e-03
5.058357262126850044e-03
3.295656924437753016e-03
3.901644578922938787e-03
4.680095816708007214e-03
1.929322473572783227e-03
1.901650943837743810e-03
4.027320450757698560e-03
2.518376466295310211e-03
3.144288492360327279e-03
3.696884951197092987e-03
2.585770287784198204e-03
2.351654667374525765e-03
4.753144972526121212e-03
1.834290835039440294e-03
2.348423520815013169e-03
3.848784450565000733e-03
3.775860651173746241e-03
2.789102696506284840e-03
4.291865904440067721e-03
1.677264171994861421e-03
2.967678707107677602e-03
2.740281377450374568e-03
3.833298037832597906e-03
2.311167390967020299e-03
4.227475173912973935e-03
1.297735586258823770e-03
2.247378134949587058e-03
1.706929967988864020e-03
3.209949355065824534e-03
1.934398731980730085e-03
3.871549826099717883e-03
1.727806014228631427e-03
4.237981629842994639e-03
3.086198425932985996e-03
2.980566008120340803e-03
3.151261015645324699e-03
2.590095336992228117e-03
2.024830251917223659e-03
2.681273533241288875e-03
1.159851504356326822e-03
1.788460980238728475e-03
1.928418588871896660e-03
1.688577256535372722e-03
1.918075978037535930e-03
2.609122792686090122e-03
1.515626276604270690e-03
1.565991220682873969e-03
1.736762636566650721e-03
2.042145599859321054e-03
1.456583798135697950e-03
1.376477597693408954e-03
2.266319036795581918e-03
3.916478946372864769e-03
3.908757765503020030e-03
2.225784741073422862e-03
2.860966366210284696e-03
1.203184220612687995e-03
2.107918714629790531e-03
3.497741208545474684e-03
2.568677702850305413e-03
2.366603615062020088e-03
1.877091068545117284e-03
2.642339153725578767e-03
1.678168586184989285e-03
2.656640063944472590e-03
2.183678488549881634e-03
2.510010666690514879e-03
3.681184563232426949e-03
1.258822805942562840e-03
2.165308281132736351e-03
1.237935624496572413e-03
1.707595177944115509e-03
1.621087555547729353e-03
1.409131392434279616e-03
2.143541308346328614e-03
2.436486129017493597e-03
1.909880403512295060e-03
2.582588537625694642e-03
3.867390758609140847e-03
1.396470491085572514e-03
4.001644113945814103e-03
2.455963678989190636e-03
2.339315936001707796e-03
1.488681492017376439e-03
3.096885244029922313e-03
1.919866480049417859e-03
3.641080970591197355e-03
2.526133940817774232e-03
2.906333656170322598e-03
3.058693745442127646e-03
2.710750580791277970e-03
2.748250963775760412e-03
3.695616993578394131e-03
2.607344166996580781e-03
2.385897285635002300e-03
1.096442122271463777e-03
2.348541211474651155e-03
3.093057366350582000e-03
2.060671636434631155e-03
1.716939386251895494e-03
2.216289868503216586e-03
3.183910642967050127e-03
3.484167989846220868e-03
3.112468839774523537e-03
3.318934937112924099e-03
3.485394828163831515e-03
2.057097761396789286e-03
2.750575602662239019e-03
3.946357534632427035e-03
3.138917830592827338e-03
3.279288452817686987e-03
3.299159236298768606e-03
3.247091466501063166e-03
2.369814522411652601e-03
3.193784521136901287e-03
2.749218684802559164e-03
4.497145107228427661e-03
1.366731450575098435e-03
2.773663305811253921e-03
2.747569362413006342e-03
2.300912730038823673e-03
3.015623095332366829e-03
1.531196244965832417e-03
2.433011268668217562e-03
3.174021914406145381e-03
2.318977717709939500e-03
1.584618354728311923e-03
5.101923954436736637e-03
1.796093673490484427e-03
4.286865388181711548e-03
2.750450602231983236e-03
5.508275046028614924e-03
4.735939810606551274e-03
4.570268373709648023e-03
2.723530143726857287e-03
1.935548063257614467e-03
2.186817807807346376e-03
1.905157922320272444e-03
2.215715077612129442e-03
2.228464680625120813e-03
2.401165476596762733e-03
3.245486959945928854e-03
2.648421091567879342e-03
3.665075968463143725e-03
3.234084752088320792e-03
1.974000065573379252e-03
3.736565602552519884e-03
1.836440381883877983e-03
4.502037479010121031e-03
2.528911447996345322e-03
1.889898283404323762e-03
3.272553306191923906e-03
2.387718373354666673e-03
2.932386357400028343e-03
2.354321587866920872e-03
1.444756958797478426e-03
1.937887303960333582e-03
4.489314719856185402e-03
2.743002704388110800e-03
3.297679273754782273e-03
3.782684965527777655e-03
1.740225652182420890e-03
3.596853840195205192e-03
3.502547877462256886e-03
4.082669355791485391e-03
3.266099000706164466e-03
4.008428349310292141e-03
1.987443524197108659e-03
3.360181332227953760e-03
2.766568074052234462e-03
2.578081833803941552e-03
1.794219041175341674e-03
4.084994745228266895e-03
1.682960756494305621e-03
2.407638070512537788e-03
1.833639865693351394e-03
2.906619637642188659e-03
2.534847934019921964e-03
1.816631973546098747e-03
3.100960748565214850e-03
4.241102265076181557e-03
1.737175888866066996e-03
1.734177318045732269e-03
1.598706459669862155e-03
3.541526870869470857e-03
2.700576843425647137e-03
2.274407511395105507e-03
2.461319616906106501e-03
2.534109843881068424e-03
2.684947437115649694e-03
3.066859629409703514e-03
1.998560951566918931e-03
2.290836860389518833e-03
3.398679503589026752e-03
2.651015083154814253e-03
2.705924133343626248e-03
2.872353164734252513e-03
1.872291422821885246e-03
2.147198599567900004e-03
1.935673563710477553e-03
2.285989127264775097e-03
1.687302743851157435e-03
1.231229327497770356e-03
3.362380882393843640e-03
2.108390537393349355e-03
3.548543739796910287e-03
3.280560734791264799e-03
3.802492520071660848e-03
3.028770464874493140e-03
2.194232577317125916e-03
2.343433443941368710e-03
1.624251913460304309e-03
2.540740271705987235e-03
2.075485723156146687e-03
1.566211492113370098e-03
3.298751745943575078e-03
2.658448773285317177e-03
2.954320772005040920e-03
2.149483780823883191e-03
1.695800180990421130e-03
2.662520338407167991e-03
1.823058276617656095e-03
2.370233536461066343e-03
3.165264573044777527e-03
1.870554687821806856e-03
2.941032243392186721e-03
3.399085387464760404e-03
2.575770174208899706e-03
3.564338884630802434e-03
2.150479525644575021e-03
2.524719528668917159e-03
2.321981402118316815e-03
2.695340182258464459e-03
1.973420074969361483e-03
3.300866675153217578e-03
2.973259241255943840e-03
3.943603865633774248e-03
2.251925714113514523e-03
1.741104565682125536e-03
1.358966276391614320e-03
3.822536107418466125e-03
2.281831574009097856e-03
3.714702530646484067e-03
3.085203632788719764e-03
2.545144046840135555e-03
1.223245216405915515e-03
3.357940574266120564e-03
3.448555752049567869e-03
3.598661163822400050e-03
3.495860837242632368e-03
2.689525970764144753e-03
3.963799855277141265e-03
2.154905374479508529e-03
3.069775943084715637e-03
4.497024061189541788e-03
2.227630060975953862e-03
2.250280062818632142e-03
2.213534213560628457e-03
3.188802512485755785e-03
2.863970992753331769e-03
3.284530163667728157e-03
2.549309117680355081e-03
1.881232997011821019e-03
3.191624621101445992e-03
2.088669726726321944e-03
1.410259049438966888e-03
2.078038959717275636e-03
3.364541464781152340e-03
2.418934165922804330e-03
1.212896636321791032e-03
3.148702773012631521e-03
2.583012311911013492e-03
3.115797673482619944e-03
2.887409125543494940e-03
1.828338462382862132e-03
2.482910731104293490e-03
1.222774576834092684e-03
2.671902522558822907e-03
3.500558274382187078e-03
2.655835054159422226e-03
2.963048511736597786e-03
2.698424785841695150e-03
2.118182699444494648e-03
2.105157959150393953e-03
2.526310892224398023e-03
1.927553672453093461e-03
3.051738569229994324e-03
1.974245379331686628e-03
1.575515755676916646e-03
1.753035375782878132e-03
3.316427391414057246e-03
3.125731025752355192e-03
2.836649333555277264e-03
1.536403272026132510e-03
3.048523414038023516e-03
2.051952633282426615e-03
1.524363114347472179e-03
3.260466071661521827e-03
2.369472738775975362e-03
1.618370421840666616e-03
1.356044835368743406e-03
2.580911869663085438e-03
3.164251777790165043e-03
2.256678691104873225e-03
1.858363465208578503e-03
3.073508161756871322e-03
2.731864452714536078e-03
3.431658891518692394e-03
2.457435186594974716e-03
2.683836867216818963e-03
2.606816783117645898e-03
3.035003848317676615e-03
2.670134568114290643e-03
2.974295176314297427e-03
2.706641301315346887e-03
2.755112963909158753e-03
2.452373814838829536e-03
3.437101405205641742e-03
3.041629738738056091e-03
1.780558966230158828e-03
3.400685094735154262e-03
3.259269270563353374e-03
3.704024802556324120e-03
3.947739921665108405e-03
2.800445286111325968e-03
1.533321210357513776e-03
2.839289697485850809e-03
2.354263396317382660e-03
1.302539832526028061e-03
1.605596325548033776e-03
2.721408163135181392e-03
3.014843813864545759e-03
9.963433979003073326e-04
2.632776831559820434e-03
2.982179953912305649e-03
3.308108817002617177e-03
3.839431996814252589e-03
3.352055268393205716e-03
2.138736357018596133e-03
1.752789606541812041e-03
3.498349899940579513e-03
1.896414870610953684e-03
3.188514106961413616e-03
2.764996470456514924e-03
2.881891129626789044e-03
1.398991144513365070e-03
2.683544682341289754e-03
2.071275623215952395e-03
1.947949204949840120e-03
4.077507199144823208e-03
2.301300208078655481e-03
3.602233725425030200e-03
2.674095405806046349e-03
3.150869153990398710e-03
3.010392252656720388e-03
1.694836625546392809e-03
3.690011034642691912e-03
2.545111251743275606e-03
2.301205663872776374e-03
1.903780098723889189e-03
2.212864880261824520e-03
2.127461813997180186e-03
5.066712384120338093e-03
3.223652095119854729e-03
1.927787005642452468e-03
1.649856232247299626e-03
2.193102256852224978e-03
3.361531632942343136e-03
2.682029605350165231e-03
1.465416602285570143e-03
1.857980635573674814e-03
3.066368885217020650e-03
3.643806876036747786e-03
4.302227113154427282e-03
1.391528914539756157e-03
2.644008187365908587e-03
2.235113335356472136e-03
3.454089969969881789e-03
1.390479563473505939e-03
2.920385379646793338e-03
2.362910422538165231e-03
2.616903725252568789e-03
3.087629174547497270e-03
3.330644927838534095e-03
3.002182612142624725e-03
3.474189744801648230e-03
2.255097934547623060e-03
2.907381047194447683e-03
1.044738161228868064e-03
2.462734307959636368e-03
2.920400755097550972e-03
2.017520423035944459e-03
3.019652975631617869e-03
1.264739588274046197e-03
3.322450777233627948e-03
3.024329213521476621e-03
1.860528833202698207e-03
4.453960728314637629e-03
2.669823464630312511e-03
3.403733091114110546e-03
3.065672904156437409e-03
1.639032078972349612e-03
2.433663328082301316e-03
1.850883815213634877e-03
2.525619117710252350e-03
2.845798011400996544e-03
2.323008598551518349e-03
4.000558075357930378e-03
2.400504914784521056e-03
1.982673848245640729e-03
2.725248498043765510e-03
2.188831460972065664e-03
1.805475367898301629e-03
1.733608734019559524e-03
4.569479082587033988e-03
2.736719353179258712e-03
3.438226134592059242e-03
1.084453719743064606e-03
3.199293280134440139e-03
2.400806335947460509e-03
3.776329540652232329e-03
2.900320991037095772e-03
2.903671846102176199e-03
1.248739347720201820e-03
3.687282445874315827e-03
1.938232366989175179e-03
1.767577968428464151e-03
1.363655513692634729e-03
2.652403335779763161e-03
3.176871895438042239e-03
2.694365718509712446e-03
3.896123238870461206e-03
2.238158021116548688e-03
2.931861732343783722e-03
1.651473609168996153e-03
1.999287090612054084e-03
1.131789076244793697e-03
1.903470975158669731e-03
3.352127570598069546e-03
3.244526319926451397e-03
2.720709222485798422e-03
2.014628203017202520e-03
4.407139721695916591e-03
2.914008627408616863e-03
2.117920740335055112e-03
3.083387618103508847e-03
2.893496996013328413e-03
2.775556037197447583e-03
8.028302966923876001e-04
2.798479737364598183e-03
2.682623226285793788e-03
1.914773646777878256e-03
2.675760602195965954e-03
2.848276416582969355e-03
4.515697942804049181e-03
2.256139792467640008e-03
3.292454450650127238e-03
2.754851444845186296e-03
1.917700305877034685e-03
2.430477030408081766e-03
3.674181487588662910e-03
1.973309903476389102e-03
2.069355289199912868e-03
1.634571697019729505e-03
4.363449610989503930e-03
3.205703307892885084e-03
3.300748702967637709e-03
3.993721455668751419e-03
2.484952536598928827e-03
2.428852777230119681e-03
4.019845742908098075e-03
2.493622337843873563e-03
3.410901642211637639e-03
2.401384511980227208e-03
3.394784243971562220e-03
2.632781447935375260e-03
4.204132205075295468e-03
2.179806530379433359e-03
3.591806219422718615e-03
4.556782150172882483e-03
2.430581347761430130e-03
3.621448060370111889e-03
2.205599331167839173e-03
1.536563252100350266e-03
2.182767640937957176e-03
3.472946095017645420e-03
1.571641402119250148e-03
2.157357003461174427e-03
1.679540399782425246e-03
2.877926925783214247e-03
1.524892815119857159e-03
3.296003737686612357e-03
2.715699739635063937e-03
1.648585162645122785e-03
4.075392070305505071e-03
3.128974830980918269e-03
2.943344205977168997e-03
1.927170599034647809e-03
4.545345892107774920e-03
2.675583373106144979e-03
2.911160668891745688e-03
3.988116358409487736e-03
3.583958358190958600e-03
2.206422153288728916e-03
3.060486195561840875e-03
2.285537762346126142e-03
1.747875514830986949e-03
2.702522013577520355e-03
2.050043450542123665e-03
2.625446859247260178e-03
1.608683735685257797e-03
1.759526914354373871e-03
3.827018375896754435e-03
1.850272679489440870e-03
6.289725768342854101e-04
2.983095742793631135e-03
1.689872662683794807e-03
3.122111402714977581e-03
2.210322051551440441e-03
3.092900571200224696e-03
2.234029163220689791e-03
2.958317016712840985e-03
4.797994868991196579e-03
2.452230255266623499e-03
1.595668919610025238e-03
2.725542844591193926e-03
1.708832886346426782e-03
2.591797915901699386e-03
2.500362162188365499e-03
3.284229973237022711e-03
2.207722820747136123e-03
1.638525508758584357e-03
2.690489413161718715e-03
2.219982420538879446e-03
2.888351523124856306e-03
2.416844606488443691e-03
2.917738430795986139e-03
2.845200051357209270e-03
3.147172674055796586e-03
2.682800718662770294e-03
2.022120626883905977e-03
2.694610078207834367e-03
1.595999882563214206e-03
1.265828566625070090e-03
1.670917885005693358e-03
2.834904616541809429e-03
1.677552664867963325e-03
3.093383488286794575e-03
2.705693323717915221e-03
2.755447683692463599e-03
2.188143742046132038e-03
3.060260922933475715e-03
2.690450563597933994e-03
2.321722553072794182e-03
2.306317047882484438e-03
4.074092616802157604e-03
3.163325617920522727e-03
3.188382891106933924e-03
4.565976514520613851e-03
3.755124652967128159e-03
2.923366097575287419e-03
1.877885081558482334e-03
4.034774987568236909e-03
2.526506477211341601e-03
3.108820352908602501e-03
3.667734833846238770e-03
3.413773861780503450e-03
2.277688070998270132e-03
2.265662320923249665e-03
1.485562274631786230e-03
1.817261238324284055e-03
2.705441637675545016e-03
2.449212114967565506e-03
4.739882314353522329e-03
3.649693657755347445e-03
2.149709848995435234e-03
1.698906492510938310e-03
2.231701445399626033e-03
3.219280948197487686e-03
2.325813300732293594e-03
3.395278204359052955e-03
2.064399863466325532e-03
5.256644318453564287e-03
2.162662444776772361e-03
2.721642132024054694e-03
2.701405998860891607e-03
2.519939313792732370e-03
4.183733548871976758e-03
1.978256120780745933e-03
2.421878718462465441e-03
1.789504863542516061e-03
1.415827573139018161e-03
2.724134954463797078e-03
2.273038364771178335e-03
2.014940397149132378e-03
3.721760214649382208e-03
3.407275163209031333e-03
5.653781520900024588e-03
2.254157271195557019e-03
2.966913070192101539e-03
3.299280265345027555e-03
3.322709671211385597e-03
3.551068045792203469e-03
2.356744062290115800e-03
1.947100943828076677e-03
3.766976566422294056e-03
3.776198830283501815e-03
2.670871462037214920e-03
3.339449498644004536e-03
2.723181882980629017e-03
3.826555396482679734e-03
2.158787417267420388e-03
1.801512641916059492e-03
2.058271025090775350e-03
1.082145501641990602e-03
1.867412241311736587e-03
3.544458646977548689e-03
2.174776544502379175e-03
2.382843199508351186e-03
2.940119977786456989e-03
7.042966354961446200e-04
2.142775770450511957e-03
1.731041333447991010e-03
2.371869497238149934e-03
2.178694577395742880e-03
2.111996815654343645e-03
1.855433351854229428e-03
1.675249964290463850e-03
1.601268060607922202e-03
3.106478953621088102e-03
3.535675564470372196e-03
1.797403328762221374e-03
2.035257846139614923e-03
2.511156075821053060e-03
2.548036627471310638e-03
2.538254514429845281e-03
3.250624885709250435e-03
2.505316526008187581e-03
3.377451746509420316e-03
5.133078870072839417e-03
4.425736719524439589e-03
1.954911892926786045e-03
3.535100711709381321e-03
2.785277519604215189e-03
2.707288500080497380e-03
2.335672910561540239e-03
3.537653533930471862e-03
2.982860791927295380e-03
2.591214448670768177e-03
3.800281620114639297e-03
8.142282212775498428e-04
3.049780648259107184e-03
2.433844807583788582e-03
1.800268520301227934e-03
2.047432226011580616e-03
3.541655396318872575e-03
3.925349004062010996e-03
4.249407689638329266e-03
1.954760836699035408e-03
2.151852156996030430e-03
2.816922845466702206e-03
3.180835162784305045e-03
1.841913999619233019e-03
2.174802055459298163e-03
1.833658281097604124e-03
1.934015036652635871e-03
3.035997525066200502e-03
3.669282537237278808e-03
1.390646272689151147e-03
1.641263299400320085e-03
1.356443759008320099e-03
2.561881623551411254e-03
2.842102847017975286e-03
2.205041720952670425e-03
2.449296085363478984e-03
3.211538623910828710e-03
3.176586315520652480e-03
2.873467088971925522e-03
1.995067120820706846e-03
4.314113410522915637e-03
2.438428437924564963e-03
2.657664142581154468e-03
1.913851775689081594e-03
2.639028405924255007e-03
2.619016416806365950e-03
1.299915686314411780e-03
3.046830345186534676e-03
2.679162872803004473e-03
2.936541407608905807e-03
2.780493702519547077e-03
1.596486930319134055e-03
2.235031221858387301e-03
3.212325881186300826e-03
3.577428982848693609e-03
2.092821429280547658e-03
1.926874315845790572e-03
2.731084796369575695e-03
3.012626180574885359e-03
3.580754362326711831e-03
2.358591667390790795e-03
9.569004203865578160e-04
3.208604668195547821e-03
2.794313384897915715e-03
1.826425096641206116e-03
1.915136538889865899e-03
1.582256222636301956e-03
3.554104252359321144e-03
1.282917491807562512e-03
1.034026807051836340e-03
2.171576521588429280e-03
3.403145250870660398e-03
2.689606989640436641e-03
3.022003765871658296e-03
1.972102719461525395e-03
9.832206053351319908e-04
3.463014248043287235e-03
2.385493724223304406e-03
1.380148423827465189e-03
4.429001426967739928e-03
3.121879936605668170e-03
2.521218152032665954e-03
3.678107670292807708e-03
2.736867485021461394e-03
1.575646571289357175e-03
2.511540737439563447e-03
2.301175024121905350e-03
2.573963641528596597e-03
2.104020055770133152e-03
3.055657809871409770e-03
2.818812113331532494e-03
2.351626280120745500e-03
2.726624336896374921e-03
2.993048708700722996e-03
3.116996175407048177e-03
2.347614911782939118e-03
2.770807669730351169e-03
3.904134090612215724e-03
2.702441572824918013e-03
5.290081915774344674e-03
2.902698190163646112e-03
1.414385327489960922e-03
2.409965078760329445e-03
2.275176738837077304e-03
3.383702594695892508e-03
3.643659214638321053e-03
3.023987873518713641e-03
2.709104709419966721e-03
2.381167926269195032e-03
3.215587624539833263e-03
1.423961943357611058e-03
2.217977852864363650e-03
2.897256452889956837e-03
2.127192621053707565e-03
1.934541971474373076e-03
3.809342811752625471e-03
2.878592629770763446e-03
3.134233641193454392e-03
3.220078757432441770e-03
3.973329472667232881e-03
2.801523054986094878e-03
3.005807940825077663e-03
2.166314086341296873e-03
3.154912303199967471e-03
1.692209052568938643e-03
2.279101359512867350e-03
2.145077086419093244e-03
2.283191500369571685e-03
2.007149431799032033e-03
2.315338273992035775e-03
3.433913726644741149e-03
2.942538074476127273e-03
1.539804972378346981e-03
2.821167079187926474e-03
2.456878823010245905e-03
1.742142005641671935e-03
2.675730750469110762e-03
2.849137003630393579e-03
4.107561120095888120e-03
1.818237254111304589e-03
2.948002409609149031e-03
1.659755532583596536e-03
3.159980697612432832e-03
3.089744390309346212e-03
2.516480878810665057e-03
5.630857052820978023e-03
3.159788917801757517e-03
4.410187042957898831e-03
1.872990894347501597e-03
2.847862017477297870e-03
2.688396083453861891e-03
