1.891843183531165262e-02
1.887544749620747794e-02
2.018970685498039028e-02
1.800648863090276858e-02
1.854457967155111880e-02
1.535178300512996842e-02
1.528622517517363652e-02
1.850399267338345352e-02
1.569089834979063569e-02
1.731697413988404766e-02
1.869435922445860168e-02
1.687204698171481179e-02
1.284093590546537059e-02
1.573803875367086463e-02
1.314758521047272588e-02
1.707399072688252362e-02
1.328149581044693779e-02
1.577260146586711639e-02
1.366802711588763555e-02
1.109780238282587726e-02
1.459488788484730910e-02
1.391165140587073516e-02
1.624071713102385670e-02
1.560287713434965577e-02
1.689992207866901699e-02
1.062260120907400525e-02
1.152809122408836838e-02
1.442348794286255238e-02
1.116865113896043336e-02
1.314955038350836165e-02
1.519815150892523704e-02
1.382415729157369065e-02
1.315395893213418613e-02
1.090903217680596130e-02
1.435693138509882769e-02
1.530670233090231265e-02
1.335153552196137114e-02
1.412528589274992738e-02
1.218860327921481197e-02
1.021659326065821154e-02
1.578738154136846705e-02
1.051301611029907719e-02
1.217098342885149058e-02
1.378537596980893704e-02
1.334769815962219552e-02
1.281258513244235356e-02
1.054300492698854140e-02
1.053047820183073552e-02
1.384060488247566487e-02
1.457393877434021504e-02
1.113075446483352895e-02
1.465275688777684625e-02
1.075082496212154647e-02
9.789105093293979515e-03
1.114297532696291448e-02
1.222867031197212920e-02
1.124100790366841691e-02
1.441219466974019009e-02
1.114173392763426369e-02
1.096735413838442752e-02
1.112112088392036569e-02
1.076544493482797099e-02
1.028720451690690735e-02
1.570409332484984724e-02
1.310931529889226670e-02
1.114214255416301827e-02
1.071248743323086755e-02
8.568680454596442481e-03
1.064845785978744269e-02
9.079379507248790115e-03
1.100498178776590334e-02
1.223190871122135752e-02
1.164468157172076843e-02
8.766648467807173356e-03
1.351266114747793311e-02
1.219587639802204027e-02
1.300397418767434456e-02
9.062295247781591845e-03
1.352679128006686882e-02
1.049771166845900675e-02
1.126246514455543982e-02
1.052104930409833959e-02
9.305121169311066434e-03
1.283043387788696671e-02
1.336941711791402899e-02
1.196817075985566470e-02
9.578664179857383082e-03
8.159320764514281163e-03
1.071641791500794159e-02
8.672026689504125016e-03
9.393881171414956641e-03
8.815074432956865672e-03
8.703186953490003874e-03
1.147781749705917981e-02
1.250329520298006092e-02
9.970312833008154046e-03
1.111764176900406978e-02
9.896117322244072853e-03
7.919767465602590636e-03
1.163995603335408677e-02
1.321791268227807438e-02
1.207853374456478376e-02
8.703628513336055667e-03
1.067050250466459321e-02
9.179591829759982044e-03
1.027377211070601426e-02
8.603360885441680914e-03
9.936648242327747460e-03
1.100337054334708624e-02
8.136021429394950377e-03
9.337562499785711720e-03
8.514149226645216853e-03
7.304406269493109519e-03
8.699156963831260886e-03
1.050740469738445371e-02
8.655949945489111938e-03
8.843374224699171796e-03
8.422623075273236171e-03
9.976510533999408126e-03
1.094544306010559673e-02
8.107711146856724782e-03
9.135913634848296175e-03
1.119233934480259179e-02
8.888164642333265184e-03
7.382771055218918625e-03
1.119560921520951213e-02
8.630669002890906799e-03
1.010317306081182087e-02
7.227447794491775011e-03
7.792386932291393495e-03
7.135721820298583651e-03
8.507746877247502129e-03
1.002747609457589964e-02
8.098971398782047262e-03
7.166267155819119362e-03
9.107788774696468775e-03
6.287322637304340080e-03
1.001039659032628391e-02
7.628195477023209069e-03
9.427522796721413481e-03
7.198771086273058652e-03
7.816426613176229860e-03
7.957947411684663727e-03
8.811803833059130356e-03
6.590404200886071026e-03
7.521780494688498110e-03
8.134832022683868499e-03
8.803089811964499162e-03
8.289909605822941979e-03
1.045686575204067548e-02
1.090627989863019419e-02
8.128748469200803087e-03
1.041239180700826751e-02
8.831320767213214976e-03
1.133594564820971165e-02
7.929499400933785747e-03
8.138629420999028696e-03
6.250011141769731132e-03
7.511497618373425174e-03
5.787269185861951964e-03
8.780069967383669419e-03
6.893598117130246387e-03
9.527772528342401404e-03
9.414112681103970620e-03
9.308696071854635073e-03
8.204040220458353946e-03
8.643588349580164087e-03
7.997931654858856168e-03
6.775162017476032278e-03
7.647076202426317942e-03
8.843877203945546203e-03
8.584338307045269803e-03
8.497824039568275048e-03
8.760177582125191001e-03
9.611394342630360382e-03
8.806148489561411996e-03
9.790909893451247431e-03
5.086371511234512310e-03
7.601768337896324702e-03
6.631916856151863666e-03
8.188018478037999842e-03
7.867211173085659343e-03
7.149830684192439931e-03
8.458647237173471528e-03
4.781418966797768531e-03
8.599705659457329912e-03
9.590647529836191301e-03
7.145660783638423975e-03
5.706647339489653858e-03
8.345306462529285957e-03
1.156001138351527013e-02
7.652794457218937280e-03
8.584577190949084155e-03
9.142276601027628236e-03
7.198239756676791910e-03
7.672619176415720020e-03
6.839212979764273080e-03
7.370178206518343891e-03
8.561544920770996700e-03
6.587900030027023235e-03
7.057279802413735786e-03
6.002099648189642908e-03
8.314014765010702135e-03
8.302636318697939957e-03
9.017512414593212289e-03
8.865516995333558997e-03
7.126959762018154725e-03
7.893034727826120714e-03
6.720684322858948116e-03
7.094544513664167995e-03
8.123996945534773390e-03
6.963932130116026395e-03
9.021702731644069481e-03
9.543603367744917312e-03
6.945894438439624216e-03
8.350622866449903398e-03
8.457249484722232855e-03
9.230061853523050322e-03
7.921904371940827541e-03
8.446562624741247791e-03
1.268903182837859481e-02
6.651572690962971428e-03
8.708868938250291514e-03
6.897116180926585356e-03
7.490766317498871209e-03
1.003565050454732939e-02
6.931833626938357223e-03
6.449186989530135763e-03
7.459890788760327289e-03
9.087486823303533509e-03
8.756250952766848200e-03
8.182500846704049424e-03
6.171512926186415414e-03
1.051618332605461746e-02
6.657609614780229425e-03
5.009637477424517399e-03
8.596138012037549472e-03
7.253456005244401407e-03
6.860335074050905556e-03
8.152353876539581573e-03
6.793943552363215267e-03
7.794175518461058348e-03
6.624747606952425226e-03
6.717403101085223788e-03
5.628221425303843450e-03
7.628274082781450957e-03
1.120948157152453113e-02
9.840231817859972085e-03
6.811096019787099901e-03
9.567430951669089051e-03
1.071710699032914910e-02
6.792496220111857858e-03
9.175639259935043299e-03
7.798775070038615510e-03
8.516903013589238389e-03
8.269555721664415340e-03
1.001715156871848568e-02
7.816997923163272396e-03
7.582362131591013736e-03
6.738221955805914418e-03
9.063593311190084115e-03
7.021105395694954808e-03
8.580524376942830211e-03
8.985813873188338088e-03
7.785963679617911339e-03
8.777454934606311251e-03
8.344229540397582467e-03
6.970362353096208434e-03
7.488311061471583131e-03
6.870191073151499933e-03
5.727019829004138633e-03
8.905421221778153304e-03
6.538747300465127740e-03
8.359657216545178862e-03
8.198101068685787265e-03
8.965996360869735518e-03
7.330331805838003791e-03
7.138527116185789702e-03
7.350889919400076244e-03
1.113194159968076101e-02
9.933925932060157921e-03
7.020364036870481786e-03
7.863437377246970672e-03
8.104981121887634352e-03
7.688609731778503140e-03
8.070595152940384168e-03
8.640102678861810714e-03
6.551864289449986674e-03
7.584958832428064131e-03
9.407008830569652674e-03
8.059099425897508356e-03
7.700891534980604594e-03
9.038757864032905681e-03
7.064512029333912257e-03
1.030525267677027609e-02
9.319595877040122781e-03
6.247218101695366232e-03
6.415478581671778952e-03
9.816008718857989826e-03
6.502914498621390101e-03
9.552634046347487431e-03
9.059956505096489893e-03
7.061081864200585527e-03
7.180383107241524940e-03
8.566704877887881819e-03
7.452960194757892766e-03
7.854568009576585325e-03
8.266332759279600498e-03
1.120596354156557992e-02
9.893451297582933276e-03
7.471567287009195195e-03
7.225620614440370418e-03
9.997488403957048922e-03
8.925927980862542396e-03
1.020979338615259080e-02
7.732141284259785516e-03
8.362455996716790241e-03
9.725764808455064636e-03
7.128661285133106908e-03
9.359105325168251208e-03
5.360530965385035436e-03
7.352384940553503140e-03
7.440138557138134025e-03
7.999463770238666310e-03
7.451104115535832698e-03
7.998471166437867014e-03
1.239376368227520890e-02
8.897801654772071953e-03
6.932628596758408888e-03
9.678543677216247879e-03
7.625963416502949677e-03
7.312998958513244711e-03
6.817147758608227415e-03
1.006046037917022670e-02
9.309351430400250593e-03
7.452004558777953515e-03
1.038971089723612386e-02
7.939693069068711959e-03
7.155408135875998207e-03
7.085236403504491937e-03
9.326632343326897792e-03
9.343245403555855422e-03
8.162727955753458844e-03
8.944903086719808993e-03
5.621506661298888118e-03
7.953485935082611757e-03
9.320128201257630793e-03
8.508312006871871641e-03
1.311917705270625178e-02
8.338590043756716891e-03
7.773118881994519822e-03
7.655015484813410161e-03
9.537041542887831486e-03
8.304585434436366834e-03
8.798551710550521140e-03
6.528766289251146555e-03
8.388409375913339835e-03
6.271543286355492353e-03
1.067850841503298689e-02
6.786012756570219788e-03
8.289905232277234096e-03
9.598546549005533210e-03
5.721213697691840232e-03
8.446933373066921324e-03
9.530108219093650149e-03
7.842641533560292325e-03
7.341022756773622066e-03
9.741314845107913387e-03
8.143175127698465410e-03
7.015799642898611597e-03
6.646008345685859402e-03
1.047358710376515220e-02
8.015346801140974323e-03
6.866825782829040319e-03
9.427271675989839714e-03
6.815632946625890809e-03
8.118649791922174022e-03
1.023067797325499621e-02
8.234673174710920723e-03
9.626063017171818462e-03
9.513786080548123497e-03
7.075436192212132547e-03
7.231905110505089732e-03
6.200689639108404767e-03
7.092535622729482202e-03
1.065278330321766352e-02
9.297788008832730960e-03
9.482827634818216320e-03
7.051858715676297996e-03
7.643597663101200056e-03
7.764954301769181819e-03
7.550630958525912304e-03
8.556189966994759075e-03
7.932577549579905574e-03
8.308882778004946998e-03
8.491430531510900728e-03
8.066445008894331664e-03
9.435420773072187781e-03
6.795065047203106313e-03
8.648119371406921829e-03
6.949703650740435279e-03
7.697150905618162751e-03
7.013357532326942520e-03
8.160935345441955660e-03
8.537942529379236381e-03
1.074589894660957917e-02
7.630822195742073370e-03
6.495028981641359257e-03
7.694583423744071581e-03
8.649942967964577289e-03
8.391779310403819220e-03
8.722512833083713099e-03
7.655681862640984804e-03
7.739685961308165503e-03
8.010147858636278845e-03
9.043614466091469406e-03
7.715500254752664412e-03
6.662726295168604727e-03
7.546691824515923755e-03
7.165410053014385945e-03
9.810959124242327536e-03
8.490219489095065034e-03
1.069736179811708529e-02
1.128569549029157480e-02
9.112715708668971126e-03
9.248325751814712864e-03
8.728529349681849944e-03
9.105456019003215287e-03
8.054966044272011613e-03
9.906458358765791311e-03
8.553595474856484637e-03
1.022854263476013353e-02
8.536245579187272392e-03
9.348278329319425692e-03
8.236564491903778165e-03
7.549447623044273220e-03
6.641542634189975119e-03
1.038947962870880037e-02
4.613453667125975988e-03
9.148977149722929345e-03
7.413349466238504902e-03
1.192920666038689397e-02
9.930958594411584336e-03
8.436238663963608470e-03
9.570690535185520653e-03
9.340664744427379373e-03
8.456119365776559871e-03
6.592977423355235282e-03
9.590426679084359043e-03
5.944877714873206959e-03
8.600386914027082982e-03
6.857282318705883867e-03
7.071992037380232625e-03
7.695649508314523005e-03
7.031912288300248663e-03
8.268526942555682810e-03
8.441816319914342837e-03
6.607115823968823937e-03
9.682020904530222807e-03
7.895670262752696802e-03
1.011675426603987106e-02
6.692619995050086076e-03
9.046768649898147621e-03
1.362843682788529055e-02
8.899841125804526867e-03
1.100268109233871680e-02
7.651725349506199002e-03
6.304215617433919262e-03
8.271870131200337664e-03
9.858999006914509131e-03
8.200827219704807242e-03
9.393912021953118932e-03
1.075346607127653648e-02
8.931817530933475885e-03
9.669544651102687793e-03
9.257149774641051931e-03
7.466330796317236299e-03
8.798385355152722048e-03
1.006504854131340908e-02
9.487969447495350414e-03
7.518502813203094097e-03
7.067844914036157736e-03
8.172715739308108324e-03
9.400963550186309733e-03
8.338868063066152275e-03
7.459832581235437826e-03
7.662557211169412213e-03
1.175964556679206380e-02
1.120170204211777196e-02
1.097223609731129597e-02
8.756310131796009658e-03
7.879044943904362636e-03
6.908606985108159404e-03
7.511807063683763677e-03
6.871095493272084444e-03
7.692519307528695310e-03
6.465956392374533172e-03
8.867334670212518449e-03
1.014301674434594895e-02
8.589414779798914754e-03
5.659690398728313594e-03
7.748125843983279769e-03
1.140379724993167802e-02
1.007956727053877129e-02
8.768774724064992004e-03
6.717665273956285009e-03
9.302153146087871471e-03
1.034263221827717329e-02
8.742094629438547024e-03
6.109123352943415970e-03
1.076428208304835640e-02
5.321428898921319768e-03
7.779124794628318983e-03
7.271807379224601298e-03
8.125614852660749052e-03
6.933613519851287814e-03
8.834165407576347398e-03
6.656424192025346340e-03
9.762152547105143810e-03
6.382268751406013768e-03
1.086907679393235571e-02
8.052542040450519009e-03
7.861908760828154735e-03
6.081308991808979242e-03
7.437073286512429007e-03
8.215011369472729683e-03
1.222883823632874359e-02
8.045131607390692066e-03
1.092880474922254715e-02
1.005283139551011763e-02
7.001039245898529537e-03
6.301948148932411467e-03
1.034486626515654199e-02
7.889216324047617843e-03
5.282885269020093713e-03
8.633154544234333469e-03
9.365870964786204150e-03
1.112171940471208195e-02
7.829257720136598847e-03
8.822980321374608581e-03
7.688476733928627585e-03
8.870847878775126732e-03
8.714383936025461158e-03
7.597506655800685856e-03
6.634265035564937581e-03
1.032627216686918953e-02
8.924646637040047070e-03
1.078493112580515556e-02
7.976904848822782834e-03
8.411441714720751736e-03
8.728737419465252764e-03
8.088070852548381873e-03
8.490778184762209913e-03
7.355688779642346325e-03
8.408026432948587439e-03
9.538141553638938494e-03
7.413046569269890300e-03
8.339298613883903977e-03
9.918136626186945318e-03
8.592242998723381708e-03
1.051743475122066812e-02
9.746156323572631106e-03
7.827870363919690183e-03
7.582341652720409227e-03
6.852645361993834304e-03
8.578192786748805101e-03
1.111344764895129400e-02
7.991584988153735414e-03
7.854669727992188988e-03
6.669865349803493978e-03
1.078269735864704863e-02
1.009021085331137865e-02
6.882325038258811818e-03
8.807061701512913440e-03
8.389861680568615546e-03
1.164048132089254110e-02
6.122620817705006629e-03
6.810620751368154195e-03
5.034989524531323889e-03
8.559879427869961088e-03
9.933204514045949202e-03
6.995954697851416819e-03
8.845237518055557371e-03
9.717217225716395443e-03
6.866370179511914994e-03
9.419347815161563039e-03
9.690282108047440501e-03
6.938448449595143938e-03
8.157229724576914309e-03
1.163697758672854743e-02
8.115656019092240547e-03
5.344134748433215960e-03
9.220494356214569212e-03
9.936276321713283580e-03
8.487558468740311404e-03
7.139745320572088265e-03
8.518967078780749838e-03
8.304992239949906055e-03
6.095203908936367571e-03
7.896717125255945519e-03
9.842534879373039669e-03
1.045907716459725662e-02
8.067418176242235894e-03
8.675489505680028871e-03
7.454148842317632161e-03
8.848732928607969811e-03
8.304977826375762803e-03
7.706635048557841650e-03
7.193605089842089982e-03
1.056011310739012055e-02
8.323367815578635795e-03
9.412933657467984633e-03
6.667959946745767932e-03
9.595374044556312029e-03
7.901236967959969840e-03
7.980952188701583364e-03
9.662254721831598295e-03
7.643686088945791067e-03
9.481968755650363803e-03
8.391446495696671531e-03
9.694288859730532115e-03
8.827033178516536377e-03
9.145363511480089289e-03
8.613719547246585437e-03
6.117926694792676610e-03
8.584208242452998072e-03
8.686398873708365762e-03
9.970184635418122623e-03
1.081105923033344289e-02
6.792179912368556324e-03
1.076862489907020812e-02
9.301336531173215114e-03
9.624843588137539652e-03
1.046252387675519237e-02
7.404197809530036270e-03
8.983805004935972727e-03
6.456968520491361378e-03
9.242678312943064522e-03
9.975541980481573631e-03
6.393055120672635865e-03
8.352152992108395277e-03
9.076731800875339345e-03
8.618219693943877935e-03
7.812097391440297328e-03
8.741021586230319357e-03
1.051142616432122409e-02
6.808705031450854907e-03
6.159214425205353227e-03
9.452183232680563471e-03
6.952327879659631060e-03
7.222326823610492573e-03
7.303928501145593236e-03
8.993921691989930842e-03
7.768919163104845600e-03
8.807001684865020663e-03
5.530432776169027544e-03
7.214165618049496811e-03
1.008843080575782224e-02
7.138531425378799936e-03
8.602933415991949329e-03
8.981583003574787616e-03
7.671271402642641790e-03
7.907169659895558686e-03
8.271723859065554726e-03
8.077578215755427601e-03
9.175369997711941769e-03
8.909168152142129052e-03
6.944154710760559908e-03
8.511421169264800010e-03
4.970424338030269770e-03
8.877049725195505780e-03
7.507761003178491273e-03
7.976019327004367152e-03
9.554505678290310666e-03
8.345388015470940959e-03
7.294617567602810007e-03
7.341598216519652428e-03
8.009515220454791612e-03
8.127740944154261335e-03
6.517913640682639932e-03
6.120557863278773547e-03
7.600537525609444081e-03
6.678744746156952544e-03
9.464698568910277082e-03
9.146998227926998390e-03
9.078356700885780936e-03
8.866812001005586197e-03
6.769059397892105562e-03
7.583705612378979603e-03
4.571639314357600452e-03
8.355632722622699515e-03
5.960361763022676250e-03
7.784843047243808316e-03
6.009499045346213507e-03
7.665817245857442161e-03
7.079242117464118640e-03
8.653248985119259273e-03
9.480634432352523511e-03
8.169871246250147434e-03
9.720594873694095306e-03
9.629435573676480009e-03
1.150464254493027173e-02
1.133066321419641531e-02
8.344296440546822291e-03
9.196699342129379534e-03
8.226028734617770941e-03
7.844339331600884424e-03
7.932018859253960399e-03
5.138943354577233877e-03
9.892111575799387643e-03
8.061097417698040793e-03
9.135848035372928777e-03
9.397099406879289712e-03
9.246471712152440348e-03
9.698360035289047346e-03
6.861771263989269697e-03
6.729743916678587040e-03
9.468112666354675314e-03
7.343665524040255722e-03
7.330039878297681111e-03
8.685608884312766287e-03
8.360536234734034303e-03
5.483432274244453425e-03
7.444123683036416896e-03
6.790474247235217010e-03
9.910089009849106303e-03
8.094400632420768391e-03
8.808597894849492724e-03
8.822291690608215914e-03
6.976095617122612426e-03
8.842161748617571870e-03
7.626779499706558448e-03
6.661083878864349286e-03
9.903923318371024229e-03
7.222496277294905911e-03
7.649585874636063640e-03
7.463893166393347975e-03
1.023297977686029973e-02
8.496224294313407116e-03
8.953032905667252656e-03
5.990741349479323033e-03
1.008788638529127188e-02
8.525578351003509914e-03
8.459037581916638987e-03
7.894951250525387640e-03
7.083122756266308981e-03
8.359503619293976243e-03
7.718855209077573991e-03
7.363077049303352190e-03
7.570920175145422551e-03
6.971160124423577895e-03
8.342148061018973479e-03
9.231684266467870756e-03
6.979657365095448020e-03
9.498713932698996804e-03
6.436627153901596649e-03
7.256815540711610696e-03
8.384265005768845591e-03
6.100464682828807272e-03
6.679453062172476495e-03
8.371544520604231460e-03
8.088106730729828497e-03
8.281067634289153781e-03
7.554217720148357837e-03
8.200154895975810335e-03
6.537004289729930924e-03
4.772125328565252587e-03
8.210271862177851571e-03
6.657903400995967072e-03
9.451137755472877044e-03
6.243277861889926818e-03
6.430965352365822577e-03
1.012638670171529809e-02
8.766723920818309326e-03
8.144220439934957145e-03
1.013989942208096649e-02
7.238111290147573700e-03
9.477703534404861158e-03
7.890170079711785953e-03
7.166524798995539507e-03
6.955102723068268787e-03
1.222126778790579883e-02
9.785659514136920908e-03
9.318682259547786048e-03
7.038630297850600667e-03
5.680360495878842078e-03
7.252810676262461120e-03
6.173395671387123772e-03
7.992375031924910112e-03
6.984047146885780620e-03
5.882693554646403061e-03
9.192119261630783342e-03
6.885526457663860254e-03
6.077718762637134182e-03
7.647297094595464223e-03
7.430802113680746480e-03
7.808232802667395243e-03
9.043549668758636695e-03
9.531775199913803537e-03
7.438427053235482922e-03
6.116425959668425442e-03
