1.816989045360105836e-03
1.424157394405397995e-03
1.790864337535341558e-03
2.988607312894658863e-03
1.449998704831027829e-03
3.098971405217317444e-03
3.318567720821188460e-03
1.600275759439534224e-03
2.098719800968869113e-03
2.449292057413461621e-03
2.005881821818579491e-03
3.259840185089697435e-03
1.789407904998228287e-03
3.655528640777280097e-03
1.298317119314561490e-03
4.389258935788216930e-03
2.306707341781199551e-03
2.792435045988555208e-03
2.778825478422967867e-03
3.252906941927330691e-03
1.921256114365362325e-03
1.944835837769895567e-03
3.138152984218034285e-03
4.069237670803225321e-03
4.317496925113271239e-03
2.601999802822163588e-03
7.732349425065111271e-04
2.935113776583268656e-03
3.090569583373830188e-03
1.056626097161975910e-03
2.621695763723158774e-03
2.839635957227641845e-03
3.967269217759138676e-03
2.811094848756432417e-03
3.195613315783155627e-03
1.887880494198653338e-03
3.923091879741188830e-03
4.831766295370665786e-03
2.750201717295385276e-03
2.574777468038741326e-03
3.910483312862175591e-03
4.297737453525028554e-03
3.341990260839044786e-03
3.638318947290965482e-03
4.267387594700361095e-03
3.185923576586032185e-03
5.037031214150254795e-03
4.571148331810421725e-03
4.279014933062754919e-03
5.078164927964739367e-03
7.158773235324827552e-03
3.129023183720915958e-03
6.054485111949768107e-03
4.932471465951306089e-03
5.141606069620088294e-03
4.503694643251109422e-03
3.851293354451230510e-03
4.824720200395326425e-03
4.804728766513075532e-03
4.207096140152267842e-03
5.612183402784656945e-03
6.985619082847876332e-03
6.343855236487613153e-03
6.553490279968156654e-03
6.881290759786464623e-03
6.339226342089495508e-03
5.663151042322045123e-03
4.769903596201780470e-03
8.829972860129283938e-03
9.322769973104737262e-03
7.875587975011422159e-03
8.429243142331344085e-03
5.880734332580279597e-03
6.983822060039087190e-03
9.106458687806734745e-03
9.819012416104836577e-03
8.053609356009371056e-03
1.232592673334886521e-02
1.189621248518391364e-02
9.099614396911348199e-03
9.621040238055034860e-03
9.330823949965268149e-03
8.102641095661262602e-03
5.638284638051254544e-03
1.009545326433647881e-02
9.905170890808079678e-03
6.125859516288348003e-03
8.011149405258110451e-03
8.917662621304178056e-03
9.067955917796874030e-03
1.310921721234483209e-02
9.233540018153706119e-03
1.124642906060230492e-02
1.072245013098582257e-02
1.094291482518659590e-02
1.099048420843739757e-02
1.565806542280731573e-02
9.301748761288934977e-03
1.297353592472965354e-02
9.559603812979856896e-03
1.192864515632442203e-02
1.428816878487964605e-02
1.224299316096760966e-02
1.228387446980246447e-02
1.305899775898063109e-02
1.289246413040777937e-02
1.273832550194393953e-02
1.132664258082497800e-02
1.350981903474577153e-02
1.160502232028001908e-02
1.147884066891235837e-02
9.317233067677808955e-03
1.254132018598332413e-02
1.487594736824708781e-02
1.080070145472427842e-02
1.399995385232321796e-02
1.079211950884001632e-02
1.389205865888021654e-02
1.073842872996347807e-02
1.342950022953010719e-02
1.202050928785816652e-02
1.415619812402141645e-02
1.340405729976880921e-02
1.269613998414471749e-02
1.258899474754644407e-02
1.313184388510074165e-02
1.373671691515193291e-02
1.439410440848266047e-02
1.324462114825863610e-02
1.280922336119184532e-02
1.204711298286857690e-02
1.377460341929305325e-02
1.151283332601511257e-02
1.385395039173163527e-02
8.985915319181891556e-03
1.081347990200970909e-02
1.191722401360547495e-02
1.360109998051927185e-02
1.015801549139111991e-02
1.089682756611633392e-02
1.128686327135038775e-02
1.470057536350616138e-02
9.859516593885607819e-03
8.808056450288183348e-03
9.399770297434951669e-03
8.190144387306943358e-03
8.780531604806620857e-03
1.258366233857426998e-02
9.309514946103891048e-03
1.112492665680680538e-02
1.088806810802911418e-02
8.585860166806799990e-03
1.338397904277694936e-02
1.124532459702022417e-02
7.996563890598754401e-03
7.224303951644044444e-03
9.841758586416384999e-03
1.216836960245459842e-02
1.090483906563208955e-02
9.652270135358643685e-03
8.936723860628582872e-03
9.883592729084154233e-03
7.708409692823955592e-03
6.909939524660416166e-03
9.083998706684297264e-03
8.417612224264068785e-03
1.001710264563838819e-02
6.987656094618975924e-03
7.635603016444145880e-03
7.728929882361819728e-03
6.024421998929609459e-03
7.609275975063739365e-03
6.841218491892089165e-03
6.458461723636135798e-03
9.365004844650194962e-03
6.665119245279877737e-03
9.090410956021992631e-03
7.185209630397954017e-03
5.826035929898713828e-03
5.767867798059832934e-03
7.375895455469902613e-03
8.254573426666359653e-03
6.418648897967160587e-03
5.450113450826371379e-03
6.314710071681973146e-03
5.500419314095960494e-03
9.328463988866548054e-03
8.044337727349731154e-03
6.915210810354436959e-03
5.564853096933006574e-03
6.939162427649096278e-03
9.268962422013291014e-03
4.418998346482109867e-03
8.218040146838285695e-03
4.606321225976220401e-03
6.240663836697970049e-03
8.280072112246593397e-03
7.503399002806904021e-03
7.550438671887648411e-03
6.386574011072791018e-03
7.551389267118769309e-03
8.333888937612190378e-03
7.517073182770228623e-03
8.235793445362548856e-03
5.205698536953959517e-03
6.858613163557519474e-03
6.199825055541596450e-03
3.882718642570345737e-03
4.376765058752616830e-03
4.522941839295267774e-03
3.894410134187445936e-03
6.252051856972223876e-03
5.570485550494271715e-03
4.725249182446934239e-03
5.273381030750014242e-03
5.749020388581898081e-03
7.115500923778572163e-03
4.458237707560515697e-03
5.612105670186431569e-03
5.470013162960157653e-03
6.128200875507004014e-03
3.468995940318834841e-03
7.955962352315222585e-03
6.364476671786251614e-03
4.500017785210217412e-03
5.730418156931223368e-03
6.277516963803827892e-03
7.053669885755843062e-03
6.076240957073740685e-03
4.744385179111559186e-03
2.976408822208228850e-03
5.505439546264416506e-03
5.160553652611700806e-03
4.789501008012459447e-03
4.182759321533029671e-03
2.522949431736449567e-03
5.079220568459645417e-03
4.090422891705944135e-03
3.849999896183063739e-03
3.576141861806979207e-03
4.007502482722570709e-03
5.737554251868372257e-03
5.616600011909182212e-03
2.377969339885298034e-03
4.370099334967935019e-03
2.318351317383394051e-03
4.975272698053410415e-03
5.250571931662106721e-03
5.500226115400986063e-03
4.906003516858757976e-03
2.239410446007997300e-03
3.767222799976266412e-03
4.519908571343573579e-03
3.318635695209426386e-03
3.597831033259682888e-03
3.300076174835988446e-03
5.319621887740671844e-03
4.976245587693221145e-03
4.632727801385387416e-03
4.636149261329704403e-03
4.962825268195288596e-03
3.092040002986233983e-03
3.172980692227034966e-03
4.383326668698801082e-03
5.224303274903215229e-03
4.862640772957386136e-03
2.920787700488925321e-03
5.217496845803707740e-03
3.242076235072138390e-03
3.942150316096197996e-03
2.957321809817205650e-03
4.554500014114413152e-03
6.301692693427552588e-03
3.712101331109057909e-03
4.220316071087526488e-03
2.507505846996651352e-03
3.880804512808511651e-03
1.620346844868988294e-03
2.979956862473998654e-03
6.152685335877653566e-03
5.078216828056049924e-03
2.773791368095566458e-03
3.664685369415439636e-03
4.136095514465371568e-03
4.752768657654399785e-03
4.391718871604102445e-03
5.816317162465591863e-03
3.049604191185635062e-03
3.833892763450736426e-03
3.602270022511894123e-03
3.422695651238084197e-03
1.790530292383791904e-03
3.782986152446832836e-03
2.375020703711116111e-03
4.418651468034840053e-03
2.003843195075809616e-03
3.146107212279465257e-03
4.513770673302918909e-03
1.878922159113663969e-03
3.021759443310252386e-03
3.143174835851145557e-03
3.155677224308373486e-03
2.315723667926865292e-03
4.797332215764029545e-03
3.884583587680261706e-03
4.577188016085355533e-03
3.852425447945481956e-03
4.498359836186662832e-03
3.867155769924043949e-03
3.191370734163112913e-03
4.572987889124750099e-03
9.441565583240442558e-04
2.263262013125007417e-03
5.739619897737075274e-03
4.231003287309810165e-03
3.263396762349097917e-03
5.012481682883102550e-03
3.742273827609329112e-03
3.245975626699215862e-03
2.093191479350978504e-03
3.875332116680709361e-03
3.855805080240492112e-03
2.416748367325185706e-03
3.864113587944086829e-03
2.885292757899241868e-03
2.610523711574170690e-03
3.880031438371605440e-03
2.821244484879520311e-03
4.092593555994524131e-03
1.450516221769746015e-03
2.969565921195523039e-03
4.149902961104246987e-03
7.904491260369592241e-04
5.137243625712052154e-03
6.491526096972910671e-03
5.271517707419112742e-03
2.461907299850199949e-03
4.325758718931252932e-03
2.223525962753016266e-03
4.279878930633097475e-03
4.451138015639946252e-03
3.835495438613131022e-03
1.966865374872055205e-03
5.078277380359846015e-03
3.357663086165616189e-03
3.335901654606341412e-03
3.342536386898573627e-03
3.572961809170837038e-03
2.744169758255999517e-03
2.996109631238301051e-03
4.333925112472291653e-03
4.654354232639101863e-03
3.066763353275132366e-03
3.177469731623775058e-03
2.882230174267881757e-03
4.714355739917349547e-03
4.411457810054904803e-03
3.444231759152819889e-03
4.901847976074837250e-03
2.382555236168305574e-03
3.495041922400045614e-03
4.455196575650183580e-03
3.574435052866854496e-03
1.810039380420158097e-03
2.795014399748627174e-03
2.439066099797194964e-03
3.133308997192272780e-03
2.807235488257788739e-03
4.598624984531788501e-03
2.823188836655802711e-03
4.661248597054138548e-03
4.062294926075639065e-03
3.608286072783599072e-03
3.214748424303694087e-03
2.251381589529133191e-03
4.251454558412840271e-03
4.276191300944262065e-03
3.611530921868224067e-03
2.341717859645038417e-03
2.675843462728274766e-03
4.920764772678999990e-03
2.226706581304751468e-03
4.079940748553072608e-03
5.028764095189990242e-03
3.140802910209781942e-03
4.274008397443272884e-03
3.271205995729122105e-03
1.848195925521782220e-03
4.350494344806544317e-03
3.868471356767151474e-03
4.140664655309391450e-03
3.089973901615963511e-03
4.053733678190503224e-03
3.565393322731533372e-03
4.834238754125655402e-03
3.612610964614550169e-03
4.691036443521615258e-03
5.180289139592485388e-03
2.637935344705457860e-03
4.257525228592537112e-03
5.155874966728866624e-03
3.838728968732734240e-03
3.177516278818513437e-03
3.842742351720352615e-03
4.257926277802637216e-03
2.660581589214683958e-03
3.895954446002092546e-03
3.372079777215564091e-03
4.278690954442930863e-03
4.243607427353831077e-03
3.037417042153735952e-03
4.807896619390770315e-03
2.467538112221220187e-03
2.952131324505159922e-03
5.060416275807117469e-03
4.271859306163265126e-03
4.240633789302871923e-03
3.481925526933423408e-03
3.540312157213752319e-03
6.303117787603710123e-03
3.692345536542967262e-03
3.687840575094404345e-03
3.584964610914274843e-03
3.526373457017081478e-03
3.886098099786405857e-03
3.723065139438549477e-03
4.547856177196874655e-03
4.316177471874649632e-03
3.177061067897861933e-03
3.676029207737264819e-03
4.103417290411357117e-03
3.327814900104333201e-03
3.215548709673572442e-03
3.430176089118188148e-03
3.827183520195182997e-03
5.293971624098210357e-03
3.303724358619988810e-03
5.555813201364770935e-03
4.214018261468603643e-03
4.272689728851730359e-03
3.103835221184780228e-03
2.927554255670941630e-03
2.844820427127214314e-03
4.086178811310649944e-03
1.846277217489048156e-03
3.431460420774174944e-03
3.147942887993633847e-03
4.556538700495560597e-03
4.786888203448169329e-03
4.327276863752091245e-03
3.074889146622270236e-03
4.589048620300252221e-03
4.045805647370463200e-03
4.819406921729434135e-03
5.194388421076238417e-03
5.039619428312495236e-03
2.968868044518214143e-03
2.505387479436726843e-03
3.793284377408922322e-03
3.218920742457811925e-03
4.765312472144740685e-03
5.161748906081942839e-03
3.531489410021599207e-03
4.957201697082315103e-03
3.449604230979322686e-03
3.124047588400011895e-03
4.573050456436886929e-03
2.636554096731552176e-03
4.428682274056745805e-03
3.244699334499552383e-03
3.359262553219176210e-03
2.636221234564211594e-03
5.665998407247237884e-03
1.859282712458987501e-03
4.265858413514565448e-03
3.365466578313598515e-03
3.998532919369053931e-03
4.518625662002075626e-03
3.633074095465963285e-03
1.709762184897017489e-03
4.824658372917127631e-03
4.697439561284211251e-03
3.423391972396212617e-03
3.847170222770910242e-03
3.591906737096225381e-03
4.320503858077778814e-03
4.030411275960748413e-03
6.047445161074173348e-03
3.497211586445714542e-03
3.825490904705923425e-03
2.688651513417164921e-03
3.064584108604922336e-03
5.045882221862332991e-03
2.841890536813876898e-03
3.284619735094279624e-03
2.268943882611248672e-03
3.758199239590032971e-03
4.779714369846629028e-03
3.989683923247802806e-03
3.671799156465486297e-03
6.212514224330015211e-03
5.261004147913260313e-03
4.116398982875511293e-03
3.252359858395835988e-03
4.347689712993120341e-03
2.443769001866190945e-03
2.736501829338588380e-03
4.214576753645122263e-03
4.794868184747074283e-03
4.934414558432185724e-03
4.799917822127791091e-03
3.627573963399432534e-03
2.032945918994741395e-03
3.452571201690589342e-03
3.024649231388942209e-03
5.700313101249211527e-03
4.089986865576057326e-03
5.515020236878843615e-03
3.378749489337159236e-03
3.061447165135859540e-03
2.052443896362657425e-03
5.741182104583702865e-03
4.083774106557380192e-03
3.293145513702385244e-03
4.353405350770517095e-03
3.099595697126906243e-03
4.872911907336894589e-03
2.403193134039528257e-03
4.395609858342167282e-03
3.250283591674921375e-03
3.677636587802960138e-03
3.736803082993840446e-03
3.540243233862891067e-03
6.062201806547012038e-03
4.588559135619427881e-03
3.109852631963141729e-03
3.178260730735691601e-03
2.744032153617097756e-03
2.466358752760586161e-03
4.867303051863378950e-03
3.810473388828138509e-03
3.913600080941672353e-03
3.546238746711885634e-03
2.507160160187581113e-03
4.247042967768503707e-03
3.181995505386615332e-03
3.171862477438943968e-03
3.746521155863841417e-03
4.261240587975723138e-03
3.039409461509680159e-03
5.015533518509723843e-03
4.217518493060083175e-03
2.766223599761882899e-03
2.628606102599037684e-03
3.417484871429651242e-03
4.034478714409499636e-03
3.279766947031457092e-03
3.242642248322105507e-03
3.358261374355745593e-03
2.409753561203104976e-03
5.451040466126074249e-03
3.242380316008644601e-03
4.712369268185025509e-03
4.396238496283841508e-03
4.825585902945273530e-03
2.873326280211666202e-03
6.375857901627009564e-03
2.536128487687396016e-03
4.334249595196105163e-03
2.343589451980487848e-03
2.320666936921832093e-03
5.426472400379430891e-03
3.093592970037498720e-03
3.153145238588929422e-03
3.291837721150351823e-03
6.045840756662027547e-03
3.395816006183782071e-03
4.159205850447807683e-03
4.859213521122115326e-03
4.012759737978219624e-03
3.200333528738225162e-03
3.883473597959898743e-03
3.525109542738353620e-03
2.649552160605359204e-03
3.079595896093482478e-03
3.515806831401904579e-03
3.398702502401639361e-03
4.866951861510425935e-03
4.855792432500930303e-03
3.969494090427933865e-03
4.749413550998221947e-03
5.225561794278093045e-03
2.534470670682361249e-03
5.192936258749919487e-03
5.936807387588128801e-03
5.563224951228648227e-03
2.641717760213982066e-03
3.587027610462014283e-03
2.500729799498183081e-03
2.461042900595311524e-03
4.061908980761974597e-03
5.343448554233623179e-03
5.091556601404083338e-03
3.248703987084876430e-03
3.628833342785872749e-03
4.024374521353697026e-03
5.620746762687560058e-03
3.657073777755456227e-03
3.014438885345061079e-03
3.813986618329862251e-03
4.947205977364393936e-03
3.692429471646409538e-03
4.185208983495974054e-03
4.779657837068302349e-03
3.475884225400413443e-03
3.618406433881918901e-03
3.498353968497389110e-03
2.097800072527683871e-03
2.753722511053443168e-03
5.451439174851773449e-03
4.429499807176650976e-03
4.133070992051340355e-03
3.524443235146094370e-03
2.550142112986452259e-03
2.975779609209637609e-03
4.611613792488997686e-03
3.125355626542910669e-03
4.300083429641600626e-03
2.902847489086574691e-03
3.129045779703091158e-03
4.073772039423644714e-03
4.118243380223462688e-03
3.405610160464070738e-03
4.962745829376488671e-03
3.142551058097478155e-03
2.874694621028670016e-03
3.787952256790611157e-03
5.322631941451940255e-03
2.452800002088851433e-03
3.580946209075398703e-03
2.056231057387983632e-03
2.918701474083650049e-03
3.468145508451209256e-03
2.393376463583111145e-03
6.302268966314476112e-03
4.381434008294458893e-03
4.940299689216810786e-03
4.064964399777036032e-03
4.315604031042138272e-03
3.909675862038624120e-03
5.201846346849775884e-03
4.153240082957115019e-03
4.566404862670282901e-03
3.705171858027216710e-03
4.994527505713090669e-03
2.797656122123729026e-03
2.525933264298096600e-03
2.630954183094377785e-03
3.623243321236333924e-03
4.793255576854057315e-03
3.607069203017105371e-03
4.679648431546525739e-03
2.973434651242082456e-03
3.275367215411461620e-03
2.025767767012142534e-03
3.903918906486794627e-03
4.551867682384540606e-03
3.032938641609513562e-03
2.432875056717949489e-03
3.872319302987479658e-03
3.639389380624140097e-03
4.565185686290526394e-03
2.256787880683638978e-03
2.365330338630680911e-03
3.740138310144951878e-03
2.560918807767758199e-03
2.353603360770555476e-03
4.076280118770325006e-03
3.878894947119871598e-03
4.036384771730570573e-03
3.698906635021093070e-03
2.112301348822267100e-03
5.894542827928181752e-03
3.134349328648533984e-03
4.805437762399763189e-03
4.938960527894650787e-03
3.502208708051396738e-03
3.369067067905368289e-03
6.159220526366115597e-03
3.133268002507567755e-03
3.827175010444410896e-03
4.355802549527915991e-03
3.333994189596253908e-03
3.933073397821086441e-03
3.180908292235964246e-03
4.716105597556187641e-03
3.909179344225533100e-03
3.054101376499698210e-03
3.134594194067893795e-03
4.767380574224937446e-03
5.940720477855173862e-03
3.444245999716550721e-03
3.391894678567998565e-03
2.540184947301282140e-03
2.053345245380190816e-03
4.127709528991745612e-03
2.884591878798953898e-03
3.594703736600066840e-03
3.055960858906252471e-03
3.434941783036420376e-03
2.786785489121800744e-03
2.386792820810597435e-03
4.312407445023591634e-03
3.748075178778939153e-03
1.884268311105603009e-03
4.805781816383507959e-03
2.390363276833454547e-03
3.536689636819195445e-03
5.862970663347970637e-03
3.817735731207908510e-03
2.470753382634041217e-03
2.232316659768036025e-03
2.263789332082267493e-03
2.489675880173449537e-03
5.410371241147510571e-03
4.164159096643684117e-03
3.172004775489711912e-03
4.962159633217853860e-03
3.466525549819700434e-03
2.108575185781356130e-03
3.529433525762289397e-03
2.935506870700467941e-03
3.186486878298647879e-03
2.727790916302406249e-03
2.647150814302413283e-03
5.081765363258301284e-03
4.924638520963480100e-03
3.556389003173807649e-03
3.528081112825329560e-03
2.974588179227682840e-03
3.262886978031243231e-03
2.254032387719135874e-03
5.605560906113238144e-03
3.511042658974601691e-03
3.124346695220309774e-03
4.366481235357630268e-03
3.740396102403552216e-03
4.905262027857570928e-03
3.487104178626592669e-03
4.669515137313115689e-03
2.919816565996490986e-03
4.679316993534843143e-03
3.347251634450488979e-03
2.825780061000404773e-03
3.352466619623725285e-03
2.251960522371791121e-03
3.453213572803676135e-03
5.359334232064421819e-03
2.871988900298784540e-03
2.596470223914889696e-03
3.816093912971471862e-03
3.538472043416169936e-03
2.655519393452431074e-03
4.286298092895312120e-03
3.666502988033821728e-03
2.794139347015749206e-03
3.043417738773005962e-03
4.343818633308750218e-03
4.791846142992243693e-03
1.453558952971948075e-03
3.158773540032985046e-03
2.899942223363553319e-03
3.332877546951629102e-03
3.163920010936462426e-03
5.290553648886250210e-03
4.030376353994171226e-03
3.786928821263408143e-03
3.009632680100267701e-03
3.099466765092675786e-03
3.956158260728347316e-03
4.068239908919311747e-03
2.734290328726615271e-03
3.388240864008037253e-03
2.951795332762441413e-03
3.788205516996666616e-03
3.004539799512910385e-03
4.146786351991344453e-03
4.066957765091619784e-03
1.937829586875583791e-03
3.815490274080104906e-03
2.857036820104281657e-03
5.526628159358229313e-03
4.540600282716546893e-03
2.931639814728575176e-03
4.363348883509999068e-03
2.304675936526489558e-03
4.027583024650918837e-03
4.088606546748967119e-03
1.530804605771884019e-03
2.210768811866368946e-03
2.836926469669865964e-03
