5.041689971173481501e-04
2.858181662556663182e-03
4.873017988267578336e-03
6.754974717906947826e-03
3.461355011289254414e-03
2.748009315765993473e-04
1.571853545908297525e-03
2.729258097245518093e-03
3.291797119665062317e-04
1.115537127360733544e-02
7.922740443873402608e-03
2.319210160944835952e-03
7.823028267836531699e-03
2.276246610981227849e-03
4.963253633549703954e-03
1.825058744045700060e-04
2.267051546544501025e-03
3.671254583032081912e-03
5.997925929684222764e-07
1.277313090439288193e-03
4.188440101546671984e-03
3.253045085140988425e-03
3.695765735659444114e-03
5.471183815886821768e-03
2.507461118114292435e-04
2.539785283781663340e-04
4.071297385353980260e-03
4.732449051324672386e-04
1.086944350508210061e-02
1.564827109317646920e-03
3.940981800300203362e-03
3.138196473186283947e-02
8.844500051096547064e-03
3.655587293645482568e-03
3.433068508874714559e-03
5.855711545490621412e-04
1.208558242805114324e-03
1.406350969576045540e-03
1.771093400498383649e-03
5.778632701014212300e-04
1.822518671911124363e-03
1.038471856237947744e-03
4.434847425024983532e-03
4.789432562995056108e-04
6.136728455107136153e-03
4.563699397545746377e-03
1.237130586790638476e-02
3.929888787470935119e-03
1.569202625119887201e-02
2.290816626873485619e-03
1.003734826365798105e-03
4.246534034785374827e-03
1.267556335276663832e-03
1.693932123627060293e-04
2.576589846420369347e-03
2.658636330015213753e-03
6.796350336807666440e-03
1.819577383996079725e-02
2.651125924862607688e-02
4.375100885007164597e-03
3.128244035915884059e-03
5.729397805999200330e-03
2.137827037604572364e-03
1.961765086196371084e-03
8.159137461724840987e-03
3.489233527611887778e-03
2.235014793002819671e-03
2.354767652023188277e-03
3.795731942847163729e-03
1.159987024989826525e-03
6.477379737286820044e-04
1.336356312424848061e-03
1.992388743317381489e-03
2.696304726451478461e-03
1.257437013265105298e-03
1.073745468316606198e-04
3.812049711786148006e-04
3.565768241214700642e-04
5.725492662246770654e-04
2.500961534271782961e-03
1.727005795734938218e-03
3.644256755883404602e-04
1.221557657159179572e-03
3.257759389909260523e-03
3.930256640588318529e-03
5.527236030176431274e-03
5.336461542964252361e-03
4.455104590480592902e-03
6.933014512835594667e-03
1.261886908761466163e-02
1.799441684380769218e-03
1.530004275111403883e-03
3.800623753833281757e-03
3.640472038157164993e-03
1.416772756437393796e-03
1.793471057550222810e-07
2.495987707403028808e-03
5.070407296854961485e-03
4.164377088157536315e-03
4.102774036932146581e-03
5.638938022901707030e-03
8.099662428375193485e-03
3.649709801675058915e-03
3.833821259067549374e-03
3.181814920963943819e-03
5.693872613433769922e-03
3.067943036532806787e-03
3.643528565812210063e-03
5.360594577938751319e-03
2.798044011512196543e-03
6.453550924598824325e-03
9.121582102160626787e-03
6.032935952789390474e-03
2.650424667481542009e-03
1.713208902892818155e-03
1.036565990789329846e-03
3.698358965118751090e-03
4.793918125191427848e-03
4.406771592008718388e-03
3.637989246151340523e-03
3.303391823002006962e-03
3.416774067961867931e-03
3.084928186303963812e-03
3.106728551619263728e-03
3.324899228848875263e-03
4.688841863433453223e-03
2.938679242154101055e-03
8.045359314403569126e-04
1.343291680095714321e-04
5.958266314209927864e-04
7.949451993044335521e-04
2.218481091819381103e-03
3.502774365052275032e-03
2.673531533613841740e-03
1.471680633245783451e-03
1.426825722051813794e-03
3.599695062793765391e-03
6.109224966293881620e-03
7.176374661714084689e-03
2.845091536098283067e-03
1.858760207069021101e-03
6.958767385105636867e-03
6.340876176893286108e-03
2.014632587986770525e-03
1.305193163137190887e-03
4.659527433294122049e-03
4.296288053498323496e-03
2.986564048830090291e-03
2.235027753100722082e-03
2.062256179928904833e-03
3.232646238845877148e-03
3.012861817686739423e-03
2.068211685354200396e-03
4.558446962613983168e-03
3.195632206575671833e-03
6.047683844192607190e-03
4.516141280786553289e-03
2.336997109046786737e-03
2.045565181124735059e-03
1.497483569383084058e-03
2.782393431948236052e-03
2.403754047325951885e-03
1.835475885676494858e-03
4.320727921683683269e-03
4.496537447050925895e-03
7.137760558330202322e-03
8.567847439705015417e-03
8.758059780711063835e-03
6.958207964738608552e-03
7.332982825609062928e-03
4.226975744203192997e-03
3.258532660458036533e-03
5.263935482161358551e-03
2.712303866400000030e-03
2.978576359280736378e-03
1.642059618659234702e-03
1.449237866683962149e-03
6.664860596370736964e-04
1.018328694829155785e-03
8.623486474011589180e-04
1.064234587279598923e-03
1.307176662787644167e-03
1.529439866589619350e-03
3.156357054479296334e-03
4.462147017111019708e-03
5.519738772119572867e-03
2.772116220384105312e-03
3.536165789659109771e-03
1.807670910031322804e-03
4.561860571756974278e-03
9.279775761720484087e-03
1.349062581721057093e-02
9.885960295462931091e-03
8.929398029208522602e-03
8.802644852253575097e-03
4.703450800617661222e-03
3.353955560477491285e-03
3.069311876439315134e-03
3.166277795847211377e-03
2.423689066317545777e-03
2.309294262195424156e-03
3.845466244307359574e-03
4.207398898777994951e-03
6.842596773998964148e-03
6.256818421513351929e-03
4.681758030902751985e-03
2.964890348894011745e-03
2.369904722291936265e-03
3.746965591893196886e-03
1.724699554829612269e-03
2.774626566847218992e-03
3.138353160584636276e-03
5.565859239084879756e-03
1.222028947670484970e-02
8.297861964170032134e-03
6.452844775189873344e-03
5.713181128163517461e-03
4.005608495921357710e-03
2.938498091691235225e-03
2.942449583403092522e-03
3.059837511311648550e-03
3.680091018296020866e-03
3.474244797533087778e-03
3.324333850834940759e-03
2.895240449387650669e-03
3.276067855278043395e-03
2.085972838363746654e-03
7.006447342055631498e-04
6.507316616315327517e-04
4.860988913825319891e-04
1.295190679141698274e-03
1.587521968747738869e-03
1.949376872094545727e-03
1.723545204021950531e-03
4.479232541116812474e-03
3.321802106060971638e-03
3.831155651836933105e-03
2.114398080954812270e-03
2.199349822645144895e-03
2.794103933761150037e-03
1.729276977559717062e-03
2.365316386165754875e-03
2.922651780037983926e-03
3.128263332017381087e-03
4.593713867130143000e-03
2.787428337065409219e-03
3.941291539477844753e-03
2.576751191618540434e-03
2.232966558910427345e-03
3.465936688728537499e-03
4.447564297971154032e-03
3.165310540290591085e-03
3.873616614983642435e-03
3.594448649681216464e-03
2.591754613863721940e-03
8.351142667550782864e-04
1.375913181638263815e-05
3.252694205649874095e-05
3.096880466797609615e-05
1.420637262993983347e-04
7.470882995781535441e-04
1.181914472391761397e-03
1.761399328752334030e-03
1.768617129940651877e-03
2.673366933805059256e-03
2.446905494862719899e-03
3.043435462465507012e-03
3.226012615153877380e-03
3.382618012486672283e-03
3.574385618564149790e-03
3.919420930047101681e-03
4.612471108869884394e-03
4.151780736259297333e-03
2.867665240392229271e-03
3.774716254351374606e-03
3.452496027474896700e-03
3.217366391299424869e-03
3.187335384174032338e-03
2.989373272446447811e-03
3.004716239524795555e-03
3.198428648837911472e-03
1.699419312208215850e-03
2.294790596517331735e-03
1.707825006390917581e-03
8.578456350072902236e-04
1.924567377849757850e-03
1.174817456863152436e-03
2.087233312826499050e-03
2.757158687742455438e-03
2.251573144692552847e-03
2.704360205284497571e-03
2.417274490031047496e-03
2.736985838859149617e-03
2.270537218807524172e-03
2.938183080407331862e-03
3.939138829758471148e-03
2.964876608660693431e-03
3.776354457036956453e-03
4.120533157608489636e-03
4.308092403728835430e-03
5.318252093881442426e-03
3.929423127405742670e-03
2.711127700014670603e-03
3.674909153948595266e-03
9.385423512043469634e-04
1.444577945870070259e-03
2.026646123570457255e-03
2.652657625950438722e-03
1.611903072836262012e-03
2.081655923670941346e-03
1.897440759786908323e-03
1.619684034451809819e-03
1.985355141158442419e-03
1.780910782018626636e-03
2.593539185534317251e-03
2.016017546191483257e-03
2.045421003361549278e-03
2.726909680237807072e-03
2.625942534232950445e-03
2.137134329005103712e-03
2.796860763632585522e-03
2.737694271693800856e-03
3.721195298021925339e-03
3.706910447252316672e-03
2.917031365612439680e-03
2.136186914873639073e-03
3.318811806230910662e-03
5.224304290393675179e-03
4.559699447592769662e-03
7.353177248256686713e-03
5.308387551053585923e-03
2.406553827645123954e-03
2.509867745272803801e-03
4.950342253964217648e-03
3.667465995844542206e-03
1.456051140644867370e-03
1.893596014015618305e-03
1.589871258862297345e-03
7.834698627665283212e-04
1.412284365699490851e-03
2.050023121724528670e-03
6.437889159651029834e-04
2.299493825989250197e-03
1.515702945631830284e-03
1.010979347857904982e-03
8.798697491887089292e-04
3.827763485876786698e-04
9.592133231292881848e-04
2.007868000434624451e-03
1.838886377740643749e-03
2.709139687430419177e-03
1.346131078122504102e-03
1.400115096537852101e-03
2.925039375470004852e-03
2.236004750497878023e-03
1.411723147095018385e-03
4.935337401928314126e-03
3.896656364755834556e-03
3.327798860324508116e-03
3.485024856921541299e-03
4.019211964081316479e-03
2.800304078835901770e-03
3.587828133717622849e-03
3.083782892333462086e-03
7.545795456085557448e-03
4.303879858061557609e-03
3.161457637591424431e-03
4.570709129248045482e-03
2.796039071172220190e-03
2.139919037414108813e-03
2.749196970438386959e-03
2.178266717187913974e-03
2.723426775098789551e-03
2.503943634874867315e-03
1.680140273425972290e-03
1.719470852734495065e-03
2.516742656537617872e-03
1.423231955535183809e-03
1.855364184667755234e-03
9.035612974893681999e-04
2.594528849742778554e-04
6.530565140639310205e-04
1.424510580091991729e-03
1.186556056795636839e-03
2.940285530481351719e-04
1.658614400581716330e-03
4.649123363116330530e-04
9.788460692892731168e-04
1.768584486792942239e-03
1.991798028061396875e-03
1.317563165120489875e-03
2.419516702572685821e-03
2.416331273043038994e-03
2.757907043015117056e-03
1.365308786317109922e-03
7.378946878227836534e-04
2.840638845302694525e-03
1.783183951024827716e-03
1.772324023770921247e-03
3.145281299585030600e-03
2.777062435878231792e-03
2.869291480853794658e-03
3.235559994542418737e-03
3.218474096347717812e-03
5.436690336581045252e-03
2.491163735444190154e-03
5.998161815660043965e-03
1.894399548136365893e-03
2.976825970778127807e-03
4.131279307686945221e-03
2.443033073220166745e-03
1.397718979411805831e-03
2.279727300205193659e-03
2.557197703307892162e-03
2.538964153022076238e-03
2.359685169918196955e-03
2.182570920818322630e-03
1.576633897527513276e-03
3.097917997549982233e-03
1.638470359008942527e-03
1.063171510310686628e-03
1.499838657769599071e-03
6.438148452875661109e-04
9.559322988504234068e-04
1.610468891330159085e-03
1.193895285020583463e-03
5.613592173227427993e-04
6.090634933225176758e-04
7.659835836433751943e-04
2.352762852341028319e-04
9.125189416146962289e-04
3.983330478560791893e-04
1.238201332902604760e-03
8.779724476425529922e-04
3.907106658728333307e-04
1.104153352553928621e-03
5.325860391427221984e-04
1.158175347912727060e-03
1.487155432627125301e-03
6.069778667464357721e-04
5.083086530813000440e-04
5.837844865569042025e-04
5.192123510951916722e-04
7.860864320751581721e-04
8.722367238366387143e-04
1.144174957785879226e-03
1.667647090437964375e-03
1.049825835551520875e-03
1.352329643539844015e-03
2.040372338597433444e-03
7.253626950916606739e-04
1.217807590526315785e-03
1.507502460768471095e-03
1.307653803601192518e-03
9.199900216361580133e-04
9.370509317585257311e-04
4.749536363107417997e-04
8.681807864616462129e-04
1.330316196314343911e-03
1.469925863990186217e-03
1.133369175733436440e-03
1.712920586920771036e-03
8.750679642187608135e-04
1.770500458856072218e-03
2.133886072474965902e-03
1.408298575431247458e-03
2.114482464518382086e-03
2.367216868793354644e-03
6.975080512407986089e-04
1.676122524325399663e-03
3.566062726610563002e-03
2.398748942662173173e-03
1.468814562473229378e-03
2.240579683028591073e-03
3.176233043614111982e-03
2.782539612860933115e-03
2.334112537289386325e-03
5.217678942018520380e-03
2.139300388346017899e-03
3.305273986394882506e-03
3.827767736830800082e-03
4.302187826250215667e-03
3.770666872833170532e-03
2.865392898618507322e-03
2.960716373551486574e-03
3.158506629952432393e-03
4.540396128074304129e-03
3.499983671581572385e-03
4.655243297093606542e-03
3.478392747776038428e-03
3.051694678157643951e-03
4.825657058202740060e-03
2.536224561780361497e-03
3.423014600006533872e-03
3.403993602256695158e-03
3.073706926852597110e-03
1.751354570511622641e-03
2.379938307785958891e-03
3.434535365855265199e-03
2.003112127908921337e-03
2.961157085818342301e-03
3.304241250708260004e-03
3.680389950610157054e-03
1.247594402429930182e-03
9.199283140416351229e-04
2.177785522031066168e-03
2.172661326037291559e-03
1.726008378377098329e-03
1.709001146842452400e-03
1.249478252261010088e-03
1.209343648069042751e-03
1.495284928223674509e-03
2.917393258726379193e-03
2.423772264989400467e-03
2.625250421568842314e-03
1.355421975531739690e-03
2.046171166513667278e-03
1.842828259889061574e-03
1.450252843583510519e-03
1.201096687123292097e-03
2.524726918805259013e-03
6.319046798592852692e-04
2.320434296804310421e-03
8.982995713555614681e-04
9.149606454611365061e-04
7.420868346135647657e-04
1.425087266495899578e-03
3.000285660984783071e-03
7.356528403746750641e-04
1.500073625814376003e-03
1.914256802876377391e-03
1.463726303548161262e-03
1.463945112390626019e-03
2.008945301542456631e-03
2.294146461855811354e-03
1.273994738110788283e-03
2.023474399333646378e-03
1.372923263187546912e-03
2.683138939462421761e-03
7.340458456204570223e-04
1.042400715296089471e-03
1.501669732694876523e-03
1.555476158926422884e-03
4.241393414776218132e-03
9.694111064668571327e-04
1.767626530881429318e-03
2.652436899873911701e-03
1.194303629389035538e-03
1.821240406895062143e-03
3.319035232601683701e-03
4.049539502520739000e-03
3.840542841173019001e-03
2.736287888827573615e-03
3.741187990020925468e-03
7.573174052635507723e-04
2.560558395092878657e-03
3.111820416517393009e-03
1.627884451881124331e-03
2.062591606264512021e-03
1.440513746620051628e-03
3.375842336967495999e-03
1.784394433815273545e-03
1.820598231262357015e-03
2.233203459152171590e-03
3.210494260685268011e-03
3.500180073694384233e-03
2.757083432768626940e-03
2.382456137009727158e-03
4.909012762354980283e-03
1.563953624562673802e-03
1.628787597406054126e-03
4.200067099896035057e-03
2.535937926714364795e-03
2.518787224250346353e-03
2.740739856526246913e-03
1.162048526591650654e-03
4.144162449836071883e-03
1.977014756929445800e-03
4.615345480370449012e-03
2.886859158956389584e-03
2.330618497702377587e-03
2.827112085272019161e-03
1.343191971280373277e-03
2.173525192852001665e-03
1.627312659471147945e-03
2.047681702311282027e-03
8.464594934300481580e-04
2.894344315843946566e-03
1.093005013375160112e-03
2.638967453300308189e-03
1.421236729849034925e-03
2.559805400555128195e-03
2.400869613398996880e-03
1.498982182916180298e-03
2.127540166014514015e-03
2.930770140378959835e-03
2.072890077908064090e-03
1.374233401517925123e-03
3.158843037515525563e-03
1.760867425874598118e-03
2.350575112406189538e-03
1.301497222672830896e-03
1.483029781631378403e-03
6.204510369544085540e-04
1.193179616516360474e-03
1.721055990245251447e-03
2.974054772624859337e-03
2.329458026357456978e-03
1.310627805822404002e-03
1.673703864641079130e-03
1.296148836982587626e-03
1.675695763538562286e-03
1.480152328682122955e-03
2.227246387535642465e-03
1.666600527090240881e-03
1.995782047959741411e-03
3.307229925958149203e-03
5.281693630889818317e-04
1.338964529558309743e-03
1.914428214510564396e-03
9.583450070142297871e-04
1.605896262941072013e-03
2.256556641906628385e-03
9.544248320090999030e-04
2.185575084053471579e-03
2.085688060391418467e-03
1.810732420776990734e-03
2.327687183092144469e-03
5.030456966987336765e-04
2.191860951534214605e-03
2.642877366713957451e-03
1.629803635638483669e-03
1.976772099707003408e-03
8.775642599078631919e-04
1.693467486457503335e-03
2.744127795584812290e-03
2.412327831942022351e-03
2.786356602774492028e-03
3.761456641095024984e-03
2.783409361478454518e-03
2.281752727020566751e-03
2.034575044777925130e-03
2.620663575869406053e-03
4.437274225709171571e-03
1.813762237176550982e-03
3.390956202291880387e-03
3.831855330874932384e-03
3.496807622045376360e-03
2.746817452174044223e-03
4.205323091357244213e-03
3.628608954920804069e-03
3.636400020640476877e-03
2.758934287541384579e-03
2.205932325973965127e-03
4.043701803953484754e-03
3.846916966673018679e-03
8.256373623457334381e-04
4.225848461531459682e-03
1.546301281053778266e-03
2.821223280561246851e-03
4.338021396283845213e-03
2.622427277173826517e-03
3.999837685673788591e-03
2.166310730590068328e-03
3.246565057452564709e-03
2.290863772758847117e-03
3.119179116499019334e-03
1.781524258517326728e-03
2.071316418997684768e-03
1.961330852731271290e-03
1.789900465298436584e-03
2.147522696344823616e-03
4.012708077696608075e-03
1.554128482493464343e-03
2.141760602872818005e-03
2.503765577310262773e-03
4.103470813181529613e-03
2.332582665024013867e-03
1.799604184090515622e-03
2.602524595372381327e-03
1.708337705584964897e-03
1.993443144996904365e-03
1.818729956176581104e-03
2.429700942472259005e-03
2.788526690695806477e-03
2.235265947317922192e-03
1.679679802084649244e-03
1.370184968082912647e-03
2.141104015689813608e-03
1.516409561793905696e-03
1.371553260131850053e-03
2.218751229214240613e-03
3.102327692899780730e-03
3.128321905915217721e-03
2.177444443732232549e-03
2.369977760253106670e-03
1.245528496643047087e-03
1.562404021752127536e-03
1.851618010617710241e-03
1.988338109517955987e-03
1.573270853872712214e-03
7.523567099184302800e-04
9.804775108127388936e-04
8.954132579163558755e-04
8.440756907515974258e-04
1.133999115810410642e-03
1.953036295315648679e-03
1.928992803962034566e-03
2.617682317122530574e-03
9.490204146443240478e-04
1.029399530730680393e-03
7.596771631020099230e-04
8.230433914978632897e-04
1.212788196542624207e-03
6.775818110882425929e-04
1.911738043332576742e-03
1.106446879038872587e-03
7.500075932785103209e-04
1.705295184244180794e-03
7.743037120598671814e-04
2.241464172538327679e-03
1.504743358932592642e-03
3.286631558395529396e-03
1.516680131182173048e-03
1.692317008541510204e-03
8.173370235828375172e-04
2.111467489133456513e-03
6.734090770424119767e-04
1.308745301840784185e-03
1.244249077687973248e-03
2.678908186206840122e-03
2.797316583306276323e-03
1.553773203342324796e-03
1.947742540872775523e-03
1.688592725933344080e-03
1.702971588668918037e-03
1.921920627104979412e-03
1.188666720446345491e-03
2.192339880221778892e-03
1.282120958219373080e-03
1.074569264237490874e-03
1.717291782930173731e-03
2.390247412029650707e-03
2.355358592973050974e-03
2.524447945860262485e-03
2.685247571284753859e-03
4.297187159285809424e-03
3.176252962712329628e-03
2.665506665487004257e-03
3.522947291824677502e-03
2.950584384691272346e-03
1.979166307993417313e-03
1.759580399351161036e-03
1.423622269357690271e-03
3.032181912269537802e-03
3.439812264935068233e-03
1.784752262207349709e-03
3.669521845596528369e-03
3.614317619790722788e-03
2.096146134511765128e-03
3.088270309749176126e-03
2.511540855186550954e-03
1.222392041439998881e-03
1.547820389669923814e-03
1.486422414276801062e-03
2.908703494902581052e-03
1.474302381195060361e-03
5.396830244087620805e-03
4.200000122591663124e-03
1.846933624539573958e-03
2.131528804192624540e-03
2.804987785635814322e-03
1.921250225049349163e-03
2.044936695493870631e-03
2.603591858379844352e-03
4.001893215193266275e-03
2.784407144526969413e-03
2.755177559421404746e-03
3.084905226240045560e-03
2.304163020784858774e-03
2.507801998799476760e-03
2.396115660707861996e-03
2.830981310870735613e-03
2.999634203395057028e-03
1.596516862533970760e-03
2.071628704498736529e-03
2.435784196247150341e-03
2.076843648304781045e-03
2.395921419296354223e-03
1.817178475228803380e-03
3.736056469467957750e-03
2.726893363391609103e-03
1.676182949127466093e-03
1.516054700902923994e-03
1.626483780838394776e-03
1.214036004368766568e-03
9.546351112567092595e-04
2.218959377096456440e-03
1.531765374515767610e-03
1.430954304796745692e-03
3.195073019453518320e-03
