1.754321093530252784e-01
2.606709652178882952e-01
2.442571194791730016e-01
7.552828829819406564e-02
9.961898656463052601e-03
2.424100676984293490e-01
1.566136503395535451e-01
2.308365016015589619e-03
9.417064981017590763e-02
4.268048699456430256e-03
4.572301666662682840e-02
3.790174099095448747e-03
5.206089561196626525e-02
7.891358558515070357e-03
5.838577737382763533e-03
1.101315826114245694e-01
9.305611410844563669e-02
7.084139664442004602e-03
3.405148421952852722e-02
2.524889404661211784e-02
1.357981944323352272e-02
5.825548958499942448e-02
9.501128438680702185e-03
1.621589644907015515e-01
1.894974394046960442e-01
5.318806367318489742e-02
6.398163970680660617e-02
2.765317606995983113e-02
4.172628757893975804e-02
6.894192830921221093e-02
5.793732618096933233e-03
1.435819901846070168e-01
7.749840123032659955e-02
1.174544480139692350e-02
2.666470822296122464e-02
7.579151128411376614e-02
2.284204394835592788e-02
2.460198438030410475e-04
1.096685609229272954e-02
3.068748096537177519e-02
1.283789083664547102e-02
1.155520760289068622e-03
1.344016123030935400e-02
9.562890555932540559e-02
1.457936758230038987e-01
3.188725503239957845e-03
5.546676187335133207e-02
4.925001435718683740e-05
9.456060072052431542e-02
1.305626364054381962e-03
4.926155526110093628e-03
1.556886218391240369e-02
1.872318095271438554e-01
2.116605009952510774e-01
4.545127381933888183e-02
5.919228225585269551e-03
4.238054089262987406e-02
1.545206225673378120e-01
1.276943085179770287e-01
1.554007176222202587e-02
1.158848479278804487e-02
7.238414108269840448e-03
1.956604637246156519e-02
1.335460894581236013e-01
1.119786911721689926e-01
2.072385243114053047e-02
7.200924208325229503e-03
5.741600675550786667e-03
7.684967192905802456e-03
6.161849207458379440e-02
7.871687930520920862e-02
5.384378501161036362e-02
4.851073885073311533e-04
1.015825762719358288e-01
2.183741293689023255e-01
2.581519384327690680e-01
2.279789859208205816e-01
1.490811271778344771e-01
1.383812419003283348e-02
6.895824940988221855e-04
4.870203939928918063e-02
5.927911163874150652e-02
9.128042454718701335e-03
3.013006392542227560e-02
9.266947936303077810e-03
2.120819345391453472e-04
6.666651313386348339e-04
7.949328104190332006e-03
6.526885507969566735e-02
8.880656330806982468e-02
2.123909212016846133e-03
2.461981760394020211e-02
1.582141307785598153e-02
7.938084371178178236e-03
9.384286519922520331e-02
1.780153698364683734e-01
1.478193575749623956e-01
5.394411651171468480e-02
1.347528428062138000e-03
5.287043074127811696e-04
1.593501775213872554e-02
9.002554349358719843e-02
1.251642827974162042e-01
5.816190973431856898e-02
9.264153939569624158e-03
7.534039763134653313e-04
6.518939452706218557e-05
1.505680749653443180e-02
4.165160984843337827e-02
2.458978151452683586e-02
8.661323364336143138e-03
8.362691585275698614e-02
1.766535663161931946e-01
1.499121137646808599e-01
6.528585516541630940e-02
4.045534862576960315e-03
2.144306047106982888e-02
2.736846904796668561e-02
2.029601477392653161e-02
1.390498323023660159e-02
7.720999040151249604e-03
1.491079250137632324e-02
2.929143947735027981e-02
4.890925232109373522e-02
6.354174805799908676e-02
2.597656789817339579e-02
1.872732569921723529e-03
2.174561272319604135e-03
7.750955104007626641e-03
1.583139753460044430e-02
9.964398699637172160e-03
1.493380185998386279e-03
3.701111770860530774e-04
1.189399305792279878e-02
3.918909664418569749e-02
4.134052860310392236e-02
1.622481468240953226e-02
1.263536504548799550e-04
1.655179492884904791e-02
9.115489606272345752e-03
2.517343449292334685e-03
4.615336130369541295e-02
4.423415878070422608e-02
1.307577695130230158e-02
4.825435079566313054e-03
3.371525226646469864e-02
2.331696282682959101e-02
5.940160758729330984e-04
1.370907404079805842e-03
7.705350094507071789e-04
7.758512681483055711e-04
2.233053566143305881e-03
2.610541636235967633e-02
2.941795369179887529e-02
3.299045460624451531e-02
3.742618558586269240e-02
2.280159133499513185e-02
5.914340473516651805e-03
5.433026770075204646e-03
4.105209146367692018e-04
1.188542413747005304e-03
3.704962668374482508e-03
5.699786708829089697e-04
1.208863305819747255e-03
1.207230075507021751e-03
2.287293028077243702e-06
1.668174103889553072e-04
6.913255812142390759e-04
4.095003062752451618e-05
5.770495094389371994e-07
6.829547990236763729e-04
2.904555526759320262e-03
1.912872323800785153e-03
6.644803502243934283e-03
2.736443563473524646e-03
1.429147554031941604e-03
1.926190090386182901e-04
1.874786106100049241e-04
1.146340081852121251e-03
6.810407900399989686e-04
2.158186347247868786e-03
1.722887045499821778e-03
1.666784305580999210e-05
6.652222040807923671e-05
1.380484400427883958e-03
5.706001858743069317e-03
1.566384465297103110e-02
2.786520277153498037e-02
3.657326862601396888e-02
7.832445305277496370e-03
3.621038696334148797e-04
9.556311464265740060e-03
3.732689758164663835e-03
3.518627700978800045e-03
1.419090626209942429e-03
5.094453214444918075e-03
5.369511855544585252e-03
3.272247700480312906e-03
2.733569041702995587e-03
7.104976394319591074e-05
3.884062913597270835e-04
9.665632559991898728e-03
2.809165657420382989e-02
4.801397280231244069e-02
4.630162239873195779e-02
3.847659531081318307e-02
2.228482664907259839e-02
5.212282807124686036e-03
6.273831429012487974e-04
4.697153175816639811e-03
1.537358050970299116e-02
2.443064795486054805e-02
3.683779537723327197e-02
3.406079626237999008e-02
1.927637239216406159e-02
7.883418183737618545e-03
6.194026838759691630e-05
1.140054992065711766e-02
3.160950111309333843e-02
4.370691389046976044e-02
5.432766369881614904e-02
4.907097909813457060e-02
3.932693498373997232e-02
1.999652891625977591e-02
8.979908953421066042e-03
2.201967698741884218e-03
2.483738230909527918e-04
1.067063278689354402e-03
1.055099441113002343e-03
8.874531555666380920e-04
4.971713048148395210e-04
6.175616295051222695e-04
3.339982724015271060e-07
8.814395122312819420e-04
7.279031733726648926e-03
1.303821123559490563e-02
2.906081814517930129e-02
4.218184778067527591e-02
3.833941834335856391e-02
3.187987496520375968e-02
3.156479541023689273e-02
2.447804368532801450e-02
1.140918931601854654e-02
5.125249766436018942e-03
4.753397934537790387e-03
6.484950398368760464e-03
7.556605848416823867e-03
1.894779834875615424e-02
3.532730224775488398e-02
5.174664115432259237e-02
5.164075905870961491e-02
4.883145306186557205e-02
3.173463302162638638e-02
8.556962437083887735e-03
2.020486898981336375e-05
3.832312042859333748e-03
1.938170161598036165e-02
2.159315692798441377e-02
1.944560704185050240e-02
2.011303682159379380e-02
1.216356151082408077e-02
4.856362313232856671e-03
2.935498813600194955e-03
1.485202474198690000e-03
4.203623044762907357e-05
8.771406260464784598e-06
6.265982996020892789e-05
2.242117186643157595e-04
2.681858653713503106e-04
1.027948773610169297e-03
6.991447672058591618e-07
6.527155055302643249e-05
3.547814259185306726e-03
9.996984390898166692e-03
1.276908454076016407e-02
1.863259953407434347e-02
1.457186087874131480e-02
2.094952541726931294e-02
1.519129113973466220e-02
1.253818559649727722e-02
6.875526446401492887e-03
1.524299721340988470e-03
9.748288888935530139e-04
2.619810510728701604e-04
7.010685389468887486e-04
2.107011618308779679e-07
5.528898267272081609e-04
3.059118760205704370e-03
3.806926248473708162e-03
5.551985206206543760e-03
1.058102889524551067e-02
7.890363002682879157e-03
7.315341644039096737e-03
3.436532120621542657e-03
7.147850115743205031e-04
1.745169256335822280e-04
4.568054577456979147e-04
3.534299586764439848e-03
1.170064892378129898e-02
1.283442180652769916e-02
1.234226498107478601e-02
1.067542339075326641e-02
7.821462735035656852e-03
3.560291897904224647e-03
3.268215598366252042e-03
7.540668094695834342e-06
2.227117219580625359e-04
4.291797600664384090e-04
2.085692318649734305e-03
4.597470846092019565e-03
5.431115849381527166e-03
6.505656730619568603e-03
6.075548910520187085e-03
4.128001098383052639e-03
5.985568279841491264e-03
5.899421583820944892e-03
3.844985015369648679e-03
5.644434629489953476e-03
3.617120845064268272e-03
4.932723916669616050e-03
3.019630583251421696e-03
5.117657751756189699e-03
4.158041789166245714e-03
1.021401116070290655e-03
1.792522858448448956e-05
4.484578892635965493e-04
2.134076417645998456e-03
6.728086965186726859e-03
8.123862302695055576e-03
7.188965047569670710e-03
3.291867376904744798e-03
2.126404503743423852e-03
1.458844461094784039e-03
1.155155783636506537e-03
5.777984781553951879e-04
1.360905390067636321e-03
1.390750560112881699e-04
3.232108854307886832e-04
1.768767294061501639e-06
1.220112082910677276e-06
3.222500241250498307e-04
5.190937156178772240e-04
8.970745470799409028e-04
3.658768867394208827e-04
2.929495659915538940e-04
9.185605822877628349e-04
1.573988700468443355e-03
5.161911535593151574e-04
1.416385139996768775e-03
1.063329880372841912e-03
5.498885157357363482e-04
1.416619757990335033e-03
8.162313443360998339e-04
8.679210351479849051e-04
6.458979790725391681e-07
5.142167162968198566e-05
2.489978467714777936e-04
7.883112173190069552e-04
1.839405171932180635e-03
2.138485111768003571e-03
3.616944878594747278e-03
3.691923865151833153e-03
2.445347346831020126e-03
3.297455061164195587e-03
1.212917789164317216e-03
1.106920892345536391e-03
5.545366434356790232e-05
3.240579903485829171e-04
7.562596423425030920e-04
1.467070122795507709e-03
3.368760150069923659e-03
2.326198860136372525e-03
1.494152776328258299e-03
9.080154140164347146e-04
1.667958961259697693e-03
7.700931025042343902e-04
1.710437247278829122e-03
5.367716310119996113e-04
1.084257255009725098e-04
2.929946343107668827e-05
3.281061482759463637e-04
7.531171590400337056e-06
1.021030337736802286e-06
9.534602993496872050e-05
3.160289651729342956e-04
1.721500449752799125e-05
1.876778958196050995e-04
1.197318379572707064e-04
1.105673600399344116e-03
1.758180531095665088e-03
1.730531829845099968e-03
3.708897077915731654e-03
1.819161079866665927e-03
3.273223912504760139e-03
2.583722023257511904e-03
8.749154273634114588e-04
4.679997983479214385e-04
1.222562012785814679e-03
5.172561049866100180e-04
1.018456751165709544e-03
4.608157479730567299e-07
6.143606840393603852e-05
2.262692242535736353e-04
6.357171648952042537e-06
7.728235144003989417e-05
2.514107596335130680e-05
5.013339075072363702e-05
6.287817825472165572e-05
7.388683857520210929e-04
2.352956800756410630e-03
1.964844567264671747e-03
1.946762040603129901e-03
2.469048503504182521e-03
1.458958530375568117e-03
3.247884766398502097e-04
5.342341376437880450e-05
1.359168417164261097e-04
3.218544694274442890e-05
3.698376428436022192e-04
1.374827174489007134e-03
6.981524814247313040e-04
1.280543631070043967e-03
2.978025436976709838e-04
9.577826784178420988e-04
1.113128560095775869e-03
3.539944581971017873e-04
2.043008553993548755e-03
5.170720392128200964e-04
3.387075875816076046e-04
3.707766302486333542e-04
1.147083296199607290e-03
6.117451015552567359e-05
5.871952916354291761e-05
2.175365961269433532e-04
5.269549710397874477e-06
2.291775709742069151e-06
1.361288132886656697e-04
1.234623667801601629e-04
5.665443170220395627e-05
5.207971546371335369e-04
2.096300328817661139e-04
4.763769403912902637e-04
2.814334769210598009e-05
9.084197025777462635e-06
1.302720587831132399e-04
1.242730250618098806e-03
2.316354386916834578e-03
6.203479436201106943e-04
4.936471547199153178e-04
2.883016405100114079e-06
2.783032814069679151e-06
2.558744848255146452e-05
1.211415894054863836e-04
2.440233792181527880e-04
6.955663187772172977e-04
7.572059735019631222e-04
9.925905459762407890e-04
2.762883495183020722e-03
2.040447899550302223e-03
2.444172050780725209e-03
4.515449134457121157e-03
2.483089945133771115e-03
5.849957774000646808e-03
4.080127244911155825e-03
6.291472722741960240e-03
3.110428102836158143e-03
2.819868881250208337e-03
3.806949945157282744e-03
4.501325790802687687e-03
3.934609746126439649e-03
3.198105754684104837e-03
4.607140956839657873e-03
4.356719478589211013e-03
2.755894782042766968e-03
3.488559501686970196e-03
3.217189568865308231e-03
1.970076284260022063e-03
3.007338727481581511e-03
1.939860797554919525e-03
2.846909414499300232e-03
2.998797887718864224e-03
1.522252688795941054e-03
2.540642903020205561e-03
1.101037375374736525e-03
5.407541807482580017e-04
6.416018956489191781e-04
2.034260421379218277e-04
2.777240513158369143e-04
3.128610501782694563e-05
6.978000672763731325e-05
1.263962928299137739e-04
6.832053091425655119e-05
9.568091339097276873e-04
9.968474778921715060e-04
5.386308439835356312e-04
9.052845956363580679e-04
2.054863894771598917e-03
1.133157789977628973e-03
5.338459003664850584e-04
4.374404995727729467e-04
2.807203792224663452e-04
3.778374099926670081e-05
5.647366552745837210e-06
5.628023235745885063e-04
5.384733776549142474e-06
8.697214001155123494e-07
2.887030609637946310e-04
1.624646208828159940e-04
9.545739895024390890e-04
1.357795011255920640e-03
1.259936644034714793e-03
1.851306851132662225e-03
1.722403775056783248e-03
3.192055967683593044e-03
2.460171688660378869e-03
1.736981594316856434e-03
1.798603823096588247e-03
2.453794172837929326e-03
9.929807098980984997e-04
4.560021567758743488e-04
1.290797890587321983e-03
6.152582768834496908e-04
9.812717081025229375e-04
1.483795031080463933e-03
1.413879655980751753e-03
8.683035093816082479e-04
8.528336285312396398e-04
9.207021980500833269e-05
9.287100873460577043e-05
3.531403417141591494e-05
6.844512935951121738e-06
1.798320703225585152e-05
1.294243224121910960e-03
1.656472401047588564e-03
7.372208837030921674e-04
6.969369804961761091e-04
2.420409228228847652e-04
6.953991116390115940e-04
3.884364580481721244e-04
2.292365446850717708e-04
1.932541398374619935e-04
2.042327078519498714e-04
5.913454137202392266e-11
1.430232977289163526e-04
3.695244715534758473e-06
6.091685996036235129e-05
1.042418045130986167e-04
1.827134829494274490e-04
1.714888475733082184e-04
2.764316276567577277e-04
3.157242963527578461e-04
7.192035266130237690e-04
7.858150762153699904e-04
3.429120233898076816e-04
6.496999186081449558e-04
1.581950785868189633e-04
8.599823021468379521e-05
2.213492204107483615e-07
1.282245940059098902e-05
3.253525438706245869e-04
1.040142134058612305e-05
7.403266518191609557e-04
1.737888876163586208e-06
6.578712962749391291e-04
3.320198192156114379e-04
1.262303448228423337e-03
2.002312432082437987e-03
7.798116924032999974e-04
7.328997736724006309e-04
5.359793754056595605e-05
2.353758184832743360e-03
2.120212789036558104e-03
3.598006515416559206e-03
2.175200957293081574e-03
2.120786249649653319e-03
1.069907552615280292e-03
1.264632632438427709e-03
1.841033995544764847e-03
1.629473890007037675e-03
1.638620623486905688e-03
6.735116862170211502e-04
1.655542349688036855e-04
6.287486834229401387e-04
5.239585783349318517e-04
2.145048631524139012e-04
4.938336160401924366e-04
1.435189603451147871e-06
4.928344246080882101e-04
4.104807427472865404e-04
2.730212434587848031e-05
2.787969635540545909e-05
3.308105950377006571e-05
2.400888776115225529e-04
1.153715345285360615e-04
1.819257087279449266e-05
5.277391720902243086e-07
2.392105281966359876e-04
2.657657743104944125e-04
1.689018490089737486e-04
1.777407248367435125e-04
2.188090352814793695e-05
3.366060991832176105e-04
1.132463022847864689e-04
8.104901378890633137e-04
1.221221779167482733e-05
3.003968378752442043e-04
9.885856972034702452e-05
1.205510671743342832e-04
7.728392312047922819e-04
2.950515405514451218e-06
6.382854163853094159e-04
7.077608973964430580e-04
8.064862056481332097e-04
6.004982536786352635e-06
9.091710274798523115e-11
5.429224265331345265e-05
9.383675340711551758e-05
2.003849845268447993e-04
2.144094223675648120e-05
5.281192824773319611e-04
1.588124120592775514e-05
2.400535132234301987e-04
2.266372833383927722e-05
3.144600613371038747e-04
5.043156856276549097e-06
4.562868384469192357e-05
5.086298282324569541e-05
6.497809849050013896e-05
5.810867224475811009e-05
5.922560245987857117e-05
3.116007503953187975e-05
6.104426717591419048e-04
1.142293041887847528e-03
1.607091257929581718e-03
2.179017681225270162e-05
5.004015491899009484e-04
6.690351506398177386e-05
2.418500455333836739e-04
6.131541756235652119e-06
6.312197294756579681e-04
2.375793986124886351e-04
8.521241132777255265e-04
8.340454904830828272e-06
2.824895491916019430e-04
2.680623900813932487e-04
1.037585805389057789e-06
1.761185533176184048e-04
2.470190385884198005e-04
1.295078672841558981e-05
1.458192476757547910e-04
3.204560336828414377e-05
1.063133696917654403e-06
1.537972289881038665e-07
7.172103705627569110e-05
5.660518852927710762e-05
4.350652663751432525e-05
2.512438010943350226e-06
1.798133945259468454e-05
2.668328331464863603e-05
9.090173608996116289e-05
2.051504547624760964e-08
4.639092416688776482e-06
1.707264396042062322e-04
1.243281438173000451e-05
4.301730533490997718e-04
1.079009216717196512e-04
5.650755792321995240e-05
7.359511110169487347e-07
8.818567634052970746e-04
1.309445137348148598e-04
6.250339111724661362e-04
4.098583108287466033e-05
1.159573915665005792e-04
1.087666657524307453e-04
2.112566631393104162e-04
3.648935108000370652e-04
4.665298985171230958e-04
1.898186964776031203e-04
1.681923453004001217e-04
4.020938030476431475e-06
6.513014825277172936e-06
8.803386430117460487e-05
1.205548033249273965e-05
1.334335815240370352e-04
5.734643705893757389e-05
1.627441616400346285e-05
1.512500639424661802e-05
2.985790446184069801e-05
2.813026125721993843e-04
2.420096733099334220e-04
1.141393199355884109e-04
3.041618131753822860e-05
1.434025913917374951e-04
4.425778576520511998e-04
7.349957746022919283e-05
1.398127419673268344e-04
1.116498873830555714e-03
2.817399710245252801e-05
6.114089811039504939e-04
6.123371282994378214e-04
6.205174679637581389e-04
7.065894445248279516e-04
8.838328274486415915e-04
6.862217148296915212e-04
7.609343242380090574e-04
1.275173374506790593e-04
4.800497223598679643e-04
2.405183906206773549e-04
7.123677040205919240e-04
8.430729429911847257e-05
2.166548604830795262e-09
1.632187190187021843e-04
1.478547207982211292e-04
2.332573307807471463e-04
6.103281148781574848e-04
8.509437120948380121e-05
8.690979206117362479e-05
2.024481038521187012e-04
2.242410225093843676e-05
3.522911161996896871e-05
3.960828845388895455e-06
1.108509858059490087e-04
1.644829658013044012e-06
8.964506563939787461e-05
5.589684956831440180e-05
6.896353373657870735e-05
3.284753865652676992e-04
1.631787844911649767e-05
4.144870918172229405e-06
8.491375314661990712e-06
8.543050295533951861e-04
2.380420895000209152e-04
9.160407644784681143e-07
1.109631862884532383e-04
5.017202068532658401e-04
4.281235517171624552e-05
4.751189068422090322e-05
3.584088006541771279e-05
1.009350894187461655e-04
3.120026346169312833e-05
4.845842021286525106e-06
2.138014344961112177e-04
3.960436168550077906e-05
2.989664585095754782e-04
1.578308950728773865e-04
2.458804678753461362e-05
4.392192189868030468e-06
5.400602348124288804e-07
1.457692841826887132e-04
3.932655403809362971e-04
5.161541764900256699e-05
2.345593909810822692e-04
1.781472131044156113e-05
1.660276722712666309e-05
3.272280114073558999e-04
3.795257880977243644e-04
2.419076069344845226e-04
3.260900835104287274e-06
4.527346561526844653e-05
1.178195612519581835e-07
1.790155174527865718e-04
3.135901029177397444e-04
4.693944647388856658e-05
2.363825876305974116e-07
5.451111039986369651e-05
1.226579940269927281e-06
2.103381702311685214e-06
2.120775265736458482e-04
1.015877718584653550e-04
3.094283654733174008e-04
1.269705404131691152e-04
4.218407723850864719e-05
4.245940334223439203e-04
2.579595343774151897e-04
3.977588815430634366e-05
2.175452775304176722e-05
2.425168217905796170e-05
3.559577032581726238e-04
2.473003222839206274e-04
8.356944840414978542e-04
3.888125272295603606e-05
1.384789341217159981e-05
3.213195948887566817e-05
1.232857254649279545e-04
1.275584168417203189e-06
5.549359413492122560e-05
1.071829208738927971e-04
4.947846540800747818e-06
1.201459960834942902e-06
1.029483119094859689e-04
2.890936330781247320e-04
4.246594210713872052e-07
3.978692669138487792e-05
1.009488834770356662e-04
5.657874613389125868e-06
1.481635424785250296e-05
2.370788500796758763e-07
1.287311558370148263e-04
8.238897697677208368e-06
6.450044415722379961e-05
1.085212791378753457e-06
