2.921810921614843501e-02
1.327567954382743304e-02
3.397152759800843407e-03
6.670051920294608507e-03
7.620793694306903475e-03
6.764929582009356762e-03
1.364103199340245716e-02
3.817957467530919656e-03
7.897714666971738379e-03
7.156002014150120161e-03
1.046323380964154018e-02
3.716191500504357342e-03
7.247280321598093683e-03
5.333466588886419911e-03
4.353925287051967075e-03
7.796336886885916334e-03
9.022505473214694968e-03
4.157285629958760650e-03
1.390003264565313826e-02
1.321004564856998950e-02
3.692281779446196337e-03
8.219881979463310867e-03
7.982780519366478728e-03
5.430590072597014234e-03
1.104578349874373380e-02
4.817706917906837069e-03
1.056579754539948776e-02
8.483804910208033248e-03
5.395787797090515966e-03
9.386069458367634136e-03
5.088797511514290932e-03
8.621499262650007128e-03
3.592143056858179521e-03
1.107202770763388196e-02
3.775025101159775430e-03
6.838457827792196811e-03
8.146787751003541425e-03
3.516867885388621703e-03
7.976583700216128767e-03
1.983175296655746711e-02
9.859100464766266253e-03
2.965012064636411183e-03
6.185881255063710449e-03
1.024090028120338246e-02
1.249309425280225455e-02
8.454076775541219391e-03
7.961417185756823264e-03
3.821329358529563288e-03
6.941758626881412361e-03
6.558982741943039652e-03
1.105937416738799438e-02
3.797825470716360320e-03
8.311907552513646269e-03
8.389344937446568257e-03
3.673318389070573571e-03
9.886200045933178637e-03
2.921664007950354816e-03
7.857624569059355746e-03
9.774995034871301891e-03
4.848564061857592485e-03
7.914663203731003155e-03
7.266074266075758618e-03
5.231525101373102511e-03
8.595392323794859291e-03
6.380835500021824792e-03
3.892298461150400617e-03
1.311771979864656199e-02
7.759136214979835827e-03
3.257119313215017017e-03
7.352542367881001809e-03
1.044215291968200558e-02
1.295812897969536928e-02
1.243963689439365854e-02
6.116134456610305623e-03
8.166009011529778983e-03
2.043294121255134072e-02
1.406137418830650902e-02
5.635387850654299119e-03
8.105896805767931132e-03
7.279192919725492247e-03
4.975597289522681876e-03
8.180389541694357489e-03
4.148052108685538163e-03
6.919870236662239993e-03
4.249469101473550559e-03
8.204178938698404935e-03
1.014990574872940733e-02
3.947991296817280477e-03
6.147958858286561856e-03
7.956351854474607785e-03
4.626963150523956576e-03
7.849978135304337690e-03
8.124582448933041767e-03
4.181224594319772093e-03
7.473973867397768270e-03
1.048724843025455183e-02
8.191847250212779680e-03
4.266347225889275362e-03
7.697631571055929892e-03
8.835937747064009917e-03
4.014989226857459091e-03
6.511529277480891838e-03
7.962940159511959146e-03
5.182625592864495076e-03
3.623695347373470394e-03
8.317783456833354599e-03
4.613218592996047758e-03
4.049520748443695070e-03
6.902446616662235614e-03
7.994725894315579326e-03
5.011890292254718438e-03
4.288703358901598157e-03
1.142312362897330777e-02
8.670452438307434118e-03
2.799478492521893271e-03
5.680965919642578729e-03
8.600754971693646070e-03
7.181163228316970321e-03
3.445673709930914194e-03
3.871411576196124617e-03
1.042726426805784534e-02
6.373092126020763609e-03
3.949062606108989099e-03
5.448536973046581161e-03
6.925963786828299822e-03
5.899145391422544286e-03
4.379535719767593122e-03
4.767178871238232120e-03
8.395724019020611717e-03
9.693201585735562731e-03
4.974048998621402595e-03
3.005196880988961379e-03
4.357943469859859760e-03
7.350199900108954354e-03
9.425779040252940319e-03
9.383312070559216012e-03
7.212167918017777478e-03
4.450731408460109791e-03
5.390662044222086988e-03
5.624940483137928250e-03
3.366139364307092503e-03
5.175478877012539697e-03
4.977787451986171591e-03
5.647981868736079436e-03
7.417120898650216877e-03
4.677015033782317734e-03
4.053001997503028614e-03
3.717277601160766734e-03
3.902971788667520051e-03
3.881600051242137511e-03
4.613739643631669177e-03
5.096578216586808430e-03
4.894759434402018959e-03
4.526217874796159904e-03
4.179638463632953486e-03
4.047519707743531606e-03
3.993588539016988334e-03
4.407926456183134181e-03
4.833635250531846325e-03
4.768083357553745509e-03
4.283139613550444869e-03
4.131006621507734601e-03
4.199667019440068289e-03
4.165596647060886351e-03
4.411353381898629709e-03
4.680525269548620887e-03
5.494022612864916250e-03
5.858952383484498233e-03
5.296234579937801265e-03
4.731827040631978766e-03
4.181181323251860135e-03
3.780367055354871483e-03
3.765082487978973092e-03
3.812558474276335832e-03
4.125952175967453721e-03
4.446665567663798599e-03
4.796590720936827479e-03
5.403799025091617081e-03
5.239710552703843484e-03
4.663347768619313140e-03
4.343902139646116031e-03
4.207235621197152886e-03
3.895610433077509056e-03
3.937235410610143843e-03
3.887126673761068067e-03
4.106278426923923829e-03
4.167459677269511401e-03
5.002047732856874929e-03
5.513298812253210682e-03
6.429834538459081733e-03
7.047101582250619306e-03
6.447608270622197033e-03
6.027055909623273318e-03
5.238191537445435926e-03
4.864242234752816536e-03
4.359963394925480025e-03
4.410195996067408676e-03
3.903373794435432281e-03
4.002776997791654412e-03
3.945293291913138517e-03
3.909605458288634497e-03
4.000435943507933342e-03
4.419591480310743926e-03
4.714084961310577478e-03
4.288306555526161939e-03
3.913955823768752208e-03
3.720106333462756473e-03
3.537412160243465394e-03
3.407198900848030024e-03
3.595070611409300048e-03
3.802564968357277642e-03
3.956509203745002187e-03
4.350471490802041222e-03
4.462996921127952883e-03
4.745910223505713822e-03
4.882060039032911150e-03
4.790406201186790842e-03
4.497011081756803128e-03
3.927053852359166548e-03
3.600540253914802542e-03
3.478279470617549191e-03
3.267971302952339587e-03
3.222931604855089251e-03
3.106744158280271961e-03
3.302857236919670703e-03
3.562425256519885335e-03
3.905745463868235453e-03
4.389188551113157311e-03
4.560060629332727752e-03
4.503335162274291030e-03
3.923624076347734246e-03
3.692886039226253581e-03
3.486122733604038980e-03
3.442755183757061251e-03
3.143985499953919158e-03
3.223532506380888916e-03
3.139885348955021808e-03
3.200932715777933535e-03
3.525001943311728905e-03
3.598887354294094329e-03
3.784788057134119785e-03
4.247615333761492126e-03
4.283071282687296588e-03
4.142691992664204736e-03
3.940743735742165132e-03
3.637062566643267398e-03
3.204537558905370693e-03
2.935091257480364202e-03
2.641022003507129731e-03
2.727719336915590022e-03
2.392622682897079661e-03
2.573090074274851126e-03
2.459759442814453238e-03
2.869712227473862187e-03
3.254260910616023263e-03
3.757171095329533451e-03
4.175611656982738257e-03
4.474055187637290473e-03
4.236036413947842465e-03
3.610042084001279395e-03
3.286703130170286202e-03
3.235040885510273405e-03
3.155916992100127674e-03
2.896862944625240056e-03
2.935430287000256183e-03
2.944921702653579068e-03
3.014135724717328935e-03
3.201303488432987159e-03
3.244515704124085326e-03
3.477434567445232029e-03
3.673489413029011868e-03
3.639454427970761994e-03
3.715523889403508397e-03
3.336133228499238001e-03
3.346092400911274828e-03
2.883657302534014741e-03
3.026636696155918585e-03
2.685048762362361383e-03
2.730323613741308421e-03
2.708408792005697827e-03
2.945390915972318814e-03
2.934801417351854801e-03
3.256492593914010573e-03
3.650229903760076819e-03
3.663506417278468257e-03
3.703720049451280066e-03
3.706209114255280823e-03
3.446893483947327010e-03
3.342278709436303716e-03
3.187828312947866595e-03
3.244975679082781096e-03
2.999380892323825348e-03
2.966791327169615924e-03
3.121706706757516794e-03
3.252086283935297535e-03
3.471859968252543997e-03
3.612027541296134077e-03
3.700762515162072958e-03
4.036319051578489761e-03
4.075841956595426321e-03
4.078923121717752120e-03
3.899332211467027194e-03
3.887743050292962865e-03
3.566870931205883000e-03
3.791743171149682297e-03
3.545823779234897992e-03
3.624680323028345308e-03
3.573867876453242116e-03
3.678984904991682015e-03
3.777960583238743671e-03
3.800283034289354562e-03
4.053513726562612933e-03
4.015532513778662452e-03
4.103477281679790076e-03
4.192615318055604653e-03
4.101086163172690952e-03
3.913560981316386612e-03
4.009159384611055664e-03
3.894184842439381029e-03
3.952495214095595732e-03
4.023954485265071775e-03
3.864029632382365818e-03
3.875715161847882381e-03
3.964161351734872898e-03
3.928853576963007264e-03
3.952239564162851604e-03
4.084543219449631585e-03
4.049688558023151197e-03
4.230024704899465818e-03
4.123526168524791966e-03
4.125356920067485902e-03
3.892144409460747585e-03
4.070766429613589463e-03
3.738238701280404905e-03
3.701995473130942869e-03
3.641293309332754597e-03
3.499988947468734429e-03
3.559219466682322745e-03
3.589500944698912222e-03
3.668549106878682669e-03
3.703844497137470920e-03
3.922239317472694942e-03
3.586914249786013129e-03
4.037101892242853790e-03
3.790134472875165798e-03
3.748833315205416482e-03
4.142181029657790101e-03
4.042043904163275005e-03
3.765267568733272809e-03
3.692866497172104644e-03
3.751013666271731453e-03
3.552675309872090591e-03
3.527967433611794816e-03
3.465449672026436889e-03
3.615201246766236529e-03
3.375596648659519566e-03
3.518066579373257952e-03
3.449031000269490999e-03
3.474270509291873220e-03
3.516702292517804706e-03
3.419217166075632849e-03
3.630026781084684951e-03
3.755139894680188228e-03
3.670820139146296034e-03
3.932599580590785682e-03
3.842176913806994148e-03
3.804919298182703712e-03
3.879058326316106413e-03
3.663833955261280688e-03
3.810751495362665192e-03
3.812013141985172264e-03
3.698677617952590615e-03
3.690842123297831314e-03
3.603505044815559152e-03
3.715268575880555351e-03
3.665200833678540666e-03
3.740692491716038435e-03
3.660224576425040628e-03
3.665975980701614671e-03
3.742304329918342762e-03
3.817133062686824379e-03
3.860207318004824344e-03
3.820934568177766777e-03
4.029279157791275032e-03
4.249334395415230517e-03
4.023661163362892215e-03
4.008168454232907685e-03
3.922358154731849650e-03
3.932645007624314612e-03
3.794661910156908128e-03
3.831708975970184519e-03
3.597668286781683083e-03
3.537417439091680715e-03
3.536444802886793207e-03
3.411465328522580911e-03
3.671543263476040667e-03
3.355870563292405288e-03
3.349374495056848394e-03
3.486308751406049823e-03
3.289397810677248749e-03
3.309277469693184745e-03
3.299683613190571973e-03
3.317328625196337005e-03
3.427712909348011247e-03
3.445669465809884750e-03
3.374349766810400778e-03
3.588633874109865146e-03
3.501047799341456494e-03
3.432932795351575916e-03
3.441001749772125851e-03
3.422763808334988896e-03
3.219335994841331094e-03
3.288063512279454891e-03
3.189774823239534523e-03
3.096880574723314718e-03
3.062569842472255381e-03
2.992997731152234955e-03
3.043773596475400373e-03
3.029802727886410276e-03
2.891451263973912351e-03
3.052332229851129064e-03
3.082099069902054234e-03
3.211485277351299947e-03
3.128295682471535569e-03
3.384696110756061846e-03
3.223801179753866403e-03
3.333042530835570848e-03
3.259081104049585398e-03
3.451145953385938419e-03
3.611267513246885132e-03
3.711379774476016632e-03
3.709143128298882618e-03
3.622651353193324583e-03
3.752914659812877501e-03
3.807799646982208425e-03
4.100948859134976796e-03
4.178126728288507515e-03
4.533305736054558076e-03
4.411594799998409117e-03
4.585443626731034068e-03
4.868291544332055409e-03
4.806770724258257674e-03
4.915518401016148037e-03
5.106643637671617018e-03
4.814525570664586820e-03
4.931831769791708044e-03
4.504871589472107113e-03
4.266619273095595757e-03
4.264438314566448146e-03
4.212741426657637921e-03
4.217995008009032230e-03
3.799438270653830545e-03
3.906199129136085461e-03
3.991088454249312051e-03
3.669369661457587070e-03
3.514656918330061417e-03
3.531523615368369930e-03
3.399035686611489356e-03
3.260486586582945351e-03
3.415489113644161641e-03
3.101160659432050572e-03
3.070190258926012127e-03
3.216749162145563987e-03
3.213741243603124645e-03
3.034424429882448190e-03
3.023404386091064870e-03
3.078664979095888619e-03
3.020741991611999942e-03
3.000230225934540172e-03
3.086755085293893097e-03
2.859555901619101597e-03
2.875287831843753843e-03
2.956113989915317049e-03
2.909292047152096418e-03
2.945224538783381817e-03
2.912038893524932903e-03
3.081162111455620477e-03
3.037391650216221539e-03
3.076802551280011667e-03
3.233413248539467304e-03
3.349558424791617989e-03
3.239667003041084639e-03
3.247816202727440895e-03
3.544424046704788920e-03
3.266907549474265451e-03
3.591801256889670495e-03
3.481438934851375892e-03
3.724197221386803258e-03
3.794549846409361361e-03
3.335307106697341529e-03
3.372680795290246281e-03
3.310254089236373820e-03
3.510316187092956015e-03
3.256120590361608058e-03
3.302845858121820129e-03
3.309296725612473518e-03
3.255891806296280951e-03
3.207340983931086277e-03
3.162375559859555672e-03
3.092776189023020532e-03
3.117594393980622873e-03
3.182698823321982069e-03
3.117709294708043317e-03
3.042245822992421453e-03
3.008125549200448522e-03
3.080793218590597085e-03
3.120158133378565617e-03
3.012387936484083907e-03
3.138306830492467326e-03
3.005529198580804418e-03
3.033185035109962988e-03
3.012447748591755986e-03
2.928483355393410835e-03
3.056684363370991767e-03
3.023962450879833300e-03
3.046290484178545890e-03
3.041362312049105884e-03
2.958264333323425664e-03
3.211372486576598122e-03
3.094164893180495219e-03
3.080205306612624969e-03
3.118615978022533548e-03
2.992908280350008686e-03
3.215930690419463011e-03
3.323064045064914613e-03
3.432981314792902996e-03
3.149605094107448596e-03
3.184625164287940412e-03
3.371365581839675697e-03
3.251764595198003600e-03
3.186564187106083468e-03
3.281626112089582135e-03
3.070898517233698437e-03
3.191414998246732727e-03
3.257153386401081749e-03
3.171083625339494051e-03
3.087816374940893609e-03
2.909748063136919499e-03
3.016653882976375392e-03
3.080516820624860323e-03
3.097901689102965789e-03
2.954638219187234217e-03
2.848367201370561805e-03
2.887198721670394125e-03
2.861419707032662480e-03
2.867462477581210131e-03
2.800876889117948423e-03
2.849126021707721560e-03
2.789724428964140187e-03
2.891954723240343014e-03
2.959340477893268768e-03
2.960740655751294310e-03
2.974203858619060316e-03
2.725723298132880570e-03
2.921547046399892208e-03
2.902419876117223307e-03
2.938446423177379363e-03
2.936070141328721121e-03
2.880835871449231780e-03
2.930555456615196661e-03
3.143724104085868915e-03
3.097691196568359319e-03
3.018836422610874683e-03
3.181135300919252489e-03
3.135500880451965507e-03
3.228869145389104064e-03
3.135083947867850496e-03
3.158842744106625522e-03
3.205802928120170345e-03
3.420427717595738663e-03
3.392856635872963308e-03
3.158837581269511533e-03
3.101596689699097614e-03
3.125834116360756178e-03
3.139313870944355610e-03
3.353262950801074241e-03
3.268970661439643023e-03
3.135808224811501791e-03
3.111939915687579345e-03
3.034166889166283170e-03
2.938007178319701745e-03
3.129685027322469913e-03
3.008864783321854412e-03
3.128280778592682290e-03
2.964971322699138951e-03
3.056031102098091985e-03
2.984574399553617443e-03
3.096574095894084281e-03
2.939787992932811189e-03
2.969774480640878338e-03
2.907734111475476779e-03
2.975202150489164241e-03
3.033640747030867495e-03
2.931675794132705681e-03
2.920469178190230122e-03
2.953893117943904179e-03
3.023579243514259302e-03
2.903187978520592460e-03
2.973994605898240204e-03
2.748674617646697672e-03
2.938595607932168591e-03
2.821744853087153598e-03
2.853066078543644267e-03
3.034452765170512004e-03
2.925556063750619530e-03
3.045452641015553279e-03
3.020429842418714469e-03
3.209573262355724238e-03
2.955887288778772520e-03
3.179983508722717539e-03
3.309336825412266276e-03
3.171673799115511463e-03
3.138804061986817835e-03
3.200217711077426534e-03
3.096339584430830155e-03
3.254143834590765560e-03
3.197229233729623546e-03
3.129449292234385421e-03
3.021177239726170229e-03
3.025925262842902880e-03
3.032933957427611828e-03
2.908521970342360131e-03
2.765953254826936276e-03
2.872127997791153447e-03
2.813772612761100949e-03
3.033677334390390192e-03
2.791839069488879447e-03
2.755467177580421013e-03
2.916063327269415983e-03
2.782818454670511581e-03
2.767936458374065187e-03
2.851310025696802020e-03
2.719640919302955973e-03
2.697235560135368294e-03
2.742124375913042311e-03
2.801302876206989648e-03
2.772496636016957144e-03
2.945338515301963896e-03
2.689468582713095204e-03
2.933894975448336512e-03
2.860793576713808149e-03
2.893588593788714702e-03
2.823663360093068772e-03
2.878300274188163362e-03
2.686571211062275741e-03
2.978536575316235134e-03
2.954071320756000707e-03
2.998505954657586757e-03
2.887378905972551660e-03
2.932283618103063028e-03
2.960659401556005495e-03
2.974885963498371394e-03
2.894043300440860347e-03
2.913695591759595319e-03
3.131312592328181106e-03
3.009914176265449538e-03
3.125377344008637478e-03
3.118739058801451702e-03
3.136873154129634061e-03
2.997182065834141235e-03
3.006104805541092925e-03
3.067670738457370979e-03
3.059706914546924013e-03
3.162143904085734734e-03
3.154924523852973943e-03
2.946036228314486208e-03
3.089532422170059630e-03
2.933194133535250644e-03
2.857419694906233182e-03
2.921198980070127769e-03
2.753157315289060051e-03
2.849274180316608597e-03
2.772029233888518435e-03
2.814743446346893233e-03
2.885581698523309417e-03
2.999347234581435737e-03
2.960433672551896281e-03
2.674623169852104708e-03
2.685419713639944535e-03
2.667980598904092903e-03
2.759332119920256642e-03
2.752254878741413821e-03
2.746567245342407086e-03
2.774628848630499543e-03
2.526043179407349171e-03
2.768413617265879419e-03
2.800998061285916302e-03
2.887134282191398255e-03
2.761115401968233622e-03
2.819501397770921968e-03
2.637446847910582780e-03
2.758544258326637785e-03
2.566282373587000770e-03
2.807557155157996281e-03
2.826332396842640756e-03
2.639497939119322435e-03
2.712465071456851996e-03
2.704041195634432609e-03
2.798823099840460748e-03
2.782316614405843432e-03
2.791771368954587551e-03
2.743876222705469645e-03
2.645318539275865952e-03
2.833235961426054574e-03
2.713471499544007574e-03
2.791715607012352010e-03
2.684564663677059017e-03
2.980113979093465537e-03
2.975003066579842270e-03
3.117681301115038904e-03
3.116708665898442442e-03
2.920212404793242483e-03
3.088032141628382736e-03
2.845608707633106964e-03
3.070134494432837525e-03
2.857964130728314189e-03
2.783918035095789799e-03
2.801531438567128694e-03
2.865326972201623097e-03
2.815282517776896559e-03
2.686745385201480887e-03
2.762572970513589663e-03
2.894164122410256695e-03
2.741517264526642083e-03
2.803786382492935280e-03
2.690673356872482283e-03
2.732449185542868038e-03
2.640718763505812191e-03
2.681878841788970513e-03
2.671815896818211834e-03
2.555255436046383229e-03
2.456182721025246783e-03
2.528860663968388912e-03
2.676607427759829412e-03
2.659378588053799668e-03
2.670607164353906975e-03
2.606606926439115554e-03
2.693659050648946132e-03
2.713444919936232845e-03
2.573965059944927167e-03
2.812024644742575942e-03
2.691779551554571159e-03
2.645557457421855805e-03
2.843671263229190053e-03
2.704255614284833964e-03
2.625642312359153813e-03
2.641056849677121329e-03
2.701527339531274632e-03
2.702519482854805633e-03
2.759210074002442850e-03
2.981124508997597469e-03
2.766529916268471896e-03
2.690594602236312180e-03
2.874370485555849224e-03
2.792941315746496397e-03
2.889440060028515642e-03
2.790778273657651930e-03
2.812938449932399134e-03
2.940934863046554444e-03
2.869765969459272224e-03
2.798964275660010582e-03
2.932660922109943651e-03
2.907800586474046725e-03
2.909290427039572247e-03
2.751864231765016600e-03
2.926544560957184890e-03
2.735422936137788322e-03
2.951045180541136091e-03
2.913670219836830312e-03
2.946585182649035482e-03
2.893365550073794413e-03
2.784964332665740023e-03
2.920980515011156221e-03
2.781499332848938726e-03
2.655945362248765540e-03
2.756364889059087497e-03
2.756648968037059798e-03
2.816315596499867520e-03
2.871011715983244617e-03
2.793831101071609941e-03
2.621046293106758622e-03
2.593084831161870506e-03
2.506922916845461501e-03
2.739202822483365746e-03
2.735550390997358410e-03
2.522222728917777011e-03
2.714162732639219689e-03
2.649369975663119683e-03
2.775576455546889358e-03
2.518024537615265023e-03
2.637805936854665904e-03
2.616939236693606105e-03
2.561839319990843068e-03
2.560432396900909780e-03
2.486186275153476864e-03
2.590822514156792666e-03
2.564193480683687933e-03
2.324220003778202683e-03
2.372145612066709798e-03
2.538605394152904961e-03
2.534923002334807385e-03
