1.756929395667933616e-02
1.866940548531817110e-02
1.275025250664262207e-02
1.461795514048858276e-02
1.726415184685960516e-02
1.856687805263088076e-02
1.833737343912562531e-02
1.567859058786889165e-02
1.716604481977029514e-02
1.817715714106402786e-02
1.561557599272123467e-02
1.887104013733290411e-02
1.786315412536178260e-02
1.808161881741191662e-02
2.140906748015987057e-02
1.500015815029467556e-02
1.400628460744423806e-02
1.619689417543590873e-02
1.952197733290296847e-02
1.995465269666512123e-02
1.713250270076251136e-02
1.654665204075693799e-02
1.856156046408193039e-02
1.731416090179203199e-02
2.168474012699157794e-02
1.717775945041283281e-02
1.610079540558484457e-02
1.405835718366593885e-02
2.274510191531402964e-02
1.727935751343915097e-02
1.381238076458821476e-02
1.396743909693895155e-02
1.763361725269354738e-02
1.725476547788795667e-02
1.561485129181683709e-02
1.616185363287084634e-02
1.243524208319275910e-02
2.019246233459846482e-02
1.766447382662099039e-02
1.399992408575828108e-02
2.088296563607559830e-02
2.056774098334951048e-02
1.713245819079830048e-02
2.095426244264276400e-02
1.897543233431899651e-02
1.557401427949614212e-02
1.840499160592531935e-02
2.167370933244450876e-02
1.633576131138521348e-02
1.780567090417999737e-02
2.131401003871974745e-02
1.989665813338946376e-02
1.584543961901494283e-02
1.704321304885227095e-02
1.831972282588125930e-02
1.704724765847470333e-02
1.507678563720718165e-02
1.420438167934130747e-02
2.110446334336876090e-02
1.666783673640001226e-02
2.001505600195706280e-02
1.863998336987174667e-02
1.738464353189942899e-02
1.490924851097545981e-02
1.753135628664431039e-02
1.466120309979358598e-02
1.628667883315918635e-02
1.989123701363517197e-02
1.451658211230463964e-02
1.500030690340659577e-02
1.924761371029073964e-02
1.450345266036708047e-02
1.903084739589756824e-02
1.996183829064883744e-02
1.884154578013677583e-02
2.088678340807481604e-02
1.661473385111120193e-02
1.801332415234101203e-02
1.826237594272252240e-02
1.848002477511040062e-02
1.533152208755484726e-02
1.472452423170771824e-02
1.868940417124034109e-02
1.646362348126635677e-02
1.661072638578665883e-02
1.741114949362248393e-02
1.492422879426864336e-02
1.625317422659679906e-02
2.262742972929164195e-02
1.972417853877003052e-02
1.908957641177434425e-02
1.930463846238881023e-02
1.589935238452420962e-02
1.710369589134667564e-02
1.623972465287779054e-02
1.563301306185291978e-02
1.614213322616825375e-02
1.747075493156188125e-02
1.933181957285831643e-02
1.566689359847689769e-02
1.925846756299509285e-02
1.976721216432928210e-02
1.531313998282883559e-02
1.691889066709680728e-02
1.820293486676088923e-02
1.715858835563145030e-02
2.009775898570023006e-02
1.786647553760698989e-02
1.639758657732736172e-02
1.943596627232383953e-02
2.129618438298207586e-02
1.803149543907773059e-02
1.800473257442456593e-02
1.535557046347841431e-02
1.766949657580218352e-02
2.035934723652819966e-02
1.777950729111350478e-02
1.922775709069986932e-02
1.876866701937574336e-02
1.998129926330008410e-02
1.524746001939005814e-02
1.724507832713695343e-02
1.762217611869349235e-02
2.065784514560706220e-02
2.653736196337399059e-02
1.248442289676382315e-02
1.677792210387207480e-02
1.740913219830026587e-02
1.660189616078001570e-02
1.649198259313327738e-02
1.880564196627307685e-02
1.281076621867631438e-02
1.857025082524291909e-02
1.802222547865378957e-02
1.728408135552286784e-02
1.822915783515837926e-02
1.811808152658559920e-02
1.690063953312811659e-02
1.750440335374998241e-02
1.908203222174132893e-02
1.483834362595706780e-02
1.587702748743712033e-02
1.638736692142702539e-02
1.708691702116817493e-02
1.655368414563621743e-02
1.664730000167826546e-02
2.533152973895241161e-02
1.960398999139705695e-02
1.757503242028729887e-02
1.633352695188811099e-02
1.641456037757662093e-02
1.557805444000580179e-02
1.472580889408381562e-02
1.363750560123641944e-02
1.569037582415105242e-02
1.602852299621553359e-02
1.583720338284980156e-02
1.338190635268179940e-02
1.398515802441927317e-02
1.547963345419036026e-02
1.428065016384032389e-02
1.913560014642719243e-02
2.035834027500039306e-02
1.332312201495793914e-02
1.301604053208267261e-02
1.980861252993412411e-02
1.760006786691703864e-02
1.986237845482382441e-02
1.609489276879749048e-02
1.837221055459268074e-02
1.632421458278827953e-02
1.403595276336109567e-02
1.671793288479788558e-02
1.374148178380624197e-02
1.638172633172052181e-02
1.899390457488673786e-02
1.718718721341407421e-02
1.453986731942769756e-02
1.345347585359827486e-02
1.409282569330841915e-02
1.555334135036279264e-02
1.491025512295802123e-02
1.478488434732618852e-02
1.858703659137632067e-02
1.635725825594674943e-02
1.954873493542338622e-02
1.601852020682923219e-02
1.708903680919220819e-02
1.633952990155809054e-02
1.538877199572437522e-02
1.561428241170703668e-02
1.488523567141864651e-02
1.425043371264894318e-02
1.972914723819046284e-02
1.621425986853405887e-02
1.429389743047352300e-02
1.681923506630441517e-02
2.063662330450180202e-02
1.670420602743969210e-02
1.420004359239927273e-02
1.220891758350794998e-02
1.639669281339851958e-02
1.754768127818642429e-02
1.779794053480037580e-02
1.423073686510404647e-02
1.915967377971754954e-02
1.781627525978956433e-02
1.848702070475806772e-02
1.537148559507962864e-02
1.900730356607702870e-02
1.687671096884562488e-02
1.565638088545127579e-02
1.730916142709609112e-02
1.549095971661342171e-02
1.385407570803602433e-02
1.275420030358412685e-02
1.650757445076385735e-02
1.685835943268031503e-02
1.948984544847057535e-02
1.503989392476738629e-02
1.651090638808937194e-02
1.471538135010661170e-02
1.581716147349949628e-02
2.184450583716029265e-02
1.562353170590828448e-02
1.770883692001262028e-02
1.735131062241978411e-02
1.487773147866439279e-02
1.501806136997305835e-02
1.409494084824812823e-02
1.873193633468663022e-02
1.454832823140717567e-02
2.050212783442848311e-02
1.728695458932775694e-02
1.857945932291776847e-02
1.551054393822806805e-02
1.345313401947405459e-02
1.566448528400134904e-02
1.506700188296867214e-02
1.455154093759770430e-02
1.268955025032715567e-02
1.664165751142120814e-02
1.767802762413515916e-02
1.541021380649588816e-02
1.681639278779331614e-02
1.324859939734487381e-02
2.184135659652605005e-02
1.997602847418818162e-02
1.853039638510427245e-02
1.259360480828291759e-02
1.156929556975800494e-02
1.611454360581747111e-02
1.401498424842879086e-02
1.702660476240677734e-02
1.790918392233266029e-02
1.579931360627153530e-02
1.609710325385934823e-02
1.796165293741524074e-02
1.427437016443342498e-02
1.920388425764196771e-02
1.498482312609988876e-02
1.779364535144396450e-02
1.621784460214242135e-02
1.319977721991244350e-02
1.578678773638880761e-02
1.830695761485097439e-02
1.792252310514634919e-02
1.424389573406897348e-02
1.474342297342343469e-02
1.657101723678116104e-02
1.297170187777946411e-02
1.688653444768909925e-02
1.562243538282073220e-02
1.359902915514122484e-02
1.342158265160058560e-02
1.805239660364904228e-02
1.851705830099838884e-02
1.610522789169348962e-02
1.807946596862190433e-02
1.506232778861762815e-02
1.846673750091804705e-02
1.844632296118685691e-02
1.975778031975002069e-02
1.504889180410136015e-02
1.351440277113143996e-02
2.125995446316662763e-02
1.686537152523568533e-02
1.513128280598052475e-02
1.780137028376580291e-02
1.927856462997588893e-02
1.391410352727025408e-02
1.368453651800097259e-02
2.051545403490608044e-02
1.800234770469792689e-02
1.523408404084887653e-02
2.140293579900093626e-02
1.525016239743620487e-02
1.519197798752431640e-02
1.704714160729922309e-02
1.106852155529531624e-02
1.891298843042732436e-02
1.368292008307328382e-02
1.803096749181911512e-02
1.661549239768483205e-02
1.782880332647949345e-02
1.479260223003813976e-02
1.439015405761689959e-02
2.011964838504456954e-02
1.724609813069566747e-02
1.356058802610556405e-02
1.926138688657528381e-02
1.622386752165162066e-02
1.559912481844352543e-02
1.673983492192926067e-02
1.879809613078043187e-02
1.599956435000387742e-02
1.360979048579307946e-02
1.312620532368142384e-02
1.978808204690521086e-02
1.747151629802721692e-02
1.799543579528582044e-02
1.477037346995267557e-02
1.189470882559409692e-02
1.759892208704503386e-02
1.453078380337275918e-02
1.732268888005556937e-02
1.848550627790622805e-02
1.480381900178228370e-02
1.546571118432146959e-02
2.026715109097691411e-02
1.639574466389906449e-02
1.276245584979134040e-02
1.208067186928542085e-02
1.416449506951930441e-02
1.738243591558754839e-02
1.791411483086962145e-02
1.945463289593602971e-02
1.389666217379760364e-02
1.841217093536358027e-02
1.534352161417160999e-02
1.294611508655892432e-02
1.606208861306593350e-02
1.349700019907023978e-02
1.770223597433987633e-02
1.610250664487731381e-02
1.742474824932503663e-02
1.715529462202108543e-02
1.440579577676203739e-02
1.484259060738099198e-02
1.703702257535504375e-02
1.288310523846034235e-02
1.700808897827678010e-02
1.459473063464814153e-02
1.776075668161389981e-02
1.469359958614217809e-02
1.956639846355025941e-02
1.749528656960757517e-02
1.308795119357028872e-02
1.564453263797059568e-02
1.248071323896969391e-02
1.411983187621359062e-02
1.698163524974325225e-02
1.531298593667161298e-02
1.646634051048535483e-02
1.579223084324874599e-02
1.486450067075948886e-02
1.500069715601779971e-02
1.729259391416818406e-02
1.659154156790880810e-02
1.550442148639176801e-02
1.584979335484393292e-02
1.579956685934896451e-02
1.436297213882251414e-02
1.665468167897611942e-02
1.570717356034972631e-02
1.482888303791918966e-02
1.991182074632534202e-02
1.796580141815520143e-02
1.818133638558258255e-02
1.750258718084990450e-02
1.566222776742257766e-02
1.922561526799456202e-02
1.968801291211590490e-02
1.836385463842736890e-02
1.614290700543895979e-02
1.842675821374229264e-02
2.092221949515542592e-02
1.998419649390802827e-02
1.747631767161127517e-02
1.208204616230264261e-02
1.549656532018044326e-02
1.385981711156766306e-02
1.912960709213495231e-02
1.264225428684045277e-02
1.741803445277700924e-02
1.743179559823970770e-02
1.854872848578459354e-02
1.489771320036761999e-02
1.527781549110543251e-02
1.796398596686456239e-02
1.651485549858655241e-02
1.808113877314303924e-02
1.448863158814521143e-02
1.393220430488352826e-02
1.571206409147432245e-02
1.826887466940967444e-02
1.350260131690755351e-02
1.334322312518789432e-02
1.585186434768168576e-02
1.436254209281589631e-02
1.747650488929874610e-02
1.570189679218998019e-02
2.160123112404371826e-02
2.051711058986825653e-02
1.788895795867058783e-02
1.823554517278456674e-02
1.492739216819715352e-02
1.315406683692227179e-02
1.569323066549118892e-02
1.460480513444788360e-02
1.506478283421471172e-02
1.434427383962734275e-02
1.685687864069196351e-02
1.859315321792876299e-02
1.476425617732429231e-02
1.552662748935894690e-02
1.576488965149866472e-02
1.437193772462797524e-02
1.362912514457921380e-02
2.206277603960359046e-02
1.517780896818466708e-02
1.961323283017513824e-02
1.349095427283136805e-02
1.750145531993498038e-02
1.016938574427995665e-02
2.236048775933777849e-02
1.426241301251838026e-02
1.719706133390289104e-02
1.371625643135591238e-02
1.345653665346207076e-02
2.006195138298316749e-02
1.690339040617132305e-02
1.544689337849567204e-02
1.501002110285992383e-02
1.605016052980791016e-02
1.644246838115272225e-02
1.625252300119320661e-02
1.654811301886512098e-02
1.493689615133239092e-02
1.510307104707432277e-02
1.980373196015548440e-02
1.405434068219060459e-02
1.555810929927292988e-02
1.260390441680690927e-02
1.910772077391592952e-02
1.494337094018389697e-02
1.541673417634103690e-02
1.384300517501750594e-02
1.694081184607492546e-02
1.594047667127846887e-02
1.293425369731920731e-02
1.516687298213610646e-02
2.004311476344545692e-02
1.627170188537727102e-02
1.252240797959359650e-02
1.778613302945875399e-02
1.388860079995263286e-02
1.653080881543683711e-02
1.906926633958248157e-02
1.446904835778891826e-02
1.416183464892665361e-02
1.906669899298892024e-02
1.745855058308330363e-02
2.095446326277812868e-02
1.507686161479649366e-02
1.565937276403078088e-02
1.642924632595201342e-02
1.632847559013065816e-02
1.293778953594567488e-02
1.470307144566690601e-02
1.842788935828908528e-02
1.892812900445360949e-02
1.545600565426739383e-02
1.530267719219927276e-02
1.947903368609241528e-02
1.696351230597034632e-02
1.568633620761290468e-02
1.446933852646677295e-02
1.364779753280079277e-02
1.376942730547848180e-02
1.660106031643652016e-02
1.566393391448513486e-02
1.496283395306011350e-02
1.665196413832287572e-02
1.387985926489856449e-02
1.318778565924272513e-02
1.482044834258180316e-02
1.632582966669633012e-02
1.407211505354191185e-02
1.290567836916196864e-02
1.666006053055650929e-02
1.303375473344087904e-02
1.578398768936788155e-02
1.913521673345468591e-02
1.347549848936881525e-02
1.831658840533670340e-02
1.598312565099748242e-02
1.902077890393049850e-02
1.500231285644222819e-02
1.949376923023433961e-02
1.440841232289533959e-02
1.172541779369633795e-02
1.505855170573044792e-02
1.505386429404911852e-02
1.308286083211429411e-02
1.391265780732433427e-02
1.412098542640888299e-02
1.660280059580355322e-02
1.513763235392161927e-02
1.369826332103478428e-02
1.978965106289801157e-02
1.563345794125135454e-02
1.556657355107876443e-02
2.014190624471570365e-02
1.850447930091839513e-02
1.214761218553756829e-02
1.401734917684007049e-02
1.723303854243332656e-02
1.272194679016624107e-02
1.396182240886151629e-02
1.351644455628334129e-02
1.560379448186980690e-02
1.639497746968548303e-02
1.976212784946576248e-02
1.548027491095135474e-02
1.631933634708868791e-02
1.936829667099523866e-02
1.072999867456727284e-02
2.024690346177667605e-02
1.660396847867759082e-02
1.853689504163145638e-02
1.725437381996795111e-02
1.420876939750048869e-02
1.554493837178565381e-02
1.723843012712477848e-02
1.534903493396522385e-02
1.879312589736778158e-02
1.553300988773209310e-02
1.602718760819038524e-02
1.544214327312987828e-02
1.489498817459379391e-02
1.707076172298731612e-02
1.334814998312060241e-02
1.623979934259997190e-02
1.402383017524401997e-02
1.463568823127896386e-02
2.007638816622796599e-02
1.517976356427170465e-02
1.846245382972142024e-02
1.688331228306809775e-02
1.601393558002329326e-02
1.328530636945804422e-02
1.520397476149808538e-02
1.805988880845274189e-02
2.026548483848215204e-02
1.604711887685571561e-02
1.457499322299779868e-02
1.761362928033253714e-02
1.924427317630141715e-02
1.702091633349451030e-02
1.701161224808348318e-02
1.916949256461299850e-02
1.659257292910611137e-02
1.306911593541169349e-02
1.503510718965789250e-02
1.596055761846788823e-02
1.495078123864248751e-02
1.539703362909217339e-02
1.606005115463347149e-02
1.472697584967854779e-02
1.415753417165724511e-02
2.089996100513961952e-02
1.528058529063914053e-02
1.518690578744922269e-02
1.935207139848386590e-02
1.749483547408980239e-02
1.270704410351257592e-02
1.650211721250015653e-02
1.389701018697648942e-02
1.518121544031815137e-02
1.519886519791739492e-02
1.316029202297740175e-02
1.791807588852811772e-02
1.366457194229278929e-02
1.829004328180193137e-02
1.397810512640282159e-02
1.608331098529136929e-02
1.714651213391752554e-02
2.072163751530742282e-02
1.228443058910610487e-02
1.406404718705733976e-02
1.764817793873560761e-02
1.251315222765313380e-02
1.727619382348532032e-02
1.692918184078818708e-02
1.693067282057050468e-02
1.874626492642986197e-02
1.633756884592115280e-02
1.927740083402219515e-02
1.881901918495701084e-02
1.751911808404907692e-02
1.785104711543200606e-02
1.613456590461811654e-02
1.757842942352845148e-02
1.432992235358565222e-02
1.658772266299228179e-02
1.548311398983303819e-02
1.602582923989296845e-02
1.609088993907249049e-02
1.299792933036018026e-02
1.028987004893071149e-02
1.816354163500187233e-02
1.550678318640768931e-02
1.802906075265757468e-02
1.549402637720733930e-02
1.756317453305729359e-02
1.931186625508946389e-02
1.614101187834300968e-02
1.785995674932081695e-02
1.484780640006226789e-02
1.317972677370859991e-02
1.683326532846662199e-02
1.386207060950205190e-02
1.549394737024732856e-02
1.559877929638719095e-02
1.683239484342664849e-02
1.453349130542597872e-02
1.350531617530608200e-02
1.616231091837408082e-02
2.039270852069094073e-02
1.880765449113977125e-02
1.778457151125727512e-02
1.750863748106236406e-02
1.157068793953657665e-02
1.565878884147647171e-02
1.662086625132154841e-02
1.276185366375666777e-02
1.662723258700607096e-02
1.441296275697552878e-02
1.702412896126931363e-02
1.515753918880192834e-02
1.673076946066032536e-02
2.197608341796542658e-02
1.563993414915505406e-02
1.487608145858203279e-02
1.385364955059134942e-02
1.875574300337655431e-02
1.483863690723147451e-02
1.849077459892452605e-02
1.435155048632831554e-02
1.804916756378764989e-02
1.482628220826727461e-02
1.804231175763672604e-02
1.241116448521963761e-02
1.644033439457393692e-02
1.544705540288783367e-02
1.471279246755480101e-02
1.536785477312661331e-02
1.745466162608594329e-02
1.454773457389409511e-02
1.676616180719137789e-02
1.237489480861676816e-02
1.822493307018181394e-02
1.746792554403325121e-02
1.844348987578719318e-02
1.890802705663280001e-02
1.304389384721478008e-02
1.819468395027998633e-02
1.384536946381351857e-02
1.500767970456803185e-02
1.628335902409658656e-02
1.600756479838330582e-02
1.487407117331814715e-02
1.705481816748967427e-02
1.675216239086754766e-02
1.788470981550717778e-02
1.772432011744916672e-02
1.966881134334656778e-02
2.020954127468521308e-02
1.623821021307478990e-02
1.606528823001438649e-02
1.657667539444385857e-02
1.968863377304022957e-02
1.802556627527021962e-02
1.464450905786606610e-02
1.567680311275357688e-02
1.473183179455084084e-02
1.482097303511582635e-02
2.105692526651075161e-02
1.402674711110036936e-02
1.820203583515244208e-02
1.534541470366180931e-02
1.726286737387264930e-02
1.687969168465856817e-02
1.608421530429919935e-02
1.415230967266104499e-02
1.690972938801470205e-02
2.217881976165352043e-02
1.671655411052922272e-02
1.420130481460099570e-02
1.508474298386104466e-02
1.484089886177305216e-02
1.614315395093460226e-02
1.467626674235187299e-02
1.576082234720943900e-02
1.467265369349291144e-02
1.817814955897575566e-02
1.778047740740700683e-02
1.832026534465709677e-02
1.535139962865739345e-02
1.893089388534251183e-02
1.619854600691126092e-02
1.743693645472721779e-02
1.422217636218923824e-02
1.973964545239452126e-02
1.196086137808688443e-02
1.835799967410444225e-02
2.025259592507631587e-02
2.186369691194806411e-02
1.830681392241229749e-02
1.530097164483726173e-02
1.546316185780185863e-02
1.482578087927514769e-02
1.787425344407602909e-02
1.666045033084419952e-02
1.578742638996934525e-02
1.627249882253842261e-02
1.572003007694112997e-02
1.909168420590274737e-02
1.803078953443492186e-02
1.528719494564150135e-02
1.731189892172528902e-02
1.675702483682934424e-02
1.657906531569362796e-02
1.681166027491192566e-02
1.583410166780532813e-02
1.555900979941457485e-02
2.027628291458044227e-02
1.851114861506911874e-02
1.881185218863064626e-02
1.566163858844093690e-02
1.623238030740663251e-02
1.502055702959917589e-02
1.268572768003437164e-02
1.847254113839920386e-02
1.464868531934010974e-02
1.631447405901268952e-02
1.574470801207148579e-02
1.771154005048540189e-02
1.817295755340152946e-02
1.826454856622632128e-02
1.656182103446449116e-02
1.390900262584666633e-02
1.866905115607312218e-02
1.489061602734795091e-02
1.556410134169996726e-02
1.823137715554480273e-02
1.543973557094142045e-02
1.986904438534375580e-02
1.460926338058944791e-02
1.296613408340938599e-02
1.721819441549494317e-02
1.449941504563638517e-02
1.870714739465507287e-02
1.645925907555918777e-02
1.706862919218217478e-02
1.648699008304249647e-02
1.430938622801868412e-02
1.769148441911660291e-02
1.934625240042493408e-02
1.561635700151964290e-02
1.727166382367071110e-02
1.356198954626327419e-02
1.931579163824573980e-02
1.795092823186876171e-02
2.118159636694099540e-02
1.597476684754091034e-02
1.346185405192056039e-02
1.652276651718424458e-02
1.466915210976364736e-02
1.822206193569491511e-02
1.097233683939587839e-02
1.735581142881017710e-02
1.275266359903968680e-02
1.789734930813617966e-02
1.903401256860359422e-02
1.620109332906274555e-02
1.879665222154586895e-02
1.760863855620676058e-02
1.798367250721808266e-02
1.400463949676798714e-02
