8.848331252536962123e-04
1.120340500687559172e-03
1.470073260205000251e-03
9.060848457821096390e-04
9.071475977081754549e-04
1.065884384706040477e-03
1.144126637692026438e-03
7.314445129150765534e-04
7.046369086258665168e-04
1.515274766549526376e-03
8.079074613191443042e-04
9.438693264341948457e-04
9.176417626908771070e-04
1.418212018117545950e-03
1.333316279661749025e-03
1.482985599789721394e-03
8.258802925411254121e-04
7.508233563035532484e-04
4.459330586252975700e-04
1.159952435974770943e-03
5.999922096910591512e-04
7.604507587258017755e-04
2.173802249675013589e-03
1.968505885143077058e-03
2.011708301359483014e-03
1.590934729884151827e-03
3.471330603374500872e-03
1.113135109623946328e-03
1.440431286136040689e-03
3.567838487004537217e-04
1.062712681254736162e-03
1.005052770576678406e-03
9.694463983281863002e-04
1.221203425440368830e-03
1.495576053550345128e-03
6.799517721996502879e-04
9.643981771407200525e-04
1.205783199449512880e-03
1.299604511925084999e-03
1.518839125750454447e-03
5.506301809434583283e-04
1.248820622853423663e-03
2.015448526769692515e-03
2.733799818204677053e-03
6.794978409673981933e-04
1.479977659889912620e-03
7.629963378942345624e-04
9.842787090553230256e-04
1.628857796844296758e-03
1.150516340941152779e-03
5.826582971699340637e-04
1.320987821870522405e-03
1.587483586869564874e-03
1.116742048270246519e-03
9.724623445119269082e-04
1.770047423116877976e-03
1.691901562981623554e-03
6.017151494902849050e-04
7.426874801243967417e-04
4.257089315767473943e-04
1.270747743986901839e-03
1.632333144823799572e-03
9.947469387779719376e-04
6.974702419357272590e-04
1.386276938439975123e-03
1.774924963874376571e-03
1.170568078744453969e-03
1.120092507277526458e-03
7.196332123956351639e-04
1.297904041584534976e-03
4.670556877597298296e-04
5.066866938656363955e-04
1.030647146533761457e-03
8.234521157345631170e-04
1.254917216142563408e-03
1.080075140464055320e-03
1.074839899492116384e-03
1.032422852132780207e-03
6.738806898294493874e-04
6.803708518784726223e-04
1.340702003941546998e-03
8.282963416611360818e-04
1.918205237046628937e-03
1.324790235048513374e-03
1.265692175810854058e-03
1.221259202877061001e-03
2.644541775272023481e-03
6.100057553143574439e-04
1.703099192909769775e-03
1.148849041759820609e-03
8.405369175643599049e-04
1.135466541552170635e-03
9.320660346493634058e-04
1.589627636909937691e-03
1.031882589318909235e-03
1.145544250663181260e-03
1.294514658109538734e-03
1.413922951007041962e-03
1.070643955299655165e-03
1.306854407283242810e-03
1.490726458123207716e-03
9.738418766332622130e-04
1.470736027629586168e-03
1.235685465382534848e-03
2.728468697327250583e-03
8.899559384335734707e-04
1.368475085234477102e-03
1.790765092227541077e-03
9.447513851623832917e-04
1.466872171317881897e-03
6.599394894994033709e-04
1.241607130964203064e-03
6.709758471444352002e-04
1.211686010728692036e-03
8.786534735972016761e-04
1.833232223664834010e-03
1.336518572904457029e-03
2.953913480221383343e-03
1.393703908686294655e-03
1.467509486885983658e-03
1.372921860539827151e-03
1.558593996587155509e-03
6.976733699290357544e-04
1.165324202842985381e-03
2.026127944741704968e-03
1.618114877428189491e-03
1.116230209733283432e-03
1.956229026167111747e-03
9.442887589806847745e-04
5.714140840569145469e-04
1.964718634150462457e-03
1.455221270066939764e-03
6.557323088731450674e-04
1.472868093659131022e-03
2.283778538976356798e-03
1.360911265611072871e-03
5.515641294954031632e-04
1.859908630854144491e-03
1.324138656549860580e-03
1.403343364073025672e-03
1.910332610255788439e-03
1.533708336711933021e-03
1.785887884958978601e-03
1.693951653829240496e-03
1.424813343400005081e-03
1.343829862849285454e-03
8.291031482456157412e-04
9.631149499003837690e-04
9.743496635001812345e-04
1.169649219313239263e-03
1.419662952658691871e-03
8.348771618737832944e-04
1.267296770913464796e-03
1.868492157356253488e-03
1.235707466864365478e-03
1.625616669898027325e-03
9.015343696002505293e-04
6.682566111001056247e-04
1.491587957188248966e-03
1.734662806249985707e-03
1.736367360867937474e-03
1.892931023636190051e-03
9.883279735697623504e-04
1.451117595063339998e-03
1.473799317805913993e-03
1.594338097307252799e-03
6.912280238705265437e-04
1.606359031302547055e-03
8.871195278375364982e-04
8.588663598094283588e-04
2.159573712632627956e-03
1.579415035287925389e-03
1.409878400187855119e-03
5.986574994121311678e-04
1.314437473499469131e-03
1.439866935900249376e-03
9.195263981133679470e-04
1.343418255786350737e-03
1.470889960534257999e-03
1.622641553010668045e-03
9.286134137533767286e-04
9.995923756953902645e-04
2.716697574375973988e-03
7.926608888983269511e-04
1.784600034894590157e-03
1.086267497673222429e-03
1.321972080189413520e-03
1.426915857629701152e-03
4.921426177968870989e-04
2.736962796131725984e-03
5.937317128767738992e-04
1.301599653050043368e-03
1.232525734507311684e-03
1.904754355072890834e-03
2.858265493037248639e-03
1.036040828414048305e-03
1.148331330460593616e-03
1.325394312440584393e-03
1.247538473976427626e-03
1.142137621750052585e-03
8.438024681675770217e-04
1.269551221330622722e-03
1.294184574591161416e-03
6.753891609548226928e-04
9.315433649879234111e-04
1.598307704853449461e-03
1.324456040484377466e-03
3.032191405269666078e-04
1.071237930013485768e-03
7.036256067416554391e-04
1.372197074725083456e-03
1.411528718672374868e-03
1.256547079934182539e-03
1.789443226165592267e-03
1.387055582039303358e-03
1.128962552866342398e-03
8.025357217071051562e-04
1.315612177513492045e-03
1.340502493139743376e-03
1.407898992766376794e-03
2.036945177673331851e-03
1.329258675315060211e-03
1.365129993084267680e-03
8.293485818335006926e-04
1.117507957528116481e-03
1.576506606750914356e-03
1.550022998372458782e-03
1.665972989965756445e-03
7.230714273606868130e-04
7.322824506596507712e-04
1.779817836926967127e-03
1.076035480443250864e-03
6.488325164674943251e-04
4.304604791788954783e-04
1.516117771800381186e-03
1.419517948893030471e-03
1.291527791058178810e-03
1.758952185615230476e-03
1.038620203084952148e-03
5.716521367474992508e-04
1.027111631597256089e-03
1.359569753210439907e-03
1.089709428842771961e-03
9.048057960022482275e-04
1.558815339699313671e-03
1.059623303395472145e-03
1.511183885705743050e-03
1.689860603554298396e-03
1.486376107445738478e-03
8.828790898838846657e-04
7.537549134297687062e-04
1.341536230826687569e-03
7.780079483357682513e-04
1.582378703447599603e-03
1.645401554140020223e-03
6.870132222053665100e-04
1.143716022687315485e-03
1.174411889198195749e-03
9.667370059170265909e-04
1.952644276077020093e-03
8.616476160783281086e-04
1.072364381692795122e-03
8.620145734954921205e-04
7.569207051021730566e-04
1.109886786751723697e-03
1.284366175926276912e-03
1.093097631460773116e-03
1.376249201147024996e-03
6.270845356969781794e-04
1.126907289428102270e-03
1.769884326949497421e-03
2.485672439580171277e-03
1.769045452229879535e-03
5.759002299459813762e-04
1.034188406910751742e-03
1.848457369270565262e-03
1.159947318182031001e-03
1.480758117609897720e-03
1.352480427860252091e-03
6.351977178512978241e-04
1.006812389768336254e-03
1.057439626052815137e-03
1.372751043497638180e-03
1.731319307318822344e-03
2.046838588314426298e-03
1.756921000883719143e-03
1.153097980829668199e-03
8.717568187231504798e-04
1.874698243845583211e-03
6.597278535192425139e-04
2.222323675579848147e-03
3.623828554676225902e-04
7.731342304060482727e-04
2.119366766235469737e-03
7.863289558976962676e-04
1.671195073383820390e-03
1.370216345290988348e-03
7.705308779920645333e-04
1.631459749635320649e-03
1.427250206185899433e-03
1.739876544146444059e-03
9.560155311622508482e-04
1.093483536484032024e-03
1.011094990950486740e-03
7.697100910304848550e-04
3.792839989961944232e-04
1.871726640599342874e-03
7.772222355578431354e-04
1.505248548148562827e-03
1.448563791593347012e-03
1.001859406223424816e-03
1.487383713949389299e-03
1.885509573207964440e-03
1.321728356876992680e-03
2.485024464842161031e-03
1.173451009913705108e-03
5.662970951035640240e-04
9.894894031438697130e-04
1.141172046801032861e-03
9.477754270541771621e-04
1.509097365936888473e-03
2.450150795274395280e-03
9.167889468412442761e-04
1.684561937170414624e-03
8.677530094914501311e-04
2.351555000118993755e-03
8.204207920656345250e-04
1.803399065031718092e-03
6.555506311558897828e-04
1.043252229441126843e-03
1.830251119326046626e-03
3.919480230456217620e-04
1.492949632446266290e-03
5.517106874911066475e-04
1.507461810452131491e-03
1.925300626905169067e-03
6.199886215429341188e-04
8.006640580441077995e-04
7.542980218885205444e-04
9.951440667786365466e-04
1.305833742634319875e-03
2.077745958087876162e-03
2.815867615942398323e-04
6.940698944232028857e-04
1.211649611731130567e-03
1.371545275619289817e-03
1.186343917096666914e-03
1.239390179398395598e-03
1.317129590064240741e-03
1.807163302185824843e-03
2.156869620578331839e-03
1.389335106002748685e-03
1.813028484186066623e-03
1.481980444298626465e-03
1.571417310725925975e-03
5.952517974532610693e-04
5.497402265439193169e-04
6.611849472093454545e-04
2.456481616699702965e-03
1.166104327663379124e-03
5.098746518038595882e-04
9.055570286279296475e-04
1.082766645112561224e-03
1.042736414778590867e-03
7.422952788815672743e-04
2.546876985220163266e-03
9.132416970192809092e-04
7.799396475939496037e-04
1.307081768749274826e-03
1.057849426387987013e-03
6.626360866617113116e-04
1.465487598342431501e-03
7.082612823577439168e-04
5.828558396270962184e-04
1.879299372057184831e-03
1.688046447639126191e-03
9.507774243344287949e-04
1.335939399021229433e-03
1.738840547642691789e-03
1.056303776871457762e-03
1.030151249140110435e-03
5.864940226975268135e-04
8.629273930297368892e-04
8.324439987024693415e-04
1.480543913080393809e-03
1.183269990989017657e-03
1.609181653790830177e-03
1.961548459166518633e-03
1.352363101854891798e-03
7.694304399841092428e-04
8.405170582878667643e-04
9.434916491929647630e-04
1.113068756410050741e-03
1.691981740001647586e-03
1.165349294672228227e-03
1.018125729406700120e-03
5.879795954524056744e-04
1.724687548747130773e-03
7.119088957222882534e-04
1.514586348174607692e-03
1.972960201230002011e-03
1.433514088119464732e-03
1.694213212491955207e-03
5.699593765480532453e-04
8.256325994187958209e-04
1.232381869985228013e-03
1.726737442103312833e-03
2.603805630056786960e-03
1.411113629638947615e-03
1.842891347724070822e-03
1.212859315118011488e-03
1.115914942862780874e-03
1.008031446926396010e-03
5.133216128263514734e-04
1.538747142978493226e-03
1.429942002721906269e-03
2.242812023874911440e-03
1.952565252548050904e-03
6.587177913721230672e-04
4.090277268036643030e-04
8.945330642904417671e-04
8.677176376566900912e-04
4.976884373668842825e-04
1.654325934926922448e-03
2.208252695570559442e-03
1.327209839477638646e-03
2.938894707682218003e-03
1.466118955081521227e-03
1.215224668033795374e-03
4.625113598317485216e-04
1.181794320107344611e-03
1.853851935993291447e-03
1.259206744784238533e-03
1.299985243101732784e-03
1.546658545901222247e-03
1.348174846658723759e-03
1.444623851415666183e-03
7.225142593460983633e-04
9.376414755457713980e-04
2.129414610376093898e-03
4.784663085253265257e-04
6.213641513247444110e-04
8.982448792580975108e-04
8.622129392804268790e-04
1.708317910093305834e-03
3.826820784241068011e-04
8.421790800697436701e-04
1.240908724284206814e-03
8.296479254976366242e-04
8.866172380477775877e-04
7.720642377236926592e-04
1.070660523069689530e-03
7.258016763088232740e-04
1.245148368888393531e-03
1.493179503121274537e-03
1.499571769164372926e-03
8.737530335787086150e-04
7.314280181331962293e-04
8.058322311480542888e-04
1.808663240290269737e-03
1.772910713092817588e-03
9.342157673967748819e-04
1.967426285332730083e-03
7.982729922113131552e-04
1.253276413434910221e-03
6.118290056904876180e-04
7.263065296509621082e-04
1.125993118806577469e-03
1.242382111035519312e-03
8.886430362482288610e-04
1.528486688790171941e-03
7.812947234705613225e-04
1.049664729296657202e-03
5.394110099502856612e-04
1.309967720046236817e-03
2.154074239245406055e-04
1.537092066843303347e-03
2.458631896835719588e-03
1.148816572294287467e-03
8.417614641061288601e-04
1.044683305662246842e-03
1.978880952818336952e-03
7.262943740743887022e-04
1.617252887286962882e-03
1.337913921563377946e-03
1.541884639028973493e-03
1.297170730856573445e-03
5.030064621877194811e-04
2.011525097243062679e-03
6.719817129050655903e-04
1.302725781678493872e-03
9.837666537082609842e-04
1.920399421083842425e-03
1.315067340354555362e-03
8.552638536746846399e-04
9.340726914522552455e-04
2.613464601482215835e-03
1.346946199488830527e-03
6.364614013042783859e-04
2.429633668516764135e-03
1.474001291595423329e-03
9.886139324774511055e-04
8.323966363509013389e-04
6.873639651697118109e-04
9.411154356626744112e-04
1.084198818918537992e-03
9.707369579510394947e-04
2.279001664731616656e-03
7.761754863082442587e-04
8.192878348019318234e-04
1.059522658883172656e-03
1.680011413621876467e-03
1.487263774741413120e-03
1.076219325129813050e-03
1.319385159859938180e-03
5.931751296915353279e-04
1.486410879478896468e-03
8.013786945204075989e-04
1.122298397271456706e-03
5.843003101259596887e-04
1.005330921951916095e-03
1.277721711155060296e-03
1.622585556986695437e-03
1.742888383532032901e-03
5.562439725527493738e-04
8.480813365081986801e-04
9.569240962686712589e-04
1.530690076286496349e-03
1.338945859182081189e-03
5.681884819634968513e-04
1.249806701681794273e-03
1.221513035392256643e-03
1.905002646431245379e-03
1.714384354514682154e-03
2.527279341289897716e-03
1.436714584008142370e-03
1.141679149946130643e-03
1.567942155924450121e-03
3.651054894508375072e-04
6.794710204126024489e-04
1.003679749431544760e-03
1.225289472032796163e-03
8.919764472289260383e-04
1.151977862774520222e-03
9.857606105951974718e-04
2.161604619363694142e-03
9.193349289322291567e-04
1.802171589848842494e-03
2.036572500382667107e-03
1.279752920889791609e-03
6.340024666889926188e-04
5.988148254936030831e-04
1.220050476129140972e-03
1.167307117094772053e-03
8.052719946900631538e-04
1.226028386997284362e-03
4.693119361938792892e-04
7.891297772275778291e-04
1.614513294122777495e-03
1.066423331661644483e-03
1.568742386231351078e-03
1.361139256560351014e-03
1.844543428816046828e-03
9.658980089341217537e-04
1.732814208016082713e-03
6.007500266065476328e-04
2.372995736867858970e-03
1.735008559618839022e-03
4.389327912667748176e-04
1.556473106494182671e-03
1.296190454107386258e-03
1.215450676953972776e-03
1.262571249148542601e-03
1.612848434688905807e-03
1.192837275254572584e-03
2.158375199175819204e-03
1.370128724704080788e-03
2.081662135810436430e-03
1.331104941150233539e-03
1.229998768905825237e-03
8.359590469844081686e-04
1.428350321883358398e-03
9.626415016574638075e-04
1.013575984016021293e-03
1.241990470318814817e-03
1.035218598992087560e-03
9.139805195764847019e-04
1.587492917475296500e-03
9.652374716830629166e-04
1.263365472593126326e-03
1.311047578468323236e-03
1.170962901309170962e-03
1.474082775994446258e-03
1.444624288902234422e-03
8.935792571760627035e-04
7.435430038646603746e-04
8.205915166208957662e-04
1.478719155090063271e-03
2.645954852926031510e-04
8.047554752706408653e-04
1.120590349518994777e-03
1.472545984162701872e-03
7.690870153151947546e-04
1.497954650217442514e-03
9.107485024578475339e-04
1.516549569169493069e-04
1.787802200921833435e-03
1.212412475786204874e-03
8.706940061162682810e-04
9.827850347912455310e-04
1.069466807924209775e-03
1.222181048875687270e-03
1.363095416021253403e-03
9.859092992479080112e-04
8.333714003563101299e-04
1.490803911451772960e-03
8.553967533211863762e-04
1.642000071097278252e-03
6.664985143861900697e-04
1.071556537898639893e-03
1.210034267016324005e-03
8.921734881482762608e-04
9.319727637906703461e-04
1.081005475136780298e-03
1.361698130228336306e-03
1.060376193078715369e-03
1.071436531990933123e-03
1.745358737539073890e-03
7.142039296315440050e-04
6.633215303032769048e-04
1.886805495692202642e-03
1.101246303002560061e-03
1.836142859312303198e-03
1.435331910082261481e-03
1.392068078815101792e-03
9.374555534809944505e-04
2.567839218930752579e-03
2.016384817083257362e-03
9.388179235122063714e-04
2.992092367059205529e-03
6.703771018563719651e-04
9.754061726764970755e-04
1.891141703555285040e-03
1.728726296249402921e-03
1.451797726865125494e-03
1.349699061659912413e-03
1.212010947932160845e-03
2.053317671021912330e-03
8.143276990441164270e-04
1.769438457091180358e-03
8.183133982265450388e-04
8.496674128603384953e-04
4.049887326373693432e-04
1.475838911171905654e-03
1.100444997317512547e-03
2.278921326714318085e-03
1.662955081232353558e-03
7.112499657611703148e-04
1.031701128696951636e-03
5.577477955361032861e-04
5.576816474509785479e-04
8.911403739925216399e-04
1.736087336856443003e-03
1.701103474320444283e-03
1.264041987589764778e-03
1.360691213067653609e-03
5.969765453366618260e-04
8.948371702840142092e-04
1.058778493207696708e-03
6.398762916431300534e-04
1.496948970341336477e-03
1.171384747900330999e-03
1.509562047043454735e-03
9.956049078754429862e-04
6.993570596693825595e-04
8.558100588973102402e-04
2.008258116456936720e-03
8.103743450183633701e-04
1.464738682521777528e-03
8.724459428414094511e-04
1.271160378561200094e-03
2.587459302450251654e-04
1.598151224522483633e-03
4.030637526187340986e-04
9.939239141038220052e-04
1.808943575624319183e-03
6.984009822998988194e-04
1.856563061371866450e-03
7.439297314160854113e-04
1.200022467866058203e-03
1.055919640905563211e-03
3.442627619486769686e-04
1.789950119812845413e-03
1.018614831920238578e-03
2.148629584580153372e-03
1.769978655220337148e-03
1.109976209288025860e-03
1.453336757462954289e-03
1.372445840939251526e-03
4.262220437133058966e-04
2.040968236118403251e-03
7.115136056919332298e-04
8.354975187265919405e-05
6.952281521285612591e-04
5.321438755109505255e-04
2.007023655101441983e-03
1.805291068648470472e-03
1.090881633275067510e-03
1.603555274927795588e-03
1.193714187220746951e-03
1.070677601541536114e-03
1.210997637392528629e-03
2.024002865801233231e-03
1.471800564739782170e-03
1.287870795314254545e-03
1.779886759309753800e-03
1.410975919358343871e-03
1.747427993589082719e-03
1.422860389264226722e-03
1.598425782757027271e-03
1.034850483231645807e-03
8.333353325072403181e-04
9.519507283973163312e-04
1.525121780479294633e-03
6.853670560764355815e-04
1.284180658148631297e-03
9.134929480094806107e-04
9.424157757724601009e-04
9.842711758064476291e-04
1.345730994728666467e-03
9.568027118562756183e-04
1.101851252443422548e-03
1.029864854140722036e-03
1.053044931565428038e-03
1.161689593909057171e-03
4.115117123168413461e-04
1.043375080518803462e-03
5.520217417753520584e-04
9.431182809748781893e-04
5.089367203197896899e-04
1.059204783416500080e-03
7.779956972526849181e-04
6.920173060921823742e-04
5.132423827335299985e-04
9.093080398980322001e-04
1.879080837562645961e-03
1.416026296463118511e-03
1.187465869685912657e-03
1.892930100950248511e-03
1.657524389644367832e-03
1.044666262094996398e-03
8.057869030458494290e-04
1.979487370455499436e-03
1.602789856480236206e-03
1.890382082865929309e-03
9.684807996694696098e-04
1.251661513727684140e-03
1.256925350379454066e-03
1.688771223780008782e-03
1.323232908380933331e-03
7.165804502083013847e-04
1.428150949470257617e-03
1.428159398780577379e-03
1.145015232396635234e-03
1.357651492088482676e-03
8.133098680489687666e-04
1.992117964041867882e-03
1.566627321267220199e-03
8.721082917221697692e-04
1.397849468678101807e-03
9.514413938107600709e-04
2.510574315993391401e-03
5.311895162286166564e-04
1.530582128418758216e-03
3.778401470384377958e-04
9.529489451317528200e-04
7.622908775504919033e-04
1.532588193619704347e-03
1.196266992600849904e-03
1.944830912354976113e-03
1.455639512987511302e-03
1.131117125737895199e-03
4.455208598849032752e-04
1.349404657612428499e-03
1.852577603916277229e-03
8.434154361384312796e-04
1.040897479901206927e-03
7.406695769676394699e-04
1.619231215457149573e-03
1.106433396826228977e-03
5.007860096136450842e-04
9.676002040314864681e-04
5.741353537524219184e-04
1.033349684450110767e-03
9.205594770901380595e-04
1.023404979808819693e-03
7.287488684660271571e-04
8.405992092112032996e-04
9.574372451339035204e-04
1.392756347167293813e-03
7.439763175064722112e-04
