1.978248395620804331e-02
1.872526342651486750e-02
1.718494590261348404e-02
1.649486258691496010e-02
1.550523851181623280e-02
1.426865254647528836e-02
1.372181344770563582e-02
1.284680812366975448e-02
1.183994229282922181e-02
1.118238741336129334e-02
1.023223332722374666e-02
9.498119425975084379e-03
8.665351773561875970e-03
7.986908376596216913e-03
7.224832007025567236e-03
6.571914771583840104e-03
5.509693144787265913e-03
5.060149528362953113e-03
4.540183697929352918e-03
3.810128352564431074e-03
3.255924922271903263e-03
2.534500648676741522e-03
2.581868944114073996e-03
2.401117295631233824e-03
2.153090592590581505e-03
2.122405319955962717e-03
2.231528452757236200e-03
2.133739788205017696e-03
2.295313342229144109e-03
2.256752709931898315e-03
2.229279066413669078e-03
2.499271130232260697e-03
2.475542876876337447e-03
2.269961132484415826e-03
2.376035184146999164e-03
2.195600377197093247e-03
2.344965270179418405e-03
2.046539520769604954e-03
2.272888708827281411e-03
2.175623130501686507e-03
2.366958976474154742e-03
2.166323471476170118e-03
2.178665433485446525e-03
2.163211247899469135e-03
2.151076519809494957e-03
2.346938889961250763e-03
2.080103187543664439e-03
2.181313719528911108e-03
2.301811297150413611e-03
2.214162074382959849e-03
2.158961637541029991e-03
2.282457589659770119e-03
2.239047779738405873e-03
2.083200111864539662e-03
2.111131893138966896e-03
2.185186286291513052e-03
2.218017276985038283e-03
2.353357628827008625e-03
2.294400860003840102e-03
2.208379833431264871e-03
2.250224587723208963e-03
1.980998649442956318e-03
2.397341146326495941e-03
2.345614695345289800e-03
2.349641492805708970e-03
2.184858439319859597e-03
2.364982315959346208e-03
2.314745711212164679e-03
2.116142044958310622e-03
2.148766316427086227e-03
2.143125701169829294e-03
2.148605528655653154e-03
2.117033040808567832e-03
2.227056956781535337e-03
2.252558699642427751e-03
2.302653592493867762e-03
2.179142020695501534e-03
2.327919992378539495e-03
2.409663201882412085e-03
2.032505923007709749e-03
2.387315008341841203e-03
2.263951293022739043e-03
2.109862352178895530e-03
2.246838536136190698e-03
2.085370833535065641e-03
2.207222272851459312e-03
2.157341681497774132e-03
2.335651883420017481e-03
2.015758252968788584e-03
2.309096909127074469e-03
2.173144325470145310e-03
2.253055959291349383e-03
2.074896690648191100e-03
1.971266181173715517e-03
1.928372288982231836e-03
2.055765383946379227e-03
2.264423976294936171e-03
2.109947037569837903e-03
2.050409862939860627e-03
2.134749483133393990e-03
1.911506933609411667e-03
1.984356522572345693e-03
2.289020342364638059e-03
2.180872145943851120e-03
2.340554175318958902e-03
2.093876342484586855e-03
2.038869509586975059e-03
2.113015056944970646e-03
1.930919539925804711e-03
2.392087617986201047e-03
2.067459478925589948e-03
2.164070370324309121e-03
2.134077133822358859e-03
2.118584342055467463e-03
1.987199829804045612e-03
2.201624943556002544e-03
2.325927197479001670e-03
1.945113496636369232e-03
2.110200771679210125e-03
2.004107910288497989e-03
2.096322477524558813e-03
2.282033774204713945e-03
2.031660928137887529e-03
2.297478691006974230e-03
2.047471635630526872e-03
2.197622391211518245e-03
2.024485896679405986e-03
1.985441321952409292e-03
2.288537976059783988e-03
2.164287327639654538e-03
1.911680130223535100e-03
2.336901802975634938e-03
2.164824474422751173e-03
2.222326096610582110e-03
1.999214550683059075e-03
2.089689289813296234e-03
2.173271253338823067e-03
2.406541247833411667e-03
2.010073994432197853e-03
1.913390953039286000e-03
2.123461518746718422e-03
2.029302415408296492e-03
2.179369185054247544e-03
2.013887151568995431e-03
2.230855029711946783e-03
2.024446308122823755e-03
2.040705484631270307e-03
2.079538810027759411e-03
2.029338863079119780e-03
2.375761453977050502e-03
2.050056553493200245e-03
2.226686308556892133e-03
2.266527997216698492e-03
1.949842195354649366e-03
2.026326703584017605e-03
2.245441182289137708e-03
2.246997689156824199e-03
2.125169454765105451e-03
2.211207865155350328e-03
2.311149379503683876e-03
1.938398627638500231e-03
2.080316048085323940e-03
1.990536111286672800e-03
2.195167336881837135e-03
1.960989404786351361e-03
2.062510312574149761e-03
2.079844757065944620e-03
2.191349199333504551e-03
2.075691748269006386e-03
2.109689335425359025e-03
2.004233059359628553e-03
2.017213354777717092e-03
2.288814837432527963e-03
2.103354607491277322e-03
2.143633924984768291e-03
2.005617490153837994e-03
2.161638762114570685e-03
2.235609406720397326e-03
1.995739885712558698e-03
2.055092750026121622e-03
1.942819233724447057e-03
2.126867330848021022e-03
2.476806883835408306e-03
2.228593622988276918e-03
1.967190248363044278e-03
1.945700176042972811e-03
2.121962669116594404e-03
2.071378668117714386e-03
2.215196671306787074e-03
1.898069775324428849e-03
1.943681014919121331e-03
2.030975710074458835e-03
1.989064126508806058e-03
2.031021433423891437e-03
2.188463719684910491e-03
2.275231052128101270e-03
2.117634032073570545e-03
2.238664519944992028e-03
1.917194858340608328e-03
2.051173509928805663e-03
2.172581643772219379e-03
2.138303554655577796e-03
1.918789683280787374e-03
1.995615219128285892e-03
1.892698472012161294e-03
1.776081048495494179e-03
2.017341664687754676e-03
2.234898529705284763e-03
1.981739020398114778e-03
2.064133694491287075e-03
2.162575579212986515e-03
2.450999650491503690e-03
2.032276634080727555e-03
2.251439947827999725e-03
2.068910704163847650e-03
1.837472439620132982e-03
1.963019910328143037e-03
1.983874748387504366e-03
1.966800889471717519e-03
2.049007647883710481e-03
1.934818284035169341e-03
1.872814509348101229e-03
2.301029094595135986e-03
2.088386783432599845e-03
2.114349690772553483e-03
2.288422043182828866e-03
2.063522483855218404e-03
2.079654712104041757e-03
2.131171861804877742e-03
2.146336629152348699e-03
1.815037522582490332e-03
1.903839201654812258e-03
2.155135859513841907e-03
2.014729318006389710e-03
2.024759478227583943e-03
1.973539299854346063e-03
2.343094245585192366e-03
2.233975228843568684e-03
2.017522287563892295e-03
2.100740429170382638e-03
2.057059160791744907e-03
2.198673630715786836e-03
2.086604917178306543e-03
2.222986253037844730e-03
2.237913198546173654e-03
2.062684301510445475e-03
1.930312195314608237e-03
2.374776631458593631e-03
2.283946678072109986e-03
1.824953035985748271e-03
2.110135059765292503e-03
1.970668664842739528e-03
2.032421539704380980e-03
2.146325874551172075e-03
2.053352307522283288e-03
2.154948232877103298e-03
2.023890479791275697e-03
1.965141970973046000e-03
1.994280586604924976e-03
1.979208758438843509e-03
2.121366184631173595e-03
2.108003561249956453e-03
2.230636896440877509e-03
2.394988535735078500e-03
1.949444242768032937e-03
1.981442061088529126e-03
1.916863460526445091e-03
2.113723065320265333e-03
2.085888998451949743e-03
2.432530603566658046e-03
2.170250099545681897e-03
2.122846825250565648e-03
1.958884386019367659e-03
2.189640086911266020e-03
2.015217970048646147e-03
1.996809618712091974e-03
2.135414642698781323e-03
2.191983164664914729e-03
1.956163885195926887e-03
2.053533115015380647e-03
1.904961638404223303e-03
1.995508936369855789e-03
2.047904506914884765e-03
1.828452231988159093e-03
2.230906082748826402e-03
2.093920602600006769e-03
1.997460988011957352e-03
1.941605547551896512e-03
2.149278003362476222e-03
1.959676564529378578e-03
2.127713437418357872e-03
1.932466066523015049e-03
2.154879417025452968e-03
2.026377886460528025e-03
2.116907257842458225e-03
1.887655336057838477e-03
1.925117680563474994e-03
2.079330313934628621e-03
1.898759235515347105e-03
1.958068970228248745e-03
2.356297770832591586e-03
2.077776975312450522e-03
2.125367351850702621e-03
2.007907075372604173e-03
2.222771282502743542e-03
2.037417150915441736e-03
2.152509970751855569e-03
2.034744702857691108e-03
2.226264179565176464e-03
2.041461870192200472e-03
2.246096943399445312e-03
2.112433909415678546e-03
2.133858087459085742e-03
2.158332567348810946e-03
1.907065022523287377e-03
2.250273112492019723e-03
2.177410054933056217e-03
2.014286136942614915e-03
2.151157281288623366e-03
1.926731335836603422e-03
2.455047523497569644e-03
2.132205956285516783e-03
2.124562326514581843e-03
2.077050729992711234e-03
2.241086038013151427e-03
2.049327865297415410e-03
1.816472408310852542e-03
1.713108382719791050e-03
2.032794667297574930e-03
2.083403607877445159e-03
2.015046427494240899e-03
2.128321328086562551e-03
2.231707959662597093e-03
2.081767721429030656e-03
1.933189490481390183e-03
2.089996980287280818e-03
2.106444248973219496e-03
1.990914301650964502e-03
2.081160554127355414e-03
1.871602857370894320e-03
2.106295432253624603e-03
2.287257903232179593e-03
2.153392253956757599e-03
1.969017899535493391e-03
2.072271152848146128e-03
2.104179259340490347e-03
2.267907866750176835e-03
1.945418260890142579e-03
2.127807242551008581e-03
1.958216299781757180e-03
1.982126726432515557e-03
2.005210733608205759e-03
2.065361869257259422e-03
2.023508173664590338e-03
2.122536332504206848e-03
1.719066636483424122e-03
1.905631509900613781e-03
2.014624846588063990e-03
2.118316340007126482e-03
2.130562589349446322e-03
1.875731637043208605e-03
1.936231033019912822e-03
2.176092227587044826e-03
2.170199866730471074e-03
1.859621382512085912e-03
2.044754625424820196e-03
2.053168213559302801e-03
1.935763461057526209e-03
2.169579047797187254e-03
2.084194567487806897e-03
1.935896280142821585e-03
2.144143512548540766e-03
2.318405570896865751e-03
1.998049440230343938e-03
2.041812416394134504e-03
2.336517998566752918e-03
2.130538180887015832e-03
2.275634368921567244e-03
2.094007546107360881e-03
2.045201762983935977e-03
2.279932162225365658e-03
1.964409896618702755e-03
2.074779552064953334e-03
2.035568920276917791e-03
2.295655834218279703e-03
2.248304823773153438e-03
1.997194556787692220e-03
1.787862045470101731e-03
2.255404831930745129e-03
2.154352747810872257e-03
1.869090033738104008e-03
1.865578927662796304e-03
2.065998416077190376e-03
2.171867164814555735e-03
1.981704077618953730e-03
2.120396244265377109e-03
2.143877857474811837e-03
2.206920596123752593e-03
2.274046048350708039e-03
2.411149411439667944e-03
2.021547894916134961e-03
2.272258499023286759e-03
2.077753957913677525e-03
1.869395716723255656e-03
2.067917492128955488e-03
1.905063199565719661e-03
2.113494277441588850e-03
1.941762362021844015e-03
1.984777552843805526e-03
2.011002130007833073e-03
1.834856080552959212e-03
1.915472667896762080e-03
1.877864608366458261e-03
1.922805714697037316e-03
1.872974944190453810e-03
2.063860417698982434e-03
1.997632037045682114e-03
1.969954125180467010e-03
2.074392700826844030e-03
1.863624087222681908e-03
2.168038595777839559e-03
2.116379843852195415e-03
2.145588082657975872e-03
1.915106148794140607e-03
2.011574396757855217e-03
1.967783816060093057e-03
1.892307589540967016e-03
2.026837055541930513e-03
1.923710798796485688e-03
2.127960175882527213e-03
2.104239616964214028e-03
1.884588517413579405e-03
1.997186278279321214e-03
1.779548127482607090e-03
1.936948677566557734e-03
2.095013671769836543e-03
2.215335586901286385e-03
1.872121502028151717e-03
2.000935980201483042e-03
2.351495595517681496e-03
2.133048558687117204e-03
2.246341335796791638e-03
2.175641556635306284e-03
2.266895915035518384e-03
2.087656273226138129e-03
1.917828152221445629e-03
1.916386630878281214e-03
2.134534781753135314e-03
1.991495783059813417e-03
2.019558447618547987e-03
2.034532071187467733e-03
2.047070748179903674e-03
1.913006525419988849e-03
2.069458458890602748e-03
2.106791431518056749e-03
1.991094818382397984e-03
2.015589110745815218e-03
1.958362536855692664e-03
2.066789319749264258e-03
1.753279034776828501e-03
2.130824174997941398e-03
1.982852584751072875e-03
1.921214454097885244e-03
2.225483717100725043e-03
2.103668611405044592e-03
2.094495606552415536e-03
1.841522756931117779e-03
2.013575743889457065e-03
1.993505085810938667e-03
2.005813609742971779e-03
2.000022927883894457e-03
2.069465264819115788e-03
1.985529809097949863e-03
1.967166364429462529e-03
2.159453393871925940e-03
1.794649468571370664e-03
2.159928264697861047e-03
1.957834062227146489e-03
2.196235437402688229e-03
2.076624890122438435e-03
1.975031006485285321e-03
1.987403539266591884e-03
2.073209891138221277e-03
2.165290395585122655e-03
1.895453252812916503e-03
1.911168702708826222e-03
1.985997141746920821e-03
2.006699266095997476e-03
2.223035736990502421e-03
1.925576263353227053e-03
1.804934935092258191e-03
2.032346841612945980e-03
2.061150934883875484e-03
2.086746903059969252e-03
2.142883886410012172e-03
1.870349550614957158e-03
2.065124964930388843e-03
1.838514346193989568e-03
1.905962000450113665e-03
2.102163719585273521e-03
2.358682225731524584e-03
2.167199722819993825e-03
2.023074774169617875e-03
1.946702604313280431e-03
2.324289692751731196e-03
2.117089897901512207e-03
2.195728549021864085e-03
2.097579711632126948e-03
2.056497875821123103e-03
2.029753233440466202e-03
2.161938587572389148e-03
2.217791306711445944e-03
2.131588106590910810e-03
1.946186693400715458e-03
1.958023275423982808e-03
2.041475437989056542e-03
2.056492243220929550e-03
2.077630248283752513e-03
2.199050161158968685e-03
2.177861118947527728e-03
2.022186241777532926e-03
1.986916313076819707e-03
2.058970081669328663e-03
2.144650021929856484e-03
1.842996987670480081e-03
1.971924315076968321e-03
1.967947357233297903e-03
1.989211672139981537e-03
2.271080024512279333e-03
2.294321304740304813e-03
1.897360403703064746e-03
2.095702527575733169e-03
1.868445504132878066e-03
1.971701927815946651e-03
1.887892035500417448e-03
2.133339094380418566e-03
1.928671065674779708e-03
2.128722321565247513e-03
1.884362314730364486e-03
2.156879844967922021e-03
2.000597922652873600e-03
2.106423462638665721e-03
2.121756440168199882e-03
2.107740454046028947e-03
2.236034492364713695e-03
1.977662494156168065e-03
2.068209728296867798e-03
2.129534625507550471e-03
2.122266250901082719e-03
2.078421797990955434e-03
1.949336880685064669e-03
1.822960716229846904e-03
1.960529583826241175e-03
2.167825552563451552e-03
1.886977965598858002e-03
2.073546679204723610e-03
1.776824192598363238e-03
2.077316661988912530e-03
1.929801448850883847e-03
2.135944466385555039e-03
2.061930846596686431e-03
2.054248847545642447e-03
2.096449609382342125e-03
2.078425145251974575e-03
1.868177328936188562e-03
1.890464329878882143e-03
2.118547643722492116e-03
2.043668089519352655e-03
1.991817502491214330e-03
1.796357784544173929e-03
2.269436595945562539e-03
1.986684597169549333e-03
1.937335292151299345e-03
2.089295314547726969e-03
2.043341499357815682e-03
2.078852919932320381e-03
1.891186612027620853e-03
1.934534881307772109e-03
1.976949737358193147e-03
1.891707050917208885e-03
1.948033656044194286e-03
2.169279803228577486e-03
1.903970961131808311e-03
2.128816968228000334e-03
1.866024662506019643e-03
2.024738204277053057e-03
1.791324473010904705e-03
1.989359540346349702e-03
2.035867443261579583e-03
2.042218252496607548e-03
2.111990902053896644e-03
2.039870426607153300e-03
2.056751352924959548e-03
1.945679102320309849e-03
1.790668664639965928e-03
1.919174742440870121e-03
1.956964891657934393e-03
2.001290443745138477e-03
1.881922956797804679e-03
2.205566213476417917e-03
1.805837503421054433e-03
2.014301410147075616e-03
1.859306122095254286e-03
2.068800727349045555e-03
1.981064197465982196e-03
2.119171766637472244e-03
2.200278093332270687e-03
1.900331915366227590e-03
1.976362194077853351e-03
2.041372550448983768e-03
1.900172807351268624e-03
1.925715387778266681e-03
2.028041823284524713e-03
1.828823918098754827e-03
1.939637326560145593e-03
2.049575295349688811e-03
1.887338597813977698e-03
1.977815403932656809e-03
1.860683549568579358e-03
2.041281132131824404e-03
2.179967455137143354e-03
1.831764887677247077e-03
1.913311357021421763e-03
2.060462929655014312e-03
1.997314863588133330e-03
1.978260227677667432e-03
2.010797383135979038e-03
1.795130955032030705e-03
1.933340408122687743e-03
2.024204676747724634e-03
2.012630747005357372e-03
2.202567891231351632e-03
2.103627252434807273e-03
1.877623512305579391e-03
2.164864428924067555e-03
2.049084719286288145e-03
2.162833083233976425e-03
2.084513160101366704e-03
1.950221686477807788e-03
2.074712147304257157e-03
1.816679785531940573e-03
1.923320292037337519e-03
1.821467877740376266e-03
1.931260816941265468e-03
1.905490495032567807e-03
1.881579563939934007e-03
1.956009959720328255e-03
1.803359509915076564e-03
1.914955110487747292e-03
1.868255933772155607e-03
2.304191445433153608e-03
1.834161977842969525e-03
1.957393813517404029e-03
2.064008847199454242e-03
1.873359656761796645e-03
1.888564225641209621e-03
1.721413252669817991e-03
1.944136231563571007e-03
2.077760570235882061e-03
1.953886177678481034e-03
1.894811094384000333e-03
2.319832064026729201e-03
1.781140470118074094e-03
1.861615544338634989e-03
1.780105197057940854e-03
1.911974799746842630e-03
2.004002217743826829e-03
2.022299170859531356e-03
1.846277980815770083e-03
1.877940076935536102e-03
1.928939320187558065e-03
1.839530071376462928e-03
1.883121540994307699e-03
1.668976576495647627e-03
1.861453752404384565e-03
1.892356089179067762e-03
2.035706966739705623e-03
1.957677917393728807e-03
1.968172061617249734e-03
1.935266896761594392e-03
1.866652448095178479e-03
2.037925752917573233e-03
2.052900457874558444e-03
1.934574507258261106e-03
1.985090263402272334e-03
1.866993540452471139e-03
1.913845115000428624e-03
2.155633215126111918e-03
2.112820919129072394e-03
2.031626761122775834e-03
1.976461509758255675e-03
1.857472187462759494e-03
1.868636932040014520e-03
2.104317857611350071e-03
2.002745276483437059e-03
1.854085625981867578e-03
2.088267576951713389e-03
1.960155009803273528e-03
1.895788876575657794e-03
1.992430999723284954e-03
1.987636822536390652e-03
1.884297961140069932e-03
1.861073885702687822e-03
1.969599064846135669e-03
1.836743460583713586e-03
1.890059864211959730e-03
1.799786280594057805e-03
1.970118404565571885e-03
1.955733844637954928e-03
2.156013065912574037e-03
2.005712854321404191e-03
1.822361680779291653e-03
1.824323596910986008e-03
2.120641638893645819e-03
2.110750633656476895e-03
2.291811130875529099e-03
1.881567087020052844e-03
1.742974211973124382e-03
1.954341798199435865e-03
1.937941617196294822e-03
1.800448012949721222e-03
2.099734839180685680e-03
1.716010482520702665e-03
2.055448865314135967e-03
1.864341554527663416e-03
2.126617292850926585e-03
1.847954540935666879e-03
1.949649068309133870e-03
2.067090546722892379e-03
1.889392217858955857e-03
1.783235558228970846e-03
1.989023167802823205e-03
1.902097965722246908e-03
1.946473815946735304e-03
2.242801426219267341e-03
1.989016917266981255e-03
1.954728965467620542e-03
2.010449327915665198e-03
1.939573531020306277e-03
1.833926335664019195e-03
1.962710178498913889e-03
1.943472842284934415e-03
1.922367467345662733e-03
1.888188997129501860e-03
2.103868740790063030e-03
1.833756423781880002e-03
1.894786009002630105e-03
1.814402387122985693e-03
1.946328659245511470e-03
2.098900876164685840e-03
1.874352692433107516e-03
1.904192873393905673e-03
2.118497401565140950e-03
2.127920612293812599e-03
1.911914133956729191e-03
2.027293833583744022e-03
1.850010153597653716e-03
1.981837858211211913e-03
1.998331672483328898e-03
1.946376054367178823e-03
2.013978552358979771e-03
1.978268008790021702e-03
2.035982319739199943e-03
2.056808095545314963e-03
2.206582907703021589e-03
1.790358270137156708e-03
1.966578754739184420e-03
1.815730214846080371e-03
1.773821583933989782e-03
1.852324736123922913e-03
2.113321524100157407e-03
2.056612538540213489e-03
1.834955572090097610e-03
1.978417333069090213e-03
1.837497609473184379e-03
1.949930205783963547e-03
1.887853773498589932e-03
1.946904456728749391e-03
1.935584317891970952e-03
2.059722909585071267e-03
2.028064113048804254e-03
1.876687545267359189e-03
2.012082265501351046e-03
1.805154748468695662e-03
2.171750324653901054e-03
1.851507017644917277e-03
2.125962645967717588e-03
1.948029337396544073e-03
1.848834445501081492e-03
1.850048017815679024e-03
2.197419256604055647e-03
2.095443704431077490e-03
1.838441641729178164e-03
2.055604217983213883e-03
2.012824379422854110e-03
1.797684917945693980e-03
2.033446537080333284e-03
2.035628137691588430e-03
1.769143402365448833e-03
2.145536556195555295e-03
1.986674750981656974e-03
