1.817924707487136166e-02
1.808618216298168296e-02
1.811402860784377261e-02
1.811998663530177411e-02
1.814912435315367903e-02
1.810153221553571778e-02
1.811384366475149096e-02
1.810317298045112377e-02
1.807563114780637997e-02
1.797885366344046873e-02
1.804211111634887107e-02
1.803855030140742721e-02
1.805921447093536067e-02
1.804323764961512228e-02
1.798012284122348786e-02
1.797467215048171446e-02
1.796938643869621516e-02
1.803693178953258425e-02
1.796006896310473056e-02
1.799943867860984842e-02
1.797247514572652971e-02
1.791925185259435338e-02
1.795126707855583884e-02
1.794872177782667888e-02
1.792860496475198046e-02
1.782645955067583068e-02
1.792874942327334770e-02
1.788280358206655041e-02
1.780251090770050559e-02
1.785203110899652446e-02
1.786197144324772057e-02
1.783786163987424733e-02
1.789459269055039894e-02
1.787381461635959706e-02
1.775234875374467891e-02
1.783319898446461896e-02
1.783541945436550868e-02
1.788031018527850083e-02
1.780141558375469488e-02
1.779955511705999874e-02
1.777145882405128940e-02
1.774368953173886820e-02
1.784042773510840368e-02
1.780834576255434579e-02
1.779919760013152358e-02
1.778835078725435337e-02
1.777082359457536620e-02
1.779784753188776852e-02
1.779329077500354378e-02
1.781305825166505652e-02
1.775168857283461465e-02
1.785109645354134023e-02
1.776954641448153308e-02
1.774289985178564844e-02
1.772845356817889101e-02
1.772244249198766039e-02
1.776165483293660682e-02
1.770275643194898704e-02
1.776645152419526613e-02
1.779295235813458873e-02
1.774318688697245489e-02
1.774559545106405012e-02
1.776057781999210508e-02
1.778528304465614579e-02
1.771524392941492901e-02
1.770008709718179363e-02
1.768147483227062305e-02
1.770843346010633410e-02
1.769955712724377919e-02
1.779068972467701473e-02
1.775581897911344964e-02
1.765823750428756680e-02
1.768561672936289422e-02
1.770377583994332468e-02
1.770630193162564189e-02
1.779712944787662302e-02
1.769568716035523417e-02
1.770355156623916112e-02
1.775313024583584712e-02
1.765109548326318847e-02
1.776009476864150172e-02
1.783241398396839122e-02
1.771299343274624835e-02
1.777907032942909263e-02
1.769533065355127430e-02
1.771389483177083710e-02
1.769841043487799595e-02
1.771724312720375158e-02
1.780909236325872724e-02
1.768668102104358625e-02
1.773438286724677085e-02
1.778702047171489345e-02
1.769250390329624167e-02
1.766983491721181229e-02
1.775311790328552505e-02
1.771327774820175352e-02
1.767873230148718847e-02
1.774893294809506972e-02
1.773018108478847249e-02
1.774741118215785590e-02
1.773568717749342966e-02
1.770081274718020639e-02
1.767968962238565186e-02
1.769116817869509015e-02
1.771272264723762480e-02
1.767511179019871925e-02
1.773192140465921704e-02
1.768297108171643095e-02
1.775077934908963692e-02
1.767242572293083874e-02
1.772026633211773450e-02
1.763907842108813212e-02
1.772768970455026669e-02
1.771174364469624285e-02
1.769935569767106323e-02
1.767743140478156977e-02
1.767231705985983226e-02
1.764378618474652521e-02
1.771145900998210773e-02
1.771676911493400355e-02
1.763946036755117963e-02
1.766576646651846216e-02
1.765887263558223175e-02
1.768838789061183761e-02
1.768070756113810857e-02
1.766025721429595463e-02
1.768105197248542870e-02
1.767591099164816937e-02
1.769524199147070806e-02
1.764043963855991062e-02
1.767484402128299131e-02
1.751659513490617590e-02
1.764999717776884539e-02
1.762558712565074140e-02
1.770627136510022001e-02
1.762793626409803541e-02
1.767290237248763524e-02
1.764510953269207705e-02
1.762810343420749201e-02
1.771268239172027817e-02
1.760684046372327366e-02
1.765644298086893257e-02
1.761844340086183083e-02
1.764382400331344219e-02
1.768077535556188823e-02
1.766940086153378706e-02
1.763163206023397531e-02
1.757003615930320672e-02
1.754445218198980722e-02
1.762435634954166372e-02
1.761311218961501834e-02
1.766036575452576210e-02
1.766589167647515321e-02
1.762884069329609393e-02
1.764911382953108371e-02
1.759627052608093295e-02
1.755912930002176062e-02
1.757458819873138761e-02
1.756488004827204408e-02
1.754206721772523167e-02
1.752687532194601577e-02
1.755695351592053560e-02
1.761099776006899709e-02
1.752456720673682689e-02
1.757017773755528353e-02
1.753828225387595724e-02
1.753336268913289336e-02
1.752656044740666733e-02
1.757849011235128669e-02
1.755270601203421169e-02
1.749316530687336849e-02
1.754227185194141142e-02
1.751859132305448249e-02
1.750037524521656437e-02
1.749306990011430946e-02
1.751121582888400321e-02
1.752423081393744003e-02
1.752766650555765207e-02
1.753973678322068644e-02
1.751280348377871887e-02
1.748771537837838161e-02
1.747349067151049429e-02
1.752364842292550295e-02
1.752888765072219482e-02
1.753317066112045769e-02
1.757796163996913630e-02
1.751113377341177030e-02
1.737905555354677528e-02
1.743820956222134552e-02
1.738852372429358986e-02
1.745655141863861753e-02
1.747028496365777769e-02
1.740968540853172000e-02
1.746701220765024126e-02
1.748430862992764873e-02
1.747821524184996894e-02
1.743222427214273507e-02
1.749673309195216159e-02
1.734823952943001166e-02
1.745897359676231234e-02
1.743448399350047348e-02
1.741822509026077007e-02
1.746717869038391657e-02
1.741680656199118965e-02
1.729046710271140569e-02
1.739617128601648327e-02
1.736611760044330655e-02
1.738676556761282327e-02
1.742326458927775240e-02
1.737174104130514291e-02
1.735508567602858307e-02
1.726237822660961138e-02
1.732835509735525248e-02
1.734704181512071799e-02
1.727844341881619103e-02
1.728439612275366882e-02
1.722507890984561682e-02
1.728673829048121835e-02
1.724963099071558786e-02
1.721782931098203573e-02
1.722913955964260405e-02
1.724560072029677690e-02
1.727715525129013691e-02
1.720040034749262606e-02
1.722466181276254699e-02
1.710852653207182300e-02
1.715469614719766084e-02
1.716314347337811672e-02
1.712236900163033315e-02
1.703033279020096241e-02
1.718405377099483516e-02
1.715108043105221733e-02
1.707928245272080300e-02
1.700433130355662181e-02
1.704037772479107676e-02
1.704995692703617158e-02
1.698993304569591106e-02
1.703173660304967835e-02
1.686383374539861604e-02
1.687946310974703865e-02
1.692144345595351235e-02
1.683910896904827065e-02
1.689116113019805895e-02
1.684408198578622035e-02
1.686339791830275200e-02
1.685951806742050710e-02
1.672047834499361743e-02
1.671367737769893780e-02
1.671557295498257711e-02
1.673712307015128367e-02
1.676967394323825369e-02
1.665577092823817759e-02
1.668488917005783029e-02
1.669828422829278819e-02
1.654262398078818960e-02
1.650997873510261921e-02
1.663427792019862850e-02
1.646467021202124847e-02
1.658025536247002829e-02
1.643742082643707275e-02
1.649518560706253467e-02
1.639126062490138883e-02
1.642178606722179135e-02
1.643633047362714344e-02
1.638409009370762545e-02
1.636348069772061709e-02
1.622572838140256754e-02
1.626100778178371856e-02
1.618665128071524253e-02
1.634089593686412212e-02
1.610902728782325280e-02
1.607824603552219719e-02
1.616930939074422841e-02
1.614638549824618310e-02
1.614613906291802181e-02
1.606472917155142219e-02
1.609314108015613351e-02
1.605241638428949250e-02
1.605230446186364096e-02
1.596032365280559279e-02
1.601475333061019510e-02
1.607031544677369958e-02
1.587037195795273567e-02
1.581469444805067362e-02
1.592950314838177325e-02
1.585211631837597085e-02
1.587490690066790597e-02
1.564121620511616309e-02
1.569540139963237005e-02
1.569988083098535631e-02
1.575923348714473177e-02
1.576025173101160484e-02
1.568907575616711181e-02
1.566977494757473138e-02
1.564800187465344855e-02
1.559624892003246693e-02
1.556344148801673544e-02
1.558593876050358776e-02
1.545815116848953119e-02
1.547787604936945102e-02
1.547792697588633651e-02
1.548142661511757445e-02
1.540394612599187661e-02
1.538208856415080109e-02
1.532146470963326526e-02
1.536315498230218443e-02
1.532658183835090837e-02
1.534476021315353371e-02
1.522816297211061765e-02
1.520510297496909663e-02
1.534306310023262135e-02
1.516160799837000007e-02
1.509918137317310151e-02
1.512012354356260559e-02
1.503422343526516353e-02
1.527514946865862755e-02
1.503163674354621344e-02
1.501398414075428081e-02
1.507624193103098732e-02
1.494056349993980529e-02
1.501216035136417395e-02
1.481795402216544780e-02
1.498937581598764821e-02
1.493421869817183542e-02
1.490279681945232311e-02
1.498161003370043765e-02
1.474478358756178137e-02
1.483703238117836318e-02
1.480995875022502427e-02
1.466295729850551101e-02
1.466968956786152134e-02
1.473943458667965715e-02
1.469535756041289581e-02
1.471313634806075549e-02
1.475490046845618144e-02
1.464347010947656021e-02
1.451943928780749515e-02
1.463991093668155254e-02
1.468427869307297774e-02
1.447420089537357346e-02
1.459531680360566346e-02
1.431483838591129931e-02
1.447267540882608318e-02
1.436494278527921872e-02
1.448446330312636032e-02
1.440813976727880336e-02
1.431370344242432688e-02
1.434181594333389272e-02
1.457415598588627896e-02
1.440787186450472220e-02
1.423172150164846161e-02
1.423269927632496434e-02
1.422688583940440177e-02
1.410733001170392555e-02
1.408577450203445103e-02
1.423639449135306184e-02
1.421433075169636039e-02
1.400663013575517528e-02
1.401876482116445194e-02
1.404430330033253418e-02
1.399345283849582483e-02
1.404510952247691943e-02
1.417821038028649512e-02
1.396938980540864822e-02
1.422054829593900546e-02
1.407436519152725253e-02
1.401874721797335618e-02
1.400168600058985906e-02
1.399054264288185877e-02
1.388861274675647420e-02
1.398046078154837127e-02
1.398619387572425272e-02
1.383681029718750177e-02
1.390525604800460849e-02
1.381577228475707082e-02
1.378338054460340190e-02
1.370939634643813382e-02
1.368049038423784468e-02
1.377489508164375653e-02
1.368134681906826855e-02
1.377525026088934935e-02
1.371710064979440175e-02
1.375215083878221153e-02
1.370159933061267273e-02
1.368286020295789336e-02
1.373520251503925101e-02
1.365127989178802070e-02
1.376986214036841037e-02
1.353519263404974991e-02
1.356115159754678681e-02
1.367460099066612755e-02
1.363246326046113968e-02
1.356412273617278383e-02
1.368620632364612837e-02
1.353391298673252419e-02
1.342304561959806880e-02
1.339321969471231853e-02
1.341385274396085688e-02
1.328959400598248540e-02
1.349254413719121887e-02
1.329920787390878253e-02
1.339284488552108451e-02
1.333783321032591847e-02
1.326656335933655909e-02
1.340962620085730389e-02
1.328214493430876844e-02
1.336306575557316689e-02
1.317928533579444672e-02
1.321828458707214639e-02
1.323223877742749424e-02
1.323083974373754496e-02
1.325138797557614927e-02
1.316385683724360586e-02
1.330330384678215377e-02
1.317557818669615882e-02
1.319161494945308641e-02
1.321771728402534526e-02
1.309844815574207066e-02
1.319713018122327906e-02
1.304495608645961889e-02
1.315741659183368786e-02
1.306191837924176868e-02
1.321733471729918952e-02
1.291372696917142404e-02
1.306411824130202307e-02
1.281839542635565890e-02
1.296589519565909468e-02
1.289543987628083074e-02
1.299500503093243588e-02
1.272419601385206891e-02
1.296047877539880863e-02
1.300798801136364945e-02
1.284142144326331884e-02
1.271569165864347081e-02
1.287806916361150869e-02
1.282776061833377015e-02
1.282724869903903789e-02
1.288005565955124831e-02
1.265987045130074519e-02
1.280873291366964838e-02
1.271708958222004561e-02
1.283668631450739749e-02
1.272498599528673786e-02
1.290237282554199116e-02
1.267370169367897093e-02
1.285361991615753541e-02
1.250406778702597282e-02
1.262375940440999336e-02
1.275111709339579388e-02
1.259893784912243832e-02
1.251972175991571123e-02
1.248132230050900959e-02
1.257833013596716502e-02
1.250871261063793427e-02
1.260177197910908146e-02
1.241773074146964792e-02
1.251422985080848441e-02
1.238960004892786931e-02
1.264327803418083609e-02
1.258648299164840008e-02
1.235048523347991728e-02
1.247896345079988270e-02
1.249033587217788545e-02
1.254603907830264230e-02
1.230745353008811348e-02
1.233141264713855795e-02
1.244476130917235648e-02
1.224151502084957870e-02
1.245257135521981792e-02
1.245171418265128734e-02
1.240182067176078158e-02
1.224274676580092668e-02
1.235325314353138623e-02
1.223043686508539993e-02
1.226924316453222377e-02
1.231717598965872441e-02
1.225497381383993528e-02
1.241470532503118583e-02
1.238653816542503207e-02
1.229521532055511540e-02
1.224686131252811228e-02
1.239441355400021719e-02
1.226332547639119933e-02
1.227871038368005992e-02
1.208572881915164106e-02
1.230262600552562390e-02
1.214046756551435610e-02
1.216571894117826277e-02
1.222727197031725499e-02
1.212281403312016545e-02
1.230800056841955224e-02
1.194989600119250595e-02
1.204890306421827276e-02
1.214888405319020787e-02
1.209353765842916678e-02
1.208745658209228226e-02
1.199749517705773344e-02
1.206823395271013240e-02
1.192874035723460145e-02
1.196606432555123375e-02
1.202033405520348992e-02
1.212572811136582336e-02
1.211470607898190201e-02
1.192459799177224278e-02
1.189362162445456103e-02
1.199279997085622544e-02
1.185772241303288503e-02
1.194154705614787135e-02
1.181770804214025278e-02
1.184298476414372830e-02
1.209058001202282379e-02
1.192927239065960481e-02
1.198478957652548277e-02
1.200084935081924091e-02
1.171815600082362629e-02
1.183161414346321771e-02
1.187691271965114065e-02
1.187548889548816627e-02
1.187227989013690983e-02
1.173574682151090273e-02
1.151421826266787150e-02
1.176515649475194311e-02
1.162177114240729378e-02
1.181497389267232613e-02
1.175978745960488958e-02
1.179134222957174162e-02
1.154791650543529440e-02
1.182177858958479572e-02
1.180317609862096065e-02
1.174345624012106647e-02
1.173381187041968102e-02
1.192911102059511161e-02
1.167667722268498146e-02
1.171967217597115994e-02
1.171879440183325356e-02
1.178811755869048176e-02
1.171450289962169128e-02
1.166142875617230505e-02
1.161784556084528332e-02
1.166948827760338689e-02
1.161318951066645823e-02
1.179428749971955272e-02
1.159845608463098976e-02
1.174676985514286169e-02
1.180835055720826435e-02
1.151497333114519586e-02
1.173434708899292848e-02
1.152840681532316634e-02
1.166789324471322400e-02
1.149294225004965538e-02
1.168094609807157278e-02
1.157035356766867445e-02
1.174850268255410966e-02
1.162610947456390112e-02
1.156903759394638936e-02
1.153159616549685566e-02
1.156739165843311684e-02
1.167994518508337805e-02
1.143584176246558240e-02
1.144646321026352234e-02
1.143997825929806388e-02
1.132293031020029615e-02
1.131320621362835559e-02
1.123153363493959063e-02
1.149148964221182942e-02
1.159420551128142497e-02
1.140557094215811397e-02
1.148237051716879779e-02
1.146173973651698139e-02
1.156549133781027867e-02
1.141102929809613420e-02
1.145953763117665489e-02
1.149775833152770141e-02
1.135846848859601091e-02
1.126310770692840434e-02
1.146086743525929347e-02
1.149102821150490596e-02
1.146487808867598102e-02
1.140272199379578806e-02
1.132517887468445852e-02
1.139620528211160617e-02
1.129965449215962134e-02
1.152747705861752181e-02
1.142411064350939108e-02
1.122811835922600879e-02
1.127427893675124644e-02
1.125674122042846087e-02
1.125299731447390247e-02
1.133308014472165018e-02
1.115746274600149662e-02
1.121055542873931540e-02
1.129922948625196148e-02
1.125428186351793390e-02
1.130007620968124030e-02
1.125913785757097323e-02
1.141093047317940506e-02
1.137728701996770092e-02
1.121829116455031611e-02
1.115931935814742752e-02
1.113989151402510272e-02
1.122902122936602493e-02
1.115610496556475491e-02
1.135812517183521983e-02
1.108090694268884339e-02
1.105208589400810161e-02
1.107902220640497558e-02
1.117302513579650387e-02
1.122272540993163661e-02
1.104550677375745055e-02
1.124204073338624585e-02
1.117680856202685376e-02
1.113257762480327449e-02
1.088737375073698700e-02
1.128718828768512407e-02
1.120639929511137341e-02
1.102824235897182682e-02
1.086989056844801793e-02
1.109249348258424181e-02
1.131932239728146265e-02
1.112302001585937020e-02
1.114290558729439523e-02
1.117835667000387917e-02
1.118595757164996506e-02
1.117490713006727421e-02
1.113977282187645496e-02
1.110208887502021728e-02
1.097653780658197457e-02
1.096332423712026612e-02
1.104132690501963103e-02
1.079316215806978840e-02
1.099925187323664080e-02
1.117694237437341469e-02
1.110118571077424454e-02
1.100504298806466615e-02
1.101516697186177146e-02
1.090651957035983048e-02
1.110495705321536131e-02
1.099197274562096344e-02
1.096900012426758192e-02
1.085820915818838661e-02
1.092699728623362440e-02
1.086715474917720678e-02
1.114141798529107164e-02
1.083307749198463878e-02
1.083086485458528356e-02
1.098777230492794035e-02
1.105418441603970431e-02
1.103389192577457906e-02
1.108957248334579634e-02
1.102819511439132386e-02
1.085016716012281515e-02
1.052356050870221875e-02
1.104082641444431578e-02
1.080172058901021984e-02
1.074604144694157708e-02
1.099136690297768115e-02
1.088532377464544558e-02
1.086633500271162560e-02
1.100967893399337587e-02
1.091432604453131290e-02
1.098074327427361364e-02
1.100916697956413545e-02
1.062723112776230681e-02
1.079946286328687180e-02
1.075398111228568696e-02
1.089703128885870578e-02
1.092913293794903901e-02
1.068358541085691685e-02
1.065214197770269176e-02
1.089615488323041927e-02
1.071770719634066761e-02
1.086340006977001837e-02
1.083557672144874577e-02
1.084213586227907727e-02
1.058353362004819595e-02
1.060453048776796234e-02
1.059144364980222491e-02
1.057536435577566790e-02
1.065561262389147154e-02
1.076461843336338001e-02
1.080818192865466362e-02
1.073497285648887870e-02
1.088897837251360384e-02
1.065903917544573296e-02
1.074663775378345738e-02
1.063037440666877997e-02
1.083465963003488013e-02
1.075569405339376824e-02
1.066385833824246183e-02
1.076424800200235544e-02
1.068796677918287634e-02
1.074540560987419409e-02
1.051648065495646572e-02
1.067104824065064766e-02
1.073247648449719704e-02
1.041987779068096961e-02
1.061897522404216081e-02
1.060611090897212345e-02
1.036937025400877857e-02
1.051441063233954365e-02
1.058180379287116529e-02
1.060155874933797239e-02
1.061189790729569551e-02
1.064934176496807987e-02
1.062695042488152192e-02
1.049163305443621790e-02
1.049766271324523159e-02
1.060807824990859551e-02
1.069090882745248224e-02
1.041369521745677020e-02
1.066080351688959704e-02
1.064410653382546514e-02
1.050857439547316259e-02
1.045096813799972595e-02
1.030455513515672605e-02
1.061658690910319801e-02
1.055245319957211388e-02
1.065745488383777403e-02
1.023386507024265542e-02
1.041276367694873341e-02
1.035989610411437202e-02
1.039733046505099574e-02
1.048252224976273586e-02
1.047000466085925077e-02
1.056880369717020339e-02
1.031495298991970747e-02
1.033195531031284344e-02
1.036555229635962271e-02
1.028671897681736336e-02
1.024564874241953513e-02
1.040438252730169731e-02
1.052113737692071324e-02
1.023660215914207888e-02
1.030031519899833256e-02
1.043378206005871056e-02
1.032541002277883452e-02
1.058862246139726654e-02
1.029125787742960277e-02
1.041672448544937214e-02
1.024629434908228866e-02
1.034870943386802071e-02
1.031541024311539816e-02
1.040432340957777625e-02
1.052683220212323641e-02
1.036228070360054390e-02
1.012587230762795713e-02
1.041516659482873315e-02
1.045212859689532287e-02
1.036609560479003975e-02
1.021697395461168209e-02
1.022754173161968469e-02
1.034555085298195093e-02
1.031781116992426875e-02
1.019647095342301156e-02
1.010918764511999600e-02
1.023499523557703378e-02
1.023479700896067976e-02
1.034066821960248628e-02
1.012698251688831305e-02
1.013343004202710979e-02
1.028958101293096089e-02
1.015759938925125255e-02
1.029066725142115980e-02
1.034344466493974588e-02
1.013490007661197595e-02
1.000056147002872757e-02
1.013463428000940456e-02
1.025297853271308485e-02
1.027907502092890307e-02
1.021002260337678172e-02
9.953989732238009702e-03
9.885356118664853642e-03
1.008103492442602618e-02
1.027256048516861711e-02
1.005040872162392407e-02
1.006809842234987831e-02
9.980321703463862146e-03
9.862101554912773571e-03
1.025543920905703198e-02
1.001331345047536819e-02
1.010795464185027144e-02
1.004787770390752795e-02
9.930012235478413024e-03
1.015266722466748144e-02
9.978808787859397983e-03
9.771530472071077167e-03
9.864330943742271110e-03
9.970320523379891040e-03
9.789083412565601980e-03
1.023283695071251775e-02
9.691380913110359333e-03
1.005586937723618353e-02
1.000398806510143825e-02
1.010072913966458992e-02
1.005826357066015586e-02
1.003093803363702512e-02
9.945398002373810609e-03
9.857527270207552123e-03
9.871484980357659450e-03
9.692693431435278617e-03
9.908467369226490323e-03
