9.380580761118688382e-04
1.547784382839751836e-03
2.144272631780827325e-03
5.250566009927908886e-04
8.750544777148796995e-04
5.394024278333184926e-04
1.273459903415603616e-03
1.060391632323279829e-03
1.497175225177882745e-03
1.797646281888157747e-03
9.098063505241544982e-04
1.139141207414958671e-03
9.662734676289757131e-04
1.515565564921222616e-03
1.659093875311195860e-03
1.032595450153047951e-03
1.810963146684858773e-03
1.337622836463529851e-03
1.652136884627120267e-03
1.276207981108919490e-03
1.414577486272449369e-03
1.562569868051555530e-03
8.133200019949485575e-04
1.517609235981572016e-03
1.590923935743560275e-03
1.340404163218825292e-03
7.899311654608059821e-04
6.070290674486074952e-04
2.606952248644986165e-03
1.316342128928711533e-03
1.548770683823182635e-03
1.493166905172452165e-03
1.962221491549281851e-03
1.953597533844957882e-03
7.766983404103355903e-04
1.877139528642320565e-03
1.593213086510749527e-03
9.155789723256162974e-04
1.438822706021663633e-03
7.693894323350552230e-04
2.085530840044941964e-03
9.813753283816242356e-04
1.948515388894352541e-03
2.082229765408415145e-03
1.752164065192254871e-03
1.831846952660925879e-03
1.194915874406076361e-03
2.736964301472073801e-04
8.433977882532720785e-04
8.473846142612236629e-04
1.128511431997482502e-03
2.181712811743357142e-03
7.994206297775245228e-04
1.944753611146434694e-03
1.454124238624254686e-03
6.749229590886572346e-04
1.163811060007677485e-03
7.875954970464747089e-04
1.476556201130084555e-03
7.054741969324962317e-04
1.286896088536583493e-03
1.442914767003514089e-03
6.795605884562158899e-04
1.521970349178879914e-03
1.931147001460178144e-03
5.867890044982139713e-04
1.345040910286009151e-03
1.781592143732312972e-03
1.701606548116674049e-03
6.948176452388964098e-04
1.183837925204023504e-03
2.440732310227408143e-03
8.710563021337349582e-04
1.754725895275309130e-03
4.552619772399447724e-04
2.631238071304965124e-03
1.376149291130109508e-03
2.576945824567162136e-03
1.151105011728550780e-03
1.237738600433698800e-03
1.531247140525715100e-03
8.506610848735129005e-04
6.737413037667550758e-04
1.058395782623970140e-03
1.085176873421598263e-03
8.979739665324257530e-04
1.482020651143360060e-03
1.875984288689501369e-03
1.087219390051584727e-03
6.831853005561951651e-04
6.401458373183712726e-04
1.667052391494667661e-03
8.171768352974658227e-04
1.771235549505916808e-03
5.244050181605674826e-04
1.765174391829760474e-03
1.312011134938572549e-03
1.528693703252104576e-03
1.299138725006457242e-03
1.617933248089360905e-03
2.332713288066856541e-03
9.954679322177817976e-04
1.033321842406421335e-03
1.228106929898104558e-03
1.994904716807679220e-03
1.329927407614905650e-03
1.230830846257736661e-03
1.301408000693864012e-03
9.758060357282785863e-04
2.249624117360355790e-03
7.836293808543193153e-04
2.180477947190907415e-03
2.092399541162770840e-03
1.521787384746756296e-03
3.571963771376592098e-04
1.224406270075466263e-03
2.457023381681526682e-03
1.688217149726049370e-03
1.895947950844141527e-03
2.242507575875884226e-03
4.913919201776152960e-04
1.658435098014278538e-03
1.740272402255723478e-03
9.206228274323096901e-04
1.196822856139639598e-03
1.474742533172531105e-03
2.222447229326951317e-03
1.407018878817035534e-03
1.022752634734368183e-03
1.994197871054077028e-03
1.572108629912393959e-03
8.714716695822718627e-04
1.111670844809857853e-03
7.466532380712595464e-04
1.787461569176344465e-03
2.365729855219040126e-03
1.130864000373709832e-03
2.455571383985658083e-03
6.413413366775021999e-04
6.070374459959042117e-04
8.735841586430589251e-04
1.773374266154448178e-03
1.725388934708396629e-03
1.334293607665745698e-03
9.609987552887865004e-04
1.151623119616381526e-03
1.814665566645453244e-03
1.634686594890918205e-03
8.286220674225586343e-04
1.436910138786266344e-03
8.718511511066267617e-04
1.575790747213640011e-03
1.343537808598172694e-03
7.469146772255273910e-04
5.996067181068384568e-04
2.949340320802247561e-03
7.654900291153287099e-04
2.215267685110557626e-03
1.199454778137180096e-03
1.824212352559502611e-03
2.184870054699407111e-03
1.650487099123221744e-03
6.810915495465396643e-04
1.070021991931801664e-03
2.585869028709796881e-03
1.220392107463789868e-03
1.858246803038642774e-03
1.250285351857001719e-03
1.581872205280985795e-03
1.099712895295063214e-03
1.621967859614382263e-03
2.349793229894429208e-03
1.803109857950401483e-03
2.248165584128280787e-03
1.630193063681332826e-03
1.596621139268842877e-03
1.254456888595938515e-03
1.510422451991687547e-03
7.098217523223386690e-04
1.572056989424615000e-03
1.147790613597686861e-03
1.346678250543900321e-03
1.269681966117901109e-03
1.692723981845651801e-03
1.418439600075272530e-03
1.255142378612103798e-03
1.710561030159421817e-03
2.063244474896766111e-03
6.547601254433156734e-04
1.740310451290539998e-03
1.273291743234985455e-03
1.526256174564952911e-03
1.603539852672633851e-03
1.149505327199630556e-03
1.353282463527296546e-03
1.439758255258547989e-03
7.504183723162628728e-04
6.230229196946202508e-04
9.765048039315384195e-04
1.117141246725125887e-03
1.971184977020383824e-03
9.483232732060015982e-04
1.555945070345632949e-03
2.405183187272254969e-03
2.036503216622985012e-03
1.822952014698211911e-03
9.932471629233569337e-04
1.238290014570486491e-03
1.234021008793805821e-03
1.152378687653562257e-03
5.959883669715705223e-04
1.117674676477410037e-03
1.490018283174056107e-03
9.859801230839746692e-04
1.207376977525348449e-03
7.129032818843535069e-04
1.094914173069456336e-03
1.190633214203378745e-03
8.633597223583539719e-04
9.474417133275734801e-04
2.177679486350581409e-03
1.501989276360940441e-03
9.348636716444532401e-04
2.669086576799612181e-03
8.567413016243713691e-05
2.576709421276961176e-03
6.158617313226136779e-04
6.876804286764646350e-04
8.362919351672376675e-04
1.202099586063127157e-03
1.989667695128753688e-03
4.764223224403069850e-04
1.958195593466201777e-03
8.623409279052559554e-04
2.248895960293586724e-03
1.694884903503495561e-03
2.682873350522933277e-03
1.428248951590442529e-03
6.056862826327997877e-04
1.582101619003946228e-03
1.612551483313125244e-03
1.807897534899199302e-03
1.317834845586805586e-03
1.361216923293507132e-03
8.504844715427674904e-04
2.532796681870677028e-03
1.320108221986450447e-03
1.705339943927101356e-03
1.363048216360688647e-03
9.635211077704299021e-04
6.738436695888539059e-04
7.550386342801324079e-04
1.284071916280605553e-03
1.990308132704186710e-03
2.569466629891164686e-03
1.161694709207832660e-03
6.724336784574317868e-04
1.924822177371202222e-03
2.096279093858219311e-03
6.247850597207807184e-04
1.551859263211211341e-03
1.783172225449149769e-03
9.935812998429732583e-04
1.850100544228010669e-03
6.677621449581981356e-04
1.194127098203837545e-03
1.233069049383377644e-03
2.602722378309637544e-03
9.128759067396453398e-04
1.533621940050570141e-03
1.186493756100342762e-03
1.378445815872417646e-03
1.143436970072699531e-03
2.851658311648155170e-03
1.275143992937828380e-03
1.917471923941828880e-03
6.247492638789264863e-04
9.935257598698591860e-04
2.375680090554063619e-03
5.689132918639715686e-04
2.061760664985507786e-03
6.241075839081760895e-04
1.757140828244220521e-03
2.561870464554587886e-03
1.692016560417125863e-03
2.145594697762359410e-03
8.176492512165609450e-04
1.535551597437538043e-03
9.076620261277862931e-04
2.202711979173821444e-03
1.884743831895767906e-03
1.257531319179249754e-03
1.420597480639859082e-03
2.166600428522981719e-03
1.574620415146949686e-03
1.499086775016529420e-03
6.591664536602358801e-04
9.434152569078950966e-04
1.249660512494109310e-03
2.174326048582213202e-03
9.763750923114788028e-04
1.445359441141196933e-03
4.511815287863580595e-04
2.385644294748325706e-03
1.131734821102417087e-03
1.287443740746949117e-03
8.184632193285879117e-04
2.505629009140745121e-03
1.312498021392216390e-03
3.807423347234765781e-04
3.787161143226989556e-04
9.110995674958316439e-04
1.371216763856427951e-03
4.694138776901661645e-04
9.165227484055360214e-04
8.513576756703268317e-04
2.399363600861944678e-03
1.654513774012915644e-03
1.553212070280509055e-03
2.705224779814667697e-03
1.837703796106618338e-03
2.209067141560740882e-03
5.084668362914355772e-04
8.189749078513272997e-04
1.683910691510123736e-03
9.105076621880518577e-04
4.651511881840905086e-04
9.491994930885484707e-04
1.174971236711250776e-03
3.054126454379144876e-03
8.320175677996151592e-04
1.562322639673228552e-03
1.252153986464434217e-03
1.184445245437409444e-03
1.231731477570716495e-03
8.481025091219850142e-04
3.228533606450723417e-03
6.137193362881977927e-04
9.319642097114071719e-04
2.666007077301548161e-03
2.569959840409008576e-03
1.726888158923848898e-03
4.509371476806503650e-04
2.161263113302965607e-03
1.404961663495161084e-03
4.550727638815895977e-04
7.398770093352376653e-04
7.012254999805896810e-04
9.558640800569423663e-04
9.169987091302216975e-04
1.429750018945460032e-03
7.094559518150366211e-04
1.631492998254599871e-03
1.441024687107557217e-03
5.029553705804854858e-04
1.658056523757898146e-03
1.371524467709123651e-03
9.321731668367730286e-04
2.347556825508295177e-03
4.638027254359539586e-04
1.273766187790152963e-03
1.314283662203445582e-03
2.171326908783183154e-03
1.821791488228350015e-03
1.526302006812702743e-03
1.358642951750189259e-03
2.202200018877146885e-03
1.812141574276364062e-03
1.023857851016148806e-03
8.931185477505768121e-04
6.788866265748251918e-04
1.324654064038038957e-03
1.122353175607349388e-03
2.202879689420504227e-03
1.012261117949945794e-03
1.399744484803037634e-03
1.989562670131156570e-03
1.937599991885024337e-03
1.455518113890415374e-03
8.566895608746035937e-04
1.054103158761795838e-03
4.952209616944671083e-04
1.614647867856341566e-03
1.138724375961530167e-03
8.147042215198990744e-04
1.088632613109954701e-03
1.595119226830891404e-03
1.947359847294573331e-03
2.041042433991329275e-03
5.238270675894704086e-04
1.222461725780634801e-03
8.044342514825510680e-04
5.681102823980996221e-04
1.075541197114837861e-03
1.500006939667449879e-03
1.258187314411770077e-03
1.342290246694645937e-03
1.102242899880950377e-03
1.714361059321562169e-03
1.441909959747756428e-03
1.627311036733333598e-03
1.377036600585497452e-03
1.374364124837815747e-03
1.293039962784165277e-03
1.234621711174193302e-03
5.702828368008459273e-04
1.651253327082525223e-03
9.603421739389149088e-04
1.479004700450592619e-03
1.305187306055992586e-03
1.876697210571618172e-03
1.855061410163655290e-03
1.179302814187629771e-03
7.961960284562412610e-04
1.542284121786550999e-03
1.102872903779868836e-03
9.567496658240087857e-04
9.241372580709110007e-04
1.581575327050692946e-03
1.121668465092499380e-03
8.663354564413370705e-04
2.013890630252374112e-03
1.915227101544773273e-03
1.849268175302001913e-03
9.463867029134024125e-04
1.759334554889136360e-03
1.297435341269208417e-03
9.510166650409105282e-04
2.441570052671782846e-03
1.049922966489430542e-04
2.183692257884386687e-03
1.318057582258657170e-03
5.499213428307395818e-04
1.726459233973092920e-03
1.842524507854345715e-03
8.666970481036826443e-04
1.109256218668942849e-03
1.762623000748966048e-03
1.303106987375430388e-03
9.304505085125732875e-04
1.171766284853510004e-03
1.908504141919196984e-03
1.040389777195130589e-03
6.450323916581753199e-04
1.910073908262019176e-03
7.097966368088545145e-04
9.137534283463668444e-04
9.464495498896927312e-04
1.257289014568349541e-03
5.700312145683715656e-04
6.875657703248565364e-04
7.347037080290464870e-04
1.406959045737818858e-03
2.289596095567303282e-03
2.160064835683669568e-03
1.859241420196376584e-03
1.754252314090161630e-03
1.524892110439551298e-03
1.348655578323825930e-03
1.263091711573475747e-03
1.109860259826085400e-03
1.565587328544962948e-03
1.678465851583638754e-03
1.708905535282961114e-03
8.319782069999473841e-04
1.497909740062802666e-03
1.047073830492216591e-03
9.147619930041912904e-04
1.194381061710197284e-03
7.444485446133987426e-04
3.278964227492453792e-04
1.864528989187292903e-03
1.376981063110211279e-03
2.394946079162736056e-03
1.528827746123289201e-03
1.784870974518174740e-03
2.713769887145566200e-03
1.146818941265931703e-03
1.643079801718959430e-03
4.964358549258378458e-04
1.138893663450524099e-03
5.635943821490613627e-04
3.112534417279381321e-04
1.020035182285857064e-03
7.725848746062836513e-04
7.988286055796845050e-04
1.567774150741250505e-03
1.499241363700297642e-03
1.548208829938630543e-03
1.600234715014955521e-03
1.848793823901786039e-03
4.137458864044263980e-04
1.570488489605606800e-03
1.344756153583765833e-03
1.683156179674410871e-03
1.908790673589831101e-03
1.202184385481129894e-03
1.083676238354798569e-03
2.631005853308993839e-03
7.226127525008321263e-04
1.522759283074205184e-03
1.131458536267204804e-03
5.689376135656909212e-04
6.677815240988960047e-04
8.027594220553637512e-04
1.537769798518298821e-03
1.783645545565211649e-03
1.215276659653849066e-03
1.714860813678095080e-03
8.988878530809763174e-04
6.158056584646547397e-04
1.405993366573193154e-03
2.740037931705534627e-03
2.187823716320538240e-03
1.474017273956177180e-03
1.385189458231290364e-03
1.184787789161001817e-03
1.645202935794212425e-03
2.002366495889464689e-03
1.802083453248298599e-03
5.552479524254568932e-04
2.318604741785457862e-03
1.872901991195456825e-03
2.588720120030383286e-03
2.854164725316905133e-04
2.092044422040325365e-03
1.094354858202043791e-03
9.429451697589091245e-04
5.367140564148607232e-04
2.434046800938594133e-03
1.965907691760266935e-03
1.770887068311628558e-03
1.247058825965152934e-03
6.630533286912839710e-04
1.310997806634425430e-03
1.432197653342754317e-03
1.527265404033004842e-03
8.093265578689766773e-04
1.413741880438547415e-03
1.775737512290458207e-03
9.829166769807675796e-04
4.012090753855018506e-04
1.837742804267759444e-03
1.368535905643199040e-03
1.005847985987284041e-03
2.799058108856579668e-03
1.840440406239841290e-03
7.558365550402827964e-04
1.541045411499472302e-03
1.590391621482392919e-03
1.373203744096740311e-03
7.434474648142909512e-04
1.057571223661267663e-03
1.087917934913340198e-03
1.034576438790709438e-03
8.664019927544166924e-04
1.183728740795506745e-03
5.937513258097015930e-04
8.227205714546332715e-04
2.460802851975007251e-03
1.150723126953617738e-03
1.059792709309674086e-03
8.825325276221947408e-04
1.501375850012931891e-03
2.343335487066269904e-03
2.121560657032037049e-03
1.188053183242435010e-03
2.460456302045215416e-03
2.157610279128503641e-03
5.345562102000925167e-04
2.114361823276508963e-03
2.112660841950800457e-03
1.455946010789477447e-03
1.356689330117933972e-03
9.234969076975015762e-04
1.053656964911486469e-03
8.936346995873897846e-04
1.506352987907298366e-03
1.721464341948538736e-03
1.394205100340869434e-03
1.565670411186657982e-03
2.182962095418764133e-03
6.338022304342477882e-04
1.440958597866207492e-03
1.881031552301615055e-03
1.732120084679091183e-03
8.453743599320874720e-04
2.586352639259257712e-04
5.426681178037086849e-04
5.452542588242263819e-04
1.040655240402379349e-03
9.439059271432836788e-04
1.294209104446557464e-03
7.477830300325667310e-04
1.458832085894436930e-03
1.120550027352347705e-03
1.878824224493669823e-03
1.395735354163177245e-03
1.020942600613894283e-03
1.098577348177849720e-03
6.835932951803461209e-04
1.847543506960168608e-03
1.405163336583025628e-03
1.118427207688342181e-03
1.415548340101190029e-03
9.433554351555505871e-04
7.832349146044227444e-04
1.139634873541960384e-03
7.729890463754212661e-04
1.864122940888408809e-03
1.870897522964049941e-03
6.465486035834488911e-04
3.746669104160687126e-04
7.019124542580335979e-04
1.409440143487648931e-03
1.121496940667457377e-03
9.702299220512691823e-04
1.168790003084481301e-03
1.026398226220039860e-03
7.777414692787456164e-04
8.480261685057021099e-04
1.147219994347105192e-03
1.412599690847513804e-03
1.599519875904450517e-03
1.554433741347681841e-03
1.204342489890957617e-03
1.963620058795540607e-03
1.761908801767019710e-03
4.688737375194768813e-04
8.875097700397612064e-04
1.517630212015943060e-03
7.394889862260841480e-04
1.483668893328651123e-03
1.052242317794747223e-03
2.305001506047665242e-03
1.544474056726565176e-03
7.878804005004508629e-04
1.138848652456409243e-03
1.038247173761787032e-03
6.234917978052317063e-04
1.488438979630550421e-03
6.572803135537029625e-04
1.083626999341131842e-03
1.123252180568852770e-03
1.455078379312248118e-03
1.190432221446651112e-03
1.761860622405066147e-03
9.356552919169481598e-04
2.583841492978547223e-03
1.458961896317369439e-03
1.549701658208162136e-03
1.132249145939854488e-03
2.227710890332366793e-03
2.874958866544851006e-03
2.167677065785606361e-03
7.054365137343084980e-04
1.456134745987587879e-03
1.095063166426160466e-03
2.299495581589674782e-03
1.624645632269058372e-03
1.339029371990836832e-03
5.460430390070334598e-04
1.287835954391726000e-03
9.160455750105593381e-04
2.184462655281563248e-03
2.087789432613630734e-03
1.693987169126099940e-03
2.249210616593325844e-04
1.240057929512522862e-03
1.977693207592983587e-03
1.011833684646062893e-03
1.511285911734805507e-03
1.384776653403522366e-03
1.570319050952585609e-03
1.710540396789202167e-03
1.173855599337792193e-03
1.282067826553383912e-03
8.693813014586755303e-04
6.644492509883154251e-04
1.050886456673386614e-03
1.521924778137057847e-03
1.180832461191098264e-03
2.359819414018294453e-03
1.050481629665564074e-03
1.139730452935230594e-03
5.843869243931577211e-04
1.724671628019540772e-03
4.334572192451107754e-04
1.309436872520370384e-03
9.603977742741963940e-04
1.100501625177749236e-03
1.152105225066831114e-03
1.229015567120166769e-03
1.138354420748066221e-03
2.778511407861574811e-03
9.792685718689334365e-04
1.980387421080119677e-03
8.204237630707030080e-04
1.193821507740479076e-03
1.333116437794785308e-03
5.932458972826153447e-04
1.473331319088648115e-03
2.615295049964687455e-03
3.523235589445911130e-04
1.924791850903088573e-03
1.392500227243601398e-03
2.891926499155481013e-04
1.695927544765879610e-03
1.778723473688716790e-03
7.150993644531855858e-04
1.049474184064542364e-03
1.925063761148041591e-03
2.163267993962663446e-03
1.210377342664353817e-03
1.009974263206479686e-03
6.037659463337607339e-04
1.819836310512672672e-03
1.517030411320810903e-03
3.824242939512673763e-04
9.458043721353195888e-04
2.705770336062243925e-04
1.775503258232440313e-03
1.505346931439295556e-03
1.176154914240290245e-03
1.527507281626769645e-03
4.042343737256950367e-04
1.360195033787178157e-03
1.241378729340033476e-03
2.396609910909283398e-03
1.446824488210635530e-03
1.798539412414378730e-03
7.535273007547132725e-04
1.095692128006321578e-03
1.764340771381206398e-03
1.793685127871448830e-03
2.098863974187827920e-03
6.327138724191074676e-04
6.062438624584987317e-04
2.194781434026983440e-03
6.270378138849360024e-04
9.562650648292997857e-04
2.384543624225061217e-03
1.137684065566321821e-03
1.581373142080374442e-03
1.624383851175393483e-03
2.269408283470805525e-03
1.681541548012948544e-03
1.607937707147760959e-03
1.586464860124089894e-03
5.862904807857307254e-04
1.060576806814976947e-03
1.473303401395934529e-03
1.699752919035275520e-03
2.672881663047401487e-03
1.321510121812415972e-03
1.385878723272137387e-03
1.063010975655204063e-03
1.477538395078431804e-03
7.211128911808125123e-04
4.057828172567709557e-03
1.882780471963200206e-03
2.138043942848106074e-03
2.105107120497884832e-03
7.032132986669289206e-04
1.728415766303854212e-03
1.904590071805776661e-03
1.196682135416379193e-03
1.009209280921808879e-03
4.317700154127740789e-04
1.880188326811675463e-03
2.021174448199954295e-03
1.140436280432084769e-03
1.995107201483781786e-03
7.434723661104371186e-04
2.553972713249913831e-03
9.999044979884413095e-04
1.454461463806229525e-03
1.718824187141077897e-03
1.353584095869367907e-03
1.958129466929769014e-03
1.535401768855406465e-03
2.860762923639203082e-04
7.050693728648783042e-04
1.175596306868310599e-03
7.160408211459738442e-04
1.685200306786035357e-03
2.699561665263529656e-03
1.771882069207954703e-03
2.606511793700839585e-03
2.538164732945634612e-03
5.977988051296202797e-04
2.039071270008983860e-03
1.210754398792937125e-03
8.080551648009169597e-04
5.220232214900968112e-04
1.471833691672658683e-03
7.784014565062329517e-04
7.046373026634689769e-04
8.426917803436700114e-04
7.151750593939639996e-04
1.217544220120522595e-03
