3.498550617685319136e-03
2.562042102018431949e-03
2.194331630085826282e-03
2.629680510800634988e-03
2.412020478578037839e-03
4.373226816993624685e-03
4.139588657444190703e-03
3.116477001389074929e-03
2.635866972533371707e-03
3.600071076788791732e-03
2.997855066819185392e-03
2.908796315889423945e-03
3.698438326865851732e-03
2.678375626657225877e-03
3.791551321990440596e-03
2.988172886617583481e-03
2.811869224744048719e-03
3.248979722827856527e-03
4.561466107066873728e-03
2.079458232464891695e-03
4.147079971781623617e-03
1.489246263034076567e-03
4.239515372977378273e-03
3.378297570724045438e-03
4.435584436431712178e-03
3.972639200479246950e-03
2.842640829675268602e-03
3.945541639226957283e-03
3.077777456002473051e-03
5.249515223972233725e-03
2.896615768040904700e-03
1.581087443645100808e-03
2.221009042307189353e-03
2.275324073212289539e-03
5.157455392192814708e-03
1.893751070783546717e-03
3.041730142543296045e-03
3.144468013522310097e-03
2.931170834685224453e-03
4.195048309119167596e-03
3.136981052886610947e-03
3.270817631682696250e-03
3.892214355166043888e-03
2.563507032154759349e-03
3.215951407035491129e-03
2.305372383498529350e-03
5.690026159622186067e-03
3.548318763595175330e-03
2.628063937105531121e-03
4.677660431806668698e-03
2.673189728445724174e-03
3.100352624358642274e-03
4.606112203138679369e-03
1.951921450038736003e-03
2.606114995212564355e-03
2.273576475304051134e-03
3.376253911959348816e-03
2.949024979292792000e-03
2.956245146786753032e-03
3.841065177023041902e-03
2.707119452173110171e-03
2.824051639192118671e-03
4.459246035342496334e-03
1.852670661232954730e-03
4.526671560972576024e-03
3.606703151272789166e-03
2.983429160580110956e-03
2.115297317203094010e-03
3.613867971463484517e-03
2.501673942950754636e-03
1.543858635966077492e-03
2.647861356803125291e-03
2.706864356916960195e-03
4.341090272727743740e-03
3.694749509055047457e-03
4.331242482113908596e-03
2.622259522718004346e-03
2.790176191759914485e-03
4.713559182694210432e-03
4.313375139462703040e-03
3.029120700923996524e-03
2.131126846860631214e-03
3.217690421522490136e-03
4.132979406367914312e-03
3.697279991518003916e-03
3.506609242064410558e-03
2.554305527274268722e-03
3.609763725562770229e-03
1.615241074890931680e-03
3.920911804238909858e-03
3.116205558538288466e-03
2.442911642221482025e-03
2.358638080348002698e-03
3.143400982209328381e-03
2.865525469039170194e-03
3.001633783497607583e-03
2.513996564857123861e-03
4.116385928786942504e-03
4.807550592155794729e-03
3.328657321251727533e-03
2.986514106696438152e-03
2.225835304488986768e-03
1.842699017715661997e-03
4.831755699482637688e-03
3.413707862146435606e-03
2.950749346858641108e-03
1.771011124679011542e-03
3.475323987543000714e-03
2.373316813363058209e-03
3.065602734988819543e-03
3.878290253958827875e-03
2.536449568007124056e-03
2.674725977007842443e-03
1.926224777686638646e-03
3.222337293785913163e-03
2.410220029113202544e-03
2.848032156326975144e-03
4.269581851673604628e-03
2.578313239336033676e-03
3.309814594628516897e-03
2.901932310827382358e-03
2.894857878370105195e-03
4.104765021374970173e-03
3.144094102327520211e-03
3.724204300812012942e-03
2.060755443184699928e-03
8.365403382525433626e-04
3.349046679537703939e-03
3.034786787424055034e-03
2.012059623581176349e-03
2.675165181826146769e-03
4.045041744637662383e-03
3.689796861200017944e-03
1.653454875735434204e-03
3.440592541638255210e-03
2.174053604346067557e-03
2.982484946300365848e-03
2.739140053074971218e-03
3.783594165220277063e-03
2.688700350709419869e-03
1.862202415640584969e-03
1.299112113384375726e-03
3.755502308187714470e-03
1.643021607085162024e-03
4.358118889441498119e-03
2.908452425253036083e-03
3.215196985736526718e-03
3.203122204392296578e-03
2.228724182202361775e-03
2.345641557377774883e-03
2.768225637793951359e-03
2.120809826915076319e-03
2.349979718762298248e-03
3.415828712865698422e-03
2.925526748834786188e-03
3.155653227859424922e-03
1.430620775642074509e-03
2.705052785415829053e-03
3.826402102658254308e-03
2.166064050114928363e-03
2.415339238096594378e-03
3.570369154191864458e-03
3.221567868970846935e-03
3.203014541839473584e-03
1.493130362534503784e-03
3.261519303137767976e-03
2.908075292163223718e-03
5.004830492110071485e-03
2.389795669608448664e-03
1.738785103742605071e-03
2.736053733516049125e-03
2.807607051632376484e-03
4.035274176767854847e-03
3.221443311187720607e-03
3.281943537284632423e-03
2.341863555376278837e-03
2.397343899926018818e-03
3.890166083593283794e-03
3.795213391085689413e-03
4.519206264714502493e-03
2.798659540323552176e-03
1.693372292446710574e-03
2.220923613826803703e-03
1.791702692258523777e-03
2.553143074167250805e-03
3.191244466608183280e-03
2.323245725790350821e-03
3.122331248221867431e-03
1.891439163968861026e-03
3.693077327779147479e-03
2.749529661686748051e-03
4.155443198353858496e-03
2.836385569249424803e-03
1.530513399093960192e-03
2.305706066916682079e-03
2.318499789057840675e-03
2.491089266918547745e-03
2.092726609981930899e-03
1.976636145639447048e-03
3.500218367239916247e-03
2.947502247133217384e-03
2.342804986755345816e-03
3.288034794806800245e-03
4.168743064410789997e-03
1.798902052475868712e-03
2.607591288513914397e-03
1.327787140546652202e-03
3.043445069319742746e-03
2.673533334385148549e-03
3.156292825476493362e-03
2.656392839666844342e-03
2.269162420791150537e-03
2.432013264771878697e-03
2.548787686991535548e-03
3.408922901699513227e-03
2.568888631021651239e-03
9.295482704051729553e-04
3.063570994795845794e-03
2.159897606222108569e-03
2.781564046417655568e-03
1.507969078832187802e-03
2.467428829839040608e-03
4.014480553086482821e-03
1.378593923678727044e-03
3.625114589228735709e-03
2.482036430574072455e-03
2.106069608630457141e-03
1.417970406859484205e-03
2.329868029479549574e-03
1.642961631744171156e-03
2.283724695344054468e-03
9.643367553002502859e-04
1.124362712598209017e-03
4.936715977000349703e-04
5.026814380894409654e-04
1.216461775037981120e-03
1.400885324593096910e-03
1.049152995204517998e-03
7.208216914208111920e-04
1.005121355174314968e-03
7.648086901684129392e-04
1.601246632440161402e-03
1.346967341426292967e-03
4.756547575910386187e-04
5.359779604088676496e-04
4.733057024779021649e-04
4.144806999609610483e-04
7.005682314981729990e-04
4.193490013624024456e-04
1.022163914927479243e-03
6.873679682523096360e-04
3.032910141130328117e-04
3.452428508788014439e-04
3.395448035595664349e-04
2.955954937638851710e-05
6.898294084646111862e-04
1.893594151678631694e-04
7.142531400419707569e-05
1.767063822607919748e-04
4.367209061790320191e-04
1.068574335007275804e-04
1.046521118394322332e-04
3.515768375053337298e-04
1.354151947958093321e-06
2.233407324972552202e-04
1.022908951696991510e-05
8.398334944110020009e-05
3.624097310256978298e-06
1.333343068507099731e-08
1.691450934697819573e-04
1.108485310437290846e-06
7.742199487418734833e-05
1.776236298881839193e-04
1.053851265044422381e-05
2.024399449081787242e-04
5.082005114326257616e-05
1.963372584542093832e-04
1.502892489334722078e-04
1.275507194810448751e-07
6.000782217189961087e-06
2.032075999121157059e-04
8.391902619630057516e-05
5.295456377180367703e-05
3.473119383807950502e-08
2.230526786519353264e-04
8.863275946508019471e-05
1.412583289804481977e-04
8.279065105537433775e-05
2.853816576209263818e-06
9.481922771760502777e-05
9.110786673461456094e-05
1.447114034473174589e-05
1.978824228171779443e-05
3.425917246889736523e-04
1.397615298933945708e-06
2.147194901501753508e-06
2.430461589222986780e-04
2.549931515797728928e-04
7.268321762667431275e-05
8.405200448007225556e-06
6.397387829402418475e-05
7.474337538047186685e-06
1.817845665756199092e-04
1.193971751523679602e-04
1.573025522086861187e-04
3.058540125391427259e-06
3.879176121854318432e-05
4.803861325919581561e-04
1.867777101692627562e-04
3.069576305719122216e-06
1.487924366888114622e-04
6.151331307678375515e-05
1.571799549584106820e-04
5.030909869654047174e-06
4.276934616807503650e-05
1.172054534859349068e-04
3.591722516366930326e-04
3.473940627788883718e-04
1.021127812458892572e-04
1.537760049886810986e-04
9.898955489928044246e-06
5.140508311418343383e-04
1.945255062406419885e-04
1.076100756930929218e-05
4.560057769052755950e-05
2.107361528371595369e-04
2.841231416007304394e-04
4.283421668873068841e-04
1.039680919133110869e-05
3.784681318213508412e-04
9.970747442971177011e-05
6.965041191662769146e-05
6.460591278823067023e-05
6.945619144480965159e-05
1.645381382633581880e-06
2.477506582092721117e-04
1.910381707030208744e-04
1.680665294159956345e-04
7.410615429387986614e-06
7.819465295294936288e-05
1.810899873669656948e-04
2.414920666908664926e-06
1.546991722828144834e-04
2.664235937650589374e-04
4.591435873986546919e-04
1.268101073488958456e-04
1.676398647507146511e-05
7.408197137299149757e-07
1.590899608835173737e-07
5.043651695824007342e-05
1.362125889306114480e-04
1.257596647664432759e-07
5.160446179687041028e-04
2.991110309689307242e-04
3.126061884145168394e-04
2.371696128701236579e-06
1.758350720013151388e-06
5.611903550192933403e-05
1.974588316511938669e-04
2.918134381964792440e-04
3.153806115713907307e-04
4.542522600272153499e-05
5.947884088507132249e-04
5.063291099366669850e-06
1.254036354909655503e-05
2.600916535367260932e-04
3.958493749130215453e-08
6.030114797746182446e-05
1.641540109176418862e-04
8.804924122399427085e-06
2.174768920367031060e-05
1.573398197603678966e-04
6.265664359755544906e-05
1.250848665286693724e-04
5.079817875491245852e-06
1.505117490935175856e-04
4.064728110999583504e-05
1.106965606782364761e-04
1.944338155953137656e-05
3.472340627182296605e-07
3.326043522091218962e-05
2.670416757042614222e-06
1.900803772877622804e-04
3.831106613744906381e-04
6.690558935880235871e-05
5.122059248342436819e-06
3.671376341024911149e-05
4.013025839102242909e-04
9.231091710305853657e-06
2.578299345910381191e-05
6.058723136402725286e-04
7.826272241210972369e-05
3.854450964041246803e-05
5.683702780115294551e-05
3.916212170377476610e-05
5.570619417275399823e-05
4.070113492475807625e-04
6.328456796726578799e-05
2.942459854766949506e-05
3.432301852385052313e-04
1.571795482320293477e-04
1.934881618125109423e-04
2.123965470727529883e-04
1.160421357292340701e-03
8.551737947689617289e-06
7.785957030560420222e-05
4.323253423763057141e-06
4.042645165601308692e-04
3.098603435729990079e-04
2.574211635148586499e-05
3.300457313191650587e-04
1.273648709372175130e-05
2.046803701421131931e-04
2.718589977800737719e-04
4.550903589825638923e-07
1.610959898729202871e-05
3.434597794703720427e-04
4.443686405159397239e-06
6.925823666383961472e-05
5.877298513744496689e-06
1.593936368090358385e-04
4.328572253933331271e-05
3.270422168743842726e-04
3.551473231283640790e-05
4.662896748445749230e-05
1.139482723673359611e-04
5.938114856164785653e-06
5.194589021592632615e-06
1.170410110338503671e-04
3.012917316604141118e-05
2.367704968852381666e-04
1.893033437526005626e-04
6.020662624292910515e-06
6.515024175051883915e-05
4.804580159594985339e-05
2.653702601166049745e-04
1.554541395650577184e-04
8.088305431644913978e-07
4.316988743774703973e-05
2.109775573087530433e-04
6.287799099871395608e-04
1.157391061161726771e-04
1.094148731668132061e-05
1.836928126109341653e-04
8.337052430106846150e-04
3.207681633514061618e-04
6.627373348972517226e-06
1.903136242235964497e-05
1.039703879616675209e-04
8.741291937117493988e-06
1.809997917661909336e-04
9.378546331011399905e-06
4.775428689270633887e-05
4.285117371686188626e-05
6.176943016769643731e-05
4.825475719707441405e-06
3.456289909606383680e-04
2.123896479685586671e-04
2.559875758205472232e-04
1.515380213388908034e-04
2.674550488714623172e-04
3.423751351701182311e-06
4.479608508515791482e-04
6.238552258108546707e-05
9.107937011922559163e-05
3.014605573497065654e-04
1.067870528599411719e-05
7.631818707438159686e-06
7.259533538166341874e-05
4.401193852443202825e-06
8.037553506301439157e-06
7.377721370699987262e-05
5.049360484602673320e-08
4.277982268460220957e-06
2.618858438200092047e-05
2.241075010688250231e-04
3.637984730236705159e-08
9.730286628842512017e-05
1.490254333880912348e-06
8.069631203807227905e-06
4.279475351024979163e-05
4.548859455400181396e-08
2.149249478152778325e-04
4.602710751702167156e-06
1.791257000989368009e-05
9.066735977643469572e-05
2.216980107540068336e-04
7.586850516821253129e-05
1.599412446851819117e-05
3.055395176482438664e-05
5.381366232565927020e-07
4.573145289641640889e-04
7.813132745057129792e-05
5.614111149513877460e-05
1.946825908803835053e-05
1.846674096585619953e-05
5.540502306701579381e-04
5.504193171280337567e-05
3.402742748660763397e-05
2.551951442218995040e-04
3.236394751429237811e-04
3.552645782557037597e-06
4.796870267921597621e-04
8.659995565324223878e-05
8.818422658882003875e-08
2.305178625033720702e-04
8.272888893813870029e-05
2.955452514484447788e-04
9.392565361379010501e-05
7.956839414245648690e-05
2.989160297801593928e-05
9.161846082258850576e-05
3.390113437136478319e-05
1.325308125566829697e-04
6.713757762960994668e-05
8.661741706428524448e-07
7.867668513871944709e-06
2.453387464512223949e-04
4.172207323118972593e-06
3.831555602324840067e-05
5.877164024987085794e-04
1.623182787606213333e-06
4.948962731889020786e-10
1.764320212546873691e-05
4.726500820832303456e-05
1.395075724341023754e-04
5.727396564714111697e-06
5.835630452899260754e-05
1.189438328711953671e-04
4.893176557470764893e-05
2.608205163590154175e-06
2.802782627147342061e-04
8.686026224853966187e-05
1.339452444928202282e-04
1.375378433138616625e-04
6.237012682478060451e-05
2.044698215723943821e-04
1.780380829800096894e-05
1.733488583465547931e-06
6.360274293945351169e-06
4.748310374558750015e-06
1.452977266063925039e-05
5.974733866859013610e-05
1.558307888757550817e-05
3.010384269644564983e-06
1.273202564305626605e-05
1.329541200129648485e-05
6.120494552206895747e-05
1.481953538774801620e-04
1.401773956660427353e-05
6.867150347705570804e-05
1.679026770336572926e-04
7.038044389642549047e-05
1.236531387099616213e-05
2.550010672339174693e-04
5.544147513928717456e-05
5.593689870154371297e-05
4.354989121433831063e-04
2.548808907258067510e-05
2.058771525176742180e-05
8.174317054750991835e-05
3.719615127261157134e-04
1.343425556933992042e-09
4.894691839489093534e-04
1.724116771029508290e-04
3.938166096678488238e-04
1.496755844903216134e-04
5.375853213522350209e-05
3.991712031202217320e-07
1.293298644596057266e-04
2.806966451557401754e-04
4.992748796345260166e-05
4.727902582435328692e-06
2.144450227647797370e-04
5.103903760043990276e-05
1.440966600560036935e-04
9.133062599757439627e-05
9.377074261396819572e-07
2.149188246756214701e-04
9.838419823468608824e-08
1.401099474448539589e-04
2.230463226467188942e-06
2.808965691026746965e-05
5.585830669903484440e-06
1.604921982170721853e-04
1.769771580383791276e-06
9.096656420709419865e-08
3.022938893663278643e-05
5.182309995156619180e-04
2.905929816816225667e-05
2.673127162394529071e-08
3.123720177236922481e-04
5.758013095877414893e-07
1.104700656706101524e-07
8.451603065480076192e-05
1.087487176303190842e-04
1.611490140783594074e-04
2.863269308684417253e-05
1.277855249950761466e-05
2.981453627845738873e-06
4.906980680911623440e-05
1.171268874139063998e-05
1.032785803118216942e-05
5.539076355702331287e-04
1.343845198709252861e-04
2.434248094859145706e-05
2.555206715825316310e-04
3.224572649364710833e-05
4.440238593609322242e-07
3.475190532517064479e-04
1.668837590515211220e-05
2.218932052584073622e-05
6.725558561804283403e-05
1.240483069324221075e-04
1.021764173336336127e-04
6.792201769707873816e-05
2.959198388035351045e-04
7.293352325894931392e-05
1.277143096031885358e-04
2.549135544702868674e-05
2.338337286980517445e-05
4.525160591605627051e-06
3.174822208887808522e-05
1.680021896475473358e-04
1.059191406508038902e-08
4.145477772531810609e-05
5.400438788917717178e-05
4.790009314685095913e-06
1.765995882952626829e-06
3.729148247464474968e-06
1.649251889068956438e-04
1.002323625173798423e-04
9.708933795708124415e-07
2.809897952713536628e-08
1.680409461394199815e-04
5.477788035317137814e-06
2.839328325144367606e-04
2.756490702125497818e-06
1.383580365322061262e-04
3.888229148287978242e-05
2.613609496713332426e-05
7.207769941648893943e-05
2.346418051930752877e-06
2.367054820342416556e-05
2.414622640976600549e-05
1.238631949213950137e-04
2.312382662247257066e-04
4.396445916750230028e-05
7.626664095527848123e-05
1.119708480284715116e-05
5.668582739831029012e-05
1.103505347067962070e-05
7.335963930404104812e-05
3.498953041213554555e-05
9.120767092616832306e-07
7.055076514367701816e-06
1.076882611990042960e-04
7.729077233525751375e-07
4.272283755306786933e-04
1.329426147171829879e-05
1.039347315151275500e-04
1.995147888462796604e-06
2.076057059839221761e-04
1.105045880934301121e-04
1.454427903717332249e-04
1.219638166196048210e-05
3.039189552852597972e-05
3.136159050634776662e-04
1.584209561579485168e-05
1.511876499080163054e-06
1.270335612863600262e-05
4.371533521147146579e-05
5.239440356325899607e-05
5.620822015906688844e-05
1.255207421332187880e-04
5.292208545101369574e-05
1.065105763747310595e-04
7.810774323304412251e-05
1.170719894902898865e-05
6.313398484271864105e-05
3.114804147027126194e-05
8.737285932328698311e-06
1.196617505021122034e-04
3.058908825117838252e-04
3.091092806419257390e-05
5.711281954679006250e-05
2.691396159404979914e-06
3.942946224217705535e-05
4.726861387186200941e-05
1.017940894592367796e-04
9.887387559515569324e-05
2.786039817345099357e-08
6.230020958843227088e-07
4.130393225838036367e-05
1.335802009860137360e-05
4.752668300471387422e-06
2.984307878763400163e-05
3.191017205186406615e-05
3.707311375077112028e-05
4.222675128168838207e-05
5.998703144720342048e-09
2.959847126913063651e-05
8.986234060505579829e-05
3.602736704702534620e-06
1.487433627848072204e-07
3.751920130974590391e-04
3.348712639829319219e-05
4.744737527858481924e-04
2.943742870584904533e-05
2.454053060057414769e-05
2.550487805787869999e-05
7.781133090489561130e-05
2.522104111877273533e-05
1.046951114555848327e-04
2.492801871218087894e-06
6.778811016495683709e-05
6.255881815983621900e-05
1.012621321337358822e-05
5.563455358009381974e-06
5.894955062925147143e-05
2.690683546795800913e-05
5.543557040338324541e-05
4.577165202154800105e-06
1.897166684265317194e-04
1.407285311378785164e-05
4.191625076768946056e-04
2.871937893608256928e-05
1.747874167033845722e-05
8.286099751002991515e-05
6.369626838111624838e-05
1.732262623295485033e-04
7.544585479179070149e-05
8.706512196268743409e-05
1.908896320358574291e-05
1.149614849480540572e-04
2.694126370693701933e-05
1.587770613666263542e-05
3.957855742772374780e-04
5.677062450788709205e-07
8.931957994846849728e-05
5.512514064915750714e-05
2.859771457882283487e-05
3.160562855132468521e-09
5.122221255301504997e-05
7.274970188924831733e-06
1.273517613249495426e-05
9.659977322354711512e-06
5.810639058933780895e-06
2.842937140251265303e-07
1.088239695505763781e-04
6.083942663303225178e-05
1.772972006681451080e-07
6.855805751606591498e-05
2.526432627576818710e-05
2.371449777123375418e-05
2.668694592116789660e-05
7.330255364687382708e-05
2.956901718334748373e-06
3.424312658717388653e-05
2.310228462059559162e-06
2.028415151264420592e-07
1.002220112956776504e-05
1.386681985214713916e-04
8.537172197534633497e-05
4.643361738655001297e-05
3.088776759119233185e-04
2.255024420413625900e-04
1.692012066696706621e-06
5.081071449247738612e-05
4.620511153012584547e-06
1.248620874582529877e-06
2.853286111334377159e-05
5.702405951531779900e-06
5.320652196385716477e-08
7.544248377173304126e-05
9.448856123289100606e-05
1.076901711737997759e-06
5.111775967961726588e-07
5.531473722722612436e-05
6.131192362275626263e-05
3.929590476386640941e-05
8.028510331481560015e-05
1.303508771499483753e-04
5.307138610611930628e-05
1.009263077113053996e-04
2.949871746038803973e-06
1.304065082960539199e-05
8.726618060879597267e-05
3.924060838845239643e-06
3.738255087183113789e-05
4.527913152042943964e-05
1.390334048828237014e-05
2.345925829409654570e-04
4.844802819100074329e-06
1.873598253450335887e-04
5.260480019025771098e-07
1.554391980163941621e-04
2.803064217692175086e-05
1.366047765669149347e-04
2.240015750557479462e-05
1.928571272361812266e-05
