1.464993952760064574e-03
1.704113085553701215e-03
1.136056210762333672e-03
2.121203874812972387e-03
1.362601272051601475e-03
7.694109435565891922e-04
1.481082347211026308e-03
2.459156191269628710e-03
2.964187625251269234e-03
1.975551686158421617e-03
2.674686739406125641e-03
1.416893018288486192e-03
1.102139658520481444e-03
1.705743952231237887e-03
1.518484798179633131e-03
1.518788123576056154e-03
2.527824028393186803e-03
2.663190655140204414e-03
3.257427392846351608e-03
9.074182432270651213e-04
2.646846250281525113e-03
2.627752116927566280e-03
2.122627649933217248e-03
1.311345759418191311e-03
2.116567095486142618e-03
9.333731257461575555e-04
1.188668422971262545e-03
1.438518043891550292e-03
1.322898486116685186e-03
2.238208315714327722e-03
1.392853650473268234e-03
1.358091142052630148e-03
1.606682081615710403e-03
2.410105537811831154e-03
1.725419242682665584e-03
1.898438649742216749e-03
2.299871184077322602e-03
1.307102608976908487e-03
3.257522077904783861e-03
2.134268503500649089e-03
1.813587645937964326e-03
2.348200017904428314e-03
1.901193241746759787e-03
1.225517559732671423e-03
3.154000388645299222e-03
8.193975298915081966e-04
2.747685183910415687e-03
8.870421407932221284e-04
1.413149427206053998e-03
2.045151203044686360e-03
2.573952561376882490e-03
2.187720290624161658e-03
1.079054887873822938e-03
2.967989918270950035e-03
1.433923332981712657e-03
4.348089369596254937e-03
1.770265172546663405e-03
2.911342875088702813e-03
1.436043221842189061e-03
7.357681380762917537e-04
1.269446204297522071e-03
2.019798840750309816e-03
1.578594352079377809e-03
1.807935362749572882e-03
1.269081425129722253e-03
1.489940923526961647e-03
1.865996036642378125e-03
5.673494503723844383e-04
1.919270834052596133e-03
5.237349358941178297e-04
2.260261326307520021e-03
2.630495488885933528e-03
2.016581420314141494e-03
1.887690959497535922e-03
1.526657293684734358e-03
1.637010686366538416e-03
2.165591543339755263e-03
2.409134743610680252e-03
7.039414705333062487e-04
2.572718435651628367e-03
1.800291243034759722e-03
1.195081267759127552e-03
2.291903045563792839e-03
1.974757502708890302e-03
1.256943533143045503e-03
1.749684542902006168e-03
2.408679596765696696e-03
1.901087691506629825e-03
2.041008166690387593e-03
1.405474550403982247e-03
8.184205203382220956e-04
2.041974131164034714e-03
3.644071403412051189e-03
1.639543544235896617e-03
1.373086438539831327e-03
2.324571873825855093e-03
1.040546399216426025e-03
2.640840843232892567e-03
3.233254457142703542e-03
1.949591026441454579e-03
2.512722317751282537e-03
1.010229919166667550e-03
4.421653289183815239e-04
1.344757756695374789e-03
1.618329748020634531e-03
1.956427334188623555e-03
1.056608353430207306e-03
7.530263312229079978e-04
1.911837872974157153e-03
1.788600891492851761e-03
2.348441937619242820e-03
2.144255488299929430e-03
1.661569177349645930e-03
2.446201027102459877e-03
1.095018924916283656e-03
2.792360040206072654e-03
2.860340099909952551e-03
2.240561749274899359e-03
1.505334523178323246e-03
2.986284163800750815e-03
1.218501783332417683e-03
2.258847116986949233e-03
2.295428878567953163e-03
2.408151162491190510e-03
1.712210256839284250e-03
2.016492995398237297e-03
2.710711825094218406e-03
2.164669780235123180e-03
1.493139769715677145e-03
2.688343371863450345e-03
2.514452433420550671e-03
2.850599163708686899e-03
4.814159011408381764e-04
2.586784039971206858e-03
3.126845139669415415e-03
2.457326721983973169e-03
2.716283614785547015e-03
1.654469485353514749e-03
2.466494973613287713e-03
1.944415227859987074e-03
1.584859953854788651e-03
1.012282658135726238e-03
1.418978268255749421e-03
2.644100561588663516e-03
1.581234081442415684e-03
1.497960510179647447e-03
2.337594723916586962e-03
2.745330848397147059e-03
1.634590480084404523e-03
3.276223647306680028e-03
1.262882456772641306e-03
3.030416768975529706e-03
2.220402083088687199e-03
1.075030020820101975e-03
6.190949291042601539e-04
1.496461290727719605e-03
1.958521881570462857e-03
1.873129200152928373e-03
6.069020408926810439e-04
3.153462655257024527e-03
1.281942757475382656e-03
2.028740332430087594e-03
1.423929408773970612e-03
2.956648636200292623e-03
2.413453165052895696e-03
1.057659777538846966e-03
1.817838402800789257e-03
2.553399418863943129e-03
1.777352699506376706e-03
2.414034790380025115e-03
2.197320415109541795e-03
2.050540219867393391e-03
1.880103636057027950e-03
1.111538063796358193e-03
1.388149640226045986e-03
1.753502225500790882e-03
3.084449168778595658e-03
3.235579139673881548e-03
1.538057608164186988e-03
1.728902294485271498e-03
2.092524989356415923e-03
1.037641047015864463e-03
2.182639466132145576e-03
2.513370993166970119e-03
2.599579441190661994e-03
1.870673534231974845e-03
1.926720027735830381e-03
2.650852141288058926e-03
1.047543301523924057e-03
1.771399445332994546e-03
2.312773008908457044e-03
1.822193545468983513e-03
6.344052832585707824e-04
1.530427695871670836e-03
1.939583923386880779e-03
2.164443921836285960e-03
9.337357090998290839e-04
1.158175166902650774e-03
6.798692562677008996e-04
1.690599463073762373e-03
3.315295785423912761e-03
2.909852782544123349e-03
3.248293522987601330e-03
2.173100768957052405e-03
2.130951982929174971e-03
1.983551709492382444e-03
6.450041014290751199e-04
1.978275844536757627e-03
1.669208824740649405e-03
1.967391090625120881e-03
1.266445924830628903e-03
1.690508228994020215e-03
1.802026107286552230e-03
1.421359886929527729e-03
1.870039195387433436e-03
2.161461980757758798e-03
3.044762864585917519e-03
2.240561303049598291e-03
1.411848547982988899e-03
1.508656572374449632e-03
2.103182300725933620e-03
1.956208948854292959e-03
1.492460802319086309e-03
3.077141602734260756e-03
8.677049022428360648e-04
3.067363923847384044e-03
2.064025755128998108e-03
2.058104796731714727e-03
9.351462386665226152e-04
1.471194026068762054e-03
1.626094470897094559e-03
1.818222880064744151e-03
6.416065448695205649e-04
1.755397999286738980e-03
2.241517367160075075e-03
2.594298958145631068e-03
5.011879003865960837e-03
1.349026753983342472e-03
1.639720129195984966e-03
2.518082621591927715e-03
2.180771747691827040e-03
1.571092132781936983e-03
1.669799383180497554e-03
1.661479297185898714e-03
2.410992185500009707e-03
2.555138032503889104e-03
1.536357799750072721e-03
2.880816802138531398e-03
2.441835864472239291e-03
1.928846170443637405e-03
1.817768559960309662e-03
1.823928595825538915e-03
2.292967964775253966e-03
2.516840093599101349e-03
1.773509866503611638e-03
1.535417680576509070e-03
3.322769192224006400e-03
1.627122576092030143e-03
2.831882115349777882e-03
1.595611820729933268e-03
9.779923871446631264e-04
2.945691487941265473e-04
2.349054297781287635e-03
1.596462947919069075e-03
2.195312519889255388e-03
2.041710237586224098e-03
2.570851734281661381e-03
2.552996201177111079e-03
2.098385486512362435e-03
1.740033156681580241e-03
1.928771322681142354e-03
2.120538007643054095e-03
3.176462961856304362e-03
1.552105194435547328e-03
7.349024974460017677e-04
9.140462791413005248e-04
2.553969593098127586e-03
1.102811370310427920e-03
2.915702770927993369e-03
1.430974168747021352e-03
9.944700846241444001e-04
1.845375080516811111e-03
2.612210011699632808e-03
2.045588986646003273e-03
1.980964256408957423e-03
1.337295970952696129e-03
1.897094629479843244e-03
1.704712752098627238e-03
1.055399920015772167e-03
1.908102272941560474e-03
3.037077542220068763e-03
1.683559290173647967e-03
1.633823095690575215e-03
2.212721808570502179e-03
7.819887269505217597e-04
1.881183810930066617e-03
2.884689213154426578e-03
2.563003298300193470e-03
2.223909759269381350e-03
2.066933727602962654e-03
3.481615820744415543e-03
1.118343578456067709e-03
2.025142094757091237e-03
2.010902354748886258e-03
2.441277217441722991e-03
2.241044492293036393e-03
1.717000607443498923e-03
2.570790591237788643e-03
1.724328102645568276e-03
1.931527969401831100e-03
1.745429026017866845e-03
1.890082695516509363e-03
2.444487002198454922e-03
2.302433526010607898e-03
1.962511478919585529e-03
1.032213896466872447e-03
2.480231690655222958e-03
1.762516939149849681e-03
2.793334307939803179e-03
2.228479144741894909e-03
1.178583668348166715e-03
1.537564283040422641e-03
2.123436849112295913e-03
1.131626713189284048e-03
4.683665562409087017e-04
1.036722085208065768e-03
3.222244182429077246e-04
1.816816448268274457e-03
1.563541559907872993e-03
2.511241077615185540e-03
2.211760666339312835e-03
1.155193340916604080e-03
8.152995861034064914e-04
1.419218326129993973e-03
1.848669183146942974e-03
1.662551890470471624e-03
2.300218112642985358e-03
1.416560619593926597e-03
2.220093900308296470e-03
2.307876955340821580e-03
1.371766984601514860e-03
1.453620892426403261e-03
2.355820319244097960e-03
1.635917249868924133e-03
2.115308988311674458e-03
1.070099882413376446e-03
1.997983336284207562e-03
2.093867710413339824e-03
1.314353652470018645e-03
1.218964657730466561e-03
2.084972974148239979e-03
2.713717279539310141e-03
2.246966129640744735e-03
2.986484746656856322e-03
2.243978681373884603e-03
1.380606210627556996e-03
8.193182840956212461e-04
1.834912592619842046e-03
2.548663512241283735e-03
2.612675564233557512e-03
1.276258575938538781e-03
6.800783437462987625e-04
2.601614925059992072e-03
1.803065598376402861e-03
1.287534013968563186e-03
2.488480220536654422e-03
2.810325516521504623e-03
2.475876106107789774e-03
1.025842601884008679e-03
9.803013975182082833e-04
1.103327146856934900e-03
2.035873679962961046e-03
1.043259763501410472e-03
2.253214606641503002e-03
1.985290882302555467e-03
1.153977830001255917e-03
3.257569395986684505e-03
1.510440637506726275e-03
1.470983125800877454e-03
1.328603382559199195e-03
1.533594605393735029e-03
1.373896211685139354e-03
6.040512652022697387e-04
2.665372690199223783e-03
2.360945584664484505e-03
2.105947540724606524e-03
2.097087875959549336e-03
1.352957019160129330e-03
2.273600599190617882e-03
2.424813814020866393e-03
1.027670567778762216e-03
2.787686256559551538e-03
1.045785569365445663e-03
2.615647934496066491e-03
2.190813166603748380e-03
2.798249579047507041e-03
2.441778487995826825e-03
1.210576605523079477e-03
1.495241284036897969e-03
2.387821113495007704e-03
2.041801797944820234e-03
1.567871340181308231e-03
1.393949376123490872e-03
2.194036457869044231e-03
1.117643523995612287e-03
9.813648447561027204e-04
1.317508657303596972e-03
1.309692425008543437e-03
2.146698643193072856e-03
1.271022190110642630e-03
3.204539024577252298e-03
2.750920634593179669e-03
1.760991102597903642e-03
1.923631370122836975e-03
2.605813563109260836e-03
1.686596932596703480e-03
1.932259755588155601e-03
2.371886864768848243e-03
1.543112896880402757e-03
1.177689678238269142e-03
1.318434924414386457e-03
1.412189867671966937e-03
1.692646730801220228e-03
2.867456641360587900e-03
1.996089770937336475e-03
1.864526210796920097e-03
1.036052145905814320e-03
7.661609943883648322e-04
1.892450396562791884e-03
2.100914553058431684e-03
1.061626778828456564e-03
2.346551320320402687e-03
1.658800540147563384e-03
2.191048482856866597e-03
2.243015061220171406e-03
1.134291871940619045e-03
1.104583165455064490e-03
3.274326341276408321e-03
1.697841788032724425e-03
2.279267749063171485e-03
3.664096123447136560e-03
3.936610677936372947e-03
1.803361381943592275e-03
9.493629939255486712e-04
9.643535632903712032e-04
2.350215214652799558e-03
1.088638891209475637e-03
1.905577769528839184e-03
1.405903780725968047e-03
2.460060383431477132e-03
1.842346349687125091e-03
1.697748535447036978e-03
1.689151042988481328e-03
3.528718765922012144e-03
1.758810275786807428e-03
5.947372089703144901e-04
1.628923377302240018e-03
3.106019067754388699e-03
1.468804212723411788e-03
1.133666502802837097e-03
1.784360016061752865e-03
2.474269911981808942e-03
3.335584128500438533e-03
1.548683210884505088e-03
2.783003964357578207e-03
1.682836639125757580e-03
1.357778090669352041e-03
2.043458837275072791e-03
1.291083498744804081e-03
1.592548748350498811e-03
1.817367887943668317e-03
1.961793829831789526e-03
1.381773363424309078e-03
3.156615738268102236e-03
2.684740936024988551e-03
7.462471941204742651e-04
2.990668260568344825e-03
1.877268532252240624e-03
2.044425745479670938e-03
1.698378376422433108e-03
2.432986576779886702e-03
9.570604841066882506e-04
1.738870569439452621e-03
7.802010519593435183e-04
1.119208214744290501e-03
3.176962429030435065e-03
2.490453700666848871e-03
3.030239747509054764e-03
2.439485758403481860e-03
2.778312512254671202e-03
1.800619885404070204e-03
1.189734917978156614e-03
2.536600422147631054e-03
1.365709430453879462e-03
1.547228684531360950e-03
1.799760219418479338e-03
1.723422528053103692e-03
1.699178628265355729e-03
2.343025328582924206e-03
1.379379525246189446e-03
1.020990709544918745e-03
1.885847118557174669e-03
1.816480953669741358e-03
2.061626331939137632e-03
1.271394377301266095e-03
1.278544939455822762e-03
1.849286093654288867e-03
2.367589699660381953e-03
2.436675610404808855e-03
1.398653137338559498e-03
1.549163324426030630e-03
1.524471411470003585e-03
9.203855758218367367e-04
1.559993036950108958e-03
2.058550076582258033e-03
1.304242515148906984e-03
2.150527502847505122e-03
2.378387185594976923e-03
2.507497305968396911e-03
1.742757598289935983e-03
2.747174434283758491e-03
1.039778916657077817e-03
1.895354802596731832e-03
1.941052660438989707e-03
1.215708060265389273e-03
1.532962390923940914e-03
1.649597337971347348e-03
6.427565187711790874e-04
1.959390703402929743e-03
2.639152075808245609e-03
2.081054235254099771e-03
9.386728953514882502e-04
7.465759634127543858e-04
1.860927021096732284e-03
1.981602707876991241e-03
1.157275792015770169e-03
8.781557498509290002e-04
1.624640432117822322e-03
1.753664685351776246e-03
2.058783372349973998e-03
2.298693200208918111e-03
8.229735415657290663e-04
1.094673875087661622e-03
5.891212167285831726e-04
1.096282322865038596e-03
9.687308913801104607e-04
4.338332780796362001e-04
6.748820729341547218e-04
2.250070518373974669e-03
1.669595310758316929e-03
3.386531275676553116e-03
2.671356030075349060e-03
1.105185766867649525e-03
8.386487463180774312e-04
3.548896197232498731e-03
7.852114510153602187e-04
1.355644298380590668e-03
4.553314751641326583e-03
1.076561210542572060e-03
1.413445458938707936e-03
1.579046909246517669e-03
2.249639295642356842e-03
2.740601282764367104e-03
1.335985975862841093e-03
2.123275411700291035e-03
1.617868472755371479e-03
2.057855900145932546e-03
1.640806688043417458e-03
2.645423369708038534e-03
1.167621370857521322e-03
2.845829591783170017e-03
1.676417500710529820e-03
1.148171577976115883e-03
4.372312429177251623e-03
2.221024237976269161e-03
2.271296645461412522e-03
1.499034675634152575e-03
2.645471845345558678e-03
1.827370699414533270e-03
2.148250146533713101e-03
2.918249313558881480e-03
2.002065640848969298e-03
2.011343778282642398e-03
1.535181721929738691e-03
7.830166249827458800e-04
1.577691787008061140e-03
7.733591765507226564e-04
9.621223365725855995e-04
1.042612017106930942e-03
1.949217488233468678e-03
1.820467432605900630e-04
2.871031516512724969e-03
2.248642733500192357e-03
8.594920789121415815e-04
2.331835884341303296e-03
1.813304337854946451e-03
2.768403287713328432e-03
1.572233598711312436e-03
1.093155289724650689e-03
1.280615722400588056e-03
1.410805063034534842e-03
1.766551242509504550e-03
2.951617110414914754e-03
2.272124721368295758e-03
2.802680455689434639e-03
1.680167598585284843e-03
3.218564027822258099e-03
1.756056070488257138e-03
1.461632459655476694e-03
1.191199248861615550e-03
1.887557193809973272e-03
1.417562159488471290e-03
1.422302514646503436e-03
2.113525199011836737e-03
7.627283682288939432e-04
1.256043984826779461e-03
1.355997685424521239e-03
3.222044882296792780e-03
1.428400538008186855e-03
1.946121239768099347e-03
3.617168473956498646e-03
2.705601221162266638e-03
1.296385896106400613e-03
1.887146302425014421e-03
1.070635611914891273e-03
1.525508787137435816e-03
2.169432104823964830e-03
1.734386681819841992e-03
1.140087229201153197e-03
2.000522329241563504e-03
1.522968963472962414e-03
4.937027626095503649e-03
2.403272788637775010e-03
1.223722061610001610e-03
1.233218201431779144e-03
3.692171565646140772e-03
2.320296824246676458e-03
8.019607753621624952e-04
2.059105997606819945e-03
1.937047228088631216e-03
2.972846922404878082e-03
1.325956280795882736e-03
1.790205062522734827e-03
1.681033546610680076e-03
1.730756650367847645e-03
3.117375566678718627e-03
1.955903575538063544e-03
1.317893690239258430e-03
2.556487838830666468e-03
1.195242662471882912e-03
1.200973016225705819e-03
2.831730388811807154e-03
1.209856402159658695e-03
1.480136239504239093e-03
2.735969158989313890e-03
1.841857899174973107e-03
1.729615212938237024e-03
2.072642449294513894e-03
1.272425038244263864e-03
1.781907611171090625e-03
3.690067379641700888e-03
1.537718939679665444e-03
1.594937096692898527e-03
1.468858902153993623e-03
3.485383693518954388e-03
1.406218381873466103e-03
2.363837748638310775e-03
1.922049475642017419e-03
1.710364751287507491e-03
2.688070982663758393e-03
2.099085675772546962e-03
1.393830795290262013e-03
3.208468018812357832e-03
1.478891345707498192e-03
1.629901842215314639e-03
2.867179674748262120e-03
7.885579878180445446e-04
1.282126188605813878e-03
2.675812624674971975e-03
2.671887162522983312e-03
1.510139967471761093e-03
1.854727284341291423e-03
1.246772223050332919e-03
1.825943984976018727e-03
1.086112758980725679e-03
1.151837664587410668e-03
1.491725718167591754e-03
1.745585198143546511e-03
1.514484518654204840e-03
1.370269362912028685e-03
1.629219664234027266e-03
2.660436618945154642e-03
2.299656021474119540e-03
9.631688347548375507e-04
1.715892251689439367e-03
1.919201884823912210e-03
1.459423841586510173e-03
1.611517449681867942e-03
3.529029575483948623e-03
3.535912385287120780e-03
2.945468167954736188e-04
1.640286894859063283e-03
2.520899728129319482e-03
1.636189330139917924e-03
2.061058459610844770e-03
8.145205497716366365e-04
1.132598070303732088e-03
2.710475000595842770e-03
2.233890841076811590e-03
1.025208004117840292e-03
1.517231801207536476e-03
2.090319923628190628e-03
2.609268983103597318e-03
1.580926247246036654e-03
2.311452367358406580e-03
2.938211819164701817e-03
2.955136666880295478e-03
3.060535008997350686e-03
1.689998825054650749e-03
2.154114477169478785e-03
1.663324264992824221e-03
1.692017975651713586e-03
2.059051436163409753e-03
1.098767524217994810e-03
2.164164026505827152e-03
1.969569428734409093e-03
1.086844281141833559e-03
7.020158501340430842e-04
2.186386698460653262e-03
1.551778289676444475e-03
8.646195303506319652e-04
2.823411861985100114e-03
2.436540053596827557e-03
2.481226948068220289e-03
1.631217049553857455e-03
4.339260845739100446e-03
1.137070282807129285e-03
8.902802476974622800e-04
2.038702643491831744e-03
2.188366676629909403e-03
2.318003548038796106e-03
1.802570199410911261e-03
8.431464878369819864e-04
9.697026738695788649e-04
1.803772463598771062e-03
1.669859726320049344e-03
1.375155238019777799e-03
1.698141568221232019e-03
2.964883618742363523e-03
2.441438706802127878e-03
2.636329517726512892e-03
1.751420648803087270e-03
5.536662708625707295e-04
1.977538516032183169e-03
1.440379280113612088e-03
2.102396659818225096e-03
1.833756891980554277e-03
2.876868793104743645e-03
2.364992355778515378e-03
1.519721946466090533e-03
3.003904344354714831e-03
2.266990683774407298e-03
2.708581555369243485e-03
3.002699134268412094e-03
1.181710023340795754e-03
2.395811295480276826e-03
2.232214992966567637e-03
1.670159228121332641e-03
1.203137673284668209e-03
3.428444549198022238e-03
1.946387531536048409e-03
1.315917246492508044e-03
2.172336477749409449e-03
1.946331932930193531e-03
3.481617643741496092e-03
9.532830864215679004e-04
2.242821799406088078e-03
2.052060623146153250e-03
2.096863714583333069e-03
2.979572338955807208e-03
2.361680864630755130e-03
2.196617540917308008e-03
2.205803310434926567e-03
1.606974126441182123e-03
2.661510233435380578e-03
2.190933188284541980e-03
1.855892269627517190e-03
2.644848468456149296e-03
1.101477380887005107e-03
1.910902082033867459e-03
1.832364303376789573e-03
2.187085270684436308e-03
1.573180680919912446e-03
7.064238469484620695e-04
1.286898477765388094e-03
2.407634224846689954e-03
2.745258818425426808e-03
1.206975605881823767e-03
2.554295077004863253e-03
2.364161525761084449e-03
3.109077471265283762e-03
