1.309841898985422692e-02
1.211449282696095212e-02
1.057173691293103283e-02
1.060186526230378311e-02
1.255465618129574662e-02
1.308889813566930377e-02
1.720656649816553266e-02
1.407233668836671905e-02
1.341293623927444952e-02
1.243281689225070839e-02
1.419422541430007123e-02
1.390429840883053436e-02
1.472752992401501516e-02
1.435367712626894020e-02
1.188330796530990933e-02
1.487104719330306808e-02
1.532032413573585633e-02
1.552767712038370315e-02
1.174560983903453516e-02
1.590162928358633543e-02
1.103509459578186185e-02
1.321342884115838008e-02
1.512857862664851796e-02
1.225538861555175094e-02
1.431039781537909311e-02
1.311195357036781459e-02
1.242747934930021371e-02
1.418295033013941379e-02
1.386598022882047816e-02
1.367740278605476291e-02
1.259696604392550497e-02
1.224070649856050935e-02
9.949938188982071496e-03
1.282312476071326146e-02
1.482460528138813093e-02
1.236762928368268649e-02
1.356796873769355524e-02
1.240975733911189351e-02
1.532672275275619514e-02
1.423055473638131126e-02
1.170023535749569431e-02
1.368979441321092200e-02
1.296645430939328755e-02
1.208780090724978322e-02
1.460335757439047699e-02
1.711510158084059846e-02
1.249628841039755051e-02
1.001451081542946431e-02
1.297496830377208553e-02
1.513417208031066566e-02
1.569175014836936277e-02
1.515236304224150399e-02
9.655343053861686203e-03
1.343439719038985909e-02
1.354127797559500496e-02
1.146209729925123585e-02
1.499082163281978755e-02
1.513655748623760414e-02
1.476099267260976705e-02
1.497827117138219796e-02
1.317824873032372862e-02
1.509516481897657005e-02
1.305934596461773289e-02
1.335050635108690591e-02
1.329484149643952486e-02
1.397979687450410374e-02
1.484065519496468970e-02
1.529809607486945153e-02
1.463100022436933725e-02
1.192958028066819220e-02
1.471614356255299474e-02
1.569486389741904520e-02
1.209598226443088509e-02
1.143676499667063175e-02
1.417839759251218572e-02
1.375863744478796578e-02
1.245026237862980473e-02
1.420221281222504815e-02
1.265156127463969681e-02
1.557544414618237602e-02
1.225174468555334691e-02
1.475260101310128975e-02
1.275909267415685847e-02
9.959213544595113543e-03
1.293390060434234518e-02
1.613484187537665704e-02
1.383837845763380772e-02
1.409577171115655551e-02
1.506224861511451865e-02
1.512493105454953447e-02
1.070803057166827207e-02
1.401834474831569442e-02
1.335711867385942254e-02
1.063663918582513981e-02
1.400443633083603423e-02
1.093336561488598632e-02
1.423136584403244566e-02
1.300188976565975346e-02
1.764417212617798783e-02
1.182010648026013411e-02
1.082036856472134122e-02
1.264141966641732333e-02
1.257333604915207570e-02
1.243952360821055404e-02
1.578664404014129899e-02
1.599363851272212270e-02
1.639166310266481838e-02
1.697050650219500759e-02
1.472544766236987511e-02
1.520221154615666523e-02
1.508608394264022122e-02
1.525074697645550058e-02
1.280468924360293748e-02
1.487998768357296810e-02
1.167818969230367127e-02
1.180730515538985261e-02
1.353351935989221926e-02
1.102354357667822450e-02
1.124269815250765643e-02
1.340273561672868791e-02
1.339614649001112136e-02
1.365269864381744684e-02
1.393713890970192312e-02
1.338756213918219570e-02
1.550940025464963602e-02
1.267876414910981339e-02
1.276118535361898780e-02
1.043079638205139485e-02
1.402643953482944454e-02
1.649171089255960232e-02
1.439202429238981354e-02
1.582906847068850376e-02
1.337635020339007948e-02
1.451163622632526025e-02
1.368609199046886583e-02
1.798341521468419663e-02
1.396575305946369354e-02
1.666437996316423586e-02
1.456613241294245527e-02
1.250094558971773066e-02
1.149110793039655014e-02
1.293533840760207297e-02
1.161590178972510094e-02
1.447939159148964143e-02
1.076933533015802212e-02
1.089358600275880731e-02
1.611766717700412535e-02
1.797970868582098730e-02
1.461048776858442540e-02
1.526422752604890236e-02
1.334869844400769084e-02
1.098528298630139892e-02
1.519725281812805799e-02
1.294350704774381404e-02
1.205267531943546300e-02
1.403366783256320555e-02
1.207270005439317791e-02
1.064126147610431998e-02
1.276759690870712081e-02
1.567022180296350625e-02
1.370462359437563810e-02
1.339259546882006283e-02
1.388414746435952078e-02
1.243219829962272614e-02
1.532213045262516109e-02
1.529109817806037670e-02
1.500423052489687978e-02
1.172061414479643425e-02
1.429686709314744592e-02
1.284430083972863332e-02
1.210070690004080851e-02
1.530596029535600394e-02
1.269929756013175697e-02
1.614714298323347702e-02
1.560972871057831647e-02
1.372242905003180982e-02
1.269924518628398960e-02
1.260065343863468572e-02
1.380523631537796531e-02
1.533375121827094262e-02
1.433235865010979403e-02
1.507359981816506003e-02
1.285967902978434746e-02
1.150752225524036450e-02
1.547850256014191538e-02
1.712358509066170403e-02
1.569721232188751175e-02
1.174776308954666483e-02
1.106459374609968134e-02
1.503596486038443099e-02
1.429593939821800774e-02
1.663655334038254344e-02
1.295503186939792051e-02
1.165528899385586022e-02
1.260396780490168414e-02
1.437235804810981302e-02
1.434728449597260508e-02
1.345636453567998839e-02
1.383005258524083909e-02
1.030357100431397895e-02
1.519573741064281225e-02
1.287827748497071510e-02
1.266398464265014109e-02
1.716600932988480641e-02
1.109083128056458610e-02
1.506584764544315926e-02
1.425203871461727667e-02
1.838788459510287687e-02
1.263934484702202744e-02
1.483597236085151122e-02
1.220559058966789838e-02
1.293868382623796290e-02
1.433216404397503856e-02
1.669071427701783808e-02
1.466911037442501960e-02
1.260826513809915235e-02
1.462040295437473311e-02
1.046366751916229937e-02
1.411413909237007637e-02
1.494496905990220191e-02
1.248801733319175426e-02
1.413573237335379908e-02
1.159158886236064112e-02
1.597134302164397376e-02
1.314715700116840698e-02
1.267808422991218049e-02
1.022473069404921005e-02
1.704969252530266766e-02
1.387554128671046778e-02
1.615418105757273834e-02
1.555374845687356594e-02
1.523305887291653664e-02
1.271323254342872876e-02
1.590135133161135403e-02
1.501477790807514111e-02
1.276521292688593233e-02
1.717634223383977463e-02
1.179740516327279498e-02
1.213952561799016769e-02
1.599696102418141780e-02
9.893716094952566958e-03
1.543626634143128139e-02
9.615752845511292904e-03
1.208474715041325635e-02
1.160378161416812832e-02
1.477875523389949632e-02
1.476845221612218054e-02
1.343970126353676020e-02
9.909033425963685582e-03
1.278390803906987241e-02
1.118894377473316631e-02
1.480058303455270702e-02
1.389804866191179239e-02
1.548512564041031221e-02
1.176527517877759034e-02
1.435671944411996172e-02
1.199399529103785389e-02
1.357251106123067916e-02
1.251171725816081597e-02
1.192340638899429088e-02
1.785455393106728100e-02
1.146652977857205886e-02
1.589834479423286179e-02
1.011348095480678853e-02
1.137029189996790514e-02
1.434925050830249647e-02
9.782414538444974064e-03
1.233310290833568475e-02
1.624051653365128633e-02
1.223134926645624669e-02
1.946326881089617197e-02
1.159477382613732961e-02
1.401024362859721629e-02
1.268675765293354220e-02
1.281146840960134016e-02
1.327132581490582039e-02
1.368966524876957108e-02
1.321659171027476237e-02
1.420854159258123223e-02
9.945573053459170337e-03
1.658129893293833201e-02
1.658094942588358989e-02
1.132527132609771441e-02
1.115154413366134696e-02
1.256184627555820624e-02
1.218037575421491645e-02
1.239229304865965137e-02
1.326436985853818654e-02
1.275413746013794557e-02
1.211471685166125821e-02
1.356753026110861168e-02
1.409749178436829620e-02
1.222399049630588930e-02
1.259271504914052757e-02
1.099380947091936796e-02
1.357622108631369173e-02
1.535629131793476813e-02
1.188312405028912715e-02
1.276331571340890911e-02
1.640259319472896909e-02
1.537632920540734152e-02
1.502956205481175041e-02
1.295411090795972088e-02
1.496036314620590585e-02
1.710016749694647301e-02
1.588816758276934485e-02
1.246175763116237796e-02
1.540281787706238546e-02
1.325397996419594090e-02
1.404666997708581104e-02
1.500174186364688043e-02
1.490042208474263476e-02
1.255423060814473898e-02
1.711571661116740445e-02
1.199968940709738620e-02
1.490784490973473715e-02
1.253553218903326848e-02
1.345495979229040760e-02
1.319796238688147709e-02
1.320455936692026266e-02
1.383370398004120198e-02
1.112293099189019460e-02
1.152356640816648743e-02
1.486610855630286776e-02
1.003722212518928097e-02
1.315104426103257639e-02
1.185231653210227186e-02
1.365297779280425818e-02
1.537200261875437679e-02
1.283964820818218715e-02
1.168926927603800708e-02
1.492655850649029364e-02
1.447324293863205824e-02
1.170759922056285353e-02
1.262977701328163622e-02
1.167348992329931938e-02
1.191919860383475367e-02
1.683095548180623888e-02
1.642253971067244439e-02
1.719478075797769429e-02
1.062784298617503245e-02
1.236456255730362074e-02
1.508764808240459394e-02
1.635923361591108682e-02
1.799429762446055209e-02
1.385391830668679901e-02
1.762711388720086467e-02
1.366559022483346091e-02
1.124766276838257140e-02
1.482600303424489591e-02
1.234758568872625778e-02
1.355187005738784853e-02
1.323727650671419238e-02
1.253720684691152221e-02
1.494501974523997599e-02
1.247368114047481963e-02
1.152874788430435608e-02
1.001781015588010249e-02
1.488907345358132794e-02
1.481477030165020622e-02
1.335734952128352949e-02
1.226015049276208205e-02
1.219815941188306420e-02
1.267793838801161213e-02
1.528732647486456472e-02
1.461403260074583925e-02
1.430495202817102379e-02
1.246751326640796985e-02
1.368027445980075398e-02
1.294060722684980264e-02
1.536267797762210473e-02
1.582080856393095966e-02
1.263904900711180189e-02
1.176286882827422449e-02
1.460154713792436755e-02
1.241233171267886945e-02
1.419641548268838795e-02
1.551984036559189532e-02
1.601827701577885829e-02
1.299245946064446489e-02
1.161645058993690180e-02
1.478994609874151323e-02
1.521444524001491772e-02
1.396988286577298573e-02
1.526912225582202805e-02
1.291628811427929235e-02
1.161155480849167254e-02
1.209220972117407839e-02
1.626034923535854895e-02
1.870470445244199614e-02
1.483830829061950386e-02
1.522556699900851074e-02
1.474792519728799871e-02
1.647344029804051133e-02
1.266412335594386922e-02
1.237076180958345852e-02
1.302809151768631948e-02
1.463277564306962597e-02
1.192147075518613410e-02
1.155634293157862050e-02
1.465772631624284381e-02
1.297144863422731997e-02
1.377230036857960381e-02
1.104108255602939334e-02
1.438112226909979072e-02
1.172906484964071280e-02
1.182326197200147741e-02
1.034133581082434181e-02
1.252994724428025015e-02
1.201444973992358244e-02
1.346748491956776921e-02
1.283113700731121007e-02
1.528939738714722024e-02
1.729002942103694679e-02
1.102831212358767327e-02
1.594435130221392993e-02
1.531937391876985605e-02
1.438817812258221841e-02
1.415374011225022620e-02
1.446506891272593236e-02
1.573038117431843283e-02
1.371758450038027335e-02
1.346156988944258864e-02
1.436808341773749935e-02
1.082734657668896205e-02
1.447450451186914171e-02
1.656651256664477476e-02
1.196779840658695332e-02
1.663454070793520326e-02
1.287395365855824661e-02
1.149596838849839542e-02
1.303116665129451339e-02
1.389014452676860106e-02
1.365405816010959762e-02
9.896516499276999251e-03
1.150098271930406237e-02
1.068243115705219334e-02
1.210349747146900572e-02
1.456975757613989710e-02
1.430301776575893143e-02
1.344103154664721099e-02
1.355011393667840749e-02
1.153640426927766451e-02
1.317063561752628703e-02
1.052651568834974197e-02
1.440461226083859445e-02
1.366769840551858295e-02
1.272687324663330372e-02
1.968623877568655839e-02
1.375002518752506224e-02
1.269951279477990122e-02
1.418808831472094002e-02
1.065488542234219009e-02
1.781204470411810667e-02
1.438723574068303916e-02
1.303883704918702528e-02
1.012649014547395421e-02
1.464900221907540316e-02
1.421162360743317803e-02
1.278434330613168954e-02
1.118246783697619123e-02
1.786820193191386921e-02
1.653078738746940890e-02
1.427254315487025242e-02
1.661337396524696294e-02
1.262210669020888756e-02
1.250014581634157837e-02
1.411840027061998792e-02
1.293463255714282813e-02
1.411400842041955588e-02
1.300573215608745101e-02
1.284792152043732517e-02
1.384599042195980984e-02
1.205093509752016429e-02
1.370365450979107308e-02
1.302195317061868168e-02
1.417309424417675066e-02
1.612482780433479451e-02
1.236814810711769907e-02
1.472475154907029564e-02
1.400413500289723889e-02
1.226266340628527456e-02
1.699871432172941205e-02
1.283418577983100849e-02
1.231784958652426369e-02
1.583660576913669543e-02
1.332384090999955487e-02
1.447581810880115526e-02
1.210356276859898307e-02
1.440578240749756586e-02
1.312712216459148429e-02
1.360125431796924654e-02
1.518673151159363049e-02
9.240870867193618984e-03
1.570109039415597610e-02
1.148104625552298814e-02
1.474565832203245455e-02
1.551894670708437590e-02
1.619327777697976423e-02
1.272117931630938580e-02
1.715526355884326379e-02
1.353946467704009865e-02
1.811858849844524486e-02
1.203328124696649570e-02
1.515337384218160693e-02
1.009192055772451836e-02
1.427347695347391462e-02
1.477013014299928886e-02
1.296469768192978940e-02
1.504289890067399445e-02
1.410443062623672507e-02
1.394139910076794102e-02
1.523950771902686518e-02
1.190927734933311388e-02
1.581229595978586241e-02
1.234699732854596839e-02
1.356967184703009900e-02
1.331263203311260079e-02
1.360012356011039945e-02
1.471687454505859853e-02
1.285286866816734083e-02
1.734916840354542092e-02
9.553969197967020210e-03
1.282894411427836466e-02
1.364751366280533493e-02
1.205235134627396891e-02
1.429815810038796535e-02
1.363660960613457401e-02
1.424355736281132309e-02
1.511209377866631898e-02
1.591830508806163155e-02
1.431061991901290409e-02
1.310565698324586172e-02
1.478192423376158138e-02
1.276303212999754799e-02
1.323049159931755960e-02
1.303676421821743300e-02
1.562274791237334634e-02
1.345459723655755176e-02
1.364481790159589696e-02
1.287159628566564816e-02
1.156091627385013101e-02
1.490437417970251650e-02
1.491084324381651907e-02
1.379086579764803207e-02
1.208341210167664277e-02
1.373376456763588001e-02
1.617637103690795428e-02
1.521800253812306651e-02
1.629128478182226628e-02
1.840828039190520182e-02
1.328520418659791778e-02
1.133157656708227642e-02
1.600695913376653720e-02
1.424188619002642736e-02
1.433266698422661078e-02
1.426630823407881721e-02
1.298312890552206361e-02
1.444955206010148374e-02
1.747560242936734357e-02
1.702973385022866007e-02
1.199323647063566152e-02
1.408069569985756150e-02
1.360068807617424887e-02
1.569005290400370123e-02
1.512726314382624969e-02
1.329693226011293382e-02
1.663751545187499084e-02
1.356113958220144487e-02
1.278201848480668701e-02
1.486436544271360800e-02
1.049860953322941624e-02
1.493572129234346443e-02
1.354219045299684919e-02
1.568080026972948002e-02
1.016650621834013293e-02
1.530813028431983296e-02
1.166460346095083908e-02
1.121157340931194790e-02
1.341528452933689330e-02
1.190571171842754426e-02
1.304484043020527444e-02
1.861668501440570320e-02
1.462610867631272682e-02
1.573865433579345330e-02
1.489464469072867767e-02
1.428938006406816827e-02
1.856841724796920792e-02
1.608807164858540653e-02
1.421770069006775619e-02
1.427346293692940450e-02
1.495815131250661720e-02
1.385437760621046482e-02
1.312213083552752659e-02
1.521529778343824746e-02
1.346527106860937080e-02
1.311692082350487086e-02
1.170768824537746049e-02
1.269135520204286993e-02
1.459071646780152678e-02
1.543129686217056123e-02
1.207990667751920183e-02
1.622691967066329163e-02
1.408021086402319252e-02
1.221864136679857819e-02
1.389404797846690784e-02
1.387715250558032090e-02
1.126672322434052811e-02
1.240152560347923885e-02
1.385821320702545698e-02
1.245252329012524160e-02
1.392079065203971622e-02
1.429559822040955483e-02
1.499966415476874752e-02
1.491671665429716333e-02
1.403362707034170806e-02
1.180669948026257833e-02
8.232717797304117333e-03
1.285463271301820476e-02
1.355383693890248667e-02
1.322892622655216614e-02
1.575744312859484256e-02
1.341440395209398534e-02
1.387151686664006046e-02
1.450290585963503673e-02
1.325804083006614648e-02
1.180501663864860773e-02
1.271725542540812215e-02
1.594725944481677204e-02
1.331264884520532224e-02
1.371072752840001192e-02
1.477107046395360716e-02
1.356334032110120304e-02
9.868451351294309920e-03
1.465546306420975088e-02
1.429470767444627165e-02
1.087256351212688606e-02
1.143096853335111296e-02
1.391293265355108763e-02
1.395875970059968878e-02
1.188895026189906723e-02
1.422327468381751926e-02
1.395300498985547338e-02
1.557646172268660652e-02
1.392558797626433469e-02
1.288465411773771253e-02
1.276315369363823643e-02
1.276972259564299050e-02
1.157625443778755210e-02
1.115502194714018160e-02
1.316055125875708644e-02
1.210920828824173581e-02
1.730383470576747282e-02
1.457999065499778965e-02
1.601653114857053833e-02
1.519040098927717554e-02
1.591376049460744083e-02
1.323295269327491239e-02
1.814654067061159670e-02
1.405091519863226751e-02
1.182910669865798285e-02
1.374247887589160645e-02
1.224498025143481647e-02
1.017276475539515002e-02
1.379152701374016313e-02
1.423800357086172155e-02
1.251750659087825374e-02
1.204203259191020947e-02
1.286636023462969791e-02
1.292554485100950827e-02
1.334481328018732524e-02
1.289429483032485807e-02
1.352165929477252247e-02
1.179245760869740249e-02
1.700597448353245722e-02
1.467093963225949912e-02
1.790148131432460141e-02
1.326292517981048948e-02
9.176647769272789149e-03
1.174758616593444931e-02
1.335129397690355650e-02
1.371962554174190399e-02
1.151816952803457438e-02
1.344890694451283085e-02
1.491013365993570754e-02
1.107044024484006052e-02
1.515699812366114174e-02
1.607494218400270375e-02
1.661071900953048353e-02
1.125020947159106714e-02
1.368147316856021048e-02
1.343385046462883606e-02
1.424490148734596298e-02
1.583633257764023236e-02
1.236949433639368198e-02
1.488484053422887282e-02
1.320028857515332353e-02
1.488776602721621385e-02
1.276589189817010223e-02
1.368527770155654986e-02
1.161792231244045473e-02
1.471057290941689931e-02
1.370173151397083983e-02
1.582487492002125629e-02
1.668309700595283981e-02
1.201628396550027088e-02
1.583471589085188105e-02
1.527619069241125185e-02
1.479221100309408010e-02
1.577612888154210358e-02
1.457730240253044332e-02
1.310093469514358316e-02
1.557380440005793655e-02
1.213786948422471493e-02
1.659660069446735123e-02
1.330812858119917105e-02
1.397565925163780400e-02
1.558322133789170373e-02
1.359187487920712409e-02
1.652456467778924340e-02
1.333443098471913738e-02
1.226384575913772729e-02
1.156546053996707416e-02
1.537876482983772594e-02
1.512568790615228739e-02
1.268714856626510130e-02
1.300232319264783484e-02
1.130036450490913037e-02
1.309580920922889628e-02
1.546778778115407219e-02
1.456535464956734520e-02
1.546917320589509710e-02
1.241131347167633188e-02
1.500572986663172709e-02
1.388593174927063231e-02
1.249887489094725704e-02
1.070460887665410261e-02
1.538709593680734171e-02
1.439967064632794586e-02
8.527757041809363656e-03
1.518664763869422701e-02
1.116000023273924606e-02
1.383469362027205281e-02
1.454317606894596319e-02
1.615543317062669015e-02
1.284386675719839839e-02
1.411487483733653812e-02
1.360679899017606942e-02
1.272135196039751205e-02
1.609763297941619459e-02
1.620593694433977369e-02
1.487748845223011915e-02
1.406682427617051041e-02
1.876616477916473111e-02
1.646245439899972005e-02
1.300462734063914140e-02
1.913030863550876925e-02
1.492001290804247787e-02
1.498262425255746273e-02
1.295288714123985808e-02
1.239545856978090978e-02
1.262477741805630507e-02
1.165445485133332661e-02
1.243783271219783826e-02
1.132627262094005119e-02
1.323400701994750100e-02
1.075075139376833674e-02
1.058127583721469103e-02
1.213761201561078078e-02
1.652004921561444836e-02
1.105012188885389803e-02
1.252546884607236462e-02
1.416997637606397936e-02
1.577351564492956298e-02
1.285797540983272050e-02
1.433196386468852702e-02
1.599462964162120387e-02
1.331960138419676851e-02
1.705952838890781309e-02
1.164243485147832893e-02
1.234170714813806989e-02
1.473759181703996474e-02
1.259493039994829568e-02
1.326698132668752313e-02
1.440480289048363775e-02
1.245114389396074876e-02
1.184227323717065676e-02
1.260115654679484082e-02
1.221572945481100292e-02
1.311474035837812725e-02
1.407557948857269051e-02
1.289398012714615752e-02
1.357754499880632452e-02
1.171074366025321584e-02
1.546960074926304052e-02
1.484409142996910048e-02
1.347966060829874045e-02
1.471276523880695429e-02
1.585141029657462231e-02
1.655404261094445273e-02
1.341074702241832825e-02
