2.933435872286197996e-03
2.840323812535742749e-03
2.789727005723889337e-03
2.636329729911390633e-03
2.503841261561031220e-03
2.313327546929189009e-03
2.306544343500683842e-03
2.186296486062664843e-03
2.133551858380282676e-03
2.321053016043926609e-03
2.238839327001638721e-03
2.015293735426242072e-03
2.182960820681260211e-03
2.082939785869369811e-03
2.152301876437494755e-03
2.152213222852565003e-03
2.305545470770769580e-03
2.135539056861449243e-03
2.240560944543242179e-03
2.137197713041210680e-03
2.129965224805986483e-03
2.167342680867172158e-03
2.160361361239114108e-03
2.092968547163738969e-03
2.174248520775251201e-03
2.129597846418211562e-03
2.062583867282978285e-03
2.199548474452757852e-03
2.123025055867678711e-03
2.053218873680542293e-03
2.135369755316678369e-03
2.128289221312302040e-03
2.103248651747670860e-03
2.072929078748709207e-03
2.223581440376450231e-03
2.178592997591996452e-03
2.096842352881596143e-03
2.059407846365833399e-03
2.178538148857138250e-03
2.249361222550326760e-03
2.228576701460523689e-03
2.148971286365346321e-03
2.012782017362406070e-03
2.154804687394267990e-03
2.288672332852977661e-03
2.153248347683299653e-03
2.190169629746867991e-03
2.204946315598066940e-03
2.251728970169725955e-03
2.101952882738400852e-03
2.079482323056120168e-03
2.020595104513463018e-03
2.210769061923547468e-03
2.297923917965800922e-03
2.163339497588724798e-03
2.182017923316365276e-03
2.135424500072438669e-03
2.125546338169283234e-03
2.058021542853882228e-03
2.097670407249464450e-03
2.058485281743953343e-03
2.261593733126424262e-03
2.230788852474190672e-03
2.158051751056368813e-03
2.165767711330519960e-03
2.058030009733294655e-03
2.183378076000999039e-03
2.066729697996115989e-03
2.192925850474243630e-03
2.199627981769792639e-03
2.158192245059700146e-03
2.149895874104238401e-03
2.147042431726520900e-03
2.300451699253920190e-03
2.182052024500026437e-03
2.123377643646626525e-03
2.173709921599228587e-03
2.183944383411500628e-03
2.237105296257530310e-03
2.232306755890323732e-03
2.079414759062067890e-03
2.373740767706108805e-03
2.231793824314726865e-03
2.205612898997547870e-03
2.150557943624752544e-03
2.076979827578577780e-03
2.416426892004793110e-03
2.225714970084471684e-03
2.085153277194888750e-03
2.233158212464714069e-03
2.245337219050479605e-03
2.214328407990552149e-03
2.169416056029051156e-03
2.416341708933531906e-03
2.103614029933144683e-03
2.083306982327065224e-03
2.304637622500015082e-03
2.111274941407290454e-03
2.224108773967278102e-03
2.335440530338993466e-03
2.292822406380890660e-03
2.229306828937250348e-03
2.129011085085676883e-03
2.195966567220462590e-03
2.365947805915512465e-03
2.106441634805312612e-03
2.140183705878924252e-03
2.065393149135254496e-03
2.176434830522359747e-03
2.353431670435815817e-03
2.262918413131152599e-03
2.031006704177203224e-03
2.230817938737975764e-03
2.299466790170119884e-03
2.083098680857895912e-03
2.035382145025393247e-03
2.205417930718674754e-03
2.258451242196068617e-03
2.300572615967608377e-03
2.276348207679078882e-03
2.166597926298249183e-03
2.142596899136255117e-03
2.238107524673810071e-03
2.117381156210437158e-03
2.265591864695858711e-03
2.155088187256827114e-03
2.123738081254687021e-03
2.296975241324202520e-03
2.136930219646315885e-03
2.260012663241064979e-03
2.147215246379547467e-03
2.159774994057805410e-03
2.216162679535083405e-03
2.122588969335687577e-03
2.044508354010641550e-03
2.115880181062316286e-03
2.167311791019048764e-03
2.102231851331973645e-03
2.192869694396081502e-03
2.118252520059230645e-03
2.181782796803062498e-03
2.279186642036211841e-03
2.111825742575126723e-03
2.160920848075218760e-03
2.225909239853841523e-03
2.116058946576883371e-03
2.076953572872481963e-03
2.279933488027868164e-03
2.167048848518777788e-03
2.072573764083192847e-03
2.313743812151080378e-03
2.361420312560178619e-03
2.214316030615965953e-03
2.351272100592115537e-03
2.162526062974935281e-03
2.223550286110213998e-03
2.174147963734933842e-03
2.198392291025612431e-03
2.232377050767830710e-03
2.315914724026312509e-03
2.038396643879360464e-03
2.191320385004743871e-03
1.981627728593816917e-03
2.384653258530603642e-03
2.524776295300433255e-03
2.230452569440747983e-03
2.224703292030518875e-03
1.990165288160652794e-03
2.214304682872728688e-03
2.336366771998411689e-03
2.309471766757413211e-03
2.008739463763387773e-03
2.345312594756236019e-03
2.044057551393334803e-03
2.071972328266455301e-03
2.107913124081753874e-03
2.367650462416714518e-03
2.200281429380008657e-03
2.000836798324403740e-03
2.002564353953636012e-03
2.267075825702899623e-03
2.230812140615224311e-03
2.149619439685022948e-03
2.221162166612166821e-03
2.112159416151006622e-03
2.206493023595972741e-03
2.170161787008355065e-03
2.345280334415922839e-03
2.293850993199606381e-03
2.155045388955776839e-03
2.298349593646397109e-03
2.117355655755605217e-03
2.206592079783846472e-03
2.172745052838586603e-03
2.127091782490005308e-03
2.314009802906227299e-03
2.240594238241449404e-03
2.182866597912238703e-03
2.305456485344303374e-03
2.332969952633311486e-03
2.175688210313498662e-03
2.179390202202089941e-03
2.134849180403282018e-03
2.073895660419137858e-03
2.329583568494553170e-03
2.080351555303036008e-03
2.238352988987910540e-03
2.121869078591674587e-03
2.254887991317204663e-03
2.161604923277687072e-03
2.117682039882057797e-03
2.220721875434279475e-03
2.104530492272009903e-03
2.067091670543668835e-03
2.299668098948594915e-03
2.242357318814430962e-03
2.085189610290148592e-03
2.126180326785180597e-03
2.131849435132817695e-03
2.054397046014505047e-03
2.244281156761587966e-03
2.426661302774027733e-03
2.195028586428303397e-03
2.106629208218351035e-03
2.201809476445278080e-03
2.108594909248515115e-03
2.044206556312609061e-03
2.112394260781618599e-03
2.204770170594972170e-03
2.030867007029693236e-03
2.339906742330978041e-03
2.223142964720978016e-03
2.119303247479688550e-03
2.284572945277403132e-03
2.161284527879264034e-03
2.113708632569074545e-03
2.246822041420190510e-03
2.273163758843428552e-03
2.154701816490102277e-03
2.252395994397199484e-03
2.234565873098540503e-03
2.257267867162298866e-03
2.164206810437765624e-03
2.327872786484351964e-03
2.144692020929339984e-03
2.155464971022442739e-03
2.094774487741923874e-03
2.050807730367589302e-03
2.058543449170656750e-03
2.136631317647336332e-03
2.187128099642625736e-03
2.171238937951118064e-03
2.288950408803612589e-03
2.123643495976913764e-03
2.135672490894608734e-03
2.226981112677151736e-03
2.077525151698272204e-03
2.160505482485916735e-03
2.211288502975260455e-03
2.248131735249843215e-03
2.071299498061259740e-03
2.248523219124271347e-03
2.071746008899126405e-03
2.212664622034653857e-03
2.199564484286457497e-03
2.193073102455562941e-03
2.155633119272850826e-03
2.196586726518094321e-03
2.213084867712875221e-03
2.316019038886369275e-03
2.199786687110810539e-03
2.215328610798162397e-03
2.306981087525175958e-03
2.155810142418015506e-03
2.201378343696789273e-03
2.229634964317243548e-03
2.302845975888974210e-03
2.313957799964037453e-03
1.990544062922879921e-03
2.220895559653382739e-03
2.374208766705783978e-03
2.092515252036011072e-03
2.129568717601441896e-03
2.254603262843486115e-03
2.225012985494940164e-03
2.252118351420845550e-03
2.078131992162719158e-03
2.247137364682391236e-03
2.099780119643950872e-03
2.215970186225896515e-03
2.216382808748414840e-03
2.107542061552445875e-03
2.194766507919148485e-03
2.292030610341568974e-03
2.254642555351354591e-03
2.240828445284374307e-03
1.992799458086339653e-03
2.193323341491791069e-03
2.013124810049937534e-03
2.233032419379067310e-03
2.173651186925231772e-03
2.110297227685524642e-03
2.160974551392471146e-03
2.037554897964390360e-03
1.963080084909361520e-03
2.181166953945143372e-03
2.147081390721539227e-03
2.213559185299353478e-03
2.243443918517590459e-03
2.164924814657854558e-03
2.134693555810716469e-03
2.126909049853957945e-03
2.188510104770508523e-03
2.382520649344563746e-03
2.036394163835510227e-03
2.326149302341559352e-03
2.246231485472426591e-03
2.169825452080647449e-03
2.142385923134803097e-03
2.108400818781061038e-03
2.210837315310488875e-03
2.206981166518445954e-03
2.074048743925661301e-03
2.148263090287469423e-03
2.163155065253524311e-03
1.996941692333866793e-03
2.019209156047489708e-03
2.298697175178934446e-03
2.063206379702429809e-03
2.107451729123673966e-03
2.097447269555874697e-03
2.129414862255829717e-03
2.297245450058069648e-03
2.157818546378550625e-03
2.077893675266997194e-03
2.448701773237038810e-03
2.337234675139661291e-03
1.925912811573714158e-03
2.189302715642400983e-03
1.928286416668226373e-03
2.044224155080892873e-03
2.270417379793637780e-03
2.263700091536437285e-03
2.090566773995388046e-03
2.214696825145721654e-03
2.019194515377693844e-03
1.956142859209063396e-03
2.098633910515335359e-03
2.208969132056704844e-03
2.158925519746371716e-03
2.009277886095766925e-03
2.075907555145030739e-03
2.288633871669102336e-03
2.242759345763392729e-03
2.219210338504124143e-03
2.238502535808749652e-03
2.156215964502901546e-03
2.073896459183802079e-03
2.339257660668830376e-03
2.091795006736566626e-03
2.110151633357516820e-03
2.204466762021251199e-03
2.088931141021098913e-03
2.350036478605665741e-03
1.942402392636383233e-03
2.195821729368934317e-03
2.059803762985266788e-03
2.175388499227414070e-03
2.133903785328642323e-03
2.144075133384976302e-03
2.157847526363262068e-03
1.973580727028006760e-03
2.126645203475282988e-03
2.180329373410046755e-03
2.042972404329588144e-03
2.071106319541021756e-03
2.203676890798807013e-03
2.247527982553958366e-03
2.233907955586682519e-03
2.164823895817949082e-03
2.128508628333440275e-03
2.176929908981673108e-03
2.302680109384087383e-03
2.346674070480147742e-03
2.220753296120175479e-03
2.015819133896440234e-03
2.338565643606929818e-03
2.076251085233488114e-03
2.255173385133301192e-03
2.224098570239482243e-03
1.994181154242652323e-03
2.082185833460425527e-03
2.214253738448765906e-03
2.202988680043370048e-03
2.214088483453596941e-03
1.921778512014943319e-03
2.264663884287185236e-03
2.181389398127358062e-03
2.370764654850937830e-03
2.094038846546400576e-03
2.204600474493938200e-03
2.425258272628426793e-03
2.060796279735182222e-03
2.052130818653409485e-03
2.028652726548901917e-03
2.256311114482776117e-03
2.192040003468131298e-03
2.245550610335096935e-03
2.267148036930217644e-03
2.255691014879772534e-03
2.114912344936263188e-03
2.266780115161497883e-03
2.195525365218521478e-03
2.058012304209350541e-03
2.238871014942145962e-03
2.189484900323737659e-03
2.140370909955279042e-03
2.356177206465458977e-03
2.156796707906481585e-03
2.136081975577431517e-03
2.025169505175244359e-03
2.073242804433616387e-03
2.140982115215643057e-03
2.202983291926773057e-03
2.131265106413999817e-03
2.001647097529083395e-03
2.248624172522387717e-03
2.263472294668032476e-03
2.026963667984531519e-03
2.069447253048347767e-03
2.265062231943180786e-03
2.294887772819596741e-03
2.140965565946922455e-03
2.164186733756437355e-03
2.117215088824225301e-03
2.067458590607296892e-03
2.281288018975442117e-03
2.145587015572461738e-03
2.180193560119911365e-03
2.125596885530064636e-03
2.103285335305077417e-03
2.011528854429384724e-03
2.273467222729449837e-03
2.179863068116727302e-03
2.266281129039496734e-03
2.098480239602887234e-03
2.247910620242934802e-03
2.194666031208544494e-03
2.083529506744831190e-03
2.181014753439280800e-03
2.136605368171973132e-03
2.162355372090278213e-03
2.206638562785729826e-03
2.259673506903961317e-03
2.085915383011556750e-03
2.122611718677648585e-03
2.287792146346046690e-03
2.225107927037031814e-03
2.397206349270898044e-03
2.114908319429952520e-03
2.193207926042137039e-03
2.170103997487013610e-03
2.124532404183230444e-03
2.258204247827280600e-03
1.949478575824580874e-03
2.026217227433496811e-03
2.220378781468549875e-03
2.138834344128027337e-03
2.082639847102958804e-03
2.235018897256594618e-03
2.212079295722250549e-03
2.109632988394247698e-03
2.292778981602914927e-03
2.152035308150987859e-03
2.137624996258972749e-03
2.071003096554742580e-03
2.102636160255097562e-03
2.016920613016831912e-03
2.091227074677065936e-03
2.078284944345113513e-03
2.274735472873682437e-03
2.118318629640915905e-03
2.094394848156841491e-03
2.136835996528364291e-03
2.057116263495133157e-03
2.236732341001272314e-03
2.126607903846783418e-03
2.009628472914609231e-03
1.971646477368189324e-03
2.194841171332462867e-03
2.360038655094293981e-03
2.439062302877368239e-03
2.197532644387183674e-03
2.175174123813423694e-03
2.145116728175326323e-03
2.130975698001700940e-03
1.993667715638248929e-03
2.082351475109677809e-03
2.199466276327752094e-03
2.124831328953040357e-03
1.956875095833688055e-03
2.036242370268055973e-03
2.137338611690015391e-03
2.089314905471983085e-03
2.225815729448411742e-03
2.174133098527986519e-03
2.079768114107123991e-03
2.133373852279397270e-03
2.268488430789453517e-03
2.149343914659331521e-03
2.126062047751801822e-03
2.143168826041230626e-03
2.254663602321907261e-03
2.228331397446827681e-03
2.143347537989493106e-03
2.158125856171359824e-03
2.096575317807839334e-03
2.226377454235938663e-03
2.188063709439153331e-03
2.069453707687465664e-03
2.127487227581598920e-03
2.260100407887774467e-03
2.042230239400249104e-03
2.152583562039567678e-03
2.099156391332058363e-03
2.247175909365903886e-03
2.122196315970025123e-03
2.256560190499639837e-03
2.211955617703334487e-03
2.199099881974194565e-03
2.134039417497346058e-03
2.214616974845293011e-03
2.224527003931055149e-03
2.148898017388701370e-03
2.158663598532411902e-03
2.115617547307969536e-03
2.214641610761203163e-03
2.164654608822895107e-03
2.146162174336730451e-03
2.218569481900458003e-03
2.139448954613977667e-03
2.112486374676069475e-03
2.041321602667642374e-03
2.259587223691934300e-03
2.097787642247205767e-03
2.143352290122444576e-03
2.117093785222239240e-03
2.224288087100241562e-03
2.335214970029848500e-03
2.187573920922628035e-03
2.115831847389025144e-03
2.232470119690103602e-03
2.158005372664703950e-03
2.106805439397986535e-03
2.211657108516212628e-03
2.076445291926650935e-03
2.151976528083009502e-03
2.112377393464123180e-03
2.157377714874742121e-03
2.157761257983567028e-03
2.178281218601759751e-03
2.144656340659154090e-03
2.159342984951559408e-03
2.082294090567211008e-03
2.136147971089968987e-03
2.077431951180016504e-03
2.263843992472843684e-03
2.148669430050270321e-03
2.226510186428328625e-03
2.354326034486536358e-03
2.153627206980562869e-03
2.110184875707099041e-03
2.095498728746374769e-03
2.170736047904749111e-03
2.098814538725426743e-03
2.417405860415989399e-03
2.176327721692877804e-03
2.173651758623742786e-03
1.993524224149955098e-03
2.156437550361879098e-03
2.092376706777444688e-03
2.198210889911729297e-03
2.107528832578314457e-03
2.127410285259127669e-03
2.072904288694020492e-03
2.083450449402706600e-03
2.197160908306375511e-03
2.110507302830742869e-03
2.121408153805941048e-03
2.012401742153699206e-03
1.990611204711672730e-03
2.239930049381421914e-03
2.002293622805753626e-03
2.082467844329766431e-03
2.242671955882664589e-03
2.029588092290515646e-03
2.066455290227184327e-03
2.073522446125105126e-03
2.162230722806016657e-03
2.016319192781325549e-03
2.321346676535482757e-03
2.223071068690443165e-03
2.141483949363670158e-03
2.077245613877558295e-03
2.208896394325865487e-03
2.340710990032947737e-03
2.150822094097034568e-03
2.126259841223661178e-03
2.114396538342028665e-03
2.180636229723916658e-03
2.094724674476809972e-03
2.251931785989301840e-03
2.232266288109839483e-03
2.089626058249277607e-03
2.288716246991735759e-03
2.021322653032587083e-03
2.284600027528412187e-03
2.238704579154849727e-03
2.108067823905983729e-03
2.250608368088651869e-03
2.205162514393999712e-03
2.007672923326794638e-03
2.102452406435470662e-03
2.243105238121054137e-03
2.217276281836334881e-03
2.078169920022259268e-03
2.047580056653256972e-03
2.109787055813201403e-03
2.107253688616615456e-03
2.195098504875975156e-03
2.168645386471662259e-03
2.153900054168983360e-03
2.139238523689949815e-03
2.056029461788826812e-03
2.000150500346619190e-03
2.115267874942671801e-03
2.247415682342881853e-03
2.194062621939762807e-03
2.213788166699517859e-03
2.119121243925292577e-03
2.296225212737714426e-03
2.069579459667443208e-03
2.059742003424526544e-03
2.075592712273054141e-03
2.269535954289972606e-03
2.165414937850595849e-03
2.199157384092952083e-03
2.028175571786305486e-03
2.178624744054403692e-03
2.171048422030572023e-03
2.179535295773002684e-03
2.240090459139141340e-03
2.073191149909563331e-03
2.260790522927506353e-03
2.054772966519626768e-03
2.108450755256640208e-03
2.184175199704599217e-03
2.169569796569746894e-03
2.216089242532634247e-03
2.093760525110116479e-03
2.051179408805122329e-03
2.151540023889047821e-03
2.068882394082666425e-03
2.086558880497485328e-03
2.003890618937133241e-03
2.081813491721225002e-03
2.241327778282426776e-03
2.162685690160955857e-03
2.220415428254289992e-03
2.113023649032977000e-03
2.150935715114493316e-03
2.174827998494476607e-03
2.048694365599260277e-03
2.324151944265336923e-03
2.210980578858330603e-03
2.009962948964626617e-03
2.246489232269663090e-03
2.230687964983461922e-03
2.226046272972672432e-03
2.258572144789063908e-03
2.198713194699363112e-03
2.242643098313473575e-03
2.079638324778629310e-03
2.077329129380422763e-03
2.014271990391097028e-03
2.414530295654661578e-03
2.155540024150155460e-03
2.314035902862026772e-03
2.116328563014503294e-03
2.245489138974809343e-03
2.153578539272212565e-03
2.154209447918814697e-03
2.253939378447290809e-03
2.228775182686669291e-03
2.136159569775768121e-03
2.388002025042446162e-03
2.148744114628863000e-03
2.115894697949348164e-03
2.016238458991686730e-03
2.213228660924259142e-03
2.226782569402218151e-03
2.176896310925764081e-03
2.264860988667404072e-03
2.142492472285062802e-03
2.188840249849996217e-03
2.053690567008983545e-03
2.203426078076782969e-03
2.185940233554494686e-03
2.086363193897982672e-03
2.106819846185731086e-03
2.142755443056097546e-03
2.149686668443521933e-03
2.139739662938398065e-03
2.197333399487950631e-03
2.285435602382359429e-03
2.282509999665274444e-03
2.247890606654747922e-03
2.113382819446553169e-03
2.160049804375947183e-03
2.191465302952368133e-03
2.083113693602735728e-03
2.161908498625575437e-03
2.140568876407147186e-03
2.279898627539979437e-03
2.217867200112838728e-03
2.367792396538320483e-03
2.068138924266865481e-03
2.065889332691481142e-03
2.045643018094488782e-03
2.029922114585064503e-03
2.349984866080873959e-03
1.987832128531487243e-03
2.084201827583506868e-03
2.122207663404041857e-03
2.194386875013092791e-03
2.231442615883994559e-03
2.295128366763215296e-03
2.101884978558331632e-03
2.015642025441654207e-03
2.151357811508275084e-03
2.175705955604162641e-03
2.235995695991533673e-03
2.209438873521418593e-03
2.091624569389350166e-03
2.012248626814924085e-03
2.248171172574795363e-03
2.142783109000931212e-03
1.971318831748640130e-03
2.203389561077433254e-03
2.119001440785027099e-03
2.136576104939518286e-03
2.109282236587793277e-03
2.192180771786594439e-03
2.088243660867453687e-03
2.150981548392556352e-03
2.096397172106965242e-03
2.165491850083868606e-03
2.110197782844550757e-03
2.118128882959439442e-03
2.223437687349926091e-03
2.022990757188684700e-03
2.092690287440363527e-03
2.285915048377701059e-03
2.176596639358814849e-03
2.193835788211750959e-03
2.226937114184779701e-03
2.091706039100732668e-03
2.451707285173959118e-03
2.426963418712943087e-03
2.033322504643837302e-03
2.270766265323774253e-03
2.251321425464865300e-03
2.084440891782092086e-03
2.086579172028957783e-03
2.261305825351785093e-03
2.132557908576619091e-03
2.220015595014094081e-03
2.122657341760075984e-03
2.176390329633948878e-03
2.156314709235942866e-03
2.297468663905417614e-03
2.076479660824661049e-03
1.989159048945323381e-03
2.223457562399626299e-03
2.246332578870877637e-03
2.289638210738618486e-03
2.247670459551177717e-03
2.222410487872574555e-03
2.107341797346475726e-03
2.165354050135661658e-03
2.155937411717958035e-03
2.145259120173977161e-03
2.152472845886996625e-03
2.237103031713128486e-03
2.241156018011567289e-03
1.997218872520775505e-03
2.130734549097570811e-03
2.299931827677042205e-03
2.137061923172529302e-03
2.258993664597664167e-03
2.256613926421343480e-03
