7.716958599117682005e-03
7.483035486961492691e-03
7.429385643695093043e-03
7.049029970720794604e-03
6.822353920390850091e-03
6.804916672840504929e-03
6.768877866758265388e-03
6.313715457459559942e-03
6.286044337337903451e-03
6.487297891419421293e-03
6.046381998182617269e-03
6.112644243016195252e-03
5.807508064626587356e-03
5.726088079601914307e-03
6.024323558953856989e-03
5.238513430175608873e-03
5.403636840912790645e-03
5.142345854281733450e-03
4.989118673798922758e-03
4.852797162279732894e-03
4.875951100513362287e-03
4.501148103516033373e-03
4.563023133245223267e-03
4.196945000162492952e-03
4.770930924869254582e-03
4.456373245081690637e-03
4.093981610390803882e-03
3.794871044751443444e-03
3.558497842387384549e-03
3.853631620461180421e-03
3.638194641176957424e-03
3.475871152384697911e-03
3.612052145333481939e-03
3.525976019993897273e-03
3.475088231130470974e-03
2.947826286952753838e-03
3.192643860982046725e-03
3.052824008694822195e-03
3.057435700219825539e-03
2.799530361130613855e-03
2.988744444571280173e-03
2.523618698199668262e-03
2.628411268807737556e-03
2.663200476861152244e-03
2.499272268061411909e-03
2.358241966364606462e-03
3.087128152878758011e-03
2.922211242423553099e-03
2.310632739585613202e-03
2.453496220298517598e-03
2.487975791673036063e-03
2.051244585990996423e-03
2.265817181393752280e-03
2.148505383694959692e-03
2.178563891341863713e-03
2.674294662882026850e-03
1.991655924538522290e-03
2.341027431334494029e-03
2.111321779750148335e-03
1.892127769231156595e-03
2.437330618560691522e-03
2.307106559690587887e-03
2.258600875262781887e-03
2.485661095989750990e-03
2.156598419474502898e-03
2.032469730899671371e-03
2.132493983949527820e-03
2.093742250288950588e-03
2.381125906189122000e-03
1.810934130459027416e-03
2.074576198444424372e-03
1.767528549715599627e-03
1.978664117753350677e-03
2.074956121227081954e-03
2.217069298634041872e-03
2.011093639221597350e-03
2.040566227322701195e-03
2.212850719598305135e-03
2.047473104176506138e-03
2.075045096643629919e-03
2.131489802759578729e-03
2.230346261973451850e-03
2.248888301658991725e-03
1.948477881585768687e-03
2.123053852494230769e-03
2.382342522136012344e-03
2.421348047919638560e-03
2.226181819338305789e-03
2.318396695373171716e-03
2.017449725497956134e-03
2.139348726210502875e-03
2.267053762131519563e-03
2.169765583769666002e-03
2.563860388971439964e-03
2.214945525596419100e-03
2.200241205736410462e-03
2.167601395402932955e-03
1.860838858993754024e-03
1.995144003727744586e-03
2.158442992094179811e-03
1.712790844979626258e-03
1.993033551163914813e-03
2.045681691618666132e-03
1.806107119697904521e-03
1.905975159453471767e-03
2.053388692610015089e-03
1.625498253519559039e-03
1.943707337130104896e-03
1.900449590721776851e-03
1.610145011032142973e-03
1.770751790092665000e-03
1.936636356955516187e-03
2.000657485808007841e-03
1.660751706834913107e-03
1.814458997029501190e-03
2.017868047149043702e-03
1.756224728587686516e-03
2.228897095352872816e-03
2.233620974800751367e-03
1.647000868791696163e-03
2.283637496309108214e-03
2.545047726969874857e-03
2.452875669515207357e-03
2.490265024699941064e-03
2.515396969890939301e-03
2.214042468013031808e-03
2.637017428412450661e-03
2.511218731813011622e-03
2.418244951081039828e-03
2.765892803228003471e-03
2.402830577310979300e-03
2.589657287792649504e-03
2.370985185793866769e-03
2.224942778101668753e-03
2.331201504916577925e-03
2.094316357201519811e-03
2.044707211145612921e-03
2.207901515497410778e-03
2.301023526113451546e-03
2.116716724275111497e-03
1.919017131140354944e-03
2.397333562214600151e-03
1.920923526141167471e-03
1.588207417440837439e-03
1.831856862883256797e-03
2.010331513822825183e-03
1.840163168896792947e-03
1.701552763470291600e-03
2.041943942725410813e-03
1.631476137283742293e-03
1.922357476694172822e-03
2.049442984924848988e-03
2.148772496671478866e-03
1.642561388946296242e-03
1.729575517251640947e-03
1.522501727800124093e-03
1.599697761998746188e-03
1.396417295236527124e-03
1.598617579189050763e-03
1.618913908871410243e-03
1.794814182482584210e-03
1.438919965638326120e-03
1.778764205605664825e-03
1.708228017545458579e-03
1.780314423015108474e-03
1.619000046154020489e-03
1.624178927873204913e-03
1.305124060119509152e-03
1.604664915176264202e-03
1.638237961652855507e-03
1.341108864744882181e-03
1.690070080998684870e-03
1.548924758816629891e-03
1.326988804878750320e-03
1.469519386733094627e-03
1.405080529752262847e-03
1.652361180973571176e-03
1.714344319998838866e-03
1.614964524329439441e-03
1.816864189108207892e-03
1.451346363306107046e-03
1.768570810151164812e-03
1.602877400838474773e-03
1.760733604770212428e-03
1.659887055962927082e-03
1.482131826469488579e-03
1.617502332595428241e-03
1.499024181169199060e-03
1.842269589314459322e-03
1.622559930980035882e-03
1.725145250006783048e-03
1.724103720894776650e-03
1.606446494394665053e-03
1.458187873703147269e-03
1.767233278164618074e-03
1.756158522359123255e-03
1.562154587999024314e-03
1.678823755884816188e-03
1.442616459942282475e-03
1.565530075986403240e-03
1.555558588707750154e-03
1.570706901716633925e-03
1.792830368245722141e-03
1.704442884722321251e-03
1.535611978830884496e-03
1.786084521270508811e-03
1.358464888306017268e-03
1.821604569056087730e-03
1.461944328782866995e-03
1.598778269595117199e-03
1.712199439889474642e-03
1.404007174244136348e-03
1.380053153723623683e-03
1.654192161527931080e-03
1.496974197422862437e-03
1.558298362642430252e-03
1.568859563494313632e-03
1.642859433546570158e-03
1.392731327066572527e-03
1.516019737954035079e-03
1.653980097331426329e-03
1.470373896645938133e-03
1.656745118231364635e-03
1.585007351395846271e-03
1.536036206899845519e-03
1.766653638862817656e-03
1.432993603199565844e-03
1.483329066859312385e-03
1.507652682810727181e-03
1.706299894778753792e-03
1.810189412137493646e-03
1.337106379753084679e-03
1.520125148007667529e-03
1.369647749793505374e-03
1.478547523097890285e-03
1.804612110290541166e-03
1.334805711618546531e-03
1.284027184658894163e-03
1.710531157534359416e-03
1.654792642346995888e-03
1.343398360455183484e-03
1.550039712812942370e-03
1.168364536916359324e-03
1.313715181134361004e-03
1.645382970430624234e-03
1.515281203866475183e-03
1.136062720262057211e-03
1.412438914652660703e-03
1.406835840770577668e-03
1.410498947289395844e-03
1.503551884985639565e-03
1.466980252137751756e-03
1.488372241896375285e-03
1.576377700574727470e-03
1.279508383233879908e-03
1.269181503886242929e-03
1.376944397221359275e-03
1.484078716522870770e-03
1.304178518595660360e-03
1.408383092508381194e-03
1.302746518939451332e-03
1.303214707910563524e-03
1.395759691885612276e-03
1.576410787261434089e-03
1.504146728536013026e-03
1.302018059666012204e-03
1.500092461971030836e-03
1.269948844715466322e-03
1.212852629715600351e-03
1.360442853616865245e-03
1.309409582631858217e-03
1.357396829765797602e-03
1.454890750632838355e-03
1.186654356742985507e-03
1.172525972474101896e-03
1.396860811472008714e-03
1.411766137989761390e-03
1.198282507600785789e-03
1.553618551842638959e-03
1.419065205864659908e-03
1.288562440396246421e-03
1.233721690556229293e-03
1.158114826131269965e-03
1.232891011839963320e-03
1.550398033725382003e-03
1.612207038808849630e-03
1.312936563306460729e-03
1.204800987156216807e-03
1.547120774294704878e-03
1.099430420323978730e-03
1.220549228317724996e-03
1.425587875609881554e-03
1.349532861653033504e-03
1.447321110394533036e-03
1.439710858539141334e-03
1.705909925686413618e-03
1.203940457705474565e-03
1.557144256158690936e-03
1.564455771607144033e-03
1.350168276110916147e-03
1.382717266136219069e-03
1.050611449342983734e-03
1.381175784033185925e-03
1.438204671473747483e-03
1.280578304455549411e-03
1.494673074650387399e-03
1.365393440546550964e-03
1.390679133126421912e-03
1.375434061946600875e-03
1.247115283857859989e-03
1.369222370285862319e-03
1.403356569406252535e-03
1.216825005608408857e-03
1.348964081253853494e-03
1.300139542129681710e-03
1.215555981741047505e-03
1.658315147480435899e-03
1.131206203448947628e-03
1.447637317038657362e-03
1.379337894698069982e-03
1.465431712909358395e-03
1.460555113161737459e-03
1.257346776912434240e-03
1.407916772375585089e-03
1.351407064529369043e-03
1.388741980569734762e-03
1.425203151236664354e-03
1.542932715262346644e-03
1.342797837443901942e-03
1.406391639220802700e-03
1.340913843949068616e-03
1.279343275251958872e-03
1.403858742052127226e-03
1.151945267039614952e-03
1.432714830683854464e-03
1.451599042289479242e-03
1.154313658220293285e-03
1.318750602746765737e-03
1.426577448969850500e-03
1.259155337387852982e-03
1.462942171464570252e-03
1.458196193368096420e-03
1.197162520651334858e-03
1.283854387402599655e-03
1.126012000949812297e-03
1.216627223875554669e-03
1.463412887260816557e-03
1.205128964021474599e-03
1.051408203089479682e-03
1.305035181645266065e-03
1.243807930264699893e-03
1.381374033860372722e-03
1.033969060617481337e-03
1.092898096790295964e-03
1.301507304508046307e-03
1.278147721498034371e-03
1.466040796793447462e-03
1.513761254463624403e-03
1.382920400326881176e-03
1.322940194346890024e-03
1.268936783158607865e-03
1.359486884493657380e-03
1.210299054836918176e-03
1.470694688116085200e-03
1.412210673231711379e-03
1.303643141165312675e-03
1.139998966393636261e-03
1.336322530931517098e-03
1.307447116852761618e-03
1.458137744706524070e-03
1.128588985297591593e-03
1.354747082471328273e-03
1.368594844532340649e-03
1.499273243522783938e-03
1.347657175775960345e-03
1.369692051525190192e-03
1.251319713784634566e-03
1.430853445685462220e-03
1.151925946413556723e-03
1.421334186466003454e-03
1.291860143673773109e-03
1.530148940282606389e-03
1.363020660131446845e-03
1.345435572708064860e-03
1.137428536268989942e-03
1.079212242182790932e-03
1.482337616940959928e-03
1.285866326383824573e-03
1.680860471372093217e-03
1.338692615118225286e-03
1.384828498949300336e-03
1.289500934634540182e-03
1.431808659819878114e-03
1.287781967184031861e-03
1.497765405447498352e-03
1.341030562566074454e-03
1.488886156662018239e-03
1.332381344291182906e-03
1.328614674273818951e-03
1.171450977488782503e-03
1.409026069438894593e-03
1.671212955654608661e-03
1.280458416118989036e-03
1.356020411143478953e-03
1.337277558782450429e-03
1.335860943345643917e-03
1.391408037722819020e-03
1.462040096770785783e-03
1.441578001120978744e-03
1.422987400484220346e-03
1.548532358282105189e-03
1.486585310816000444e-03
1.261656706474492511e-03
1.380842138278592533e-03
1.222656720343277782e-03
1.645960582747975007e-03
1.358394386255416288e-03
1.343604553781530377e-03
1.574856805848791255e-03
1.401330961596359073e-03
1.321942299109391547e-03
1.408238850174381007e-03
1.335453938577106561e-03
1.477076971086593209e-03
1.313229426814369830e-03
1.343264503187250377e-03
1.218931388994821084e-03
1.231844957619934473e-03
1.285809290421035698e-03
1.395590072592569697e-03
1.458177220938567525e-03
1.253196853351048936e-03
1.386402825402776847e-03
1.521399369054637863e-03
1.349472138499280618e-03
1.601634368255652318e-03
1.374759493000065171e-03
1.284011169964432986e-03
1.302504891929190563e-03
1.193816807742728060e-03
1.782074459722262890e-03
1.473131905293490265e-03
1.331323982516269223e-03
1.144945497428443999e-03
1.290515845074550159e-03
1.275845905842984233e-03
1.320932843850815752e-03
1.419120077817080314e-03
1.283056938992449200e-03
1.162848480903218686e-03
1.398285385265853270e-03
1.303618378117010670e-03
1.379566273446782400e-03
1.449343656436650552e-03
1.532634632479187679e-03
1.285891407056134837e-03
1.451150740794538568e-03
1.187700561078167301e-03
1.391940757407268778e-03
1.283183141039018812e-03
1.354715763974948667e-03
1.592856022489468320e-03
1.239744705043098862e-03
1.357662326681044560e-03
1.532424019754001282e-03
1.687200445383342431e-03
1.278801460201990214e-03
1.258721620328332944e-03
1.433827985424458327e-03
1.194049910477355163e-03
1.274724559613530728e-03
1.473954971721907993e-03
1.328126027049940198e-03
1.404254564274813252e-03
1.200246872419172359e-03
1.288414185983546584e-03
1.233492566118590036e-03
1.194447914496114859e-03
1.104631662381969168e-03
1.380713267560313741e-03
1.320436165657378792e-03
1.802514904329133132e-03
1.604402111889706916e-03
1.513798705378053937e-03
1.399910272403200560e-03
1.167953358927205018e-03
1.391101779008978041e-03
1.284011213883148221e-03
1.390755835348967545e-03
1.414542805248539909e-03
1.090344801139589599e-03
1.320638365063088980e-03
1.445670656250595343e-03
1.195812924167923052e-03
1.314569893524403579e-03
1.582795688161050185e-03
1.360144618429308394e-03
1.182874000242187121e-03
1.307344564525651700e-03
1.507825665483078980e-03
1.362757204951577658e-03
1.427890327236915969e-03
1.153296723646466369e-03
1.787790648244181029e-03
1.360347430627699764e-03
1.434131417681060909e-03
1.706330662552749252e-03
1.772526523949946326e-03
1.486806265969224747e-03
1.277080685148507906e-03
1.370597218635430815e-03
1.388124734069464414e-03
1.031787537561369922e-03
1.390796291877474580e-03
1.322417317587864854e-03
1.499025125759200112e-03
1.085857377549492072e-03
1.367746697445090375e-03
1.260875029986772457e-03
1.492299966818469133e-03
1.187412567831692143e-03
1.672988785087777593e-03
1.201758351097601332e-03
1.513387877776349155e-03
1.343885661984734132e-03
1.339134732777390270e-03
1.362916889367713196e-03
1.012097932416163373e-03
1.626688220936211432e-03
1.456579969564535809e-03
1.198976282913112243e-03
1.239537097616115469e-03
1.305978364827766478e-03
1.533802730004843158e-03
1.259114694560180183e-03
1.144310614356262639e-03
1.572353040328993475e-03
1.441235146057696231e-03
1.236886698382080440e-03
1.266073819120666633e-03
1.402994894533444569e-03
1.238628025582852324e-03
1.810707787076750071e-03
1.501325562496059465e-03
1.507679761754923079e-03
1.440792409708180344e-03
1.466189359782407546e-03
1.610529344344174569e-03
1.391212696696474778e-03
1.302756493876430820e-03
1.265615052506749048e-03
1.274917103081735399e-03
1.263303374345268668e-03
1.499598384086449701e-03
1.436661363449679091e-03
1.287849668098498598e-03
1.202725351156088991e-03
1.522400056608310846e-03
1.932053513027676313e-03
1.208014858730258653e-03
1.552707999714647178e-03
1.534990188678884981e-03
1.379709702760032039e-03
1.270800928095049478e-03
1.577146788939298412e-03
1.639308077926935649e-03
1.325815889280862643e-03
1.185929494753010108e-03
1.422305197462081852e-03
1.596375789862109016e-03
1.157178806156435686e-03
1.351871305492694008e-03
1.567729770423222958e-03
1.382628884551423756e-03
1.689621448384095136e-03
1.175488798553971570e-03
1.356659374414558895e-03
1.335452089132089940e-03
1.549979180841709169e-03
1.322369415860076298e-03
1.401482389193147013e-03
1.662354296115107913e-03
1.389509275307194720e-03
1.665919082136196362e-03
1.268851763040849782e-03
1.459591139009687108e-03
1.586728125364067574e-03
1.470422113600492603e-03
1.594383109728903045e-03
1.357244289135868098e-03
1.551062455824695017e-03
1.675959065817014034e-03
1.168841836163625860e-03
1.398146892054669133e-03
1.335701080130665894e-03
1.543704871712066806e-03
1.283361187141715759e-03
1.514349049550679218e-03
1.233069014680629374e-03
1.594876493122514022e-03
1.265307036725287979e-03
1.456470609528576123e-03
1.499889864990868555e-03
1.708502113645449152e-03
1.550644519750708945e-03
1.296746501580783948e-03
1.523337490983209860e-03
1.743880079886347273e-03
1.816141698077627670e-03
1.417274112532488804e-03
1.608147448570992292e-03
1.146280293456975472e-03
1.677948768008981134e-03
1.476020885788833104e-03
1.286460958308851448e-03
1.462534334872808879e-03
1.444922103850395908e-03
1.204049484450317323e-03
1.472739322169022615e-03
1.468558475612700715e-03
1.489226929762197098e-03
1.211053110977207371e-03
1.368918399978638969e-03
1.507224372498711714e-03
1.598993596954973459e-03
1.381572548827559319e-03
1.506202884342376343e-03
1.225981095373169117e-03
1.545823518749995422e-03
1.571542212611577857e-03
1.412855099236738155e-03
1.337798375065946468e-03
1.475565831731119387e-03
1.304468826253633038e-03
1.405051642625986322e-03
1.369187606567720105e-03
1.740928322428751977e-03
1.007248828413843684e-03
1.459947861938444514e-03
1.820269038530336701e-03
1.466384302534187636e-03
1.694735755976610253e-03
1.468401489436002832e-03
1.521143648071584436e-03
1.264026327064293959e-03
1.524176305948284852e-03
1.547255648314285054e-03
1.181619530908854928e-03
1.326190258086799422e-03
1.363684001774592182e-03
1.125134059791427308e-03
1.496076736162509470e-03
1.404530294845049822e-03
1.703221867714544520e-03
1.672477027766484329e-03
1.312664726092598868e-03
1.504354248420650001e-03
1.733397870566958168e-03
1.769114014685958629e-03
1.531632404580206795e-03
1.424810021336543088e-03
1.641719438447131717e-03
1.661437830660876655e-03
1.682002327866597520e-03
1.597765867190310569e-03
1.700352465523065001e-03
1.640409917698729732e-03
1.296550472972301995e-03
1.490065588082627353e-03
1.241926167524399702e-03
1.316259252133070460e-03
1.326148335962484912e-03
1.546944963206902659e-03
1.331282876118414183e-03
1.341932901243013052e-03
1.455272949022259725e-03
1.891324948280127165e-03
1.633310590835178322e-03
1.627934711277521191e-03
1.265378459656624774e-03
1.849212645486143303e-03
1.604355909368318511e-03
1.664556610600791478e-03
1.761042027672563882e-03
1.343179980470805574e-03
1.577738880032940154e-03
1.665546240412801599e-03
1.552671137350728056e-03
1.794379921650774388e-03
1.605338870134662881e-03
1.765740183655606366e-03
1.372281708978823284e-03
1.687757866669226201e-03
1.720280320022824893e-03
1.924672543342786663e-03
1.663915132607284714e-03
1.336081402924843044e-03
1.617818066759703268e-03
1.507355606442557783e-03
1.458497550300689354e-03
1.442964735206106203e-03
1.774351624332242989e-03
1.429333239646235877e-03
1.543464313678822968e-03
1.480137071261093239e-03
1.501411488922184878e-03
1.374111979464718875e-03
1.579828134813776597e-03
1.463764563392458765e-03
1.499602810999359952e-03
1.204695517995183840e-03
1.438783615168720120e-03
1.957415272820035336e-03
1.543361378078340592e-03
1.710253754010827637e-03
1.887661914732514457e-03
1.479729925537456945e-03
1.180539369013138820e-03
1.509174145035826076e-03
1.601029252524202411e-03
1.605118997764394106e-03
1.705934375913554938e-03
1.319527504810380156e-03
1.816582764212020668e-03
1.869483050690611773e-03
1.493558143859529405e-03
1.510452503041627903e-03
1.634903467967157263e-03
1.926475396558436238e-03
1.645222383978863032e-03
1.627345046101492509e-03
1.500179839761866737e-03
1.689211967353971156e-03
1.778538430127209321e-03
1.586667445542889413e-03
1.373191568829816101e-03
1.279224075159360752e-03
1.684968528538298427e-03
1.885027517102718124e-03
1.522797963632202892e-03
1.749863388880050280e-03
1.753192703394015114e-03
1.907457771242892022e-03
1.640317704552322594e-03
1.692101014489852135e-03
1.692044716678511862e-03
1.320154389912618501e-03
1.648819587222312161e-03
1.569202669945814329e-03
1.990979999260025779e-03
1.555923591222663346e-03
1.563704906775757741e-03
1.846491622312125460e-03
1.665034441080777720e-03
1.379528627529768474e-03
1.831294779941753563e-03
1.715342867653388715e-03
1.646076672402497620e-03
1.408461540083553142e-03
1.651588687678986079e-03
1.452099286865091675e-03
1.695108717573846988e-03
1.659018447909044007e-03
1.595943941238395225e-03
1.796349379268882829e-03
1.717114108123732677e-03
1.770737141412824468e-03
1.611237495263774825e-03
1.771915528861166440e-03
1.690185063601531024e-03
1.433446889632840815e-03
2.105110111995099273e-03
1.345703544341652442e-03
1.733010578203904349e-03
1.835485041192299769e-03
1.367270850646407987e-03
1.719011938887384395e-03
1.596602328409726847e-03
1.571450855405796604e-03
1.563451563360595577e-03
1.752410493132137374e-03
1.475561201718704907e-03
1.432712070038524290e-03
1.463418344449551314e-03
1.704244221405584346e-03
1.578561985550739353e-03
1.724652149867109303e-03
1.768397179848729987e-03
1.628737329100222661e-03
1.583425801629106911e-03
1.490244308310814106e-03
1.646196543436909566e-03
1.627285967959919916e-03
1.588466686846279688e-03
1.618438839258419092e-03
1.623118519735757253e-03
1.806571441869699772e-03
1.693624597443833899e-03
1.465979524070803314e-03
1.625356320688697061e-03
2.003655694731557458e-03
