1.055145945255345392e-02
1.256074650157506037e-02
9.503627559353650806e-03
1.088783968141873205e-02
1.340475127089032874e-02
8.880480309267265934e-03
7.376007898460107924e-03
1.223752805693944720e-02
1.250464209258378250e-02
1.852344604717761148e-02
1.429704167050215892e-02
1.086353219142077373e-02
1.168554113328049669e-02
7.716345434287391961e-03
1.106083418558187655e-02
1.385611094770904279e-02
1.678888258477214887e-02
1.640074278836498728e-02
1.127258439236650256e-02
1.449068863593093968e-02
1.136634984730290968e-02
8.428227533398155447e-03
1.226149746903903645e-02
1.278281911779297932e-02
9.654000090476243939e-03
1.030381549138126816e-02
1.178047447975751061e-02
1.108299293802373318e-02
1.342640054893296138e-02
8.992649521337731794e-03
1.197464281902102176e-02
1.168250632658279255e-02
1.229427921792051667e-02
1.225572663120817231e-02
1.041315840271310120e-02
1.170772948257150191e-02
1.446323538056949569e-02
1.244429878818703074e-02
8.924297538691566486e-03
1.501768059393073819e-02
1.120587831709902657e-02
1.316412566835357435e-02
1.030875255931101332e-02
1.037199834720866319e-02
9.175971433285246004e-03
1.299532195026946793e-02
1.205566293372743909e-02
9.312441104586838617e-03
7.490149772293901338e-03
1.204661338736900261e-02
1.018530580053533634e-02
1.130003746326006288e-02
1.741528393122353940e-02
9.097751075953048813e-03
1.116001210540169819e-02
6.283392482669029368e-03
1.319971857521931753e-02
5.435369587198020033e-03
1.180759980175369837e-02
9.178882344107788457e-03
9.895439188814133397e-03
8.684896911582397350e-03
1.212510395750419218e-02
1.025547406420506194e-02
7.370723144958151417e-03
1.075563296785061324e-02
8.189507072782266708e-03
8.578866722627358221e-03
6.992894917559262444e-03
8.406317581296837010e-03
7.605025147278167592e-03
1.155136616868568215e-02
5.662679004814819006e-03
1.065523659572465386e-02
1.018241049087820031e-02
1.011379674309508328e-02
1.274335111564351211e-02
9.251736432335615212e-03
9.469630459802898595e-03
6.899459256166673958e-03
7.641315140066674491e-03
1.004122793310145180e-02
1.160457328822710361e-02
9.849769740481918376e-03
6.058087565056656174e-03
7.220517893163530196e-03
1.148042629202942165e-02
8.293726451615782494e-03
8.525743991778812411e-03
6.873761514591892469e-03
7.510380404154505529e-03
1.371133235423446610e-02
8.552624054954733462e-03
7.439190663937031260e-03
7.068669671141490120e-03
8.406599772033439624e-03
8.603527609907381246e-03
3.982880521283651068e-03
5.958108220894539793e-03
5.414744188365620825e-03
8.414989105394444363e-03
9.874370267438509208e-03
9.685647662518070272e-03
4.984634033055269399e-03
7.065953490113753219e-03
7.012323947390976427e-03
7.943379600239067195e-03
4.525601260711443509e-03
6.506277429960091382e-03
6.973384389776435960e-03
5.945647426310750674e-03
9.239623545714635566e-03
1.037417094781788347e-02
8.660809168680717179e-03
5.136770837760456197e-03
7.082824419510930919e-03
6.676395526592208106e-03
7.515839833828260631e-03
9.518811119158686676e-03
6.638364624737627846e-03
8.015265767715794298e-03
5.455242563367661453e-03
4.610517568861507987e-03
7.553697030131132674e-03
7.593592484410128900e-03
5.046124064156749280e-03
5.467072227821093491e-03
7.052572778878791332e-03
7.098888513341954261e-03
5.313162102877662732e-03
5.703307317452123958e-03
7.517692234481356504e-03
4.630062900447417910e-03
7.023578437787836304e-03
3.945441660492218262e-03
6.150989262499157763e-03
5.263625177336603810e-03
4.442196905793440072e-03
4.444006706699309660e-03
6.004566840379029630e-03
4.032628381242505354e-03
7.298784482671582391e-03
6.863503513343257624e-03
6.102416177492165326e-03
1.181751187373509225e-02
8.319178794122210688e-03
4.795595516902667090e-03
6.072713835317854365e-03
5.054132048608658140e-03
7.915623206849894955e-03
4.958420901762541216e-03
5.185778752827112544e-03
4.732604145359912973e-03
6.249237138167878548e-03
5.649609284338297580e-03
8.262811381657969231e-03
5.947736655613455360e-03
7.617755217710954659e-03
7.384455168645968556e-03
5.921094884038253202e-03
4.893377734121425945e-03
4.536274801559121023e-03
9.050701993340124971e-03
2.588902540456284890e-03
6.738326078250969284e-03
3.552064486846060170e-03
7.653535322057808746e-03
9.213211712484540780e-03
6.143451355671204588e-03
5.490220293526293198e-03
3.885396659733716604e-03
7.141805281465843022e-03
6.092709463317169324e-03
5.000149500475473303e-03
5.779181827327736255e-03
7.706313274081924916e-03
4.186523362225255153e-03
5.366455854014937771e-03
6.526215531923795082e-03
8.905526891162791545e-03
6.195302432429196371e-03
6.786476585761885665e-03
7.102983162371320595e-03
7.832802081547407536e-03
6.157888575196144437e-03
5.751255664752061812e-03
5.655520469851271423e-03
1.071544486335828349e-02
5.640667958972368778e-03
5.036892224042375209e-03
6.926023445782641605e-03
6.875633701493373724e-03
7.780889957947507811e-03
6.083222630775882156e-03
7.247063008029771061e-03
3.939461621366065376e-03
5.771061700112796802e-03
4.857495294435767302e-03
4.897187810242979375e-03
6.144485570450073340e-03
5.512464333191160332e-03
4.277093029270078589e-03
4.184941362300535241e-03
6.057874438967278743e-03
2.388400911091146696e-03
3.699719601699878908e-03
3.654839883697118090e-03
7.759962802002712962e-03
5.378167171994623075e-03
5.230678531594284975e-03
3.464992080945976990e-03
2.403499835357457599e-03
7.025013374959711808e-03
3.584966313055057766e-03
5.327014158367694534e-03
4.097405889273117961e-03
7.005740485761521169e-03
5.422461734647243160e-03
6.575946465410867012e-03
4.254896849691193472e-03
5.986602471481313782e-03
4.831802041554454814e-03
5.937760297685846719e-03
7.061485357113138697e-03
4.711722749559343199e-03
4.155901880877516802e-03
5.374375562343445059e-03
3.721171475930299625e-03
6.546122898087662102e-03
4.604354392933665378e-03
7.210413135632702704e-03
4.018592216136338512e-03
4.938686244878209147e-03
5.876622727908326245e-03
3.435321848347882689e-03
3.756069370595389346e-03
6.798332079726350334e-03
3.236667035853722698e-03
5.827302614968547789e-03
2.402992614230975606e-03
7.150752625087884035e-03
8.770758963234088004e-03
6.550835224612763796e-03
6.690601755747973764e-03
6.837459550975426466e-03
6.483353880870510073e-03
9.985331385893882888e-03
5.540680180026677677e-03
3.974097320549787454e-03
5.763175016312620247e-03
4.748991778787813034e-03
5.884481249898087032e-03
5.908743127466440336e-03
3.372413265354533805e-03
4.652264109434779520e-03
8.067449341891685943e-03
7.603261176707466415e-03
4.827616537648351039e-03
4.918865972316212483e-03
5.148374890582839078e-03
4.224486934859009168e-03
3.404914099588584979e-03
4.193159422377966926e-03
3.565491569538012731e-03
2.528620016533588821e-03
2.288062389460968245e-03
8.938788440363632307e-03
7.439970675297743682e-03
8.520147114435029645e-03
3.403154388920070009e-03
4.426675830058215445e-03
5.410800291526896705e-03
6.364313030054652258e-03
3.518193223417582800e-03
4.763546479116152581e-03
7.741595145392018290e-03
4.912063339136853515e-03
4.648230426981691914e-03
5.787757545335512135e-03
3.300908910766839517e-03
6.196151775906519159e-03
7.827380771705224130e-03
4.664683191007493873e-03
2.554694965041940172e-03
4.234864696966489372e-03
5.326284761168102212e-03
2.603625916098190832e-03
3.883791799444624802e-03
6.049674130869666343e-03
2.581719842974020129e-03
7.589268882362451910e-03
5.304184526226047094e-03
5.394988596227498663e-03
5.265897843880164818e-03
5.387305415941791645e-03
7.510213725911199165e-03
3.210766432415931935e-03
6.116842799996301781e-03
5.748025060590754125e-03
7.185343679762140091e-03
3.769551998332060574e-03
4.580210614022344612e-03
3.685307591025843363e-03
7.560816649720925216e-03
5.979944076870690427e-03
4.037639697188359113e-03
2.602975486184592579e-03
5.012256617770044845e-03
5.788345373383622927e-03
3.793980006809586497e-03
6.114571663225203124e-03
5.230924761965621318e-03
7.804569874552405237e-03
5.158734461158366591e-03
4.823356544086781703e-03
5.476557417924650568e-03
4.316012699024976071e-03
3.395216963664562590e-03
3.313866086775879832e-03
6.417307544130555416e-03
3.643616984124243598e-03
4.392480892783252530e-03
3.095886741451495203e-03
6.932514242287866717e-03
3.364237763690424658e-03
2.840828000609508640e-03
6.728173763221535937e-03
2.647517501810228192e-03
3.637674441539409231e-03
3.579622153080339389e-03
7.193993494170439901e-03
3.019022319855494633e-03
4.925311249962680687e-03
5.013411413229305544e-03
3.542715533665852061e-03
8.127711322862088764e-03
3.169165598989828921e-03
2.009485931010998854e-03
5.478727128097125865e-03
4.150891520292825619e-03
5.941363270163450491e-03
5.143999671874198432e-03
4.963692242439931429e-03
5.663948236529109913e-03
2.667702305928245071e-03
4.724264677590769672e-03
6.580484522782619437e-03
5.746520775259924586e-03
4.020947419100339044e-03
5.922292349454618028e-03
1.414747956620994711e-03
4.053620767770829518e-03
3.883771243671789181e-03
5.134569610063212039e-03
3.309472356226964094e-03
4.415882560442556393e-03
4.596951729274293026e-03
3.917580882012691550e-03
4.487611597021637713e-03
3.737645796981850250e-03
3.224792893220904556e-03
3.297988182362487052e-03
3.608087626066735620e-03
6.056872356194304557e-03
5.434387275615192719e-03
6.252811113674042881e-03
3.841335661687530698e-03
4.255696808843813760e-03
5.613675803013579504e-03
2.709963739570435404e-03
5.293042659971980250e-03
3.708769976012744798e-03
7.402167958541806120e-03
4.379630243105326476e-03
5.098667212264229934e-03
5.224212079640494499e-03
4.057110261955246613e-03
6.363824789734753851e-03
5.307035544691481033e-03
2.740045589106550415e-03
3.137413445471378022e-03
3.517628870111618681e-03
5.789047217590171865e-03
3.498039971989886678e-03
4.464875059743306750e-03
3.481122193468437574e-03
6.764123431886245874e-03
3.560671037885938806e-03
4.660219128176479146e-03
4.348987095696304518e-03
2.715729685946393929e-03
3.634977829169477176e-03
1.999749424459916752e-03
3.318052327590841327e-03
6.380817322023247043e-03
2.681189145422280175e-03
6.018315484476981746e-03
3.931326714563834930e-03
4.180790627422124005e-03
4.537946960824295294e-03
4.406927543739406518e-03
4.078486538995875800e-03
4.379089386704583357e-03
1.266458834482968874e-03
2.468312744572681138e-03
4.914120554566422418e-03
6.137431112151458742e-03
2.425482436935035534e-03
3.725950991962619693e-03
5.505345821816560146e-03
4.063107079685252150e-03
6.289346111378235106e-03
3.162262338655366656e-03
6.600163723588248384e-03
4.583754715969817935e-03
6.369644803503792842e-03
2.899106353758998042e-03
3.005211432726250052e-03
3.619454167962449752e-03
3.817586086442970820e-03
4.336199538483009701e-03
5.684126757129180814e-03
5.797988460814893635e-03
3.236301459240506322e-03
3.541349441107214616e-03
4.719347840194490842e-03
1.832387478367906910e-03
3.782205254377585257e-03
4.098224434419382549e-03
4.677633385751884913e-03
3.832799548846947939e-03
6.753813651508083597e-03
5.028074395103884937e-03
2.500729352390696197e-03
6.199739679376845697e-03
2.507996836467536479e-03
4.002618089526889696e-03
3.433239549836812187e-03
2.340982687490841298e-03
5.681480247238562126e-03
4.472313857184497324e-03
3.045168488352355957e-03
1.612927590412436716e-03
2.215864586112612552e-03
1.852761324125179682e-03
4.444450153282736293e-03
2.120972567243727732e-03
4.081443186455567702e-03
4.859564130011363031e-03
3.621245559296017418e-03
4.373074023046150290e-03
6.674714036011959901e-03
3.859772836254805016e-03
4.956122551443240334e-03
3.812151148670567778e-03
4.326166580582011499e-03
6.445108761022366392e-03
7.221837767953548891e-03
4.884920560575823668e-03
3.077947751783489776e-03
1.721922648570397988e-03
3.575822165362881142e-03
3.196489901635092383e-03
4.712428512902458629e-03
2.590345393980388218e-03
4.774742738908190932e-03
4.906106578189888684e-03
5.639050791409270201e-03
3.361483375043784402e-03
4.391868202310570367e-03
7.140261158210664365e-03
4.394593577822341647e-03
3.557163284091318517e-03
3.006750867148091488e-03
4.030477186792723841e-03
5.619967144629319823e-03
4.607547535004427944e-03
3.169832117392930478e-03
2.752496067593340756e-03
2.845943832653885161e-03
1.231205197040277947e-03
4.951506711654317557e-03
1.956190550278776117e-03
5.552795126046884862e-03
4.657471107172785237e-03
4.282957281804602653e-03
6.643303795127819197e-03
3.494363502383456346e-03
3.281764774563585528e-03
4.647951714634927615e-03
2.073849537754215728e-03
2.880177168846187723e-03
4.196301379500578035e-03
4.688714325826927147e-03
2.495694903865228013e-03
3.737722248275991959e-03
5.586475787495299473e-03
4.157165735001378329e-03
2.889286442597536336e-03
6.232305540779758263e-03
5.327835350613184702e-03
7.799445856560222393e-03
7.477015255616453401e-04
2.490479855276485788e-03
3.614474588375248161e-03
3.614638350723801876e-03
3.888104050224491966e-03
1.876598150600646041e-03
4.518660123261242223e-03
4.564682429056649178e-03
4.982579384651369785e-03
2.444055272823524722e-03
3.338478635635863580e-03
5.830168111200165551e-03
2.067063449769374582e-03
3.788079634559353599e-03
5.726686134883867026e-03
4.523491316522936477e-03
2.810100734323900135e-03
5.655970063332704280e-03
4.637748135767034464e-03
7.257819662232827158e-03
6.727133495131111182e-03
3.319123568976521926e-03
3.210181215277641952e-03
2.687340638684944643e-03
3.363656214871214595e-03
3.073767242839461466e-03
4.493885011193025220e-03
2.612386769230137448e-03
5.669940848464989289e-03
3.004632285639278859e-03
2.821995878090559785e-03
1.651668440915647542e-03
2.413921079069346418e-03
1.736895720311655827e-03
3.570442206868473800e-03
5.591043161416645209e-03
4.687037564834977202e-03
2.519113132143545146e-03
5.067549940256015593e-03
4.601187089238053217e-03
3.241284384135709445e-03
3.759866408130101492e-03
5.862420660054630875e-03
2.825517208765935574e-03
5.130839696609371635e-03
5.589521332210706933e-03
5.512010854988376451e-03
2.276880756189912560e-03
1.746277410128082826e-03
2.911722059390193119e-03
6.028227227079352435e-03
3.430441713435551307e-03
4.655811035309884507e-03
1.936613036013582314e-03
4.769327101504081470e-03
2.457919161513757479e-03
4.438180642696226003e-03
3.917891736438924334e-03
2.216628843941113175e-03
6.284091954895905732e-03
3.866838930500128384e-03
3.275752098462105053e-03
2.845388268561743501e-03
3.804043900759918051e-03
4.085134112875143941e-03
5.965475105329350741e-03
4.444704081467071646e-03
2.960282759681995540e-03
5.826128666600213259e-03
2.661490870796029765e-03
2.748632052505817821e-03
1.982289695076590395e-03
2.430644283446144194e-03
2.641225821136436273e-03
1.876437625412960032e-03
4.292707132634147361e-03
3.275817714229723853e-03
5.027228098563496679e-03
4.014250963120369504e-03
4.912397431741449653e-03
3.609997695169553638e-03
5.033498305584182056e-03
5.221979626987713341e-03
3.707837484596994328e-03
4.389840115512633201e-03
2.841115389340122168e-03
9.195687333575765232e-03
4.808328132696981609e-03
5.116844704414232406e-03
5.182245168611709051e-03
2.404833956720276236e-03
3.249805554580306299e-03
5.929804348704024314e-03
3.434546126561309302e-03
2.030750823155519011e-03
6.364848238991573266e-03
2.104529599915254141e-03
4.902548848053818638e-03
2.874897605444574206e-03
4.627940828768779824e-03
3.943914581423885353e-03
4.483710950797002021e-03
3.602926732446545474e-03
1.249594383450733977e-03
5.143071250133982898e-03
4.678958553165644789e-03
2.575303244730012438e-03
4.569235785988952359e-03
4.891314747027460628e-03
3.228092240177098809e-03
4.167313638226618003e-03
4.554643269328403909e-03
4.042307146740589489e-03
6.307382315677326559e-03
4.178538309931610628e-03
3.193542506658432825e-03
3.278932493332077040e-03
6.309369198052435998e-03
2.960462391070820768e-03
3.307690118258639275e-03
5.093119270921713133e-03
2.919481755104728991e-03
5.072695030333060177e-03
4.498976949203256810e-03
3.474997065181487446e-03
1.365206452379426772e-03
2.048339797993757594e-03
2.512830736733728896e-03
4.716615565816620510e-03
3.720790541494183989e-03
3.831307550750010209e-03
2.792783530629068967e-03
4.368081442134148958e-03
3.979865981230127497e-03
5.483989934789109712e-03
2.908269863411433714e-03
3.778187143238637656e-03
5.343725249407766699e-03
3.432622768674732129e-03
3.140484229276363764e-03
6.184246408252486518e-03
4.898106510767367798e-03
7.566141513783792606e-03
4.487190256047271335e-03
3.068357782200257112e-03
4.968588079683637637e-03
4.079351564669190036e-03
1.457618578895171751e-03
3.235815781349648569e-03
4.600441619403867859e-03
4.063537361200132182e-03
2.354820702521403554e-03
3.990845994200067567e-03
2.391585079872687782e-03
4.457328695273823742e-03
2.078564287607792375e-03
6.063306139466258064e-03
6.035376169417541042e-03
5.076967251734751038e-03
4.228656346917082642e-03
6.655360487362532197e-03
3.689854945232160129e-03
4.037531530571888960e-03
5.010982357770983608e-03
3.850384875750934976e-03
6.499801291879690919e-03
3.722723164425770139e-03
5.308087098526647306e-03
3.946071160118552745e-03
6.112748036443645290e-03
4.339636227156333688e-03
3.286762088091802446e-03
6.551581407875168434e-03
7.112175398086639268e-03
5.070500110945358289e-03
3.206784368481323429e-03
4.964673467063264976e-03
1.032527411541927804e-03
2.678954525164119107e-03
2.922166650728329641e-03
3.781087262433358714e-03
4.807132396543431323e-03
4.504186819187154175e-03
3.505404320368210418e-03
5.504692162825882383e-03
5.312220879643224022e-03
3.920851753088559766e-03
2.993989848188333656e-03
5.322197503282824135e-03
3.876610010830356962e-03
5.135764154550628499e-03
3.958891228474514454e-03
4.562839221685863200e-03
4.849675851361417468e-03
4.088802203762477265e-03
4.357871456579206874e-03
3.698958856629979645e-03
3.773701286622151325e-03
6.049688393626125732e-03
3.948704776484949185e-03
3.086190086966634355e-03
2.428812947069897577e-03
4.353293493907518449e-03
4.577390488796392008e-03
4.888479270450951826e-03
6.706505652003077154e-03
1.833047044091042858e-03
2.942506058322154078e-03
3.482322393205068700e-03
2.314605130062014071e-03
7.495154329529032933e-03
3.645928164619011234e-03
4.071677873289015863e-03
3.774789758843227153e-03
3.046996165892481775e-03
2.314045248596233693e-03
2.728119311860214939e-03
2.622083010724153215e-03
3.026967380697111621e-03
5.224992821412951030e-03
3.869944468553093188e-03
5.466335770098450404e-03
3.958821496964557568e-03
2.670187494490505482e-03
2.154670558165628757e-03
2.979727064420503377e-03
4.184080061720947541e-03
2.371414579190527644e-03
3.129802306573660660e-03
6.494714797531365991e-03
3.723892056848939966e-03
4.911351166641922047e-03
3.334248169487876150e-03
3.747466480818247708e-03
5.438491916980871602e-03
3.048241963939884221e-03
4.458498759292569766e-03
1.230445199136786637e-03
3.075152215689869011e-03
5.524640123073084642e-03
6.748732085267106218e-03
3.539473805223416602e-03
5.217205080933138596e-03
3.004592073313807656e-03
4.921175819205318887e-03
3.296870872189213136e-03
4.364106863090825780e-03
6.673017905903504826e-03
3.045901324067084096e-03
4.759877346912369522e-03
3.987349880791180717e-03
5.214179282367909646e-03
3.375526225660234209e-03
4.540040252794596415e-03
3.156311236848541400e-03
4.995734482786122650e-03
2.742893848506508265e-03
3.524039883441335355e-03
3.348645942332127614e-03
3.813255063322211393e-03
3.371970345759008406e-03
4.970993243980932619e-03
2.922126319732688826e-03
3.936112337812939371e-03
4.021445304179659119e-03
3.446015431282500353e-03
3.147092833775191455e-03
3.293922547544418135e-03
2.758317198377230155e-03
4.339622498190491909e-03
2.930194244300460618e-03
5.522928862481132385e-03
3.236833576862367928e-03
7.722404873818307196e-03
2.386320238161887281e-03
3.425785620272282089e-03
2.519551619206987850e-03
2.888662265193216519e-03
2.638644004466270988e-03
1.506169869629653572e-03
2.405644582573375143e-03
4.660933142147433497e-03
2.094731066762560174e-03
4.169433904551642089e-03
4.290540699938029216e-03
3.461718000199928962e-03
4.889954207876838314e-03
2.618162273907210114e-03
2.319106261267333321e-03
4.350023566202081485e-03
3.524141014068883377e-03
3.342911077524706766e-03
4.327547767470024329e-03
3.704739894123123059e-03
6.211622794631175941e-03
3.381314135042723379e-03
2.871845700216671144e-03
4.730503864224418209e-03
5.127824049172212753e-03
