8.275963345323555887e-04
1.274719376426866786e-04
1.341761691624073459e-03
1.823447554599114530e-04
1.489385465781626347e-03
1.207336913186909597e-03
1.834664973475548392e-03
2.823702795501649345e-03
1.652773076510672540e-03
1.776230079451130740e-03
1.691371773187194064e-03
3.571337859233526943e-04
1.094135363403056765e-03
1.771921241404023160e-03
3.266492377847026417e-03
1.687788720953677579e-03
2.882246974152097296e-03
1.308929945330721163e-03
2.422521592453812968e-03
8.817871451840932420e-04
5.671795806259999828e-04
1.860910429315989784e-03
1.328409821967449413e-03
1.875767872174048667e-03
2.914204575963349596e-03
1.709210265632171710e-03
8.854854755791659836e-04
6.549952059521839225e-04
1.268192824055732739e-03
7.600149430532330977e-04
2.805491628093197479e-03
1.296866071071613039e-03
2.184390871860634499e-03
1.136784473932942239e-04
1.550723768718384682e-03
1.318500913170213501e-03
3.156395421745292543e-03
1.505480177631546854e-03
2.324259519335737569e-03
1.275896285395879126e-03
1.127697807743517676e-03
1.502907177045869009e-03
4.320725869589341593e-03
2.603981990458815662e-03
1.508353234726422798e-03
2.828789368450065553e-03
5.710780481798854655e-04
1.832276042739731763e-03
1.554628131370981107e-03
1.846428164936983994e-03
2.369292700374395905e-03
2.568800497555258702e-03
3.641922598506912127e-03
2.127140289856987825e-03
1.393633210497043648e-03
4.455010952068086394e-03
1.854719009430229716e-03
6.444904197116493915e-04
2.125812633992703749e-03
2.337358349688009769e-03
1.654494572508711289e-03
1.229530549507889441e-03
1.752101642370913672e-03
4.608240013543161810e-03
1.777809585802269310e-03
2.606655842025392376e-03
1.135746057121828512e-03
2.013964675153878583e-03
3.288454114851244951e-03
3.110870937589208917e-03
1.782525914570796998e-03
6.577611705433739986e-04
1.097404817417782291e-03
2.025557973476604598e-04
5.030102842039580260e-03
3.275315658240101745e-03
6.012107815359410239e-04
1.827744096920546095e-03
2.132309124508811448e-03
9.892536218359100717e-04
1.675497413030236499e-03
8.396761401737323511e-04
1.487115404039260607e-03
1.862307676556349684e-03
1.839498382929327311e-03
1.096491485640273223e-03
3.145207256419299546e-03
1.225758717072848334e-03
4.612443379893224333e-04
1.603113224347121153e-03
3.252735463775407055e-03
1.928410480393130634e-03
3.365557071314394851e-03
3.299733868666955647e-03
2.370167524637572382e-03
1.855329512682029171e-03
1.543113558979229260e-03
8.289762860738410883e-04
1.212079175493854279e-03
1.883287759229916765e-03
1.475038971620727148e-03
1.670288670397165106e-03
9.164171593325226442e-04
1.412027012906423920e-03
8.090939583563318879e-04
1.411056976855907521e-03
4.416676556312048099e-03
4.139386466589210084e-03
1.606658168684396053e-03
3.812388830497995783e-03
3.306885850608975476e-03
1.431951316434776269e-03
4.135693411927022188e-03
1.537919243985486116e-03
4.261393878608621009e-04
6.195908688335119126e-04
4.501831389195537535e-04
1.245807169842962428e-03
1.202863155630894652e-03
4.469793334596892953e-04
1.997670395340772707e-03
3.082641429117989520e-03
2.885058131929321874e-03
2.392882312340809288e-03
2.269364579193389707e-03
7.870211311787209335e-04
2.707794208617090529e-03
1.201711511433769196e-04
2.782453038738538255e-03
6.693482542287431487e-04
2.680856415350011887e-03
1.532680447903293905e-03
1.786408621292908143e-03
2.216744385428395022e-03
8.757567912962039040e-04
1.362801412680684186e-03
6.158052428352431013e-04
8.584230537754408913e-04
1.164308950791804196e-03
2.506861773066384764e-03
1.026771247025117699e-03
3.107923501367046686e-03
1.725883681717660942e-03
2.365573919312790978e-03
2.988549251198844886e-04
1.203698208310796571e-03
1.317038479972956755e-03
2.071877148517589032e-03
2.191882980034673238e-03
2.419199713018571618e-03
1.523196268523744571e-03
2.108185611938295009e-03
2.277562663498886811e-03
1.812273602120553599e-03
1.124043392566918776e-03
2.589129894696106608e-03
1.065619777504098501e-03
2.862578747873719288e-03
1.132573180339043828e-03
1.617614945868816071e-03
1.475790839399085874e-03
1.681091229725724129e-03
1.656493672536938451e-04
1.191919439597391526e-03
5.484328810166004499e-04
1.157175658301250838e-03
1.727777890201608610e-03
7.032710204341991421e-04
2.259323487729645013e-03
1.069830405611506101e-03
2.486452479104958504e-03
2.850341056844214824e-03
5.484351326661866333e-04
6.516172120981656964e-04
2.275172887669930834e-03
5.785298345138960730e-04
1.064105652695585165e-03
2.038261185694951582e-03
4.155666047217721946e-04
2.517904839283905023e-03
1.809428757273601543e-03
1.222929399267490150e-03
1.060750268542032205e-03
6.380539899089836394e-04
8.310379269086259901e-04
7.218953243525549728e-04
1.188979768460475105e-03
9.191441418150090572e-04
9.062376599117830459e-04
1.351067932325642970e-03
1.617922107887611325e-03
2.001441887386954353e-03
1.355340585750542488e-03
1.405070380253231697e-03
2.319202152139120284e-04
1.786689508003525906e-03
1.080225242030650058e-03
4.386852298859758342e-04
6.429202702861575545e-04
4.055639231120172251e-04
1.592213861319895056e-03
9.641228270237808210e-04
8.495040890487446728e-04
7.451675351073591284e-06
2.847977502992637359e-04
1.092330605167630172e-04
7.728980334781716767e-04
1.807342193201900201e-03
1.292584956833531295e-04
7.028829769802639928e-04
1.173590293241298611e-03
1.710612824813097189e-03
1.686455754689169780e-03
4.967684495948259662e-04
7.680783110634277835e-04
1.033135702418116423e-03
2.550632111585178431e-04
3.082747090850031539e-04
3.756641395810321709e-04
9.919632134338903558e-04
5.579692694579663128e-04
1.097787046120910935e-03
4.128036516222032427e-04
3.559235088040155356e-04
1.006607579613011090e-03
6.572303685605206114e-04
2.053371909615328442e-04
2.306355959201835640e-04
4.134824466568397792e-04
7.099865874100288099e-05
7.564973387395959072e-04
9.244927867842013319e-04
6.713002414797293333e-04
7.114312790854320639e-04
9.732641188069444775e-04
6.617998541517395965e-04
7.060864442112882791e-04
1.010022654919155813e-05
2.362342967025840665e-04
9.959123811163106584e-04
7.741807454650644245e-04
2.520275234401680563e-03
1.103919930655059337e-04
3.315091878814319971e-04
1.718262176798988992e-03
1.349550317767690775e-03
4.246219225713876379e-04
1.446215958393293590e-03
3.700494201953349145e-04
5.966566166132305149e-04
1.592856753629580532e-04
9.418440289038488818e-04
5.024280132650274310e-05
1.058448263115997334e-03
1.624880633372250251e-03
7.881115340833119492e-04
1.752001238373741094e-03
2.054657875004195500e-03
8.738198066395859269e-04
1.532279472577470101e-03
6.713164334214764785e-04
2.859054930361822826e-04
7.044778944946187942e-04
1.187345308613315482e-03
1.095993225146428730e-04
1.379027144164315152e-03
4.017157977526388760e-04
1.697421351860469970e-03
1.073685444589994814e-03
8.587181194789723568e-04
1.660635828273758323e-03
4.667495409988783178e-04
1.551518889887848083e-03
1.803543594062397264e-03
2.868441756209937771e-03
2.461686540134797171e-04
8.171110690600550145e-04
7.558582104662757949e-04
8.105078144326783316e-04
1.891085897894202814e-03
1.060194892924713099e-03
8.856177841041061897e-04
4.546976403607566630e-04
9.756882884155586343e-04
1.451296860622338075e-03
1.801366994027188107e-07
5.901943977400335569e-04
3.223580273175445676e-04
1.399120303706569883e-03
2.145848381782896914e-04
9.450631124030156073e-04
1.107832016504341731e-03
2.145843836328989711e-04
1.711769149904484722e-06
6.274866484248986433e-04
5.832250577776582415e-04
1.706557813914260464e-03
4.280552232657737011e-04
1.165623076827024523e-03
1.632727168063746563e-03
2.157087235008456078e-03
1.301597885325613858e-03
1.664128455196293597e-03
7.089171111879527412e-05
5.769165652074482445e-04
5.628280646144072754e-04
4.184434705023071504e-04
3.040288781296268173e-04
7.946889010473607120e-05
1.823579562328781877e-04
7.841717445282576871e-04
1.548805498719564796e-06
8.720903870492285577e-04
7.975391643447609941e-04
2.565433861132353785e-04
5.323130737042582701e-04
1.428619892533864854e-03
2.072680257663843146e-04
1.272714105191253371e-03
8.393604557035723576e-04
2.225182117086556190e-03
7.646363860104975077e-04
1.018579738658795296e-03
3.386069028797048419e-04
1.999122721574098690e-04
6.671814147677536519e-04
2.176737875704842936e-04
5.872792236495049615e-04
7.907702124931109905e-04
7.007065599901819881e-04
2.670249216710536642e-03
1.542793804164397167e-03
6.031589610392098155e-04
1.304703484002677502e-03
1.919418347276058542e-04
1.185390808342920167e-05
7.396020988965106751e-04
4.336308585214891501e-04
1.700628530303600330e-03
1.227175757840510669e-03
5.830412236394089294e-04
1.016866169601000295e-03
2.171421592066258635e-03
1.167862253695049106e-03
1.808673633760244379e-03
1.191887804205102883e-03
1.942939567069206560e-03
9.584433305203557798e-04
7.648450370781046921e-04
9.155110249257617959e-04
2.196585113086456029e-03
1.253211368313324236e-03
6.547197113757519289e-04
2.222247096213013362e-03
1.006851172133889404e-03
2.055828508962209179e-03
5.220735334240292997e-04
8.966029107657624278e-04
9.597672521062896624e-04
1.582970627721146280e-03
1.422860336861445823e-03
1.284488240348088083e-03
1.750479182579381182e-03
2.122398691328957789e-03
1.039191478223705500e-03
7.361986668884112212e-04
1.372757757965956983e-03
1.906435054303265821e-03
5.377427106812173417e-04
1.177812531637607938e-03
1.780770350045307072e-03
2.626515471060724121e-03
1.464078381908895951e-03
2.657457448916166615e-03
3.326205692651884246e-04
8.982960561667503209e-04
1.495472597399130892e-03
5.385230739424092233e-04
3.274795461985270835e-03
1.844559800669851989e-03
1.683897945960561790e-03
9.861313372946209528e-04
1.032701245853085873e-04
2.114782124042936026e-03
1.031826341249036634e-03
7.067570248721688009e-04
7.180331211461395352e-04
1.224129736187561665e-03
1.272280188602795256e-03
8.335183608785266037e-04
1.216387036338310596e-03
9.630367165069375623e-04
2.883727133467215570e-03
1.978256807037279304e-03
3.548978695776331131e-04
7.995064325886436837e-04
2.155317565341225566e-03
1.209278379281283075e-03
7.350193280986855402e-04
1.101169951076287103e-03
1.500759600678769909e-03
9.781874954191383757e-04
1.711008275350647421e-03
8.883292242878427320e-04
9.508260422232068035e-04
1.203424902363638919e-03
3.550882087776324834e-04
1.977772809075981596e-03
1.821726252226388071e-03
1.398616836497592426e-03
1.507306921353035673e-03
7.963227840247570329e-04
9.095084565184732590e-04
2.832698919507281761e-03
3.167668642401917905e-03
2.145516904317038443e-03
1.344776470032014017e-04
1.810357424960935976e-04
1.491251431858018174e-03
1.071587856820626749e-03
1.766594211323438152e-03
1.897438141837359772e-03
1.224925991270284144e-03
1.384212706362511567e-03
1.434148522958798334e-03
3.137915171285234495e-03
2.325386460117856609e-03
9.315086365663987136e-04
2.162606131835386435e-03
1.249481905858595802e-03
2.175444832767296430e-03
2.019399306074419996e-03
3.687708954525671223e-03
2.590567543050623783e-03
1.618577840876521358e-03
1.799230868021092691e-03
1.046790738625965863e-03
1.721762920245407599e-03
9.993657076803011841e-04
1.521755593602787870e-03
1.006508905514783524e-03
1.400241788262916731e-03
1.490632439609746590e-03
1.672002073707631485e-03
9.028300537877693510e-04
6.369655725697176288e-04
2.460627173769647062e-03
1.499480396782983723e-03
5.233986621881325666e-04
1.844621097197012873e-03
1.043593242023627262e-03
8.100983637891401778e-04
1.865653305722670969e-04
2.103870951838935233e-03
1.291001983092304999e-03
6.768348138657695554e-04
2.033783870038975936e-05
9.408037592226678458e-04
2.468944320670016842e-03
8.534426946733118672e-04
7.800219660158629964e-04
1.562916424064152631e-03
1.828617177485546055e-03
1.513344130516684066e-03
1.656222037882663315e-03
1.509480528192928090e-03
1.394869945304762823e-03
2.704241675240488113e-03
1.932375501736440654e-03
1.039906741026267855e-03
5.411254357437099340e-04
2.171666084175267498e-03
1.783307559828771916e-03
1.098474830767303583e-03
1.056102456466675825e-03
1.322475925087897818e-03
2.686619569469617303e-04
1.408268742367764764e-03
8.511610738782404576e-04
8.301926072220612574e-04
7.564773245932286802e-04
1.601926035746881628e-03
1.215068472606527184e-03
1.512320704654743133e-03
1.213284028776739258e-03
6.897793495510045258e-04
9.116086414375505938e-04
7.495400598274287469e-04
1.960529918270846866e-03
2.478689759137259196e-03
2.202487961319278889e-03
1.520869424921366970e-03
1.977200039301796764e-03
2.114936810430466645e-03
2.479988876186100481e-03
1.106603794911846473e-03
2.109089920818108584e-03
4.542697967135168012e-03
1.633479961376974737e-03
3.329617801761527930e-04
1.496118932192643880e-03
1.032671837244400525e-03
1.844741612338605822e-03
9.670896354318908855e-04
2.456255879189411448e-03
1.434641362154518785e-03
1.188726285984173601e-03
1.237634746932140964e-03
1.420415520751181502e-03
1.252047844170913837e-04
5.697718034474616141e-04
2.505446499445966829e-04
1.942001779663127519e-03
2.549108181755080620e-03
1.600775091440133271e-03
1.137287916740569588e-03
1.826625320686153103e-03
1.014310783980118926e-03
2.132615675964084218e-03
8.133448413956135799e-04
2.210643193689103368e-03
7.130363867485830370e-04
1.264896996178595722e-03
9.029331657821203141e-04
7.925088461798374985e-04
1.837180686979814287e-03
2.736242239647261078e-03
2.315331663968720616e-03
7.123010086802800556e-04
8.309306331842462607e-04
2.188641518097680060e-03
2.429156930899100449e-03
6.735100001958933174e-04
8.168579773980003600e-04
8.796831956477967106e-04
2.819426596863221050e-03
3.395200101757795026e-03
1.807698362807350946e-03
2.046833429177841342e-03
7.687841043950515265e-04
1.426602554251634293e-03
1.294375439910005619e-04
1.209642673015694312e-03
3.416981689763222809e-04
3.349967065337919672e-03
4.247026375547262441e-04
1.193947662585742022e-03
2.015269963521664452e-03
1.396874615575145751e-03
2.345098455246081605e-03
1.679226137386120084e-03
1.155929256110602545e-03
2.852953142917211138e-03
8.736514109575912275e-04
1.295836280303097219e-03
3.357718307797998448e-03
2.117402845416743121e-03
6.419121862466881188e-04
3.570299854377800689e-04
1.112079795114492018e-03
1.109715325615574051e-03
1.264442332904530501e-03
2.159793039946918732e-03
1.438242423501014155e-03
3.579431060011180592e-03
8.318664433898391745e-04
9.072867546011172558e-04
1.559682663811124076e-03
2.234543121947693122e-03
2.066630031209811067e-03
1.381172342640457412e-03
1.665120932727289470e-03
4.198987221686822056e-04
3.322969552369481154e-03
1.713691238252830701e-03
2.026634285711972124e-03
1.031423040388369577e-03
4.698939594415641016e-04
2.816157839106959385e-03
1.061293295957299512e-03
8.486138698851994778e-04
2.068706040691309280e-03
1.885291603649735543e-03
1.258172941869188438e-03
2.454355206363612475e-03
1.634334256261272492e-03
1.215695097354156998e-03
2.440954017061557849e-03
1.427398855322064772e-03
1.359796881010584286e-03
3.881448812228777525e-04
1.785434159327019916e-04
7.992059387245908876e-04
7.804772231092592730e-04
2.101557217984310281e-03
1.165754122352259149e-03
3.966143395877649337e-03
2.232810071242804194e-04
1.533965689648078209e-03
3.525325981349313170e-03
1.277272893673412919e-03
1.706787885222972156e-03
1.482953520664136333e-03
2.409098236013848364e-03
6.635764523037547026e-04
1.284218563261389735e-03
2.876596885248806478e-03
1.239998524859633588e-03
1.387293938739922548e-03
1.707119905007440459e-04
1.045716119229358728e-03
2.595727809355171788e-03
2.125089070023472571e-04
1.659570331591834254e-03
2.313870409192525773e-03
7.694143605841464745e-04
1.821126365063630752e-03
1.095901185537290646e-03
1.459610010199133279e-03
3.629041190572821472e-04
5.946563893818743391e-04
1.395113739401400476e-03
1.765696755298650639e-03
1.287634828236546795e-03
1.659425951900464664e-03
2.619593259010825296e-03
1.153554683397569431e-03
1.121956987231627302e-03
9.435468299001063949e-04
1.148245868684759320e-03
1.575924603479123909e-03
1.660257360850897175e-03
3.694827997553026648e-03
5.932790502140612579e-04
2.074367276517113435e-04
1.378686609760205063e-03
1.953503504897360996e-03
2.788715443179155904e-03
1.255732404959207515e-03
5.690101530510871053e-04
6.309840167415955384e-04
2.457574455796616725e-03
1.422659223584382291e-03
2.109569144606100472e-03
1.497025680357296461e-03
1.066141490204674212e-03
1.903523547336096649e-03
5.188992204600028670e-04
1.815427238518570663e-03
7.211049555618256023e-04
2.396927093729195497e-03
7.425799445085004297e-04
1.363245388440429253e-03
1.977998647126708032e-03
1.764088775312101006e-03
1.221481802995948119e-03
1.443856543889892197e-03
2.176823448843305010e-03
1.111040138879715658e-03
1.149841240554854002e-03
6.991429260069594075e-04
2.708389015606194245e-04
1.079216893064710104e-03
1.671057480198256907e-03
4.453157283805534100e-04
2.636783350583772265e-03
1.768500731527586226e-03
1.534908164301229064e-03
1.264995223059298991e-03
5.358307975288084538e-04
1.421560435004984822e-03
1.863527272204585066e-03
1.038756634720139349e-03
4.775752758559364056e-03
7.594771088759694850e-04
2.161041549987078279e-03
1.463523768001822722e-03
2.001127796181462887e-03
1.331184838735488844e-03
9.038460390772143707e-04
8.466639278488039683e-04
3.371792855083664657e-03
1.350300882848367353e-03
7.950288506148930076e-04
7.477295301604608164e-04
6.287815187323498494e-04
1.806156559854302625e-03
7.061942436013731719e-04
1.117016771885622666e-03
2.323170144377554452e-03
3.301570182028816156e-04
4.220377624467529210e-04
2.944206758572130668e-04
7.985820305768734362e-04
9.619860741366014411e-04
1.307595066495439952e-03
5.076900036187241214e-04
4.161425357656903181e-04
3.023683797755949074e-03
3.390093015650754837e-03
9.814974254158692103e-04
1.799873832163377064e-03
1.240111686300289289e-03
1.820511153245131996e-03
7.403014038277323881e-04
2.579515158022620269e-03
3.275971927472671932e-03
8.192844009131022886e-04
2.495992910771246444e-03
1.191217647762509270e-03
7.580043721615990120e-04
1.631729071534819032e-03
1.045738250124744100e-03
1.272776630571803526e-03
2.528599174577586192e-03
1.245163067917475766e-03
2.164847318117572774e-03
1.204404388671064582e-03
1.470345000989846948e-03
8.663386605554669042e-04
6.599889554987958861e-04
1.568470623741488558e-03
7.423662617921162514e-04
1.170855858992373051e-03
1.793390054331871425e-03
1.169212284823294709e-03
3.413153617395758149e-03
1.181405544012238207e-03
4.596247465812488111e-04
1.539540609575486057e-03
8.185679569322251627e-04
1.378783062487072770e-03
1.207798472260140660e-03
1.549799103465604065e-03
5.410678384424161920e-04
2.798746562003842295e-03
3.029253195648689938e-03
1.012591466054275436e-03
8.930250992491200806e-04
2.717905604603738663e-03
2.878220234726475146e-03
1.875790707140253481e-03
3.885978176954362298e-04
2.053513722828629283e-03
9.867768626090184757e-04
1.229299992290452601e-03
2.722501794433418356e-04
6.013306185798856281e-04
1.985255905164925658e-03
6.323032363227803218e-04
1.116652210201680376e-03
1.822179618083358309e-03
1.139267323827294421e-03
3.546581505503929987e-03
5.004211598697082090e-04
1.198382599102995518e-03
1.502459928022698227e-03
2.133847628816171790e-03
6.522156673757645035e-04
1.398291050937649571e-03
1.079510183491846605e-03
5.994632080814234600e-04
2.597184388351738132e-03
3.184930939589530733e-04
1.105793715179245566e-03
7.897221548881321312e-04
3.968927339050264125e-04
1.856103916432635731e-03
8.275901388479236197e-04
1.853073604913636546e-03
5.203858592725358820e-04
1.784920122378834450e-03
3.182912058339018059e-03
1.298523934754038057e-03
1.258905138618131346e-03
8.541461719671256158e-04
2.479199424223658445e-03
2.283903941752427665e-03
8.081788962977046751e-04
1.765155842409326780e-03
1.085315889656629290e-03
2.291971376327029287e-03
8.729388303027354979e-04
9.635822962933060162e-04
3.399553657050647434e-03
1.498691940014791829e-03
1.598817434092431912e-03
2.215125283602079834e-03
1.797442251301078694e-03
8.260212930160806084e-04
9.432330854265128959e-04
2.264450110580363325e-03
1.924611580266528304e-03
1.892371087381333186e-03
9.607721519734202130e-04
1.295390347308020013e-03
1.787026683165792319e-03
2.180010192065122941e-03
7.482982997851820271e-04
5.916584644520626445e-04
2.507357854162929611e-03
