3.703210173170131737e-04
4.512856778974943779e-04
6.471851742530511072e-04
1.623303850922011820e-04
8.968120847397310523e-04
4.070833656582584789e-04
5.015642736972249563e-04
1.442978608985794390e-04
1.110548181633118966e-03
1.750276534524893143e-03
3.112306545027216731e-04
5.854389545938518829e-05
1.091099009993851555e-04
1.099088198907492925e-03
2.998608658421567531e-04
6.522299276967205963e-04
2.838178323298718646e-04
4.116323203710441385e-04
1.617500850459500743e-04
1.819219547186218240e-06
2.099066909122838660e-05
2.362103289789722817e-04
6.423290177786505906e-06
2.097790784962790756e-05
1.490336260743790474e-04
1.499917847610626935e-05
4.926269050300495997e-09
2.568568294278213149e-04
1.154228134013462411e-06
2.083707614228639540e-04
1.494725413212991884e-05
4.069471309125548904e-04
7.220315242098021525e-05
9.812808318221944684e-05
1.242311397225131719e-06
2.899667629133383063e-04
1.165212800217861462e-06
3.643696711409830872e-04
4.949781052241216250e-06
4.563505872883197582e-06
5.060591446759774709e-04
2.903147052230197847e-05
1.061056115279194502e-03
1.795889981892467632e-05
1.453468375147831389e-04
2.621238726773582849e-04
2.762510875240255112e-05
2.457891103553130506e-04
1.230264863100455923e-05
1.668131534668687536e-05
9.314400777102388375e-05
1.795131515110713627e-04
4.398624898196281741e-04
3.955553277836655157e-04
9.247391773189583960e-04
2.974900432471899270e-04
2.036525675207281872e-04
7.506135836903010802e-04
2.643171008474753058e-05
9.420635485090106008e-04
2.130859566939346953e-04
5.097459955134731186e-06
3.084283667082544965e-04
1.001602693084499606e-03
1.714043053919403882e-04
1.076665749974729027e-04
1.617442266536409462e-05
4.869303917301638792e-04
1.257963081863406070e-07
2.334182503417328407e-03
3.319158896660634852e-04
3.220538009856599481e-04
1.661946750139930534e-05
6.689516983301994251e-04
3.769341603599119336e-05
4.259824724219869313e-08
8.272600887582430692e-04
1.820633078958150194e-05
2.377531578220568270e-04
2.088215720993352839e-04
5.320307295654759169e-04
1.780564185890561512e-03
4.084794956235278450e-04
4.384129096633581776e-07
4.902165367797478313e-05
1.263477010867368100e-05
4.979690079267316610e-04
3.226916777684637528e-04
4.024012127859543687e-05
4.336815374444673993e-04
2.993095066311733267e-10
6.621376063137144382e-05
1.912337010617268156e-05
5.931700233324627532e-05
3.816459737102014535e-05
2.362762004285780845e-04
2.915464682647978716e-04
1.665054443967744173e-05
7.113555464119007517e-09
6.221392397546924051e-04
5.738293395859894258e-05
1.990918677813062265e-05
8.671982815789298509e-06
2.801826581747818420e-04
1.711147102452731459e-04
1.799873631971733690e-04
4.467356776074348683e-05
2.333383355821876158e-04
9.785044337550782368e-05
2.150077189068849465e-04
6.794855582323389522e-05
6.413326293570905225e-04
1.649915842130125407e-04
1.185124085093815748e-04
6.720593697115325718e-05
3.976459284618724264e-05
3.445608807134162527e-05
2.540964984750757115e-04
2.523206399356179479e-04
2.688096120193052093e-07
1.322087186761292197e-04
1.936885656931760990e-05
2.956418920852549884e-06
2.014865358150181701e-05
2.036157093142230629e-07
4.046306229462179457e-06
2.102926323556436632e-05
3.264972909614695155e-06
4.836241627420956681e-04
2.338473782944075171e-04
2.001203855546126046e-05
1.470365440234566474e-05
1.830238012273424067e-04
1.002823158708748120e-04
4.064062109218206762e-07
1.447555214397751804e-05
1.806951511744758413e-05
8.490777742226879158e-05
7.322972197773887782e-05
4.006499622026789081e-04
2.601394545922385717e-05
3.634044468736734656e-06
1.200051195286520861e-04
3.432653811835008752e-05
1.052262049358950059e-07
1.630913884166620753e-05
2.075454386694957197e-05
4.938278854387302978e-05
9.727107563520146860e-05
4.641432617357251931e-05
2.743330156829337872e-07
8.780569091871945765e-05
7.379074817885187697e-05
1.172467351971136191e-04
1.754052030468146510e-05
1.240335451434150115e-04
2.296192178755539554e-07
4.459477493715904742e-04
5.821115472753538977e-04
1.467656340918108864e-04
3.021955077820462311e-04
8.856850296686638081e-05
8.978595316417487557e-05
1.759573274155638140e-04
5.451669882266128912e-05
1.901635538188973737e-04
6.933103417463986912e-04
1.738575237460377495e-04
2.634165239976182858e-05
1.874731504826044443e-04
6.863803305410326667e-05
2.777723907513974079e-04
2.015545556535207014e-05
1.192651465306903633e-04
1.090787765408706024e-04
2.168659776070315189e-04
2.420405634447104647e-04
3.103544230654180832e-04
4.236085971505122526e-05
4.733895193627800000e-04
8.622947302157666456e-05
6.647632358053957901e-04
3.256767074321869444e-04
1.787168225525680560e-06
1.689949549929767628e-04
1.692355450562453654e-04
6.500892778711396883e-04
2.937777612041892025e-04
7.354634906095069069e-04
2.460831959327707897e-04
6.133366000964666836e-04
6.808159927596020978e-05
7.029838826863955619e-04
1.413098593774370386e-03
2.896519507259510723e-04
5.055866118656600610e-04
2.601758564943723891e-05
8.906907279181439183e-04
8.373486069783877108e-04
2.198221341702219403e-05
8.013677505244909578e-04
8.891550129606859984e-04
1.276575450197835237e-03
4.646395561016127647e-04
2.953766790398737268e-04
4.425597606881242281e-04
2.988383636035652803e-04
8.779842168114415776e-04
2.835913669828926515e-05
1.767436746817095195e-03
4.778216804768638400e-04
2.161079533709456182e-03
5.382395507430651205e-04
2.562739334426240899e-04
1.270371172881102836e-03
5.244386908360576397e-04
1.376893235037375107e-03
1.348671992552360577e-04
7.524864310141375938e-04
3.210446919781816621e-04
4.647561261203351298e-04
3.966452247536129592e-04
1.084367090489041967e-03
4.474797773915852712e-05
3.445246920162109059e-04
7.267683504599098225e-04
1.700723997267113060e-05
3.625516834915774823e-04
6.351833221431876612e-04
5.491273402034582349e-04
2.015170524416985958e-04
2.077156421765759178e-03
2.555247627516863632e-03
7.638606055245425030e-04
7.012375687387507103e-04
6.866279886443359777e-04
7.517869136956463255e-04
4.094460249978124100e-04
2.563587479322757792e-04
1.040387106225450133e-03
1.214926790880952134e-04
7.082156780691648305e-04
4.030368415787453532e-05
1.435651403903391880e-03
1.304624436002742045e-03
1.459784822092214610e-03
2.531827312417277219e-04
4.219016484079375970e-05
1.918840124252160155e-04
2.047475905840269374e-04
5.421676771928511402e-04
1.637589260996165927e-03
1.007695968512355459e-03
1.868355598789341390e-03
2.893181052193258165e-04
5.015639723075097694e-05
5.499554738337055371e-04
3.883386547502553233e-04
2.728329718704761110e-04
6.610221519362467204e-04
4.064184652228429668e-04
1.303356320990031085e-04
8.469677025969364788e-04
1.666136096692252323e-04
3.654558851242502510e-04
1.492492452820748773e-03
4.437674559986799186e-04
1.173002384025545984e-03
1.688944365930405013e-04
2.989411935567508642e-04
8.489111735405767021e-04
1.045407972893479254e-03
8.047347522704601007e-04
1.517864013629878104e-03
5.391930159538957422e-04
1.990329685175202049e-03
7.800230030772083243e-04
6.366781377340134359e-04
1.357409881048349471e-03
1.288044197925690719e-03
1.331035143621661599e-03
6.611881275055886333e-05
2.325947989835964579e-03
1.814223556864083932e-03
4.574958843645741220e-04
4.695346427103614067e-04
9.209614885580754860e-04
5.880180898338390914e-04
8.461700867485494630e-04
8.846708626693229701e-08
7.689752940915092587e-04
1.343670048747957861e-03
4.702214957805831417e-04
3.722938635291458617e-04
1.168735935004518861e-03
3.444622760472829831e-04
1.947309583881188936e-04
1.026293074374566138e-03
7.703566889185990696e-04
1.832768866615964347e-03
5.580506126384116115e-04
7.986392806666780446e-05
8.498291133495601774e-04
2.961257204800085544e-04
4.139557303257280379e-04
1.056982120432477723e-03
1.303362452461436123e-03
4.576436744479360399e-05
6.142239263217898941e-04
3.103617980214325102e-04
8.145656609704265624e-04
8.535829553147688609e-05
2.333093352405648396e-04
6.025623418901241988e-07
5.793785832360637961e-04
3.811439539914259151e-04
1.061476895239839074e-03
2.785557484381195230e-04
4.917924146380491662e-04
3.294699136841429247e-04
1.502154018006529276e-04
1.478045592552024688e-03
2.769794846360464687e-04
5.910478627079710683e-04
1.750243419512013737e-04
9.492534968094697026e-04
5.824540977688823224e-05
7.346239388193985271e-04
1.816012512534760984e-04
1.362695826230610760e-03
1.034006259467370190e-03
7.112438433965222922e-04
6.601082298423459642e-04
4.393017515742101082e-04
1.799247199632110061e-06
2.689149460503876675e-05
1.721586238668814685e-04
3.645649766229892407e-04
4.576996748431717919e-04
5.232211364185455514e-04
1.150032722047412579e-03
1.051604876102244608e-03
6.688293382936128656e-04
5.872692410361569806e-05
4.067906821978567173e-04
5.925873363671808501e-04
9.825263420872591864e-04
5.486537483017065895e-04
5.373825627092519014e-04
5.671805292007649836e-05
6.577393350676198484e-05
1.305370906086988350e-04
4.640610218486831149e-04
4.292761677655816200e-04
1.408734550966112998e-05
1.001902924850458821e-04
2.774339853790691373e-04
1.928074407562469287e-04
1.240165033448800257e-03
9.711520303803000296e-04
2.188099202162371523e-04
8.584825303126637211e-04
8.956166111122069659e-04
8.465932602861373467e-04
1.398259871961739578e-03
1.347244180127471849e-05
1.031998233842734789e-03
1.560655944146584087e-04
3.340632980332559009e-04
1.333350188007110387e-03
5.949469268623264239e-04
1.082294056762440155e-03
7.536020830744014399e-10
3.441820285109138504e-04
6.639999086403089055e-04
4.907782585805799992e-04
9.829970876704884845e-04
5.658780999971570582e-04
5.778326319082283460e-04
4.877476589676004275e-06
1.860081207947354839e-03
1.901593314484002675e-03
3.565525147915200106e-04
1.062497837439906647e-04
6.751029840407598084e-04
3.518921682027112787e-04
6.237136734063508604e-05
1.038601510265044518e-04
8.701481744060683948e-05
5.355979303215686578e-04
1.215880612040864110e-04
1.181168872157886511e-03
1.362465206887963562e-04
1.377121948468137177e-03
8.142011135880151528e-04
6.766757841075777581e-04
3.175226225610053386e-04
2.395025266948736669e-04
5.871451974309773456e-04
4.025461422277143517e-04
1.112718586206819585e-03
3.615137057917900223e-04
8.242605598960954690e-04
4.043641461761884188e-06
2.440067131587922824e-04
4.186219574736212102e-04
1.969744128441036992e-04
9.552129322020628990e-05
1.266045652237171321e-03
3.783829573216430838e-05
3.648310993424346054e-05
3.726860262666798602e-04
1.208961260762762526e-04
5.551496445200626529e-04
1.726440781679517756e-04
6.735547385227473333e-04
6.167069781884425606e-08
9.117446574717991484e-04
2.316053144436647530e-04
1.513622347915821915e-04
1.826839643800309907e-04
1.021496857844248320e-03
4.772958518032426631e-04
6.502982823722001666e-04
6.125511557182516855e-04
2.399853817749142675e-04
1.901182763864378773e-04
5.269801388697802850e-04
1.505029221188498032e-03
3.479146805839902095e-04
5.025244916176201763e-07
8.284179922902732991e-04
1.951939124550071674e-04
2.339658881681005217e-04
5.644330753323579679e-05
1.711591203975272536e-04
2.352608864746931244e-04
7.130698205714602672e-04
5.194536758668192997e-05
3.491793606593797199e-04
2.195956979373288353e-04
9.023085904183076635e-04
8.541498894248403207e-04
1.632196582831071528e-04
7.169958996196736828e-06
4.306022413117522999e-04
2.559924867135041975e-06
4.435350684094290560e-04
1.114351137889246459e-04
2.817319223874652527e-04
9.677282389768674309e-04
3.323778912429055856e-07
2.803824267637914334e-04
4.784442293922562908e-04
4.765980980133847954e-04
1.505941313558780130e-04
5.592390884610278943e-04
8.943154169730137599e-06
3.696873792616249804e-04
5.918598685799572254e-04
6.052391960531013082e-05
4.863127271940066460e-04
7.385442798057826512e-04
1.276481562898004133e-03
2.806694456660323365e-04
5.772314773137296549e-04
4.749500885011605808e-04
1.946427941424806144e-04
4.270838311223486543e-04
1.269729047168912371e-04
2.016683789632406296e-06
3.923107973878155424e-04
1.743933898448121484e-04
1.057516105187172222e-03
5.880075565874358454e-04
1.132667408405204582e-03
5.621649308311894508e-04
5.481685566411821907e-05
4.216606382908840399e-04
2.004075567521844154e-04
3.512798905881477931e-05
1.502452047395173276e-04
3.521221605802856282e-04
8.781706347909596548e-04
2.782290847646836165e-04
1.237084688541082768e-04
6.565151599004892102e-04
6.092921906685792258e-04
1.251409705160347091e-04
7.608115718439123010e-04
2.590844351733852369e-05
4.789023511272365156e-04
1.478800643118921294e-04
7.206951344531861443e-05
2.364737685535538576e-05
8.899173030945381263e-04
1.635103266765389239e-03
2.773436796093104416e-04
6.634317838428615470e-05
3.016218323161808383e-05
1.106101740342170124e-03
1.786843877769525015e-04
3.371492818962029073e-04
2.666040132264141968e-04
1.122288943973834768e-04
6.796556666836303228e-04
1.657114276231902347e-05
5.484341588112810620e-04
1.115792210992295249e-05
1.010027133228326657e-04
4.300483561767322457e-04
9.489059689596616076e-05
1.262781508153676402e-03
3.224581759313262783e-05
1.686013976950840050e-05
7.878483505553796019e-04
6.897262030758836198e-06
4.026445393440544464e-05
2.262757533324815848e-04
1.407171350683754038e-04
1.024185489312675170e-03
1.765847162854597939e-04
6.731840703625384522e-04
3.194740110003754536e-04
8.212672598217911259e-04
5.875367157168007604e-04
5.484491678439512010e-04
7.452254788219335132e-05
5.555423738754937304e-04
2.406153122489814515e-05
1.509526813317898456e-03
4.186411060728985849e-05
4.526426184111087330e-04
3.908348717387745404e-08
9.499554681882471175e-05
3.558930594460951030e-04
6.488116151076167570e-04
6.608622810267130387e-05
6.538955203449138174e-05
1.014207465942401241e-03
3.043055026744374424e-04
5.122504204576130044e-05
1.735671344303811744e-04
7.064860059723152648e-05
2.677558588321075363e-04
6.313268558193502623e-04
1.522039884685976428e-04
8.061378463242025155e-04
6.784379345685831626e-05
3.248693873782242748e-05
4.475028917381125093e-04
2.142574401258686116e-07
3.891250842299392792e-05
1.103170830635493903e-05
2.179347542629088354e-04
4.417590948642236915e-04
5.980937753360869536e-04
1.432788864735098249e-04
7.711943072663407376e-04
1.092737178192472615e-04
1.387082304385376915e-04
1.025995548842811508e-03
5.919468638097846475e-04
4.695444646801865437e-05
1.304449850780696658e-05
1.664022866709853545e-04
8.061474942603540040e-04
1.534165075853552538e-04
7.345334616196308355e-05
2.496856868063096111e-04
4.331356129867217314e-04
4.129720484312723416e-04
1.942210202466666845e-04
4.758661844523925694e-04
1.252819637342661462e-04
1.360218539057705327e-04
6.908817561737920000e-05
9.172362641436975677e-04
2.625196158953754222e-05
3.174604414564737931e-04
6.857353766318515709e-06
2.762711343370013463e-04
7.363658176682989559e-04
4.197791150112353652e-05
9.272116576607669603e-05
1.173666262420994244e-04
1.783242406130415309e-04
3.495527443078857023e-06
1.727794050922412661e-04
4.526515870425671588e-04
8.269730594681177658e-04
2.434916756240026027e-04
2.205278688086316572e-04
4.138222017827286516e-04
2.994555140149240080e-08
7.727786873962241360e-06
7.929248515160663979e-04
4.900762888503082436e-04
2.869675772625860993e-04
1.266683806221394388e-04
2.350971599525834344e-04
2.673289943897316345e-04
3.975463517867656028e-04
4.065965130592541607e-05
1.042597673249765974e-03
3.988051200957779007e-04
7.365435061466406438e-04
1.091912308238214904e-03
6.087982721305459834e-04
3.423385619747861382e-05
8.808743781304715378e-05
2.334961123963753124e-07
1.157494050259426951e-05
1.766630821112491413e-04
9.739635447233543669e-05
8.086015596304215857e-04
5.603166578249582495e-05
5.423001194675812356e-04
2.759248387989299820e-04
1.092193234212323130e-04
5.797448635930743145e-04
5.416622422210093146e-06
1.193065540881015638e-03
2.427781727617549061e-04
3.628713893231075142e-04
7.908268206163595942e-04
9.295175822055688146e-05
3.627162043335266221e-05
5.785150088472091251e-05
1.634203498591342617e-04
1.190570136109232833e-04
5.536509277201754611e-04
2.921481622135156729e-04
1.320920398885059048e-04
1.227224579463884603e-04
6.594422267425022622e-04
6.466224086917689209e-04
7.171329955746621198e-06
1.681959827680213932e-04
1.836484170306090617e-04
3.778311700151806667e-04
6.400075603918727171e-04
2.974109774062570180e-04
3.200527691303948217e-04
2.063087860594716274e-04
1.987413681093601326e-04
2.235271039445828160e-04
2.860822798412412200e-04
1.392105986605979086e-09
3.343641473558069311e-05
6.168181254233070371e-04
3.104372160117822556e-05
1.780844056514407534e-04
6.015672642654964338e-06
1.574516919342017966e-04
9.393218263893068326e-06
3.043653282252883831e-04
2.186076821152643128e-04
4.208374501242778806e-04
9.686017169334254192e-04
2.978868900183156390e-04
1.627723169298693649e-05
9.731090824651916814e-04
2.344110438275993078e-04
8.532760906140545972e-04
1.100066182250345032e-06
9.790625976935809062e-05
1.010517167914744272e-05
1.886401131598956348e-04
1.054318360366199695e-05
7.233702330178224662e-04
2.020073848405580541e-04
5.855858211397823752e-04
6.457902549497668461e-04
1.336484980217993830e-04
3.449710205850719646e-04
5.404887731881470959e-06
1.765427068229410425e-04
3.564692109390076805e-04
1.360742389614909471e-04
9.777554270528548768e-05
9.525139506022632663e-05
1.911356989354654043e-04
1.776806443651655746e-04
2.336407621198989743e-04
1.311276803655447799e-04
8.414693895889432083e-04
5.154302617533759083e-04
1.913038923933239042e-05
2.768040392651922410e-04
3.871231773277657661e-04
6.711421894299566442e-04
2.689889344060436224e-05
8.708281026883383060e-06
1.420903843836751544e-05
4.467838650786611250e-04
1.652780749580124208e-06
7.269555905314526985e-05
1.203067322924090672e-04
4.571158971786671232e-05
8.707546973473442083e-04
1.181835394513929693e-04
1.326392284385488169e-05
1.432522140326608175e-06
7.673084230355019665e-05
1.803033807510838986e-05
8.383644153337417625e-04
6.252438882483264341e-06
2.712207781968801676e-04
1.415822211103087876e-04
2.193572164536301329e-04
7.821524576537420941e-04
8.472199458014455112e-05
6.768212222775251384e-04
2.672973549949520531e-04
7.056957018374632531e-04
1.277975346033668070e-04
1.064180276122043354e-04
3.760381867235831763e-05
8.188256356544718973e-04
3.855196031824349888e-06
1.061706935016719800e-03
5.212997461877269801e-07
6.458553764191680037e-06
2.001708476042539310e-04
8.828447148629001368e-04
7.126583295610247571e-04
5.144671750137004779e-04
4.097701053437487000e-05
5.788899225294566551e-04
5.847734905760239429e-04
3.596390356466542247e-04
2.566206345232418439e-05
1.215179981413927598e-03
1.758327434276351651e-06
3.285378915824425342e-04
9.003981135414628945e-06
6.759220474337451073e-04
2.023779618420030210e-04
4.082652879032650254e-04
5.025744991049774972e-04
1.547532923815896566e-04
2.028635295886126947e-04
2.102401238942805292e-06
3.281079385801286647e-04
2.151430264803652265e-05
1.192916109973439153e-07
4.536141053204339850e-04
3.552658832799903354e-04
4.439485239895072733e-04
2.330831428905771486e-05
6.536537400999590174e-05
9.996908012268799661e-08
3.226717646949977408e-05
1.150590634400731790e-04
5.470477931235077119e-06
4.831468258906558306e-04
3.505626320332758632e-05
6.014925795847307069e-04
1.900838209262979033e-04
5.194342312449479958e-05
1.410638146925846355e-04
2.959212053254319579e-05
4.940694186216679858e-05
1.551497909784354612e-05
1.917270768008085132e-04
5.202102476598526493e-05
7.508233625404973930e-06
9.961026887340610056e-05
7.153443234849327971e-05
5.376638255119330545e-05
4.173677495473621427e-05
1.738813757285947664e-05
2.396712997487325723e-05
4.377250013745081743e-04
9.387460067360124780e-05
1.797879242805173485e-04
6.167651159019818253e-07
4.095654470327958442e-04
1.183705707325509176e-05
4.437453883795989900e-04
7.706486591886484074e-04
5.866661044684876091e-05
9.328679958523079362e-04
1.946796932465855276e-04
2.769781914507374486e-05
7.494723794106489452e-05
1.280705677609394848e-04
4.787178119598062119e-05
1.421028918380331000e-04
1.275734779978791996e-04
1.265163670927354610e-04
3.880497888166576138e-06
4.559195302890827156e-04
1.420421363131082007e-04
2.662715332756063441e-04
7.423062216289783846e-04
3.221112209480632644e-04
2.262230387954902040e-07
1.948789411745298470e-08
4.418773485399321024e-05
