4.229707886768339399e-03
6.367722735677046331e-03
6.188571705444478356e-03
5.659971199032035397e-03
5.782635702556416200e-03
6.578874340204109855e-03
4.849341919536383737e-03
3.470793768214043389e-03
5.415615632572943171e-03
4.376823662075601112e-03
5.090230423175911255e-03
7.958409741260764197e-03
7.138397366544592740e-03
6.335903527151211939e-03
4.970459073059756150e-03
6.487414797589538193e-03
5.802186330281839180e-03
3.678800354862370690e-03
4.838611466662957016e-03
6.973660641457637456e-03
7.466301483870028087e-03
6.721713238380785417e-03
6.306231777360009512e-03
7.408342938825251967e-03
3.308330933064422118e-03
6.948184746170409792e-03
4.441094747820470943e-03
4.740617881687408768e-03
6.281303950130100698e-03
6.053598648202865827e-03
4.040346178239782524e-03
5.565592147673605397e-03
3.641254087968908652e-03
6.047176303991212871e-03
8.324720688671367191e-03
4.035268666277339565e-03
7.112131598126194242e-03
3.792573758772535726e-03
6.776679897535524931e-03
5.964389357242529457e-03
4.588152677070403071e-03
2.816799352370993100e-03
3.024379275776163840e-03
2.991529884925432127e-03
4.447926867985512074e-03
1.961412710640590262e-03
2.199142099879191573e-03
4.603005089411663260e-03
5.118567381401215380e-03
3.939787238381781478e-03
7.435440061444736209e-03
2.549994698221322645e-03
5.146962380947872791e-03
3.226846085738199754e-03
2.426176599352136004e-03
3.142588478472485135e-03
2.624292957633028722e-03
1.849631226810353720e-03
4.663992690338870754e-03
1.698572457584845421e-03
3.803309122947424754e-03
1.897079226188917722e-03
7.386463883731021534e-04
3.581920100033357188e-03
1.518757880324613473e-03
4.208292109614130035e-03
1.673120032219762394e-03
2.455536359434845519e-03
2.436728320089668297e-03
2.568945115647899673e-03
3.707456571695564185e-03
1.462314171150708338e-03
1.036327417061354717e-03
3.806482532883017147e-03
2.609561058737044133e-03
3.125252506193851396e-03
1.889675902548930289e-03
2.239524611270000444e-03
1.430671102811122575e-03
2.191045995909256076e-03
7.999736075162402690e-04
2.601891152980088939e-03
2.185359182656460106e-04
1.584063876400889064e-03
2.265150144206736892e-03
2.747946867282431010e-03
1.704905985278780704e-03
5.848111664483259019e-04
1.758631049266351498e-03
5.741320380465322719e-04
1.347454040999241211e-03
1.080492456803017892e-03
4.700720225057198167e-04
6.658262348131268465e-04
3.824453848248636489e-03
2.032236247544312938e-03
6.967893549734189987e-04
2.184088123775264605e-03
1.813817682681752395e-03
1.817170170564630675e-03
1.872683247393214841e-03
1.780302595959353798e-03
9.601478909177690911e-04
1.468425202728398504e-03
1.493861401370309792e-03
1.326139465013726360e-03
2.555877946965311523e-03
2.024890764877014266e-03
2.170985279262102000e-03
1.083748571338233714e-03
2.021504440723680129e-03
1.820624323446206087e-03
1.256427384398673330e-04
1.709247734316107379e-03
1.696460624726650731e-03
9.569077354733479188e-04
1.149235029692926690e-03
1.262054638965489761e-03
2.162259158238130641e-03
1.758236266070076605e-03
1.157709860807850603e-03
1.305716477432128939e-03
4.073073239763504161e-03
2.059021929706952338e-03
7.332282501677579766e-04
1.423688535578860768e-03
5.677201385417144155e-04
1.555860803531610445e-03
1.066066499794767267e-03
4.508170815567003617e-04
6.313148591224874593e-04
1.104820509309170423e-03
1.307338733931770946e-03
1.235278143745590328e-03
8.133528273524956919e-04
1.965785834194573069e-03
1.605507923504362767e-03
1.066743298690207755e-03
8.347523879414043895e-04
2.070305719139344577e-03
2.102861359941032848e-03
8.764980868059968214e-04
1.332880720366838058e-03
7.284770178960471099e-04
1.753372293622289680e-03
4.093402480944326356e-03
7.744971784557346407e-04
1.574246746160601253e-03
1.516564061962110983e-03
6.877332868753425425e-04
1.334526178234080214e-03
1.030375320096127163e-03
7.494698844017498628e-04
1.187747699614909473e-03
3.319115179511911064e-03
3.286287369208438711e-03
1.518247606681209306e-03
2.943685138258730991e-03
3.141493438620698766e-03
2.346012078038396730e-04
2.658295780380666527e-03
3.888859910521476945e-03
1.144195495690223221e-03
3.360603558294635116e-03
1.749600969142974883e-03
2.064822025194612467e-03
1.554467198938919289e-03
2.869705565234612326e-03
2.573278215840244573e-03
1.487096872114373374e-03
2.316929051481079506e-03
2.062794669779168498e-03
2.610132960472669097e-03
3.795268279476280305e-03
1.103596905199748148e-03
2.742693949234758111e-03
1.699649583807387974e-03
2.434485751953918524e-03
7.956525741193766835e-03
1.551599913581123806e-03
2.280989828288085882e-03
1.895426845232222072e-03
2.545352021607076663e-03
4.215377638078999546e-03
2.105558924200519495e-03
2.671156512222049983e-03
1.367844507244899950e-03
3.053954824802881159e-03
4.740622907991097999e-03
3.069005710238939793e-03
2.369844257714544440e-03
5.427930170722999187e-03
1.757769022677439091e-03
2.251353928080990306e-03
2.989756062276187343e-03
3.517532329738918759e-03
1.592523332897170102e-03
1.720176051503790509e-03
3.628555772580039328e-03
2.830790348188965636e-03
1.624017843741785158e-03
2.189586262887525427e-03
4.943348080063319008e-03
3.329554939641922624e-03
4.883930186270740888e-03
3.392338806012590822e-03
5.975541500763459357e-03
3.405914014334986226e-03
3.111393085350996294e-03
4.166851441973759736e-03
4.553097152427884424e-03
2.619276652441202870e-03
3.913174782449398842e-03
6.233780286339301625e-03
4.952807440470902850e-03
6.490882255606029300e-03
3.175529570705144019e-03
5.906799956695711271e-03
8.852674466638578085e-03
6.276140722360480824e-03
6.639895215481488380e-03
2.849158314015242267e-03
3.728660366123745865e-03
9.334957779897578439e-03
6.154754604414470857e-03
5.113442820191555459e-03
4.566477665920227157e-03
3.250686572856032602e-03
4.281388081621305755e-03
4.070562909915508183e-03
8.310412283594822633e-03
1.917505860941034080e-03
6.431137284676455117e-03
5.690259312291103162e-03
4.126795855870778705e-03
7.582430569824973043e-03
3.428669664336764494e-03
3.169441631854611006e-03
4.894901063403309625e-03
7.291572084167540629e-03
6.741857438374441319e-03
3.916440445382094251e-03
4.947889395277039852e-03
5.761712467213704787e-03
7.833436244215289529e-03
6.791443080181048739e-03
7.067115745274387024e-03
6.168345745687190372e-03
7.012460099983373017e-03
2.497430887343657022e-03
1.914037977197641108e-03
6.388504484544135428e-03
3.814411851347963671e-03
8.347065514214950868e-03
4.942387354193916726e-03
6.176861192368646690e-03
9.027391909492182148e-03
3.086055375178732574e-03
5.840435754637387893e-03
5.289096470859391483e-03
5.868965427626465781e-03
4.498241688116156115e-03
5.174373428231701308e-03
3.316961953661867572e-03
6.540995175476694776e-03
4.594285148807730063e-03
4.408824968356969687e-03
5.624598935278765643e-03
4.340375174797440894e-03
3.837395414758497901e-03
4.991435596961823519e-03
3.789371335022940091e-03
3.176644094383034543e-03
5.869868474232814784e-03
3.020249356869383461e-03
2.726130720718360212e-03
4.458911008579166321e-03
3.738007932431100001e-03
3.805589017938304335e-03
6.373643583425391348e-03
3.631321689309730677e-03
2.733381287154277792e-03
5.968313313418252553e-03
4.288117189616271613e-03
5.150901898277657383e-03
4.062569016863786658e-03
4.741421454753324410e-03
2.781051193754757560e-03
5.236580221974779931e-03
6.312017900135132725e-03
4.648998138546086602e-03
4.985160313828021494e-03
1.562000846368727727e-03
5.998886315436494782e-03
7.283672405622828444e-03
5.926697964428450163e-03
4.336517190493725631e-03
2.343954530440517121e-03
2.519942961770517235e-03
4.718790486096330339e-03
2.872008980457728573e-03
3.013884846953175656e-03
5.172517620975684675e-03
3.490140707725184529e-03
6.411305100065852261e-03
2.629927957326007749e-03
4.368842925031605519e-03
4.077574348937948456e-03
4.203323227414322745e-03
2.132808436378332267e-03
2.971727584999020108e-03
5.651213312006618007e-03
3.890071235739167924e-03
4.852476067693876211e-03
3.022334013523384454e-03
4.839030075401646973e-03
6.666353728398085633e-03
3.835161083114678460e-03
3.234371375231520976e-03
5.994754945680805074e-03
4.487587856586811377e-03
4.625780402305654411e-03
5.447550122180629985e-03
4.661495971988270128e-03
5.672883998368350757e-03
4.386650493091052115e-03
2.604279362914416543e-03
2.329913299358740350e-03
5.486762805787302397e-03
4.662788602557511007e-03
4.506132221995327869e-03
4.170366843242380439e-03
4.939602018061180558e-03
4.455941796436978589e-03
4.630997350509882815e-03
4.443536131778979756e-03
5.230418550357423396e-03
2.940293120461799897e-03
5.384278548919146402e-03
3.444308486605252278e-03
3.978455669211779407e-03
3.189695928467847948e-03
3.917748357121423122e-03
5.399688903303292119e-03
2.222877797487475635e-03
3.384940875164109061e-03
2.668305742394199657e-03
5.564369091401428526e-03
3.398818299093549905e-03
3.773383021042281578e-03
4.870881842551759780e-03
4.681408072877934340e-03
7.843664083788922173e-03
2.695336596078959628e-03
5.499085700188124405e-03
5.971052660751008725e-03
3.616989004577627047e-03
4.140801708758838455e-03
4.669076790763625022e-03
1.657340205936233329e-03
4.094662893700045173e-03
3.101253880673604350e-03
4.387043688710654671e-03
7.159503672700837963e-03
1.347211334534791213e-03
6.150215391990199523e-03
6.479884036367817603e-03
5.783466652799411009e-03
3.507697686084009208e-03
1.314975027764475526e-03
2.182296127603798423e-03
3.344356103751579528e-03
2.686360622787941927e-03
3.046721178970976125e-03
4.377261911480007268e-03
3.900530615739140373e-03
3.031553861276269253e-03
1.778343498058070201e-03
2.016904071641699436e-03
9.278672368090934430e-03
2.555456062269706539e-03
5.207066453251486468e-03
3.891090072192055112e-03
2.341420636102376374e-03
4.241182860446245963e-03
2.864460905110208667e-03
2.405822279082716307e-03
3.491852915779422063e-03
2.723200295379856264e-03
3.508584818429812558e-03
2.276794608232171613e-03
2.705858549794831411e-03
4.802135072371028351e-03
3.599025777682563799e-03
3.271197571654646356e-03
3.554272803169001606e-03
3.108061875946152054e-03
3.611754401108943809e-03
4.538939768428344040e-03
1.116195072936069241e-03
4.190545935325322782e-03
4.554424616304544350e-03
3.948600498652498660e-03
3.584418093452811701e-03
6.522953254634711491e-03
3.791034455557220403e-03
3.504060227259924234e-03
5.289335754511013607e-03
3.072735657766252973e-03
1.931446757608332914e-03
3.440029406923720244e-03
3.945141214982750451e-03
2.154548147732320788e-03
1.761541660488058275e-03
3.022492008582007388e-03
4.419574390484520485e-03
2.327686768839861819e-03
5.642975325068517838e-03
2.664441914980249584e-03
4.114081988632878155e-03
3.230107019912643439e-03
3.263974987635395123e-03
4.847232505492393533e-03
2.441710824179146953e-03
5.010009237671861522e-03
4.206966028482519646e-03
3.384129668531928210e-03
5.643969286000916942e-03
1.256660607454433264e-03
3.405246582028035804e-03
4.158544324426269832e-03
3.618694848216027788e-03
3.108069663658466486e-03
2.390486201556734670e-03
2.601288444854838074e-03
4.471234760017300976e-03
3.346180944720815714e-03
4.614518119785437390e-03
3.766389610465603610e-03
3.141649760904540595e-03
1.728391593112558111e-03
4.465579296990720114e-03
1.821984548342192199e-03
2.979273456528085031e-03
2.612657566514151996e-03
3.514512409207064085e-03
3.824088337234772452e-03
5.540525810679347574e-03
3.151704226755455522e-03
2.380124517723689395e-03
3.915628096831965180e-03
2.122311550294486183e-03
4.796600975446697196e-03
1.227351328527754486e-03
7.920156281142225196e-03
2.924012335305040382e-03
1.755128762925045301e-03
1.896069095877137402e-03
2.504059147566020920e-03
4.465550441789093578e-03
3.726098074060811473e-03
3.449274812238659147e-03
1.306835824783254829e-03
7.342111042007785611e-04
5.433436169393394966e-03
3.147288843309378747e-03
3.392913209457066714e-03
1.765457171594982588e-03
4.124613572465104031e-03
2.958963229908603658e-03
2.922780709117215724e-03
2.709654150592114442e-03
1.454481487801952567e-03
2.228758683981669434e-03
2.554807850442687711e-03
6.513038106396446848e-03
1.987945004535629761e-03
4.921112820335580770e-03
1.545562225375670708e-03
3.114135626467092691e-03
2.898363945481191757e-03
6.308286832050529792e-03
9.275651073369716544e-04
1.633454709017696013e-03
3.852596721143457682e-03
2.364416566402446473e-03
3.098445466123881265e-03
2.125871942678510870e-03
1.878541160692317807e-03
7.611957572350967760e-04
2.706774221712343696e-03
3.709470532575612385e-03
4.855082300597291130e-03
4.426945598640596134e-03
1.626091344210737685e-03
1.494854317263310780e-03
1.766034120195646281e-03
2.282105751866345643e-03
2.377547909681247251e-03
4.228949881974706886e-03
3.040826082133539499e-03
2.968377171619047874e-03
2.817004952733422225e-03
1.717170845392664361e-03
3.162628977415404483e-03
5.845734766043388445e-03
4.464224408903707912e-03
1.844752674411127271e-03
4.701917616154981105e-03
3.519693086686016825e-03
4.895058499837903580e-03
3.973120387828825602e-03
1.613741137030123927e-03
1.373486734616198753e-03
7.088321891350691899e-03
5.779083688354254636e-03
3.429272760711108824e-03
2.170871017827521576e-03
5.297021167074344658e-03
2.396624530041252185e-03
1.767665906117288051e-03
3.200164515440726259e-03
5.570526861032107716e-03
3.152523218281475751e-03
2.964821365723791392e-03
4.212695376348009856e-03
1.860384335726960204e-03
4.104948704565051891e-03
3.716670597710653584e-03
4.858391750532563280e-03
2.939957672520279904e-03
2.328233841283635502e-03
4.815315552771210449e-03
2.692605420039284863e-03
3.963991527594106466e-03
3.627069030190242360e-03
2.854035536301742157e-03
3.168126732318650007e-03
5.550325732925441742e-03
4.287256721764140348e-03
3.145833913976189226e-03
3.675948045195305460e-03
3.066486149517925162e-03
3.043497927312972980e-03
3.148061675370369180e-03
2.572226485502558668e-03
3.023495123588894502e-03
4.076479867368347325e-03
3.126420794485254041e-03
4.309716146552966705e-03
5.626036084029333029e-03
2.547740795405236628e-03
1.459483353300389079e-03
3.860048575354324118e-03
4.249749799303783465e-03
2.013624545379640203e-03
2.846373533698855207e-03
2.102096954332865249e-03
2.877170548461952145e-03
2.129112707976336255e-03
3.755766576335401504e-03
4.207478928401644364e-03
4.017476819295424766e-03
1.156632083785955273e-03
2.194746532306926859e-03
6.602318194391915140e-03
1.942085815342408685e-03
4.764041647693223816e-03
1.799081843331773456e-03
1.699320323970492184e-03
4.527074237195016088e-03
1.543812630733974256e-03
2.485535644624325361e-03
3.634927622470078556e-03
2.291745801401076556e-03
2.826878505710699561e-03
2.410088206124058694e-03
1.123626179304483335e-03
3.542818729671205497e-03
1.339268388675573292e-03
3.277825207490649498e-03
3.657658108621375179e-03
2.217540679055803390e-03
2.650772071081598097e-03
5.203741062338490715e-03
5.786835955791502090e-03
2.617436339588323502e-03
2.313522554252416680e-03
4.120628669101495875e-03
2.766609958555397986e-03
4.575126545060603095e-03
3.599257469276320731e-03
2.150127031507080740e-03
2.141065023760498065e-03
2.855058154244270729e-03
5.988325553807991725e-03
2.574432867673295822e-03
6.817391161902199882e-03
2.339617607399350433e-03
3.010424618098052167e-03
1.970728593616688940e-03
5.339968561615426532e-03
2.493346778319810528e-03
5.717561391997521593e-03
2.049384576182263808e-03
3.972005248605522260e-03
4.099028758847375782e-03
4.322430453320176037e-03
1.402293858164746715e-03
4.510111130194435769e-03
3.345403253145205584e-03
4.858939214852615353e-03
3.717023608625868742e-03
2.393845750458494740e-03
2.778908704061724792e-03
2.142681668873411965e-03
2.820521056781670390e-03
5.261314678512615459e-03
3.728124228020403969e-03
2.626605091479391075e-03
2.715723339714795539e-03
4.255684085814585502e-03
4.410237924563943646e-03
2.818780290351001385e-03
1.841199908772171191e-03
2.124173035759655687e-03
3.830540449132959456e-03
6.703682864923922284e-03
3.062905801358253941e-03
2.932854803120495818e-03
4.027542790305089007e-03
1.829381413520022627e-03
3.259776554831320464e-03
2.278655833149759342e-03
3.849435223104967670e-03
5.618367611152694403e-03
2.413401388182748446e-03
2.749077073054600941e-03
4.326882112427668514e-03
2.873456154325258662e-03
2.846545901904841847e-03
1.662511583565949233e-03
4.411721001637645273e-03
5.288768724106347047e-03
3.413123571861823198e-03
2.684547724326266736e-03
3.172770343450596192e-03
2.104231108459212341e-03
4.033955985264542354e-03
1.168970915234491354e-03
6.669750186749844219e-03
5.647074589284675934e-03
5.176887888376563961e-03
5.047689484513396586e-03
3.925248207214841745e-03
3.637481556085268245e-03
3.912037125087576735e-03
2.094113379884076330e-03
2.084863722413889727e-03
2.570945852634993253e-03
2.982790737156031449e-03
4.222960811325173272e-03
2.614399340986816363e-03
1.024878865006473815e-02
3.858082523672943642e-03
2.126062183976998310e-03
4.096325754984898870e-03
4.257463300222406356e-03
4.766012123538884877e-03
2.292955654010781462e-03
1.971512584868940956e-03
3.571814565063428318e-03
2.921827397683153006e-03
6.346634936155368806e-03
4.006191853105128299e-03
3.218825265797939459e-03
2.922107594839123881e-03
4.513524134036005046e-03
2.368570705355013076e-03
3.877638589902715743e-03
2.469134337784061571e-03
4.682204778980488327e-03
2.141311556310589951e-03
2.433077038105127196e-03
5.406205562663642106e-03
3.503246710007128836e-03
4.049423162856402754e-03
2.850648467387499260e-03
1.291024519325026333e-03
2.432393994799188480e-03
4.266881626017722182e-03
2.855883197585713882e-03
2.600779296397406730e-03
4.293722602851155097e-03
3.770821275834071451e-03
9.317344731192017280e-04
4.666922645627151998e-03
4.117758077862737100e-03
4.343856932418174895e-03
2.459195257966929893e-03
6.256563906409998849e-03
3.893249697986916631e-03
3.536903890497369082e-03
2.800849547841897068e-03
4.482765040312878570e-03
1.860565255643569903e-03
4.664514158498584730e-03
1.553930103861044356e-03
5.948931168543458020e-03
3.793045445467437774e-03
2.830569506019811350e-03
4.452096018463469473e-03
2.298358435280057135e-03
3.500548359929198453e-03
3.004318580184415881e-03
1.938553229555871468e-03
1.927964718187326777e-03
1.738646361592578521e-03
5.580686009137605236e-03
3.545092502887464431e-03
1.987067607164971859e-03
3.695595918645755689e-03
2.096532778660487560e-03
4.594363099460165543e-03
5.532400663051365367e-03
4.205599647963704363e-03
6.532583968874372017e-03
4.673197726925252225e-03
6.667553314059746633e-03
4.437851810015173461e-03
4.975380901433781519e-03
2.798211273663861638e-03
2.828370653679475322e-03
5.789882561869979898e-03
2.093986860511835336e-03
2.424453589853091742e-03
3.389066480625748008e-03
1.935065961378766228e-03
3.636886801183034611e-03
5.268864398495199351e-03
3.950811118595002128e-03
4.132756906996893839e-03
1.738940328901801211e-03
1.983431600018608493e-03
5.060113407962473463e-03
3.846405045878118368e-03
4.457916751339040598e-03
3.147257988983504125e-03
3.489475573025828305e-03
3.596714312078589087e-03
6.019474251932483040e-03
2.856188118556824036e-03
2.869164591659055952e-03
3.912038973512066593e-03
5.597842976431427475e-03
4.124130441223621164e-03
3.746937008313237349e-03
3.445434183652399101e-03
2.383826076396020066e-03
2.776355610531887948e-03
5.309756698490792660e-03
6.139557477842372789e-03
4.120084463204613974e-03
5.209922272929825952e-03
3.172484496213715671e-03
2.746864018017153210e-03
4.201857702210486621e-03
4.667735607033297873e-03
2.760447206589081420e-03
3.467830742788778706e-03
2.951797293895732331e-03
8.557408593002151578e-03
3.583137490915282077e-03
2.461558391173036646e-03
4.169198146158151382e-03
3.279101971183488642e-03
2.069646932104720737e-03
2.994281068617753519e-03
2.822871038398857245e-03
4.242012769857416397e-03
4.418676715654059305e-03
2.435535462406259073e-03
3.354797971937876176e-03
7.059660983222252467e-03
4.060201927827598867e-03
5.175199992000461928e-03
4.353502335830983228e-03
4.951387150904098047e-03
4.363509026607678525e-03
2.492758804349836169e-03
2.121345622857896945e-03
4.279125098125296893e-03
2.565785122276397455e-03
4.053487604746255392e-03
4.271670523862181913e-03
1.595896374398157519e-03
4.841536222651585120e-03
4.646085411234213668e-03
4.422499618575868353e-03
3.840478797156919501e-03
2.604792625466399898e-03
