4.001059798243715437e-03
3.162458126230506452e-03
3.126751548507602282e-03
2.556914067443459646e-03
3.435832730709490086e-03
2.223227892612462172e-03
2.143430140305456044e-03
2.677688449411701546e-03
5.897358308395524076e-04
1.163044473004689683e-03
1.268280753183122689e-04
9.051284209623878304e-04
7.305336681839918675e-04
4.729826135425448325e-04
2.134383060113885771e-03
1.211462618543784507e-03
9.806454519040291580e-06
5.232844144960791151e-04
3.951761392105329114e-05
2.771720655859764371e-04
1.366382027961932435e-03
4.091270258418736592e-05
4.003470116409345346e-04
7.249410688325830764e-04
1.321349066193874800e-04
7.861288433307092810e-04
7.776138558570029136e-04
6.103798792772994943e-04
2.547160138614933795e-04
8.128101459761393984e-05
2.463626698972477849e-05
3.172436016786260148e-04
8.829224341394338084e-05
5.769087757147709411e-05
2.854863304427461204e-05
1.633398136759467185e-05
1.455399731017905838e-04
1.124748218313374336e-04
1.737967316598517786e-04
1.170828110142843771e-04
2.769928318991129036e-04
3.758813700148348240e-07
2.990285043310574837e-05
7.797990902483006937e-06
1.210119664294340353e-04
1.873859600915984904e-04
1.340985891500653786e-04
4.926698951765214870e-05
2.528667416472440803e-04
2.322983060965098917e-05
4.940367529496247391e-04
2.544711067420691599e-04
1.407111651180402683e-04
3.896940106980354747e-05
1.414021537342906613e-03
7.812924044827356624e-04
1.438637616867516095e-04
2.343573503217687788e-04
4.269679913235067286e-04
7.075102775046922471e-04
1.706657763149246367e-04
7.785418880743159072e-04
3.147441807791996415e-05
9.512438927059598806e-05
7.129251523479258282e-04
1.004041877317917971e-03
4.619320979367639180e-04
6.218395384007891283e-05
9.144191106205192562e-05
3.327680141296245498e-04
4.792565386772284271e-04
9.275923628332262243e-04
8.381242138850636728e-05
5.059716117235259171e-04
1.530646328103260579e-03
2.215514472900574031e-04
1.098532161280395308e-04
1.674841112579623676e-04
1.270143090617449470e-04
5.011232957816013324e-06
4.289461121188461448e-04
5.543491061391339413e-05
5.406246519533500363e-05
1.274369109886233599e-03
1.451751927019781724e-03
5.430541569382136809e-04
6.878465402279097026e-04
7.438146308950240254e-04
1.068898152597067561e-03
3.545383291431982646e-04
1.524326494479685010e-04
2.163379372149208365e-04
2.010752462794526099e-04
5.521447020848080063e-04
2.512289379635616795e-04
7.148808257979796731e-06
2.077877451228580489e-04
2.747453369302581749e-04
1.205575763549222726e-03
4.361513335144386332e-04
2.170181211240538276e-03
4.972448904265804352e-04
1.009398314544327760e-03
2.665562063809695384e-04
1.410238445021298422e-04
3.517411807314454265e-05
2.651069576896897370e-04
7.082293818416371921e-04
1.516977139965752829e-03
6.555047268874505170e-04
1.429173342429218335e-04
1.497834353526435148e-04
6.348987585839549615e-05
7.815710025652025010e-04
4.754137495880495088e-06
7.297448055532835274e-04
6.623642355330921919e-04
1.067185493711567785e-04
7.533878722838097466e-04
1.570509790386094833e-04
6.809648839264599617e-04
6.266349724796042408e-05
4.945691652831252271e-04
1.029577240600836616e-03
2.006699525228821182e-03
3.928957776114845200e-04
7.195854396694353157e-04
1.783443538249820373e-03
1.759463713109913089e-03
8.689827383439271448e-04
1.277225192822734664e-03
1.159716071241491744e-03
3.009543784172560933e-05
1.273641719161162532e-03
2.363884103745505312e-04
4.348833186077232156e-04
1.709789605788508519e-04
7.551009755526199999e-04
3.499487027802283172e-04
1.022822541588470956e-03
5.835686269364956857e-04
8.919673589570688418e-04
1.781213265638154834e-04
6.221650901041907546e-04
5.124712915890939686e-05
4.313516257617563336e-04
2.445279570888895583e-04
2.872034111250845864e-04
8.407387184932075836e-04
2.213324370484437691e-04
3.092710511845278760e-04
1.595482060187911359e-04
8.100095092665200031e-04
2.902984612360128073e-05
3.524551445916894237e-04
2.408739858176735151e-05
1.191982460522515589e-03
7.250934716465140583e-04
7.189962692164319829e-04
6.584452120429634984e-04
6.989648885066154478e-04
6.239800635114878668e-06
2.631675442180441880e-04
2.142896772014185798e-04
3.187754065878296308e-04
9.663292026761001159e-04
1.172069603309405447e-03
1.039239003732483034e-03
8.908810539090760393e-04
1.304016919756157810e-03
2.597419614174228519e-05
7.609502650761530143e-04
6.111750721099901140e-04
6.304102502653781675e-04
8.503394250123841593e-07
3.922545196478008389e-04
1.102314466766326833e-03
1.057026822412971735e-04
8.147023373333955854e-05
1.343899686287243318e-05
1.247897289553205179e-03
1.399924588362676161e-03
3.604630458481525800e-04
1.578779163310095580e-04
5.907954213942656976e-04
2.262606359500815890e-05
9.704900899648974703e-04
1.230843526019445577e-03
4.201954582806581573e-04
7.093014581022795981e-04
2.703585082791050594e-04
1.346959810084333113e-04
1.482798147402263154e-04
3.142476842609211738e-04
4.117908432948058249e-04
1.738865035768909022e-04
6.109913890669769511e-04
2.751939982572942835e-04
5.173068976774318831e-04
3.638907160035428738e-04
3.701006002978037587e-04
8.596573996373216070e-04
2.213991312543466645e-04
3.987483564904375772e-04
8.028334703761320088e-04
4.145897720970850625e-05
6.333949649386438679e-04
4.995045540087635679e-04
2.974724026692320109e-04
2.920341292228550078e-04
9.407623499941826593e-05
9.368688666989440474e-04
1.332721768709238877e-03
7.560149580060536120e-05
7.856021195053270660e-05
1.417726859044534575e-04
8.640510790901932822e-04
4.194950866877360887e-06
2.908643153673376509e-05
7.038657518091958958e-05
8.600243973114703763e-05
2.785584662837230436e-04
9.536301158669007252e-04
2.038204546601472692e-04
2.806263837067151301e-04
8.530180865116784470e-04
1.340716408357530125e-03
1.339548425944442128e-03
1.147263850829193053e-03
4.515859287859271898e-04
3.022835143853469585e-04
1.099111783974170833e-05
3.296941203667998112e-04
2.468605130308939831e-05
3.764766256342008368e-05
8.095347634738977820e-05
2.386289165197333774e-04
3.231652113478561490e-06
3.557937013404281973e-05
3.498341150055726497e-04
1.220401382463760884e-04
1.332469881852139460e-04
2.318399816254805405e-04
2.556299778733651899e-05
5.752422487048778786e-04
1.737743598079933432e-04
2.111385113732561691e-04
6.815806966902074944e-06
1.862076872770021391e-07
8.326407761475001622e-04
2.205028320055545099e-04
2.106703187335916987e-04
2.969529199109183942e-04
1.106969566260848540e-05
8.726456337348365716e-05
3.662039602726964329e-04
6.737694269530238045e-05
1.451445569866143470e-04
3.931783915764226902e-05
1.117574292105188592e-04
9.754954856730415486e-05
2.275557374766416026e-04
3.107769279173211267e-04
3.266150429842629209e-05
6.604022190633940899e-04
1.527882942071865009e-04
4.360514448937113517e-04
1.714330503145016936e-04
9.601233088428874716e-05
1.808966479258099935e-05
3.588662123626319310e-04
8.663482026550312857e-04
6.631093187685198776e-04
3.703686146088152188e-04
2.487933264880005089e-04
1.172212608359484917e-03
4.392043403305525765e-05
3.310006533952018309e-05
8.831275991207348380e-05
5.301151833289844285e-04
2.954320227326727726e-04
3.102145269049858510e-04
4.224460980437950882e-05
3.377620138536897030e-04
2.479563991676318323e-05
2.414297404341171854e-04
5.268827391426511797e-05
1.583677551293549354e-03
5.365694107446371165e-06
1.013154381777809125e-04
3.185367060997590263e-04
6.638854145382992126e-05
9.636778781599938557e-04
4.884370212853060772e-04
1.577785433917748743e-04
1.869793465000732491e-04
3.761693471987804371e-05
7.446484226229907549e-06
3.225643295890232389e-04
1.739978133266247663e-05
8.864538261508127367e-04
2.199240473274403918e-04
4.183385978344301591e-04
2.851496835873557309e-05
2.513371082293709637e-04
6.747194696416980919e-04
1.665392767089165485e-04
1.432859162704223769e-04
1.976096604120650526e-04
3.643128478139982096e-05
2.552407133200556744e-05
2.123254648095568276e-07
9.616146417735752135e-04
2.013325045255416130e-07
3.542468183152156614e-05
5.017587899546624365e-05
1.235933477267261776e-05
4.789189154405495345e-04
1.400843326117286419e-04
2.670390009407700880e-04
2.408859608433477385e-04
5.291501589821506735e-05
1.197334430425457414e-03
8.731851898028251046e-04
2.471537827768410236e-04
8.934156618098371269e-04
4.070865989749432513e-05
3.047119327184162727e-04
5.740677374802595229e-04
3.318859550268444701e-04
8.354662974068517364e-04
1.316794331720348601e-04
3.942011815077005684e-05
3.146214279667678814e-04
8.424001217063321445e-05
9.866403606701125219e-08
1.506411728063378663e-04
7.353031178388342887e-05
9.340701257573107673e-04
2.996716008701434610e-04
2.197668099849458515e-04
3.156045558393215465e-04
1.156708567053669616e-04
1.872262138145070062e-04
6.201854827593523359e-05
3.498028716763291661e-06
2.610315892818536924e-06
2.809189088921995765e-04
7.643788354017155682e-08
1.026991872058321490e-03
1.971358991483710156e-05
8.878671071698210609e-04
1.357937429740635850e-04
3.222638351970012814e-05
4.781393417993083769e-05
1.551067175014031081e-05
8.320267141376860853e-04
2.765020306052405397e-09
1.423644077083348810e-06
4.831190929348349651e-04
5.446472293817194478e-04
7.108200424337826444e-04
2.079392171009165110e-04
3.069225577492605003e-05
2.365417082179120201e-04
2.351590940616438933e-04
1.742432782281966245e-05
1.150266463610912838e-05
9.580910479585767791e-06
1.713865732479393942e-04
4.381554257166026174e-04
6.019930932895356908e-05
4.956603212752375651e-07
8.926122533729135904e-05
5.505545118262488515e-05
8.573641356316419847e-04
2.892023553568879180e-04
1.921063841747922322e-04
2.179250302461758148e-04
7.226696148091576067e-05
1.360749353447373005e-03
8.175701594207273183e-05
5.410622404395552823e-07
4.085716533743206729e-04
3.034865020814983872e-05
1.104155622625073571e-03
3.748586851893596721e-05
4.282302750056206229e-05
7.431642637196353104e-05
1.930970088843140045e-05
8.475354471569624475e-06
1.176377003945997977e-03
1.557225366136286517e-04
2.184531300305542396e-04
1.007966168555448575e-03
1.080607930554983252e-04
6.244981648468323344e-05
1.231428743440631147e-06
3.558446539216471001e-04
1.159874700554053517e-04
7.200782561946534905e-05
4.945539822325940946e-04
1.129235219194316912e-03
9.237257036235543828e-06
1.368213397239326299e-04
2.441746096715142252e-04
7.759366805610726312e-04
3.113357469794624291e-04
7.863586017353773954e-05
4.419546251543826241e-04
2.899285202487057213e-04
2.440852010163788947e-04
2.768894024428896191e-05
1.548587649787274846e-06
4.126191498908615478e-06
2.991214278593795563e-04
2.378920422863515225e-04
5.421500566989380029e-04
3.008043163223689622e-04
1.318242792231714977e-04
4.129316502406304989e-04
1.737741368108791879e-04
7.851170907809031920e-05
6.198776573875247478e-04
4.574744461952059098e-05
1.834689915253398729e-05
1.667571623587111272e-04
9.009970766939978388e-05
4.842933309714776615e-04
4.914051969692807180e-04
4.568765227897121227e-04
2.727140436672259477e-05
2.887316896538134856e-05
7.686823361986113736e-05
5.145520563148283863e-04
5.756861010610490187e-04
8.107311768461431987e-05
7.548185195407785988e-05
1.018100199977543937e-03
7.478035732667451729e-04
1.463232540259974907e-04
3.336560902130559299e-04
2.285948511553396168e-05
6.194444920274181851e-04
1.651609335610531941e-04
5.587138776563838635e-05
6.543730499304739037e-04
1.667923945412687131e-04
3.338164847238257380e-05
1.695721620734976146e-07
4.175252958955793988e-05
1.700874425803867269e-04
1.409732932019385192e-03
8.902169251729003018e-04
1.459380154249233534e-04
4.474713233833818968e-06
1.079992612772710797e-04
3.300520376144136086e-05
1.419901711772292253e-04
1.424545184074901686e-04
6.131638619360619234e-04
3.488324306752437826e-05
3.188697955749692924e-04
2.041641818890740933e-04
4.170913148867746631e-04
2.241127166989539260e-04
1.058561650910181241e-04
4.133798504416947824e-04
1.569953208638960373e-05
2.465228385957847486e-07
3.713551570222301500e-04
1.454949270698581096e-04
3.310973901954956293e-04
8.877935078788841330e-05
9.616277608200532803e-04
1.612188553719894936e-04
1.060265089101982886e-04
8.505076172004204314e-05
5.724321627771061360e-04
1.615255068398099722e-05
2.122599097308717044e-04
7.708429930934453046e-05
4.349723514980926176e-04
2.110101383328456523e-07
7.267053374716925880e-05
7.657734373839418919e-05
2.243568619638332612e-05
5.842769575147904390e-04
6.755911402611711571e-05
2.306531925553278453e-04
5.782163642084010765e-05
7.781219708536723026e-04
4.139414720223781336e-04
4.838123795686892189e-04
7.705460140705103732e-04
8.512149534215540398e-04
1.784747904713015869e-04
2.606740304693105852e-05
4.728565586306906532e-06
3.582820982357228428e-05
8.335988030254696973e-07
9.757159702929375138e-04
3.409282406435011105e-04
9.839495647394478543e-05
2.599270472132953440e-07
7.919645259876439722e-06
2.197615402657860869e-05
1.076071448251972498e-05
2.775137985960833163e-04
3.046880983454250795e-05
9.843115704374434585e-04
1.092370256163548061e-04
1.153142970895951809e-04
2.745006305432961017e-05
5.678272451476901487e-04
4.964241518432949932e-05
3.480153488877786062e-04
3.909565713313500434e-04
3.250115006860561958e-04
1.971109378149027088e-04
2.150805832315646408e-04
3.157174757158573718e-05
2.762632671796928199e-04
8.068794993314959212e-05
1.214298675421082664e-04
5.466279268842804242e-04
2.636021699670590239e-04
4.700111585914822960e-05
1.317024296220075984e-06
1.930712375333721578e-04
6.299697458970209051e-05
1.768326393679998726e-04
2.645989192352807794e-04
5.942336348440200190e-04
1.638345019106895545e-05
4.343998335949457554e-04
3.311922157197529158e-05
9.256707212080189434e-05
1.204896682203826502e-05
3.975874018687194271e-04
1.102077175278529266e-04
2.744205418520614210e-04
2.089800020833724233e-05
3.050793850670021398e-04
5.763284682886138073e-04
3.284538622954677575e-04
2.623957919323766205e-04
3.790223597889501577e-06
1.044841334974378063e-04
4.506549408799003973e-04
3.296815277795859210e-05
2.464285187634205257e-05
6.376717097634126757e-05
4.500271622252532565e-05
2.284380464385068593e-05
6.035696987719736277e-05
2.379879031821174711e-04
3.323048644328078951e-04
2.271861426420040736e-04
3.963657126938853398e-06
2.500201903848022107e-04
4.808353426827445125e-05
2.518811782337987827e-04
7.117334327448699749e-06
1.826058443071634264e-04
9.223388434109858311e-05
3.624333251084174948e-06
2.251293215909956874e-04
4.473897045443122228e-05
2.378261267303697247e-04
3.736763830834063916e-04
9.915596870284215235e-05
1.618242048204959055e-04
9.207308553925861653e-05
5.031943785382235468e-04
2.834209412243160367e-04
2.592067281387416280e-04
6.112126677054548120e-04
3.543011953172421516e-04
6.375799109665189772e-05
8.992582730570350738e-05
6.345090355434596476e-05
7.782537004092321767e-05
3.820989514926358068e-04
4.908786361387257194e-04
3.313468547465151523e-04
1.790846352811268120e-04
4.764272071475282675e-04
5.247997385769503052e-05
4.877611615235878342e-05
1.674724563353778702e-07
1.183925115938210725e-04
9.285955650625663405e-04
3.296664014575056845e-06
4.868258378147528246e-04
1.082233050949322829e-05
1.512251347119967148e-04
9.864150157687999292e-04
2.266417629352586709e-04
5.649358877123321614e-04
5.710936092593747780e-04
4.364696387321555303e-04
2.705435473104615338e-04
3.630330820847579008e-04
3.881837251159458092e-09
4.659434531142510566e-05
4.661311623969777417e-05
1.394925840853098749e-05
6.268419288497144260e-04
1.011600084272342391e-04
5.615539818033923246e-05
6.578247236132736802e-05
3.082605547989203799e-04
4.498568849709157192e-04
5.629688148090799702e-04
2.870821138262103593e-05
8.746745270060341166e-05
3.144319446746290209e-05
1.617792309891218430e-04
1.164648981921818493e-03
1.170259072162535981e-07
1.429187888971654647e-04
5.736489370091177103e-04
2.750558602442888497e-04
1.093895882973015452e-05
2.336402111791210305e-04
3.801631368244193471e-04
9.148904195810396076e-06
1.811543916035568945e-04
1.441039984314778635e-03
2.821121449748209380e-04
1.383068195918233506e-04
2.920511373082998615e-04
2.564441049987382058e-04
2.233675981306904078e-04
1.008646554781830961e-06
1.345654991055007755e-03
3.271834495247816438e-04
5.158478030290760113e-05
4.756137481279386695e-05
1.023701612823963358e-03
5.010381122327174598e-04
1.464479973134799444e-04
6.659341420000917499e-05
2.086230226278086727e-07
1.188932662838203941e-04
1.532159729746064174e-05
3.726478866057371760e-05
2.156946880924235602e-04
1.479597677700938366e-04
8.508876320784748877e-04
7.591569745621724516e-05
8.411183340380229869e-07
1.142865880835681435e-05
1.867662065142156882e-04
1.004807843629438582e-03
1.264212068314013589e-04
1.639860590743217139e-07
1.129891069196261596e-04
2.903415025753439756e-04
2.156448574817634414e-05
5.502752497281700270e-04
1.672031710136953186e-03
1.867506503083777984e-04
2.269702379686723049e-04
2.444826074670771506e-04
4.995787783398960950e-04
2.820028424940476176e-04
1.766246916894515732e-04
7.964652196947363599e-04
7.000637121958836568e-04
1.025849572980174873e-04
5.727604296212407756e-04
2.413024743163724958e-05
1.747066080354523138e-05
3.166134640215975865e-07
1.669175294250185696e-04
1.837266070124151545e-04
1.186508787065425439e-04
3.899100987590182013e-04
3.573875380095175506e-05
3.815955885590476167e-04
7.774601337022830775e-04
1.714883693203417329e-05
3.249707288339445319e-04
9.604828312850325332e-05
6.448510864631154180e-04
1.559926173347514944e-04
9.719594006304670700e-06
4.956644973668332009e-04
1.679089601712120488e-04
1.802860101922944790e-04
2.268994615550918052e-04
2.404842820335244674e-07
1.486342180547629670e-04
1.193211749772584023e-05
5.125374902228321518e-05
1.500472781519709606e-04
3.543959421577350729e-05
2.983826763443221588e-04
5.626339232739014425e-04
2.282151094567962568e-04
7.309926225556744083e-04
4.886442634289236324e-04
3.627292031357561572e-04
2.227305995751154173e-04
4.130994684566458670e-04
1.982978112557170114e-04
1.147866248279557819e-04
9.428857271312062350e-05
2.579772808540993055e-06
1.432227960685283766e-04
2.268253030038146906e-03
1.592100364340080071e-04
1.063240285260899583e-04
4.427294233556907234e-04
2.203202990961389794e-03
4.085208801959830130e-06
2.666364693014892169e-04
5.448126986601044752e-04
1.092676893952667870e-09
1.852841385993008155e-04
4.465858537253395891e-05
3.252920950614959084e-05
1.380915334609860673e-06
9.079899712023738363e-04
2.192546612052628764e-04
3.519912022610336712e-04
7.083412242839121076e-04
3.855079571158088027e-04
1.792998174572482941e-05
3.524051246091693622e-04
3.370054664328180180e-04
1.188562262522742418e-04
7.489576298657486071e-05
1.425135753617490036e-04
2.149247429087367231e-05
9.154340484478437905e-05
1.010194006437007406e-05
2.307397004459884704e-04
3.743625927460724856e-04
1.197159606904953608e-05
1.849064882043545551e-04
4.973088628839137521e-04
3.860980720782554588e-06
1.102956247218059841e-04
1.980012541961470997e-04
1.131330815260940650e-04
8.378934148947381763e-04
5.112184685406463686e-05
1.363512137731553422e-04
5.566911679358810218e-04
3.504533038919502600e-04
3.127671956653446401e-04
2.512237213912435031e-09
2.218755194204587819e-06
6.099209300531724040e-04
3.913228469017944531e-04
2.429936105485349567e-04
2.833711562435944323e-04
3.139417223181661986e-04
1.117083440892752748e-06
6.377326037583180385e-05
3.313245085743873842e-04
1.028722972566613759e-03
4.368073465461448152e-05
3.585976812842884198e-04
1.948464274520789928e-05
6.224414799692433312e-04
2.451900028084321999e-04
3.341994734249753053e-04
4.731033990824856997e-04
3.161640816233841759e-04
1.098433836930198733e-04
3.668585229897008255e-04
2.639706664006884109e-04
2.384990293353418081e-04
3.096462969141133685e-04
3.088115923856422706e-05
3.960438719030113814e-05
3.954910295593361378e-04
2.367244031899671771e-04
3.868973717749580200e-04
1.266219992381912337e-04
2.510726320032737957e-04
1.742341514307273046e-04
8.778317625057421728e-04
1.450668777521900606e-04
9.476936441900426627e-08
9.061681548452395782e-05
1.013953776354132403e-03
3.364872661861264234e-04
1.275115596972729501e-04
4.936294397513030664e-04
5.584479948008906451e-04
1.436185103696122740e-04
3.015208802719835605e-04
2.634638916774957509e-04
7.218858548137991086e-05
3.886894902504598891e-05
3.135251993285460641e-04
