1.142486578414916333e-02
1.104143949137346981e-02
1.337627240821897059e-02
9.457397134227709876e-03
1.072183650009167835e-02
1.021661621192206451e-02
5.093472133819182228e-03
1.162863017085887310e-02
9.768182672443916775e-03
9.673776945583259512e-03
7.538480538892004985e-03
7.761344381646132114e-03
8.806305223248505135e-03
1.211277398467118689e-02
1.079614291902947221e-02
1.252540283566159346e-02
9.138232587788569158e-03
9.177304560796493288e-03
8.364108549355528388e-03
1.173142796980307032e-02
5.743277358695379579e-03
6.038116893215230568e-03
6.531784206471727416e-03
1.171498676433336064e-02
8.885433934275148438e-03
1.214940623297713386e-02
1.097167512259737514e-02
1.668988731879068182e-02
1.407297654230794080e-02
9.630117905581958918e-03
6.287169092455552333e-03
1.192307013500902221e-02
1.054636793522228944e-02
8.882557395490962154e-03
7.946150686964158216e-03
1.214278235724746899e-02
9.813127661313399488e-03
8.049409092392413589e-03
1.062111384261111083e-02
8.936270546459190028e-03
6.086760406645613103e-03
9.153386036642924273e-03
8.057512794227617015e-03
1.206208761459153303e-02
8.615413164579524205e-03
6.796625864392199026e-03
7.372825992502936993e-03
7.568397603494793346e-03
8.542973725691136236e-03
9.289880730787953081e-03
1.004529152127873332e-02
9.596941204485166105e-03
6.968918501794901799e-03
1.015751354740236645e-02
1.032728929310540791e-02
6.174942611753846469e-03
1.313520531209943359e-02
1.331054193565109345e-02
1.101362319627070471e-02
9.762535860903920337e-03
1.203040624162972014e-02
1.437591192622217871e-02
1.284644336567174021e-02
1.628193005810384814e-02
1.175414732835968791e-02
1.029010981365669104e-02
1.634793583549258925e-02
1.031200068671173954e-02
1.067159227623038463e-02
8.154004621178564602e-03
9.982177156708765819e-03
1.500830599868518272e-02
6.936930684677212501e-03
1.084285515558515260e-02
1.116138385354806424e-02
9.952920991629910646e-03
1.150077799390305036e-02
9.323694275066875953e-03
1.338109431607479791e-02
1.403581676364212306e-02
1.533184970814848412e-02
1.195634131147338235e-02
1.141026823475049280e-02
9.898402628690178631e-03
1.509317953820467698e-02
1.542260150502376345e-02
1.056536054952397427e-02
1.587781405430215009e-02
1.289889629644458760e-02
1.123905684570518718e-02
1.569185277449290650e-02
1.154866413175066435e-02
7.122080966193163921e-03
9.482364713921956345e-03
9.926628443548612610e-03
1.194948902379081371e-02
9.032345819478081531e-03
8.419439269550521576e-03
1.075650198140501793e-02
1.088801934679184576e-02
1.399756433822155893e-02
9.547933675007726564e-03
1.251112095966661585e-02
1.851170202864606609e-02
1.203501746469235953e-02
7.807153988797059692e-03
1.168305379319668422e-02
1.215648746043119371e-02
1.509178929640280636e-02
1.373841317228508517e-02
1.279621465070793045e-02
1.335385260360822009e-02
6.992247215615957426e-03
1.404354384007345906e-02
1.157781587264666671e-02
1.134314694855253179e-02
1.123568101343782460e-02
1.132740492934356490e-02
1.254886413897667724e-02
1.265448185210172639e-02
9.669557765849779926e-03
1.067955934516172899e-02
1.342297619025583678e-02
1.140535414273377568e-02
6.688639136695552143e-03
1.223362079966437005e-02
8.990593387985872445e-03
8.134035119285790844e-03
1.197507556494180857e-02
1.190856275751215297e-02
9.537299814010942803e-03
1.087806807782563945e-02
1.056329454555503429e-02
1.366842328119510265e-02
9.492747506685916478e-03
6.362151858238763828e-03
1.111841869150683414e-02
8.997969573492111198e-03
1.956060920945789511e-02
1.467922624961875283e-02
1.662703216338946507e-02
1.266172212797159365e-02
1.008895365742127313e-02
1.055599262471412433e-02
6.658025382671280655e-03
1.047798738433505447e-02
1.054305155872019978e-02
1.592263443315325780e-02
1.306362761000566877e-02
9.401344960141947565e-03
1.451399254545453731e-02
1.110365662108462118e-02
1.592443900444447807e-02
1.223524407396112991e-02
1.636421512741866729e-02
8.813556190474230306e-03
1.006109158901896498e-02
1.308700774144247458e-02
9.981182277985540738e-03
1.432263519778973100e-02
1.181914459774670821e-02
9.650364029588262213e-03
1.332507645337962544e-02
1.541941351908943103e-02
1.039915821387508640e-02
9.901534903351697295e-03
8.776003726772700284e-03
1.020608790825708323e-02
1.150941703867223130e-02
1.212424615772755669e-02
9.043595376927704085e-03
8.224350315859730795e-03
9.508608598597329681e-03
1.253375559022548019e-02
1.264329665828756687e-02
1.117273474362333145e-02
8.695342550112648145e-03
1.308543893256999130e-02
9.257111831443367439e-03
9.568742053484393870e-03
1.040795777834617290e-02
1.438985081555381115e-02
1.178412102107162865e-02
1.392925362253915646e-02
1.143030079076078412e-02
1.418512300127035448e-02
9.637317903274073005e-03
9.454951809383682973e-03
1.125833572811583798e-02
9.131827028883246836e-03
1.238712871183763123e-02
1.186527070801776315e-02
7.084522399234841582e-03
9.957648810907339040e-03
8.482751890788554211e-03
8.463366464183445098e-03
9.330074364063729517e-03
8.004001041068062317e-03
1.017123183214415673e-02
1.127208865596820292e-02
9.511375954569462401e-03
1.012989955867221042e-02
9.908346808518877016e-03
1.132382115709736070e-02
9.612087671589669355e-03
6.564676174137063468e-03
1.102297216480077093e-02
7.838383993546806441e-03
8.495899124591779067e-03
1.147060637405711118e-02
9.179835970957936353e-03
9.321863863916892562e-03
1.153400598318046581e-02
8.723195319569615122e-03
9.377116640978027176e-03
1.212010976320999911e-02
9.324167345455909930e-03
8.143082904039285544e-03
9.349540685939438864e-03
1.374651730689648542e-02
9.596935750331042972e-03
7.629652639262672967e-03
1.100478072505955106e-02
7.761564809503397784e-03
9.096174005331348483e-03
1.011718111716372603e-02
6.497382625835783701e-03
5.443702360699203928e-03
9.308753226124679217e-03
6.701698535081139843e-03
9.823389498587728474e-03
8.510936669319721370e-03
1.099955257420848383e-02
1.076671740628746925e-02
1.015898535273696349e-02
7.019133596167466405e-03
1.137614728703982211e-02
8.898404228953462475e-03
8.435533343273972015e-03
6.072988397411514805e-03
8.396386064581297382e-03
6.882156623495233258e-03
7.009495070748872174e-03
1.224922530027895522e-02
1.083893680199216926e-02
1.255409580906209459e-02
8.242220714618161276e-03
9.055649167668594970e-03
4.747632657991937739e-03
9.279081915207204947e-03
8.205142325516190729e-03
9.789575599106880438e-03
1.247507922215669758e-02
6.646981769820100618e-03
1.370077219047356396e-02
1.290972244217317502e-02
8.936301445965506504e-03
9.081250860380574857e-03
1.113453482761142185e-02
8.119713867575815633e-03
9.894811945473012266e-03
1.220959437851640642e-02
1.094686360243404648e-02
8.369543887950322766e-03
1.113274389718684788e-02
9.928231605155308712e-03
8.921495440674250335e-03
8.453005001838062235e-03
1.077901479075297521e-02
9.421182004085469977e-03
4.919029726939092365e-03
8.659200649615428000e-03
1.206863669430158041e-02
1.329583211822736068e-02
9.647634461736083814e-03
1.029615374244118725e-02
9.004254972090130343e-03
8.780125768442819528e-03
7.215641054305951298e-03
1.482542436852064133e-02
1.029545737668933862e-02
6.403109082136754573e-03
1.108380776739266611e-02
9.635488026760235733e-03
9.055652412866325301e-03
1.117577744623247937e-02
7.592534940774779868e-03
1.232200878067211784e-02
9.210789217083990149e-03
1.135977884632830351e-02
7.598355280774406542e-03
1.070719134021697397e-02
1.095518166751635603e-02
1.202064326848290184e-02
1.043979467743595679e-02
8.491678388334667274e-03
1.143444732887654441e-02
4.795175859128137166e-03
9.802277993492376773e-03
8.193489899988488229e-03
6.907309616683090375e-03
1.211943693616196471e-02
1.283224606286920665e-02
7.056283100126974420e-03
8.154343342862949498e-03
9.814315071026546294e-03
7.634373186666103435e-03
7.440536419734433173e-03
8.129591870831434988e-03
7.485330733465558363e-03
7.454059504529986224e-03
1.239652146205700439e-02
9.057075069493819922e-03
8.110560460701309732e-03
1.057513910192196468e-02
9.105888868363106597e-03
7.916357564473062644e-03
1.103450139906773757e-02
6.403851705810316777e-03
9.840127168936516414e-03
8.372470928877485258e-03
8.814448650211846939e-03
8.965952651197752962e-03
1.032361828016366799e-02
6.260445996804316938e-03
8.570314673620012952e-03
6.534684694224774694e-03
7.933814022544909486e-03
1.044335108353178741e-02
8.598425951093863207e-03
9.779870596888012510e-03
7.842629001711653655e-03
9.164649187524173679e-03
7.687021641014216145e-03
9.688443039899893861e-03
1.046546349381977450e-02
1.114200613612626768e-02
1.386528885038327760e-02
5.576486754497008563e-03
6.444953363348663450e-03
6.637202310656403412e-03
6.578708304344709108e-03
1.059281093996175538e-02
6.329148447404345929e-03
9.275207895892850080e-03
9.892346092104311803e-03
7.477615316909874167e-03
8.246228066270401905e-03
6.924255274004320788e-03
8.180154055924437201e-03
7.587345699247178069e-03
7.088652534622838161e-03
1.167341227871407372e-02
7.195605696621061934e-03
9.244206167952099748e-03
6.027401263802784244e-03
7.367166381443578625e-03
4.850290812841878164e-03
5.352900254602407579e-03
8.824070826349027230e-03
8.140836242373007334e-03
9.216672475703336503e-03
6.323385349099910381e-03
7.453078380633900400e-03
7.641774179284429799e-03
6.774108948783213492e-03
7.732555003527439089e-03
9.811985410212636927e-03
8.093881605712793109e-03
6.342594228883139014e-03
6.858603283732968119e-03
4.558626883413269271e-03
7.878467345264487248e-03
9.376559108352942526e-03
1.045808790767910335e-02
7.696215478607946851e-03
9.592298120164096525e-03
7.709752466708442130e-03
8.442406682001961371e-03
7.999159679829413727e-03
9.231426098829868809e-03
6.575231730326044390e-03
7.435939244182749458e-03
1.059865417978838806e-02
5.757217527361870556e-03
7.482056112435412493e-03
9.229768784368277967e-03
5.604707311855974643e-03
8.976945585440529451e-03
7.554246557556054849e-03
8.049342801859296972e-03
1.047891332123011658e-02
7.703928615273192282e-03
8.723452661627119006e-03
4.017719051298027783e-03
7.445402997762317482e-03
7.600688326958830211e-03
7.227681167109843013e-03
6.294171870062765205e-03
6.177166262849546376e-03
7.783215549760676664e-03
6.647657011857655875e-03
9.307783336635623919e-03
8.448458827153955408e-03
7.253902309114549501e-03
5.428778508207381115e-03
6.622424504541439896e-03
8.532421425060778344e-03
7.782431152058506656e-03
7.078969370279415696e-03
7.444225988907947344e-03
8.178095104228627274e-03
6.531623055529619387e-03
5.403124124026387719e-03
6.198264259955996169e-03
8.195340962892950012e-03
4.163449454651121061e-03
5.912645834548195534e-03
8.018724576764769268e-03
7.120428242528556093e-03
6.797467486060400008e-03
7.159121668331662643e-03
4.659652833918171734e-03
5.640103553618904669e-03
7.201036827706774716e-03
5.022311455112263637e-03
6.133948797147179173e-03
6.909535120690838902e-03
5.186259182006256775e-03
6.993232905822214379e-03
7.199382473718534715e-03
4.911538957877581955e-03
5.837831527986476511e-03
7.669148946965680114e-03
6.920879877513515417e-03
7.529019130154490126e-03
1.330990818369864361e-02
7.395861552378441700e-03
5.972141849040329617e-03
8.364719123123700098e-03
6.220056345012248654e-03
9.058605363782976788e-03
6.420069631647796170e-03
5.634925607613789841e-03
7.689073915866951985e-03
3.265681005551234264e-03
8.895288047613063992e-03
1.037572686367403685e-02
6.301418177047849942e-03
1.007167708650008944e-02
7.931120674248075611e-03
6.333435884555844476e-03
4.980398400209124984e-03
6.739839678786341444e-03
5.313576335708859559e-03
8.246071017535898731e-03
5.970247898699957909e-03
6.827633701643059244e-03
6.807084886645132886e-03
6.863410035662074332e-03
8.380977391973971902e-03
8.047329226474308692e-03
9.357654726474495116e-03
6.761132862806123849e-03
7.447411590394231902e-03
7.836635039681677864e-03
7.531720986509763197e-03
5.894459957901033130e-03
8.588069077925898631e-03
7.621040305284548441e-03
4.840341242726146215e-03
6.413276971443610322e-03
6.779335881189524175e-03
4.494040320207790332e-03
7.939407172883152994e-03
7.456324260636357400e-03
8.809926261490547139e-03
7.617719082765399795e-03
7.161504972900090311e-03
6.949609398188083889e-03
8.214254510172410220e-03
6.954940948385857427e-03
6.712761117967330597e-03
7.485984314569398522e-03
7.233246156992233049e-03
7.813349870447582751e-03
8.167508062854093864e-03
7.250655759796663900e-03
4.081466316024276800e-03
4.301409371815867119e-03
6.274935975698195563e-03
1.246463193218452434e-02
8.975709088186081819e-03
7.157259976363123180e-03
7.342662808877642618e-03
9.612615236656464959e-03
4.459698644158995896e-03
7.397253582036852210e-03
6.345320249026307168e-03
9.917466801532571000e-03
7.629642163772983737e-03
8.303004445276387924e-03
5.985728348870606938e-03
7.091950582197337725e-03
3.986858554463662725e-03
6.985129147908059576e-03
5.204019550417487462e-03
4.094137562997188229e-03
6.807568297733886976e-03
5.302000059010356786e-03
6.079761955438166450e-03
8.885949536578861829e-03
7.260991667240614816e-03
8.460708815437447544e-03
6.602534977741844266e-03
7.490400158506806128e-03
3.792422161556882609e-03
5.246796852359860396e-03
9.169179968962206870e-03
8.212627780749198053e-03
9.170309874674821907e-03
5.602063323517325784e-03
9.842915943026272346e-03
8.671915719001549797e-03
6.408191833715617090e-03
5.327560507581158809e-03
4.808447687518578942e-03
6.170044977341111216e-03
4.503992494334143129e-03
4.273977961354190683e-03
3.828303254180809561e-03
8.381807235249165433e-03
7.409588069254359130e-03
8.292707468786457425e-03
5.156062422470594417e-03
7.213914820568086660e-03
6.746389787795621477e-03
6.685510524358452035e-03
7.453271135622646822e-03
4.618193222070698239e-03
4.570577264415786288e-03
6.729974040687221500e-03
5.544637555097035007e-03
3.445244700576553017e-03
7.449888283983025460e-03
8.748921721130556092e-03
6.728117621724128382e-03
8.634425982678932410e-03
5.586813991233098575e-03
9.672615503059695322e-03
8.466868034096299359e-03
7.686740338145178590e-03
3.633859461840132678e-03
5.709852314257592674e-03
6.277083333859970193e-03
6.247206174657106426e-03
9.475281141461804404e-03
7.353643288812552851e-03
4.991005431298605084e-03
4.767668389777203648e-03
5.455427005676046978e-03
6.786852297250884833e-03
5.576559629446910422e-03
5.594065629634110970e-03
6.749795034731950229e-03
6.640891548186598006e-03
7.729927141033860090e-03
6.236190805416985672e-03
6.918753994058956386e-03
6.458725402019025938e-03
8.934565160527816949e-03
5.979246784295369661e-03
5.392558400769227253e-03
6.762323373140778464e-03
8.763894178010009015e-03
8.603370179822563898e-03
8.573182880291182334e-03
8.804737278982238333e-03
9.511418143900267352e-03
4.732783140224897621e-03
8.469597175008504800e-03
5.994574925574260374e-03
1.172215844483350498e-02
5.242179719521303238e-03
6.927897797186093748e-03
1.057196685067559282e-02
5.134000064075429533e-03
6.471785717448140691e-03
6.716568020992184571e-03
4.244448271952569463e-03
8.964100672150459442e-03
7.189201171212041171e-03
3.852859350168707977e-03
7.972960356054100556e-03
4.471429743252462036e-03
7.301570124033898018e-03
5.580691917610843683e-03
7.953373039403252923e-03
5.521816885027884016e-03
6.548620016954927701e-03
8.037542634773344949e-03
8.648260468230981393e-03
9.757275918814813445e-03
7.730559585374932249e-03
7.279801660938368946e-03
7.686294820521730187e-03
6.675605096928217443e-03
5.303939352025008672e-03
6.638060908440366649e-03
8.858692765831630359e-03
8.416204586172145591e-03
8.650916648379056856e-03
8.232219988961586923e-03
7.375011943618193025e-03
3.874708389557258124e-03
4.382179061725344389e-03
8.648528101469642529e-03
8.978153910428910214e-03
4.950786975015998917e-03
6.121124706789183093e-03
9.674074514024173441e-03
7.896208608312499377e-03
7.924608226819977383e-03
7.143438370975824063e-03
5.868947517461627593e-03
9.337292379602164447e-03
8.331990299200809150e-03
7.366459533875480831e-03
5.891059725886996050e-03
9.225896962577357155e-03
7.874175012371059657e-03
2.600207063385027040e-03
7.322536964387039125e-03
7.451390858693109250e-03
5.688632341168746789e-03
8.302246792976622838e-03
8.151779376869876942e-03
5.243371972330160974e-03
1.051014906986443530e-02
3.615870753975766565e-03
8.864713235996199772e-03
8.393273712369151221e-03
6.905694444014345672e-03
7.087165797970923151e-03
5.083673885940649326e-03
6.696499984319762705e-03
5.420130459478155610e-03
9.373597003020097199e-03
6.316530947691579613e-03
5.702981110285258552e-03
8.291749114324611578e-03
7.122825722667460759e-03
6.672497127964313081e-03
5.533995358729571976e-03
7.033776019688063076e-03
3.720967384346695900e-03
6.683140270211610640e-03
4.482228302342247152e-03
5.396581859449351218e-03
5.503591953688889531e-03
8.283336915660176672e-03
7.362982284799814495e-03
7.602597978224482321e-03
9.679389379840969490e-03
5.473154885862053891e-03
8.238031222096835540e-03
4.673830503151128746e-03
6.814809571139833141e-03
5.607010491127102474e-03
5.794529218577509910e-03
6.424908181785186738e-03
6.472511914726655768e-03
6.293133462590946685e-03
5.608441103097493684e-03
8.438085659203698255e-03
5.096365432371289216e-03
3.372425556699889821e-03
6.554835162258933028e-03
6.945782549135380568e-03
5.099480816788969778e-03
3.948153551890855317e-03
1.176687586224646302e-02
5.877135436941452115e-03
6.693050562455561160e-03
5.548145661825581304e-03
6.489580464166692930e-03
1.110114226233534576e-02
5.163438999561240431e-03
6.147891681914414638e-03
6.203792243878918436e-03
6.996083440148306853e-03
5.777770608920982862e-03
7.797512763399083030e-03
4.844483207451888256e-03
5.369875016095870812e-03
6.115703887291767081e-03
5.052924902533673102e-03
5.997495281635259641e-03
9.125038891810639471e-03
6.383937157555860838e-03
5.443432312690322204e-03
8.626713959370039403e-03
6.443716056553069893e-03
5.028861944223596801e-03
1.053742476087693794e-02
4.120195255247168994e-03
5.091089570058865595e-03
5.702493526325295298e-03
6.119915675832793452e-03
6.796320388957196972e-03
4.726586421289036277e-03
5.439458584185850182e-03
6.301562108595890228e-03
5.390881444075784103e-03
5.855605689330119733e-03
6.488921361655690563e-03
6.843782078260292855e-03
5.839927740569005390e-03
5.606204769728294172e-03
5.357962499454398814e-03
5.711274077545880866e-03
5.874707244714171515e-03
5.923384578918292932e-03
6.517307102134303580e-03
6.416879396708177925e-03
7.779181075871504855e-03
6.425255776164842843e-03
7.587287139898985476e-03
7.426280719814159180e-03
7.400749351985292344e-03
7.322229141611563165e-03
4.997614349387686367e-03
5.239478172414301256e-03
7.149868333754856413e-03
4.938955915815829503e-03
4.794265409103049859e-03
5.891656057998724202e-03
4.524761698300486419e-03
4.538521622806612060e-03
9.220711401412002087e-03
5.921737262051372623e-03
5.513583783569457435e-03
4.964170246249726727e-03
4.946782189213769047e-03
1.075501357582896340e-02
8.093538817688329320e-03
6.166183545460880884e-03
5.219078915026582541e-03
1.141368539108717460e-02
6.043297289605249929e-03
8.887136900232329995e-03
8.225952490551337315e-03
7.289517781393307395e-03
5.564334229696688526e-03
8.053440106603231702e-03
7.153185859549575885e-03
1.071727153737155047e-02
1.035371318524649920e-02
4.845342339683957923e-03
7.004811174525166564e-03
5.229852774003638204e-03
6.820575145550962504e-03
5.291960089764863144e-03
1.267403414365174397e-02
6.262876355984856730e-03
6.269830422257754478e-03
6.620403107667724094e-03
9.517734882281459613e-03
7.204642798812708505e-03
5.738533659235981431e-03
7.152280777463912269e-03
6.717548739530352156e-03
7.192574491834470042e-03
5.320709998251185562e-03
7.993894832855327759e-03
3.706709285293078963e-03
5.256036215368711101e-03
9.329592428312934865e-03
6.681307971795785380e-03
5.917608236825189216e-03
3.764551026289359240e-03
9.481213259977345695e-03
7.505771359054689250e-03
4.909056563272861697e-03
7.340639582223441699e-03
4.505793200476991903e-03
6.555711575406018496e-03
9.606073712641514939e-03
5.700000242438657896e-03
5.402895006242320469e-03
7.089807678834781843e-03
5.891138445614988242e-03
7.433777632736702362e-03
5.928889953561755286e-03
8.614555117790316865e-03
5.778587687674401757e-03
7.860659606528500043e-03
8.036478881090705281e-03
6.238323847550362837e-03
6.324361405305254334e-03
8.597334501094140019e-03
