1.762192676871444583e-02
1.751307118073455737e-02
1.754522338963429573e-02
1.750068396852755628e-02
1.755888443870956550e-02
1.753210599372925782e-02
1.748590096954736467e-02
1.743652548909079697e-02
1.737880900716378893e-02
1.725734098723746834e-02
1.734349160788584490e-02
1.731994870870167541e-02
1.730122487401154069e-02
1.723162337006309275e-02
1.716674981937474365e-02
1.712003550462377205e-02
1.709542557426929968e-02
1.711829843925410932e-02
1.706216713034869326e-02
1.698782990788599498e-02
1.691706074812261013e-02
1.681355629490773052e-02
1.680011401701666726e-02
1.674760486423707354e-02
1.677138816230794305e-02
1.662293193549326323e-02
1.655220737248811261e-02
1.641175212487620480e-02
1.629942089463813637e-02
1.638821061373843882e-02
1.625422667749881409e-02
1.606479942324095384e-02
1.617356459730736815e-02
1.596333444512493260e-02
1.592974227868981102e-02
1.595599866729174171e-02
1.584468411587364178e-02
1.573658628304237805e-02
1.576798897746253814e-02
1.560402989619088382e-02
1.544586400405995388e-02
1.531327038587212801e-02
1.530975139130173225e-02
1.526083497975289430e-02
1.526770069312973974e-02
1.507647897098423131e-02
1.498566030829995982e-02
1.484890563622509770e-02
1.493709624056781954e-02
1.489482451724421022e-02
1.483827370833596358e-02
1.471293287714494843e-02
1.473816260118797870e-02
1.463225332551585343e-02
1.451273593664997516e-02
1.451971300087366058e-02
1.449327736473114692e-02
1.419712274778494286e-02
1.433522355455696395e-02
1.446159949648632113e-02
1.420862009069293400e-02
1.428095717441295667e-02
1.394526855176858419e-02
1.410530235821111540e-02
1.409942471184892632e-02
1.388436331656687714e-02
1.401505879196458630e-02
1.405832164897320886e-02
1.397645314134941114e-02
1.386182159122833005e-02
1.381663393577724740e-02
1.374419598025043016e-02
1.357402105650253737e-02
1.382241200459202041e-02
1.364294564153824968e-02
1.373644617883913038e-02
1.371595195881903512e-02
1.358463110020436543e-02
1.363342466773063977e-02
1.334702067063822314e-02
1.359379584097396287e-02
1.362483842813211159e-02
1.344510600636344977e-02
1.350952503300990176e-02
1.348551632631634495e-02
1.347619157585749558e-02
1.354211427845719226e-02
1.343393163300838841e-02
1.351496538462486352e-02
1.336083787043312876e-02
1.317343042738942406e-02
1.334551742034255362e-02
1.339412296214671783e-02
1.325529970083387521e-02
1.343538191569995655e-02
1.321341726512545271e-02
1.336788197515052790e-02
1.301272192394888061e-02
1.326547788518379553e-02
1.330342834689375066e-02
1.309157140467928464e-02
1.291589089040510140e-02
1.333437090047108649e-02
1.312440977311786494e-02
1.310762582851530446e-02
1.294362863747276771e-02
1.282561593121793291e-02
1.315098415186715698e-02
1.295997973916293046e-02
1.306629489341281161e-02
1.304513561440355865e-02
1.302094622962571974e-02
1.298583654666959041e-02
1.317519482264490650e-02
1.312423726617814590e-02
1.296618514104416232e-02
1.301605938665514189e-02
1.274506605859843274e-02
1.302353390239935696e-02
1.306523320093707155e-02
1.289698341561647775e-02
1.286609676284817053e-02
1.275988681031385921e-02
1.277225629358701327e-02
1.288019253755307014e-02
1.291508622460226831e-02
1.275644103268135272e-02
1.306782883986624608e-02
1.293260899506003779e-02
1.280540061817104364e-02
1.270783438441469744e-02
1.248972012654697358e-02
1.257737818473560198e-02
1.280155100113372635e-02
1.274107027830170824e-02
1.269984890781851623e-02
1.301159448375494715e-02
1.277850700455396282e-02
1.303074416349775562e-02
1.257082452088719923e-02
1.267095776739524289e-02
1.257938059615599721e-02
1.280371406866230924e-02
1.289308129036343710e-02
1.287279402276536068e-02
1.266695245299319025e-02
1.253883639775563857e-02
1.262938137867816550e-02
1.270261381823030097e-02
1.266591056915177503e-02
1.259726778722411802e-02
1.267123664114015724e-02
1.301963771017366177e-02
1.287651057615387187e-02
1.272772202467225243e-02
1.272949462837253722e-02
1.254214948166617292e-02
1.277428817676111612e-02
1.275063764155912570e-02
1.280193134635723186e-02
1.293224280594396959e-02
1.269885836106699611e-02
1.253433058330739869e-02
1.280228223102876373e-02
1.267700830386615796e-02
1.251954941073608017e-02
1.271716227002278252e-02
1.269347985483744272e-02
1.266331042968012535e-02
1.258571550210265538e-02
1.250023750073399331e-02
1.288232854807886546e-02
1.262328067880444903e-02
1.263683447152471641e-02
1.271067788184872434e-02
1.257974171512186295e-02
1.267261438977486387e-02
1.273036513755141513e-02
1.268421266505715544e-02
1.271069784937564791e-02
1.259269036533392297e-02
1.270301149691229620e-02
1.272940795392460411e-02
1.272989580966240979e-02
1.255990476116439214e-02
1.280808738226643997e-02
1.270886932600585710e-02
1.241291442953252472e-02
1.278311510854640044e-02
1.264460586572662207e-02
1.276466888734831447e-02
1.278959154330471665e-02
1.250634561992051280e-02
1.279397187666267421e-02
1.255676649975678155e-02
1.270383749090692009e-02
1.240568395254474862e-02
1.280412902213195168e-02
1.276121015811279742e-02
1.280634107917140094e-02
1.274872193187894485e-02
1.266887386956069145e-02
1.292671574687141896e-02
1.264792610408017361e-02
1.261621509000860827e-02
1.287500466020050430e-02
1.248465110525031826e-02
1.268365450840929290e-02
1.281201308452858956e-02
1.249060350816856048e-02
1.277322851870931614e-02
1.274200038841825748e-02
1.258370281180962690e-02
1.269070055685907195e-02
1.267021977106269279e-02
1.268331640816237893e-02
1.276719454034013282e-02
1.276422625382319688e-02
1.278813521130522761e-02
1.239600586401070660e-02
1.303123230176814716e-02
1.266531900529149421e-02
1.251795992510065098e-02
1.264415609868423281e-02
1.261449841510121558e-02
1.270904472080630621e-02
1.270263186013966331e-02
1.254731159354545607e-02
1.278718149338502197e-02
1.258255560786610168e-02
1.281927595368675780e-02
1.277558111860455786e-02
1.270262318649635451e-02
1.265513114056041576e-02
1.276866007684237733e-02
1.280859457256040487e-02
1.255615416600806486e-02
1.277892425187637099e-02
1.240573074143536646e-02
1.280364888972645478e-02
1.272222037461203346e-02
1.263543505351812438e-02
1.262413169287045916e-02
1.275675292477552666e-02
1.266659187336965399e-02
1.260972602069850880e-02
1.259207254055241289e-02
1.262408130424649486e-02
1.265640589399421277e-02
1.267827587673739723e-02
1.265149894093103855e-02
1.274873795570586124e-02
1.291134210828757088e-02
1.246958901701110227e-02
1.287264720449488899e-02
1.271415893279648733e-02
1.250306173013375662e-02
1.257359820685917742e-02
1.278167777718123253e-02
1.272422723354502128e-02
1.276402591350443184e-02
1.264762985817525012e-02
1.263354728114112965e-02
1.254830792149137439e-02
1.232747064024885229e-02
1.255244543125444250e-02
1.231687859100135014e-02
1.277780369644409934e-02
1.235580596727387653e-02
1.238035589000470275e-02
1.238976384122508594e-02
1.201681480783362184e-02
1.221095810234185119e-02
1.249177909298022568e-02
1.231753962375760347e-02
1.236980103465020082e-02
1.235586049875086849e-02
1.268284868800217090e-02
1.214012513703623120e-02
1.203332081751953310e-02
1.226504155532580354e-02
1.228556890164207195e-02
1.194613787369937230e-02
1.231970829668405099e-02
1.209499581527646341e-02
1.221158241978277138e-02
1.222504730234631222e-02
1.237714006941018248e-02
1.190466887721101930e-02
1.209239531942248036e-02
1.182801358133225497e-02
1.207211156549268388e-02
1.232314556079780639e-02
1.234962883378579006e-02
1.241799999429499951e-02
1.200660747727553407e-02
1.211394611274589292e-02
1.228742292130434455e-02
1.214425654594463062e-02
1.173801106635726475e-02
1.225039145829419709e-02
1.204185679755845860e-02
1.191626400534826456e-02
1.225517822809934695e-02
1.197875982238057017e-02
1.181017334382880590e-02
1.206006492862939268e-02
1.238527335807550721e-02
1.191829059718086878e-02
1.236801484165523171e-02
1.213785054707433933e-02
1.204825761673261782e-02
1.230424718419759027e-02
1.211921954527992416e-02
1.222210132056902876e-02
1.209701216904632629e-02
1.190211772124938339e-02
1.209942228354104685e-02
1.246259009184593099e-02
1.183286922575688994e-02
1.217462340267294434e-02
1.228941246348590373e-02
1.195969663420462341e-02
1.195988929320038197e-02
1.224673626454492181e-02
1.175115156325613232e-02
1.184460401883076323e-02
1.206121909489758261e-02
1.201419336379111816e-02
1.214600542216018320e-02
1.196266046327925867e-02
1.199055248432816072e-02
1.218298009609451553e-02
1.218850130893311089e-02
1.216449423297326013e-02
1.197490055828731061e-02
1.197557636076973520e-02
1.158506866698222511e-02
1.194147656359783628e-02
1.225485363668583384e-02
1.168535953749275796e-02
1.202380492394130446e-02
1.210642543352647739e-02
1.185850278945046847e-02
1.207083929559388084e-02
1.209028234713922789e-02
1.216429957906461565e-02
1.198689672244974969e-02
1.205021604856523418e-02
1.178734210074959543e-02
1.203133753022702680e-02
1.183465236470469806e-02
1.218893820938413142e-02
1.219252042688717327e-02
1.199928446615858464e-02
1.176262319394557124e-02
1.202300899158619332e-02
1.176390852560520867e-02
1.170957502514581236e-02
1.213750233021363388e-02
1.196740884981629602e-02
1.217566478537533518e-02
1.206048885806675769e-02
1.211827843578382365e-02
1.185618950603138481e-02
1.170492035949875602e-02
1.204161339050287792e-02
1.206790867492465308e-02
1.226019924296220184e-02
1.179008843508218621e-02
1.202928013312902673e-02
1.187709941883035962e-02
1.212323138898769789e-02
1.212482110424303525e-02
1.200520221937266194e-02
1.251216555500220089e-02
1.205219584075239644e-02
1.202078704007081625e-02
1.211714340077180325e-02
1.202435938658623187e-02
1.207782921776392494e-02
1.211349501234854423e-02
1.235111210058416516e-02
1.214447605245744417e-02
1.204770808675558955e-02
1.196453532650000595e-02
1.208419192155535914e-02
1.172799839774459063e-02
1.202885186503293950e-02
1.179519738793456674e-02
1.201791639106007149e-02
1.199010202191864473e-02
1.172616377212943456e-02
1.163827097056109421e-02
1.221696523287404967e-02
1.194681503365533151e-02
1.207730455094170596e-02
1.224437202377677905e-02
1.201945361565329683e-02
1.191746474432603918e-02
1.211557413634163291e-02
1.188626413485178654e-02
1.199156138900397961e-02
1.204138985739998564e-02
1.217337601767657859e-02
1.182272608199983269e-02
1.176650424189587194e-02
1.216099136440922795e-02
1.182683621757957271e-02
1.178714866111894161e-02
1.212830121683823245e-02
1.218562101579928440e-02
1.192503377885510002e-02
1.194618745080614462e-02
1.199280567513973973e-02
1.186254368310336524e-02
1.217966599925858831e-02
1.212446925530566953e-02
1.187675702514812831e-02
1.192783357934084493e-02
1.186371008920383135e-02
1.180475964129170698e-02
1.184269653635883386e-02
1.180892018340197122e-02
1.195014428575673707e-02
1.179762142106018964e-02
1.213211817572625029e-02
1.220827052790979944e-02
1.217286060321691628e-02
1.191469353026524021e-02
1.211524357000022881e-02
1.204232573095118976e-02
1.204310240209770753e-02
1.188716613559218441e-02
1.210141551777104731e-02
1.179008549277507298e-02
1.202416365179136137e-02
1.209472649106570555e-02
1.200987065064610185e-02
1.194947251454251541e-02
1.194397435351436144e-02
1.205029887843512941e-02
1.191248772248580147e-02
1.171316680532223306e-02
1.217099799013950968e-02
1.189942647130737448e-02
1.191694226912677623e-02
1.201213791401067529e-02
1.218163493919791757e-02
1.192394873809051944e-02
1.206999167634920274e-02
1.195274799126006850e-02
1.235651781603808175e-02
1.196543687425979247e-02
1.193789577176408365e-02
1.216266298514869990e-02
1.194796150531750485e-02
1.231249417443917339e-02
1.207689175544784770e-02
1.160056563100078132e-02
1.205294641487774342e-02
1.193037942833400332e-02
1.202493835133466166e-02
1.203207499827325597e-02
1.201729218052981045e-02
1.197746139534851088e-02
1.173447888004766279e-02
1.173128219903791201e-02
1.223742278047282826e-02
1.210529549810904215e-02
1.212111874887005294e-02
1.204102463113296273e-02
1.194126917434582165e-02
1.216828005952647583e-02
1.229485444399112774e-02
1.167346684419931502e-02
1.213366962395021932e-02
1.228639657210110411e-02
1.200927130098398618e-02
1.168325095450045009e-02
1.183945414991068902e-02
1.175823814568732750e-02
1.185010517003539689e-02
1.209524947462026906e-02
1.183952390172917160e-02
1.177385520839810580e-02
1.185487814687737410e-02
1.186911360533685587e-02
1.182783414633903699e-02
1.180389164359705277e-02
1.195103779296669000e-02
1.183514859970818262e-02
1.188898931333650343e-02
1.213024567787289801e-02
1.194352442462530417e-02
1.187880257337821724e-02
1.244134711622257861e-02
1.207991419748063143e-02
1.197016481572229021e-02
1.212013482118790009e-02
1.196588347954540346e-02
1.194126048178287963e-02
1.162972881441646025e-02
1.199501408662353302e-02
1.199232109035781174e-02
1.185780686787179898e-02
1.197847281973217493e-02
1.203115731007948011e-02
1.203012583984700706e-02
1.138963094058181164e-02
1.195261688826022850e-02
1.205659882145513132e-02
1.222411461272527103e-02
1.210039886064447588e-02
1.203576825480638136e-02
1.202301064547966168e-02
1.223586112438384069e-02
1.176563740913726466e-02
1.175927778741883527e-02
1.204612289264876332e-02
1.184653214203632704e-02
1.203693063615775445e-02
1.216272155451774556e-02
1.186881549202674878e-02
1.182460842384153166e-02
1.203515406844773809e-02
1.175186004153450960e-02
1.197178663958922001e-02
1.217127246657506018e-02
1.199139473482265829e-02
1.209514257161613607e-02
1.198516698966277036e-02
1.187812483578278011e-02
1.181422907106613115e-02
1.219041864924466471e-02
1.187532227600702171e-02
1.220906164787227514e-02
1.197389178577002236e-02
1.186463595008985239e-02
1.208899489065499294e-02
1.225002619462796892e-02
1.192425832187885351e-02
1.234127040892541403e-02
1.209538312310224316e-02
1.195227595793873013e-02
1.190992421801715349e-02
1.166207835285569538e-02
1.200913109247820840e-02
1.176751422108526617e-02
1.210185425352399737e-02
1.177230170339265206e-02
1.196044593033683025e-02
1.200081656483546581e-02
1.217270919356415113e-02
1.191280057497269042e-02
1.233941858373546058e-02
1.202612952392403609e-02
1.201618341015403373e-02
1.193419681213895613e-02
1.201592331236737456e-02
1.212669167451445838e-02
1.194007611197571254e-02
1.218533113914037694e-02
1.171730767221122738e-02
1.203701997179116787e-02
1.188943467827577316e-02
1.192766226118380929e-02
1.212307479532167241e-02
1.226065349491905002e-02
1.183272472211562357e-02
1.172286000976668734e-02
1.183189689771144311e-02
1.183458126184707380e-02
1.187833959775448298e-02
1.194334537017366013e-02
1.206798275685676616e-02
1.214472525291674862e-02
1.190931629846871641e-02
1.192804352336948072e-02
1.197865637682296244e-02
1.193684155721783796e-02
1.221655318677078092e-02
1.191395719640301644e-02
1.178485398048952255e-02
1.222655098210354355e-02
1.185743794570926282e-02
1.182692301120385342e-02
1.207754522739971220e-02
1.171651507627980565e-02
1.174548573580339907e-02
1.199851624561568478e-02
1.213948446730568100e-02
1.184689032043971871e-02
1.206521967887830456e-02
1.184185306890988242e-02
1.206420516276928215e-02
1.179597950825094985e-02
1.206083382087692370e-02
1.208187787384110493e-02
1.155509664721404879e-02
1.205287235889131517e-02
1.201237503861515149e-02
1.221220359878966155e-02
1.182016503276807698e-02
1.209737841648075157e-02
1.190630729181187293e-02
1.209095838111390146e-02
1.166406232103519083e-02
1.188280935903459311e-02
1.208773000945755766e-02
1.207556082142076555e-02
1.215928262368999591e-02
1.181915313637429792e-02
1.193045347729840798e-02
1.207538554962758054e-02
1.205101542621303187e-02
1.180008028130677400e-02
1.195520508410754038e-02
1.156322436783019554e-02
1.191033673593720234e-02
1.165801332704295527e-02
1.192718437060334008e-02
1.171805006894410459e-02
1.173156538565000087e-02
1.217938718642142849e-02
1.192770308976067936e-02
1.206856829592678135e-02
1.221399018839675749e-02
1.164929166123499990e-02
1.207347343496125228e-02
1.221099551261911088e-02
1.189372072869917911e-02
1.203850115702656369e-02
1.210387838699795125e-02
1.185819283723840711e-02
1.186802577293475866e-02
1.178737672075636823e-02
1.201328062789241286e-02
1.198458711959694313e-02
1.182182867549629209e-02
1.200405073548092838e-02
1.211834245858299693e-02
1.203337657157323853e-02
1.188407257460671364e-02
1.197641237528259545e-02
1.169173432553607082e-02
1.211035260699391478e-02
1.187554706088835704e-02
1.185703027171546367e-02
1.178446130578815476e-02
1.175002898643095171e-02
1.188781509038874112e-02
1.172701529923911822e-02
1.207924305192550202e-02
1.210805283273954681e-02
1.207554281537033709e-02
1.197754025693827974e-02
1.195149720822664442e-02
1.190980694638592470e-02
1.192196892624944327e-02
1.197920077518041526e-02
1.198956201394563333e-02
1.210542191634331015e-02
1.215650751267055227e-02
1.222161442958864634e-02
1.200578004408548935e-02
1.186779272594148255e-02
1.200736356822527419e-02
1.210271270778619235e-02
1.167063968427417553e-02
1.179319105322406552e-02
1.191385522002406071e-02
1.211541555364748987e-02
1.184490384508388346e-02
1.183460906716661196e-02
1.216991818793633148e-02
1.192029713440641292e-02
1.194954880728922066e-02
1.169623300776247501e-02
1.170096200177837137e-02
1.211315752680662897e-02
1.204863646350053108e-02
1.203954151489418020e-02
1.228801076587228251e-02
1.207375579721606425e-02
1.222089593808737933e-02
1.217913214595094974e-02
1.188876644223130392e-02
1.172113054775012798e-02
1.209636284893508655e-02
1.186542423803637995e-02
1.206377757053169950e-02
1.171439910290238834e-02
1.186845515914683111e-02
1.198498572007380275e-02
1.198946753585199837e-02
1.208644486115829572e-02
1.166025722278451332e-02
1.194885070287693418e-02
1.222180785001093090e-02
1.210935178404020512e-02
1.182431745273612722e-02
1.198969381022055823e-02
1.175441206385732101e-02
1.197710409478270829e-02
1.195869670474793839e-02
1.190238123418323191e-02
1.211319800588814624e-02
1.181717827695787267e-02
1.214028772679258232e-02
1.191861207240134737e-02
1.191827132147186413e-02
1.241530061351562436e-02
1.185693541399710817e-02
1.171629458018082735e-02
1.185044043975375799e-02
1.157603319915356116e-02
1.172680319247043287e-02
1.185231246406062179e-02
1.198196983529046036e-02
1.214771018104006915e-02
1.184355429260016551e-02
1.190787057611726943e-02
1.186580856405873401e-02
1.188131993753902341e-02
1.197508657010423576e-02
1.207456501842289580e-02
1.151954438996411791e-02
1.201249343732442749e-02
1.184269255048873808e-02
1.181365398344278936e-02
1.207900355710927326e-02
1.211045839604446041e-02
1.214233631897676524e-02
1.195233814481772711e-02
1.164607531212493233e-02
1.231427436075151378e-02
1.190646262461735050e-02
1.160106426507600229e-02
1.178187245998288391e-02
1.163777178518937520e-02
1.180965610944665657e-02
1.195597077930149119e-02
1.228611729941014863e-02
1.194024041431711140e-02
1.197595855920027125e-02
1.192236259289009871e-02
1.206058059362147793e-02
1.164499806257652224e-02
1.179663170441600309e-02
1.176741788615358157e-02
1.177007238118756710e-02
1.158967953130801004e-02
1.197834300334769432e-02
1.195269338119956878e-02
1.193912686724593955e-02
1.171900614358334369e-02
1.218190372799998235e-02
1.187689802049051932e-02
1.189020503309539192e-02
1.204531960328876668e-02
1.211848834507303456e-02
1.182700166649335721e-02
1.215031836473239729e-02
1.201348129511886804e-02
1.197512400276169210e-02
1.166399604712427610e-02
1.180182334505378884e-02
1.172154944694984990e-02
1.214163238685636928e-02
1.158363312053080699e-02
1.190883618464701546e-02
1.201845034895107980e-02
1.206973223317196753e-02
1.207054955248416071e-02
1.187626181181538135e-02
1.195692287303517891e-02
1.202572343833188326e-02
1.202639192825289555e-02
1.218485666366368042e-02
1.197697386104856418e-02
1.182640690320866696e-02
1.215962108705968478e-02
1.168443828253341865e-02
1.221624589763020859e-02
1.210134178325183649e-02
1.202842033116293709e-02
1.191379149672835806e-02
1.179564804761919911e-02
1.175296765431043527e-02
1.177466971579392389e-02
1.196306231246698805e-02
1.204008276751951552e-02
1.216553736326319961e-02
1.207646249627408568e-02
1.182677564879196577e-02
1.154575875319403984e-02
1.163643230698716696e-02
1.204778815226048398e-02
1.180136771964000741e-02
1.183802468727149226e-02
