1.184107962339751288e-03
1.829936920372004410e-03
1.532929968003143070e-03
1.076987942699257151e-03
1.361141194889095487e-03
6.654528211236989538e-04
8.386331267859917313e-04
1.239231707934261052e-03
1.772132558311254481e-03
2.696549553807987224e-03
4.435829014692351793e-04
1.106360102584988923e-03
1.232329780089414612e-03
1.264390501890202360e-03
2.081142917150036274e-03
9.252425041671454801e-04
1.127791360897303745e-03
1.554140039962874451e-03
1.819367645572890838e-03
3.420643047053314382e-04
1.306031655352440099e-03
1.912191114914200702e-03
9.798209755038848716e-04
1.561923937004764144e-03
1.744079374582160587e-03
1.172017696447498871e-03
9.700084871543788621e-04
1.483238279675714883e-03
9.822657123983583646e-04
1.639857999718057893e-03
1.705580655901927983e-03
1.389381253545839785e-03
1.711231965762115368e-03
7.395704418568714534e-04
2.397503036612346448e-03
1.891600537956952431e-03
1.172136534182861411e-03
1.131258388423154538e-03
1.383303100194372770e-03
1.513418385656405563e-03
9.844730294570429568e-04
1.001397441962794928e-03
1.485225892960110976e-03
6.338888335652616149e-04
1.192460263433604579e-03
6.372182467989995821e-04
1.574616436591251036e-03
1.456149818166230410e-03
1.034759639048380298e-03
1.008539704660623391e-03
9.037649992105158039e-04
7.323510982981001373e-04
1.221131890127053529e-03
1.538331413112294360e-03
1.006034307672940345e-03
1.973951401820721058e-03
1.825031642385550748e-03
1.573674849472221247e-03
9.963946774698612986e-04
1.259447951671942550e-03
1.556138594562750258e-03
1.265710629288635709e-03
1.915020317209829934e-03
1.622821320799606266e-03
1.024403072745741407e-03
1.922477094841008654e-03
2.304438776676418291e-03
1.806156958388851737e-03
1.613738585190225248e-03
1.008437731523812060e-03
1.557820496752726101e-03
1.541284656881494047e-03
2.290113215404518312e-03
1.807218223459283605e-03
1.991623267110333509e-03
1.785419354746060980e-03
1.146205844503361739e-03
1.792959056986827369e-03
1.444311841736867696e-03
1.682292988957165020e-03
8.989320569104202428e-04
6.708873136897432372e-04
8.222345615374530674e-04
9.138251639249705483e-04
6.588581312652486838e-04
2.102485916355237208e-03
1.656403438288751948e-03
2.277939503199659117e-03
2.321182613212550375e-03
1.221143024931355212e-03
1.381035377137680752e-03
1.217607153382672339e-03
1.681568366088936981e-03
1.230225258858469320e-03
1.315257233917833902e-03
1.014131245179492307e-03
1.124330798341952650e-03
1.406754588581187555e-03
1.908709209133958602e-03
1.545072628508247165e-03
7.414762550021668707e-04
1.719038981299822206e-03
1.472582909184736236e-03
1.784106564662283224e-03
1.864751431549919276e-03
8.175502168636174542e-04
1.340201376391868910e-03
9.890838121294528561e-04
6.368946413827107677e-04
6.514558866118809206e-04
1.200523568479342808e-03
9.673081085836971035e-04
9.098108102673545597e-04
1.317085014724457505e-03
1.402601396232534912e-03
1.479348786130527116e-03
1.336288038194150462e-03
1.241270522971925794e-03
8.855983957351240598e-04
1.213475408527168575e-03
8.346927140047396068e-04
6.398754323603095913e-04
1.207783220439585890e-03
1.047863287326175879e-03
5.879270469723131077e-04
1.499696137338847775e-03
4.696843676061811159e-04
8.709130173536314048e-04
1.206396121837677521e-03
1.673828284795563903e-03
1.010897969784011526e-03
1.267897456053392134e-03
1.322507832118255920e-03
1.657281825887782023e-03
2.079556819406070539e-03
1.866796880411409568e-03
5.658139206252601333e-04
5.602080883940442277e-04
1.277566276051172751e-03
1.591351041609288678e-03
1.673458596406085823e-03
1.321878438823216335e-03
1.431867145627990865e-03
5.339457887625511214e-04
6.482046434144113660e-04
1.195547541301327692e-03
1.533774630811582124e-03
1.458238177988737836e-03
1.530678633474269294e-03
1.499440014151484776e-03
1.667192499932079524e-03
2.902850729673907022e-03
1.332731863473528332e-03
2.090082204070420335e-03
6.201781055969174785e-04
9.416680313294994303e-04
1.535954160453930056e-03
1.712719521623780111e-03
1.368348997903012960e-03
7.325111806431794858e-04
9.927537849606878941e-04
2.290413231270288768e-03
1.443662890126639134e-03
6.360272020647896518e-04
1.473412751720912196e-03
1.284422010012449111e-03
1.479703442266587683e-03
1.175971340522941706e-03
8.756189316034545264e-04
1.678680372545943416e-03
4.722296049245737655e-04
7.952781675845347481e-04
1.266382285903049857e-03
8.884930665539200008e-04
2.552602252347502005e-03
2.076315711512208544e-03
1.226813067938206051e-03
1.970835800530352719e-03
1.901447431323071346e-03
4.954860316565852909e-04
1.357680951786948949e-03
5.911685082232078642e-04
1.519347929205819162e-03
5.213239255089157850e-04
1.972006738149192050e-03
2.446728707924644263e-03
3.204350023027390448e-04
1.373031669337929301e-03
1.669945185318569671e-03
2.392793879713843701e-03
2.048660639132528043e-03
1.066048974324921086e-03
1.618213574026121414e-03
1.290094893734747327e-03
8.818721022351156801e-04
2.940554691213344870e-04
1.645145083286420062e-03
4.933291074566296735e-04
1.984921910383523509e-03
1.322608474068601289e-03
1.340820184831452823e-03
8.200505293077882570e-04
1.009572228868188103e-03
4.611839787890519167e-04
1.590212448596271594e-03
1.190644079631715752e-03
1.016535344414663724e-03
1.254913472896298154e-03
1.419249192199634711e-03
1.339817018659254571e-03
9.972923079076838251e-04
1.252044021219508689e-03
1.750120844264664230e-03
1.057055206523031202e-03
1.155948945205500199e-03
1.860430531429828468e-03
1.342891726734982659e-03
1.094092814619694468e-03
1.517863362518111388e-03
8.506894506283808150e-04
1.757027523008448814e-03
1.479496967848512338e-03
7.669702450717982064e-04
1.690816126958356522e-03
1.599496921344210508e-03
2.599941294234297227e-03
2.397182546149756368e-03
1.314529791054777933e-03
1.549083118370711163e-03
1.192873203136443324e-03
1.912990234665576514e-03
1.181876113313131121e-03
1.239366468962289133e-03
8.451101500894962152e-04
5.470192686840074855e-04
1.255547570462844584e-03
6.567969177934887418e-04
1.172557856064324316e-03
9.909397772641459837e-04
1.819673194098278416e-03
9.838433959761634044e-04
5.812516157152670428e-04
1.865369790865571567e-03
1.172074469629904572e-03
1.136186293851855142e-03
1.211751058702901325e-03
2.165373347994071010e-03
2.066788378154292127e-03
9.639795313880884873e-04
8.531040881799090494e-04
1.358622041706640179e-03
1.766319634121328065e-03
2.036561414919097444e-03
5.751346657667625066e-04
8.311240480238784190e-04
3.303063735329884402e-04
1.020734417192089606e-03
5.966946198426414504e-04
1.285543864419948484e-03
1.097973643287782335e-03
5.754984244251589972e-04
6.990206805901929936e-04
7.549590252862895890e-04
2.569649003435397171e-03
1.089465385063699641e-03
1.890647920846660500e-03
1.673157087412813302e-03
9.887866505294037444e-04
2.029450059605094649e-03
6.959687639489927583e-04
1.688008693216817239e-03
7.805284834518624783e-04
1.115588687156736716e-03
9.263363292377824795e-04
8.332874548673802452e-04
1.264707880419529062e-03
7.945622541177810305e-04
1.291439000178139099e-03
2.591962116707368334e-03
2.190909423443542382e-03
2.837260664998787242e-03
1.882598942807726288e-03
1.015205105185203790e-03
1.343033755612563608e-03
7.311368552627865508e-04
5.068875101175810164e-04
1.497432001819343217e-03
1.769047532776182917e-03
7.247427573196645609e-04
6.464650152134340669e-04
1.019338425375338527e-03
1.810148896437373256e-03
1.944099212934317228e-03
2.215113664867503825e-03
2.064259301749803242e-03
1.880154092909150625e-03
1.422709844628985759e-03
1.354752145829621248e-03
1.275311039061914837e-03
7.908158704902864579e-04
2.269038876832646986e-03
2.794263927470634103e-03
5.880172628722306338e-04
1.600570734362113598e-03
6.498252564151818728e-04
1.126000810720543697e-03
8.457743924514286513e-04
5.192518894877834294e-04
1.884862798425022664e-03
1.120605169370366685e-03
8.639259865506372779e-04
2.044957230563405632e-03
1.235483232095929175e-03
1.767422435469304326e-03
6.596586689972640857e-04
1.087900451841789613e-03
5.341617342097373976e-04
1.942603997088918153e-03
4.587335738034697594e-04
5.490289430937387530e-04
1.305775180015596735e-03
3.325406035976731295e-04
1.434630733543671658e-03
1.212398885686797505e-03
5.880312852918141882e-04
1.830393992575027849e-03
8.003967102659944417e-04
2.233572640749290072e-03
1.510604571588609153e-03
2.492811939360207833e-03
9.964846141912928317e-04
1.075815965351910536e-03
5.712398871598633370e-04
2.092445484785033800e-03
8.868972306052511382e-04
1.416673797138685810e-03
1.482940880357137316e-03
6.533739000955292048e-04
1.151599653089211295e-03
9.450259259091789172e-04
1.970385698195103357e-04
1.056105941714117601e-03
5.118454393524071331e-04
1.366537297165405914e-03
4.552499012797086523e-04
1.154701997799288454e-03
2.178612651716066440e-03
3.540095768651553045e-03
1.352139571843320341e-03
1.977569328737508337e-03
2.073115777774242521e-03
1.401967262390875360e-03
2.077204269499103185e-03
9.935224106953498453e-04
1.222519404077630984e-03
9.693435405483134728e-04
3.737151795695597381e-04
1.076262462847461234e-03
6.881729453659627283e-04
1.267051136546599489e-03
1.458308123226963963e-03
6.475514242108415921e-04
2.381717359074735866e-03
1.055925233406654990e-03
7.262802758741114702e-04
1.377583302989208525e-03
1.141402321055432802e-03
4.630324809377734871e-04
1.496318402355369245e-03
2.203320685824339525e-03
1.135732478887358562e-03
1.183691999796874800e-03
7.712228583411753812e-04
4.651608469223516380e-04
1.349780550884992648e-03
3.474761007795115503e-03
8.225961711025543081e-04
1.781791001490077827e-03
1.741886040796714746e-03
2.111379687983731704e-04
1.608863615916044819e-03
1.449597312810119339e-03
1.901152830226805193e-03
1.154926025880230163e-03
1.614512713202502937e-03
1.451141728498113589e-03
6.120829729735789964e-04
1.031978688460605600e-03
1.422525063379990714e-03
1.925311338156405734e-03
1.524642041212879344e-03
2.164962860043473381e-03
9.088977543471940665e-04
1.008942901651681138e-03
7.000255477047033752e-04
1.495761910069818949e-03
1.511568760636231978e-03
1.278574737314363847e-03
1.789972879928311555e-03
6.785557853804781653e-04
1.110634754352485525e-03
1.869763569546368815e-03
1.453673867598766212e-03
2.814617124765865768e-03
1.090075011049441989e-03
2.332210198693637423e-03
1.329863743553288090e-03
1.397814728694142181e-03
2.075638693831153864e-03
2.273881264402873893e-03
1.518641167415039992e-03
3.599625463098132718e-04
1.438493974934087344e-03
1.100708326956250857e-03
1.813989796692916509e-03
9.227571802388438845e-04
7.220746220767564928e-04
1.928484282935056084e-03
1.849247528624524840e-03
1.082290851147932808e-03
9.148939342101118947e-04
2.355324526553558787e-03
8.350257820873579649e-04
1.717504183520516614e-03
2.025235038315731460e-03
6.134623914885678573e-04
8.009448966730117140e-04
1.158710106546409361e-03
1.724340319062574308e-03
1.106116351186817344e-03
1.039093770753402556e-03
1.253079527211423214e-03
2.078569549980098952e-03
1.545021523223389032e-03
2.112761236177778182e-03
2.816476489214310170e-04
2.157181971959360855e-03
1.700407636085376996e-03
7.462782098832741306e-04
8.786925794973889136e-04
1.016082699720575935e-03
1.072912071073256306e-03
2.358194886938235618e-03
2.084702047912911395e-03
9.182564152199659390e-04
6.240812796323897977e-04
1.126448786690869078e-03
1.724707964196105572e-03
4.042812222773000145e-04
5.056612416049330230e-04
1.326302265452375482e-03
2.434158702195275952e-03
1.902172940782579161e-03
2.257163346195834985e-03
1.167592135307668781e-03
4.339254384776480063e-04
1.378606815268749097e-03
9.906623159428558714e-04
8.135746332685022666e-04
1.612199816272486376e-03
1.207166391950947578e-03
7.813784472806193336e-04
1.503137175224807413e-03
2.395636030203399710e-03
2.880270682272022178e-03
8.043347397976252601e-04
1.248358482567125992e-03
9.636600996426624745e-04
5.453349401024386789e-04
2.417206037002395808e-03
2.159621615968279878e-03
6.879403984065511884e-04
7.320726817135625062e-04
1.264030846083628911e-03
1.593771694320504206e-03
1.480198372629862574e-03
1.400532386400324403e-03
9.498272137205363702e-04
1.849483087867740555e-04
1.153514882779245118e-03
2.781234079719916048e-03
1.769433616290649533e-03
1.840921658870297434e-03
1.409051619047238741e-03
9.256008916139401785e-04
1.475604230251844002e-03
1.257567379730311014e-03
1.089275161284946128e-03
2.743850633089850010e-03
3.915246929479185289e-04
6.519468432738780624e-04
6.340942190739871183e-04
1.507028242441068840e-03
5.816075817361545178e-04
1.637315413744054073e-03
3.632755158736397389e-04
1.231966098777767136e-03
1.058327824756465562e-03
1.058156169692985775e-03
1.846340179228088884e-03
4.790331524447394686e-04
1.210588702238582894e-03
1.247669971988247346e-03
9.852089667921495961e-04
1.903103882706555375e-03
2.391181965688481473e-03
1.743058768708303737e-04
8.049876705614069207e-04
7.307494205517769351e-04
1.112041253618538525e-03
1.222186088384720438e-03
8.359041372962446297e-04
5.679105664121740287e-04
1.161644154685985246e-03
1.276546271415188215e-03
1.939018868307913670e-03
4.385052515448302165e-04
7.498331105112605042e-04
9.844919458712379865e-04
2.756232249369574856e-03
5.015634828445423524e-04
1.012822338646891807e-03
1.371752039077481222e-03
2.822986959272235415e-03
8.155684354377432848e-04
7.643892694279736137e-04
2.220744539577664423e-03
5.114397903017390157e-04
7.621005891727633498e-04
5.930799600783302501e-04
2.258722308650156982e-03
1.301601366327693760e-03
9.883896188880841177e-04
6.524761110783906587e-04
9.928907600379090898e-04
4.587716142742571273e-04
1.131150179816043169e-03
4.534192806214244710e-04
1.597893084893870115e-03
1.520518082241114092e-03
6.641350555569775806e-04
9.025592788012651042e-04
7.264678127664043724e-04
8.838647948857290089e-04
1.596646992808392531e-03
2.621093697667171984e-03
6.900779000537730348e-04
1.248398774951809493e-03
1.052227886685624643e-03
2.560826515906133773e-03
1.560360243542304815e-03
8.846305702577069059e-04
7.677180394377257876e-04
8.786952338747814955e-04
2.301469233902556609e-03
5.693189799763796397e-04
7.324657444399755536e-04
8.608687312613946298e-04
5.653725752245656461e-04
4.703249603345967754e-04
6.613595736611615778e-04
1.512711551950483716e-03
1.501573989781911566e-03
8.110707599197361853e-04
1.387450097645049956e-03
1.264535544007351544e-03
1.412182010183586937e-03
1.029090109402088166e-03
9.601177597844873018e-04
5.046779250726790827e-04
1.605006501833503756e-03
5.377542829682683797e-04
1.984409747856961167e-03
6.770445437776045601e-04
1.281471407028753756e-03
2.245164516454187589e-03
9.548257336353025392e-04
1.033817095299109992e-03
7.017138002854790210e-04
1.065229308591935644e-03
1.214769677133927580e-03
1.400619532510401092e-03
7.465184115368462105e-04
5.213582116946508275e-04
1.007021786768676121e-03
1.174094541921626373e-03
2.175019879882240242e-03
4.950944385275935378e-04
1.298758441326459435e-03
1.488782390935406786e-03
7.062345012593492692e-04
1.564760801823520450e-03
6.080488322299491561e-04
1.056290040914331478e-03
5.979891965040528808e-04
1.489632835980585169e-03
2.035514222327012689e-03
1.362251210364861902e-03
1.903632883811517398e-03
1.312076286574370481e-03
3.137399238637866871e-04
1.204706316149530649e-03
1.828395201182445723e-03
6.461438353900726119e-04
4.657333127175510403e-04
8.086442207737817075e-04
1.814914836231307010e-03
8.039590146387872848e-04
2.411131370490237832e-03
1.006253062606989610e-03
6.050689879353085944e-04
1.650956961477897272e-04
6.146728679033145641e-04
1.099500542070008021e-03
2.093392661422368607e-03
1.001732508497446160e-03
7.074104355325461224e-04
2.016959900625420188e-03
2.667065995683554308e-04
1.062016188106053131e-03
1.250205386539401074e-03
2.466303971623449217e-03
1.752836951151617124e-03
1.782016104912798049e-03
8.857520709590508768e-04
1.132080004796555666e-03
2.210700429723755182e-03
2.367022044063912985e-03
1.069262629190367853e-03
9.719114255255377650e-04
1.154988319126422575e-03
1.377645769929898741e-03
1.460039615909488665e-04
1.896124185067861109e-03
1.943060720518637085e-03
9.499972879028173141e-04
6.676513222027389985e-04
1.649079242292624458e-03
4.133361941993343356e-04
5.382272037108919681e-04
8.900663742464266131e-04
1.938345261256988221e-03
1.967644764345399203e-03
1.170878703652604696e-03
1.162848658495821636e-03
2.816468935020238133e-04
8.942334487326464472e-04
5.813198775170975692e-04
1.095559831944667743e-03
2.046057239773085065e-03
5.432784717362556474e-04
3.528859592938138117e-04
2.501900230384527905e-03
1.258630447566503772e-03
9.109598464509786756e-04
2.877946928774143681e-04
2.216465596166264287e-03
2.063721117031838345e-03
1.724952706077830401e-03
7.706825339312942157e-04
9.155954634257558369e-04
2.265891696161548893e-03
3.170119519143449905e-03
7.453540617032946474e-04
7.298504319212727144e-04
5.250817001220951146e-04
3.577816306818181803e-04
1.207368509499891608e-03
8.923249671256648207e-04
9.322637059152458694e-04
1.032560141885194424e-03
6.393212138811359873e-04
1.005766879082781564e-03
5.921070865975688793e-04
3.260733161951459656e-03
4.795799859867461851e-04
1.439611978245930804e-03
2.017234131530682307e-03
2.497727529153426305e-03
2.454797267985976608e-03
2.186288805696321932e-03
5.068267009233951058e-04
2.292197582025100148e-03
7.062553848563188309e-04
2.123696040950440959e-03
1.481434057918945687e-03
5.836983229865740173e-04
1.012085358744601758e-03
1.356043365234560396e-03
2.749810379506839684e-03
9.068176394797728204e-04
1.078050462913343610e-03
8.583611287176706132e-04
2.709970359775880008e-03
6.607978274795638964e-04
7.328585411106960414e-04
1.315259184391937312e-03
1.366010167787729858e-03
1.334910107996947672e-03
9.407424173359920988e-04
1.366840421033092964e-03
8.460390003415344537e-04
1.533096900658490131e-03
9.080116619577269319e-04
3.875371569303086186e-04
3.863090106530895664e-04
8.984593019514923451e-04
1.625791861181030912e-03
5.264620261317417378e-04
1.050131883000571037e-03
1.336340207240943687e-03
3.727273486072389935e-04
1.314249971464049151e-03
1.964456889992625011e-03
2.988110228299632439e-04
9.890674496891235529e-04
9.051116346806937444e-04
9.287196783062260166e-04
1.424825350957747462e-03
1.786184213472181244e-03
1.181015154043809712e-03
2.037872284011428559e-03
1.853139745925981531e-03
1.734175641124644169e-03
9.966828129327812407e-04
5.340314528792221033e-04
1.649457074287659798e-03
1.599724186555477948e-03
1.094005944356892922e-03
1.072879375470504404e-03
1.451803523148211591e-03
1.755287878715662206e-03
1.327566969490149911e-03
5.274184005185847532e-04
7.148662007259366140e-04
8.715218410952693803e-04
1.787650841549151548e-03
3.125192874520525384e-04
7.295325224477287093e-04
1.195478480594268627e-03
1.546133319831637836e-03
8.291821227833789812e-04
9.803649080253884485e-04
7.440537670078958355e-04
1.097794058490909408e-03
1.564059431277602845e-03
2.067886216385518127e-03
1.240016032239717441e-04
3.166163372352361343e-04
1.582343978119123400e-03
7.622794862826310627e-04
6.041784426204228724e-04
1.523843377631191060e-03
1.683507546250370777e-03
1.375205358650846438e-03
1.381680692419138450e-03
1.234446768786612650e-03
9.843911894207148326e-04
1.644965910969240332e-03
1.083046797202064397e-03
1.394738940623837685e-03
1.142927645355751223e-03
9.431262996403716199e-04
1.126246965205671699e-03
1.639062165855650118e-03
9.046521987348853577e-04
3.819808365384554484e-04
9.068177665399615797e-04
3.126241966415458165e-03
1.501104919610884688e-03
5.752126771967776796e-04
1.196560149527886975e-03
1.813071422589862059e-03
1.049925262940163513e-03
8.679569837397620906e-04
1.854819843711401697e-03
1.568261851344360074e-03
7.183786179717332326e-04
2.600217029467282500e-03
9.245700896691111045e-04
1.061519738090084411e-03
1.112065732913156569e-03
1.084765679169008264e-03
1.506724233990561820e-03
1.379247581939982426e-03
1.060150398633114520e-03
2.831624331670824085e-03
5.563299470754504454e-04
1.302024075127178283e-03
7.652376500542668091e-04
2.325570553988733687e-03
2.215819202632392584e-03
1.812211720295742526e-03
8.402114792054731504e-04
5.614518352237868630e-04
7.382612496879665219e-04
8.259420673263864103e-04
6.785237253190808332e-04
8.570591379254403506e-04
2.278101676276185483e-03
2.424984292560110940e-03
