1.034623663955090700e-03
1.282167237455879467e-03
1.326997443942789763e-03
1.124306896283899142e-03
3.344688315787413971e-04
1.226128438849357835e-03
1.366313935150133838e-03
1.423900458400847308e-03
2.740995037191532382e-03
2.407076298125124594e-03
1.392368369712836031e-03
1.864972402717058600e-03
1.919267996068237765e-03
2.449104651126387307e-03
1.454735884849840720e-03
2.447134718383484758e-03
2.240749047470120495e-03
1.669653365122006090e-03
2.488191389132847313e-03
4.619831553042376892e-04
2.535999433162316498e-03
1.855363996700185990e-03
1.167190978043731531e-03
2.125870625811428910e-03
1.079073171965664853e-03
1.171304864858458902e-03
1.595784779977730454e-03
1.955369707310348950e-03
1.317519072538692135e-03
2.147403994641943013e-03
1.152245605432985088e-03
2.259467442208047336e-03
1.710544382942455564e-03
6.273857097714909820e-04
1.439933399112740047e-03
1.027808660755712795e-03
8.143676147463631667e-04
1.730242290855111371e-03
1.781801060241151435e-03
1.714942724296462549e-03
2.211397371532903330e-03
1.109110035160605721e-03
1.323416784934135920e-03
1.494573849962459915e-03
1.752920605721643892e-03
2.166486426917086337e-03
1.524688249223273701e-03
1.786068150513745161e-03
1.821299643465276036e-03
2.081521995986221254e-03
1.569245196640415034e-03
1.307075413501112898e-03
3.325001927507835898e-03
1.431498080038322773e-03
2.202979056502119698e-03
2.278623910657968325e-03
1.245373200459008690e-03
2.977435072391228926e-03
3.285465911569023824e-03
2.091361922299739100e-03
2.579966492320825110e-03
3.555867845651566449e-03
1.405008829430998618e-03
1.562204940955278084e-03
1.794157474204331618e-03
1.709955928290613197e-03
8.111476790852862858e-04
1.433226972704394146e-03
3.154666743374875525e-03
9.212664375002503408e-04
3.349948081649417424e-03
2.206711985007825394e-03
2.646694121142915360e-03
2.932356447507018533e-03
1.396380886891500361e-03
1.500293475812105410e-03
1.943255712034497621e-03
1.826723160067965325e-03
1.442561500048273162e-03
2.475611022353036046e-03
2.530602053670634195e-03
1.644669625201634899e-03
9.915519093715626647e-04
2.317472081206316953e-03
1.641006968217354140e-03
2.133044874624612924e-03
1.619266032940505423e-03
2.001062125537361389e-03
2.137470749248734057e-03
2.911135149014471794e-03
2.907416832438759324e-03
1.427953642796508547e-03
1.463463490364979224e-03
2.501045844142913473e-03
1.531077960854093601e-03
1.590826809298244568e-03
1.310072737566713667e-03
2.446040699839178382e-03
2.094001762541428720e-03
1.439115490622202946e-03
1.550956922979429033e-03
1.945566668659558631e-03
2.060788951463620160e-03
1.813868561308862402e-03
1.783950222043475262e-03
2.140757732302398051e-03
2.468732548099914371e-03
2.203570898119433605e-03
1.888185544936507934e-03
1.276852389664758988e-03
2.241147649491985559e-03
1.161604466650712104e-03
1.867454146488295831e-03
1.982478316450016990e-03
7.637868518754483511e-04
1.747691255902710048e-03
2.631373010319209248e-03
1.523394022817387266e-03
2.393334821666173902e-03
1.482586002935921835e-03
1.633902477900409144e-03
1.357599268510056552e-03
1.002132475701768754e-03
2.900180110794738867e-03
1.522561406849917438e-03
1.364770656035245834e-03
1.251507164570490492e-03
5.805123811950224210e-04
1.264181532231853930e-03
1.610044273401189203e-03
2.258095899658319958e-03
1.816715106821097320e-03
2.376535230882214755e-03
1.796319443720447752e-03
1.902048674952525010e-03
1.064287458484653153e-03
2.320661712264658616e-03
1.186497215336338503e-03
2.058848326254034047e-03
1.584354872655836105e-03
2.124259057617918119e-03
1.115795567371656105e-03
1.978539949528877913e-03
2.078420005111152914e-03
1.993779577331552567e-03
2.261073093707679366e-03
2.528308075832156904e-03
1.069144958267751995e-03
2.236108039013444057e-03
1.385918300229679965e-03
2.688533648375944409e-03
7.489455830613940806e-04
1.286841726594091040e-03
3.205556703040467886e-03
1.759792225301613127e-03
6.963408442174005668e-04
1.632680830241784462e-03
1.001215430069949232e-03
2.485039257160300517e-03
8.280925420605629930e-04
1.701142659109972869e-03
1.483101892495564122e-03
1.270397978705832456e-03
1.929181703064041745e-03
2.023827477727955029e-03
1.342875228851053877e-03
2.444338049603269301e-03
1.514815838750811295e-03
2.289015484615326747e-03
1.770054738529104480e-03
1.363952849059059478e-03
1.974992008089127959e-03
1.266837944179423489e-03
7.468402387913782980e-04
1.102741083385512652e-03
2.427644854159385218e-03
2.720483575182643804e-03
9.300705013942640702e-04
2.061119400302320517e-03
1.204399693244761821e-03
2.531455655335931951e-03
1.925543005439894241e-03
2.842826082310937700e-03
3.170677329795990648e-03
1.936530818222450406e-03
2.990505963696832477e-03
1.528488686179106312e-03
1.214744280592221356e-03
2.182156213758469458e-03
1.951472061612817815e-03
1.510816694583880107e-03
1.326308051287018903e-03
2.144206967514846081e-03
2.290410551818146401e-03
1.092765993134686567e-03
1.072096234491774118e-03
1.486859969583586476e-03
2.375133472955228125e-03
2.134045837499098063e-03
9.063290615709023368e-04
3.016077758202100317e-03
1.390751344359177858e-03
1.823922855427696733e-03
1.444086290167687645e-03
1.411443371946119159e-03
3.534172642269499116e-04
2.206325429332798346e-03
2.305353480056560045e-03
1.010863669087635423e-03
2.759581226172821457e-03
2.203124063635754967e-03
1.406572958083058666e-03
1.223574462867506969e-03
1.000620436294159463e-03
2.394603248199257944e-03
1.578724569946540800e-03
7.465716026778117546e-04
2.308683504488910892e-03
2.470240428387756541e-03
1.130030088501079045e-03
2.684042062117266824e-03
1.788971760925308534e-03
2.007884134186204393e-03
3.331605625915683936e-03
2.250451618486828259e-03
1.873272804803290245e-03
2.348540210833717761e-03
2.066759919578596040e-03
2.210383207685003969e-03
1.906427189036854998e-03
1.461548984333862263e-03
2.305960118691659927e-03
2.286208636246367734e-03
1.377586046819495201e-03
1.735475843237266249e-03
1.127503687164558297e-03
2.272343531708831063e-03
1.608346574240505922e-03
1.642313588475816967e-03
1.893036469650945155e-03
1.367785909096766016e-03
1.116739291280181455e-03
3.692708010627701685e-03
1.326705671975974719e-03
1.291045774440250640e-03
2.612753625553131207e-03
3.733765610907998668e-03
2.166964706026168475e-03
1.990461574804590437e-03
1.469298703787241551e-03
1.951852231478915043e-03
1.661968774849610034e-03
1.219757360569653261e-03
2.520047935211355058e-03
1.790636662384573804e-03
2.076652716026208389e-03
1.666564225749603192e-03
2.402052883548345605e-03
2.145597249433300359e-03
1.374338040353213298e-03
1.833270260420393058e-03
2.861618788688618988e-03
1.839378634319058453e-03
3.403098362734028812e-03
3.229466220652495254e-03
1.424574925147006161e-03
1.416190135067049889e-03
2.805828448988823779e-03
2.118030077768795656e-03
1.656759124138343755e-03
1.841537132126147558e-03
2.521047436061670498e-03
1.200323818320889885e-03
1.116804457972112811e-03
2.341030467580388925e-03
2.297167478074793427e-03
1.065674669183091280e-03
2.088193336957305281e-03
1.535090221306395974e-03
2.876308874167758309e-03
1.618462835549545550e-03
1.161531719976323070e-03
1.921644903463698298e-03
1.245981402504234541e-03
1.196986940672714996e-03
2.940511109777352826e-03
3.018040510135109114e-03
2.376658031663974203e-03
1.589631562379325170e-03
1.790476359135945205e-03
1.479716383467450345e-03
2.052142139810003707e-03
1.919497123312653968e-03
2.274334978205927536e-03
1.622758408341416422e-03
1.635230226393282480e-03
2.081242953055561628e-03
1.625556222499206132e-03
1.859960778350914449e-03
2.057915106897348616e-03
1.211576467590759747e-03
1.727257390370901674e-03
1.774350705913701034e-03
2.034215545093874793e-03
1.373804218005096785e-03
2.308842314553860142e-03
1.921957949617678074e-03
1.162052710952457719e-03
1.587410872174194448e-03
2.278921360900537912e-03
1.821005384674697150e-03
1.320170750045375702e-03
1.878479532361564076e-03
1.204059728020429477e-03
1.907035854749953175e-03
2.172228691292534073e-03
1.424408841144287306e-03
1.855781744354846347e-03
2.037418455539530184e-03
2.917982866572878947e-03
2.054152869082629274e-03
2.632574080688913389e-03
2.538422593611146163e-03
1.711800372022875046e-03
1.621762785995244050e-03
2.779377662756435212e-03
2.523264957424372745e-03
9.713016688008293230e-04
3.175483504358391201e-03
2.942936415912356801e-03
1.885872689011421511e-03
1.235240212246729169e-03
1.120944065418249614e-03
2.497566576925103286e-03
1.971409545490204578e-03
2.273047919115248148e-03
1.619984795503418657e-03
2.250079407803294487e-03
2.085458839089579606e-03
1.907417958988138476e-03
1.838259676983567802e-03
2.084858530282980918e-03
1.126759354571943384e-03
7.308239024846685051e-04
1.992912765277530043e-03
2.908576790127685458e-03
1.116396414949805604e-03
1.303005979950301119e-03
1.320186909948298454e-03
2.766654528943199472e-03
1.941481659885945692e-03
1.965408390105134046e-03
2.082751569233402909e-03
2.187852130265316875e-03
3.452995789130534291e-03
1.069060867783357908e-03
1.828217719036416599e-03
2.248938160741400030e-03
2.224282893302191068e-03
1.673882234399426319e-03
1.735322220613661750e-03
2.098560578334474677e-03
2.751100739484470432e-03
1.283625746871063953e-03
2.362654035515282611e-03
1.336841309621935583e-03
2.333619669126917821e-03
2.043707335172378643e-03
1.325679677575257367e-03
1.064479571461284229e-03
1.706282198661891779e-03
1.272508958674824523e-03
3.112673512422759869e-03
2.411606322833600730e-03
3.091874818400642058e-03
2.121583701570335049e-03
2.219212027201945044e-03
2.009976684548238964e-03
2.789919373721533834e-03
1.256587493082799833e-03
2.804993925130705532e-03
1.849501830733654099e-03
1.736113831372500206e-03
1.818923260268258402e-03
2.220742224841320851e-03
2.828334472644097094e-03
2.166488112809134697e-03
1.985304244931807710e-03
1.715019699571723819e-03
2.542556855454380579e-03
2.029903559746979239e-03
1.440845437401096088e-03
2.347997687388471769e-03
1.455880592819264706e-03
1.486365101765859103e-03
1.770223796042244514e-03
2.060889821963104562e-03
2.255400498653241815e-03
1.108469059301762883e-03
7.691606805738264224e-04
1.257899168317121348e-03
2.259597127299183255e-03
1.087993966990982936e-03
2.419372643199723880e-03
9.102681040781185123e-04
1.535110547066190862e-03
2.833319779229459979e-03
1.767250390420598786e-03
1.722801184262585158e-03
1.946250397694945398e-03
2.353525051866049624e-03
1.391383314310068366e-03
2.221855459280113083e-03
2.014932107268999767e-03
2.054833917426260662e-03
2.110629524618137711e-03
2.546135816179957104e-03
1.346173748155624463e-03
1.727877629341212666e-03
1.892056503817679883e-03
2.432957490956508435e-03
2.743932092073495237e-03
1.467953514126589965e-03
2.238103652669863001e-03
2.149032358045278260e-03
2.000135016932598226e-03
2.036843785354501470e-03
9.645666721853089678e-04
1.942614329020254244e-03
2.225300970787978151e-03
2.775263245120836858e-03
2.121096961254367169e-03
1.304361675055715946e-03
1.943144853190040700e-03
1.363988180838382903e-03
2.180342552706584537e-03
1.886791894583737242e-03
2.230780970826409196e-03
2.761592825767487588e-03
1.189658572005362252e-03
2.190527571390588329e-03
1.554540989321444300e-03
1.601685957727739173e-03
2.826489996379035873e-03
1.628667792650196006e-03
1.467746024604266565e-03
2.040294417054158357e-03
1.746423656816182375e-03
1.773576040066696287e-03
1.524132807943135446e-03
2.871094783514035586e-03
2.155032625865076646e-03
1.442318583703281181e-03
2.612390870386890624e-03
1.678587908622138731e-03
1.229422006662578021e-03
1.490698812551276200e-03
1.088450927260306870e-03
2.068810661612426223e-03
2.259287776554664336e-03
1.596857114581457958e-03
2.075604499566805882e-03
2.396807001815847750e-03
2.124379229984788616e-03
1.443958081916330667e-03
2.418870820762316666e-03
1.958214606544898297e-03
1.738769885922157284e-03
2.667740306006886105e-03
3.215717826128824518e-03
1.094003756485050676e-03
1.658693863979260460e-03
1.404921397302585960e-03
2.653147480982192240e-03
2.127638277170126099e-03
2.136678192268648413e-03
2.510012084625861707e-03
2.035170735662328138e-03
9.678782116598643641e-04
1.348824577132820036e-03
1.691452942873665835e-03
1.438417668618505825e-03
1.720922433817889761e-03
1.457745461590328551e-03
1.643790798707803896e-03
1.652837665426477474e-03
1.544176361531473130e-03
2.287122243292854119e-03
2.461443710890060151e-03
1.941253521567595525e-03
2.290525509598763214e-03
1.801441477511929066e-03
2.387801181907706939e-03
1.419732403076296454e-03
1.723945290687080474e-03
1.270065100412060737e-03
2.230346781736112713e-03
1.688756447373584166e-03
1.743356243067192834e-03
1.636583954445947888e-03
1.573305679483712888e-03
2.397458594662952875e-03
1.682750679767214524e-03
2.764350797582427674e-03
1.572012883913873537e-03
2.018934877569043915e-03
2.590727288952922921e-03
2.386367567849430153e-03
1.116714495048644427e-03
1.193574699897859267e-03
1.249545497630767665e-03
2.283723429294501079e-03
1.453580505384292247e-03
1.468906897256869355e-03
1.066788156243271080e-03
2.230228925115916062e-03
1.636823387472775360e-03
1.922872134500633453e-03
2.667313905580274546e-03
1.498326871981401709e-03
2.349997145654501417e-03
2.466133120339165409e-03
2.874579779656678564e-03
2.592638089154131534e-03
1.607756138109989706e-03
1.982478955611918347e-03
2.178745546240408969e-03
1.527014525997417212e-03
2.414086777406261510e-03
1.221946339439466131e-03
2.292630317013787111e-03
2.846564190682042850e-03
2.881754124738087740e-03
1.443621848016610676e-03
1.588025380871213327e-03
2.013358723554597128e-03
2.039676716357757217e-03
1.856273066608890359e-03
1.424672106949640858e-03
5.373445266386859317e-04
1.844737760926868980e-03
1.579102383017986447e-03
8.689602402519027921e-04
2.200139051757963194e-03
2.590287059113109084e-03
1.595032919176931100e-03
1.189414715735121093e-03
1.964249757139120006e-03
1.671101102078709558e-03
3.245907374804579866e-03
1.585918093092192121e-03
8.397003279029212602e-04
1.308882279191234078e-03
1.679202257741169201e-03
1.864262747089879104e-03
8.930358737508095829e-04
1.576712659965313163e-03
1.018441027276433420e-03
1.894182357233135114e-03
1.801755365218874394e-03
1.926593201535043093e-03
1.920729753326294283e-03
1.625673637075499998e-03
9.363703969143210258e-04
2.193547650039925218e-03
1.343078358768612628e-03
1.460016906511174464e-03
2.314107974141773466e-03
1.619389885317641621e-03
1.680793605511585404e-03
1.724870027683480384e-03
1.438831659737648851e-03
1.645187787390429545e-03
1.426140570969208982e-03
2.477746019746591370e-03
1.970763427507174568e-03
1.247701641691301155e-03
1.370158450318566300e-03
1.373298071809069118e-03
3.226128468592882794e-03
2.633285658934188429e-03
2.604036737324506249e-03
2.232681516752104897e-03
3.181275254388032242e-03
2.103697577310840051e-03
1.685542217333528070e-03
2.120523574705561812e-03
1.953531881058422938e-03
1.876571495700018631e-03
1.919107607351332396e-03
2.711602793907414658e-03
1.055916831493741107e-03
2.642077680506476744e-03
1.513980639262706195e-03
2.712851524140882237e-03
1.787105923908250456e-03
1.544659290257503021e-03
1.395765945394676156e-03
1.837995235451774434e-03
1.386474931509026334e-03
1.288342396122510490e-03
1.329084137110829325e-03
1.619792526108222415e-03
1.528691279889747437e-03
1.185618021945763394e-03
2.191392859525483679e-03
1.406750145667997427e-03
1.602213012322381948e-03
1.821824832480531875e-03
9.280265862596825998e-04
1.501417459751115983e-03
3.409748432386761584e-03
2.403660608825963340e-03
2.448361134685043527e-03
2.622290237633102643e-03
3.533992129220636484e-03
1.073932089874510493e-03
1.446343936973108800e-03
2.171291000024255010e-03
1.750507952046658844e-03
1.243948844622258347e-03
2.082277301813801815e-03
2.056543144122326139e-03
1.182232929767467735e-03
2.324978970854217012e-03
1.828171160306259332e-03
1.864530144502687036e-03
8.325036419468471961e-04
1.877642953914450364e-03
1.560721991535082061e-03
1.780498493092010082e-03
2.736908973462840421e-03
2.345466633776742069e-03
1.350085001893423569e-03
1.204645661179858758e-03
1.042857423211174120e-03
2.038231491225848350e-03
3.302748729286778418e-03
2.340797027374237789e-03
2.518769842393225617e-03
6.600129534503749356e-04
2.082603059750235720e-03
2.129877726404130929e-03
2.836909483071672379e-03
1.537505990358780652e-03
1.544540677335118394e-03
1.421070033879811905e-03
2.124373219607972579e-03
2.145291905495019802e-03
1.364935879298797899e-03
1.403971892110097335e-03
2.379960620794793584e-03
1.627438212670735771e-03
2.821463667676437324e-03
1.138100695756974999e-03
8.329774523809184688e-04
1.727897881896537291e-03
1.855980874197528732e-03
2.328429030202108091e-03
2.131544193607885340e-03
1.340567221519796621e-03
3.122856790327699361e-03
1.651757066119349370e-03
2.344726396741455762e-03
1.989933050992833373e-03
9.131954831214429170e-04
1.282738635819514724e-03
1.491356695915900098e-03
1.938783331670763032e-03
2.251689828270661119e-03
1.816120277183728505e-03
1.580611836667462303e-03
2.472714652415048189e-03
1.762935634495119402e-03
9.888797718256539700e-04
2.255418799784259139e-03
1.364319796855010484e-03
1.803893827521368259e-03
1.315946611558572142e-03
1.466603893142551804e-03
7.197840029603875828e-04
1.877779096033238213e-03
2.028378781308634062e-03
2.945982686146821419e-03
1.918120249055921440e-03
1.145319381045215891e-03
1.228861706094195845e-03
2.076172450824624854e-03
1.529248967238661539e-03
2.077828462306700614e-03
2.319926383198153263e-03
1.510688530032487350e-03
2.711207253344006564e-03
1.979805274345529647e-03
1.624542336493658978e-03
1.492959360944374515e-03
1.602450545453687480e-03
2.246356233169006806e-03
2.075706265116255417e-03
1.690126828763043130e-03
2.106548289598302991e-03
1.000792953333248412e-03
2.134503740656392822e-03
1.398303492646424352e-03
1.312102577460421381e-03
2.017927109384471188e-03
2.762341055579961829e-03
2.488025508184462439e-03
2.205685588906834953e-03
1.980778475690597035e-03
2.718895590011702508e-03
1.168392764840598492e-03
2.041492577951102127e-03
2.115521528501464795e-03
1.895071560494978246e-03
1.562706072701298184e-03
1.879649919176656393e-03
2.530909612349761199e-03
1.490244496273869599e-03
1.423622537795452957e-03
2.159926743252020640e-03
1.639231297000191909e-03
1.845417661477585835e-03
1.871774663960311955e-03
1.715710519306025764e-03
1.736198174130589066e-03
1.383424662210193216e-03
2.393418325134699567e-03
2.611995602426059326e-03
1.581571054021501180e-03
1.730807232955701176e-03
2.235680722116638059e-03
3.718318181758499714e-03
1.639680066479179497e-03
1.857119902981654467e-03
2.464628979843896082e-03
1.433416734926124805e-03
1.749170445773322747e-03
1.552319690482263084e-03
2.846674621630865265e-03
1.681298833626349064e-03
2.786422717073033534e-03
2.757625566810973251e-03
2.106749635940028710e-03
1.648900904846350643e-03
1.220798881673709453e-03
1.573148882953319307e-03
1.663198621596385538e-03
2.286807223402231685e-03
1.426638238253257005e-03
1.332914515644209770e-03
1.641630603110426660e-03
3.496320754312122990e-03
9.561270816090914216e-04
2.202019315940631234e-03
2.761004509256580544e-03
2.083281251299920738e-03
9.721290717789700993e-04
1.462587752908696762e-03
2.207679233598801478e-03
2.388540685169014601e-03
8.469956482820554427e-04
1.499420898918966830e-03
2.193715225174004604e-03
2.188784555923195541e-03
9.171797904914514394e-04
1.078775020909887670e-03
2.094024139507041655e-03
3.068099615377348818e-03
1.684732711956116007e-03
1.997440845953720335e-03
1.206796433623780760e-03
1.866086318440855589e-03
2.140135791244751617e-03
1.997329677723156619e-03
1.255023106510572573e-03
1.152278429749293079e-03
1.152535299911171306e-03
1.411107207488773111e-03
3.118066498744620323e-03
2.338178318704003944e-03
2.031281999101110236e-03
1.930320325193671379e-03
1.577849127840660025e-03
1.057329234423561590e-03
1.661498851353097363e-03
2.154062854129019672e-03
1.572127649054380757e-03
2.331335685181660459e-03
1.990833174876373377e-03
3.248970219840044936e-03
3.022460048782345601e-03
1.813670671929239328e-03
1.471410458975994616e-03
1.417326108119258774e-03
1.883343481784038442e-03
1.351938611410289162e-03
2.346520853936907673e-03
1.895107088680097812e-03
1.476905381922530855e-03
3.072869327467035033e-03
