3.329900250696168473e-03
2.227459206160015918e-03
5.468048765762705508e-03
3.421744511828967664e-03
3.600778002251465298e-03
5.214093431313406371e-03
7.301659691188814791e-03
3.988877080426520526e-03
2.758517054247124848e-03
3.840574369987801492e-03
4.530916017597938147e-03
4.845395857412379548e-03
7.073703681897132271e-03
5.229907914949641010e-03
4.106602826336531314e-03
6.284802172580658021e-03
4.246144450471374919e-03
6.269183641205526396e-03
5.789486391126197340e-03
3.428637313796982326e-03
6.370328578378096906e-03
4.673953284328992430e-03
7.526820282726632075e-03
4.042097948889976713e-03
4.231151765389466052e-03
4.696746985100518426e-03
4.207414665215587941e-03
5.560707357662413378e-03
2.748089383444622842e-03
2.821539911608450697e-03
3.027027082536038177e-03
2.342491251794178320e-03
2.250102078553431473e-03
9.640775727676572293e-04
1.409377891993729599e-03
1.596745269967137946e-03
1.730575635722036900e-03
1.742249475137537355e-03
8.032026961399291610e-04
1.301823247470394566e-03
1.419479507143106990e-03
1.188224439974944592e-03
6.926069147341864162e-04
1.217581223176183395e-03
7.420054878201058244e-04
5.959697924674531083e-04
6.484196518727272521e-04
8.421789577521974959e-04
8.052834760448847806e-04
1.414354797042955336e-03
1.467022969261635263e-03
1.220965186474021842e-03
6.659440468999809886e-04
3.804758711541682444e-04
8.473985693052203368e-04
1.725839311163646561e-03
4.617632559678310411e-04
7.196756466320881765e-04
7.754765028942195264e-04
4.362153853181047311e-04
9.753505666152211505e-04
1.980113980225245516e-04
5.293453178405784767e-04
1.399897144233840356e-03
1.417935206656279271e-03
1.131916540790367737e-03
5.740320035333756682e-04
9.819556975725180457e-04
9.427869601054505826e-04
3.339638175520259159e-04
1.244930318090981067e-03
1.614511070437927740e-03
6.252179699127081601e-04
3.234921307259139116e-04
5.507493515773405996e-04
4.398919281422935244e-04
8.808306757202659636e-04
9.137716122117342868e-04
2.861412202240311330e-04
1.630773579817848323e-03
1.309994029402935471e-03
7.266929082285891522e-04
1.471886074033505992e-04
3.384576808328003633e-04
6.794537376627082619e-04
7.728105241920022730e-04
7.429628192916427811e-04
5.090882781455647287e-04
1.198216811409819727e-04
5.358740203997374406e-04
6.025006932204275212e-04
6.071837430368627955e-04
5.023305667934239863e-04
8.156409657345732199e-04
3.550218220940327832e-04
9.708313486849647067e-04
8.330487132817444027e-04
4.559455660318452279e-04
4.609135276913048471e-04
9.568095503847237789e-04
7.740027877116934061e-05
1.137410186417649053e-03
4.791167849681786991e-04
8.136235406325208197e-04
5.703025773131388792e-04
4.298377419292399664e-04
1.212241118441836820e-03
1.470261378084041176e-04
9.697388031395525214e-04
2.882592599928205865e-04
5.279601409367260011e-04
3.288199911149911276e-04
2.386177621502100991e-04
6.439166455525407507e-05
3.676258657628359927e-04
2.990619776873567888e-04
6.662908750772876965e-04
8.508085942742192338e-04
1.750955572778745931e-04
5.507527169827791929e-04
1.461379653928925938e-04
4.059908128131534339e-04
6.855150223463127193e-05
9.899892153374177488e-04
3.380319219303409102e-04
1.430755942913443477e-04
3.730913924852334780e-04
1.979192810682143166e-04
5.071441433727685811e-04
9.900448693866093983e-04
1.127403662655276673e-04
3.736810268528913863e-04
7.783516027333261828e-04
5.822260645501434748e-04
3.066352910346908478e-04
6.131061805448315616e-05
2.217695238675792505e-04
1.273695471743699478e-04
4.793816659736958104e-05
4.036220142591035880e-05
2.553129430497789310e-05
1.957889774470874514e-04
4.242813355500958867e-05
3.595079592283004265e-04
1.712612719530172336e-04
2.983286562003075186e-04
1.076293854877172392e-03
2.464358691823598561e-04
3.600320394615658896e-04
5.587341659032626657e-04
1.347817975554311786e-05
3.800898808502339388e-05
1.570312072280351007e-04
3.080890657397138003e-04
2.745476401109238330e-04
5.148071672872312605e-05
3.014317390918738379e-05
2.539597789568538255e-04
3.544324112285602890e-05
1.340931010982546645e-04
8.491261340293454170e-05
1.369277107399270482e-04
1.396928271467616370e-04
8.706452080401817578e-05
4.143373740902335766e-05
1.540928006474919507e-04
5.449359120220861106e-06
3.349475282366404000e-04
1.676847469135571563e-04
4.078269510232780032e-06
2.802150183145252975e-04
3.040544329891881775e-06
8.520745745292600238e-05
4.073871386902524192e-04
4.652445138206470472e-05
8.836571727038320973e-05
2.008662255047576480e-06
2.643314756028486561e-05
1.313858955016134584e-04
2.551575419150471145e-05
1.265552568483581039e-04
6.771149456677841608e-05
1.387299891371274359e-04
4.096131314032217419e-05
1.465389766049988992e-07
1.040855630427372003e-05
8.684151427440508857e-05
1.233424072549709025e-04
5.202453687150236861e-05
7.451891485683686977e-06
2.691975198977440280e-05
3.302871973897960950e-04
1.370727016000258705e-04
1.412250155215155005e-04
2.312662512047888137e-04
2.995215741414170474e-04
6.061747416618002663e-05
7.428206457003104701e-06
8.035122260159795193e-05
7.765440892030804799e-06
1.617858467017613939e-04
6.133435095026569420e-05
5.379786952447504269e-06
3.979661331656279702e-04
1.945153359062265573e-04
2.900677396545910133e-05
1.645042837627380477e-05
3.767942511053510148e-05
5.381513382482288558e-04
1.746273332644223862e-04
5.035182476612752491e-05
6.328817997136239567e-06
1.795401868311957784e-06
1.428028225021564959e-07
8.570264093666212933e-05
4.029627284222127070e-05
2.390208449948747087e-05
2.010580074001758174e-07
1.971405377816221242e-05
2.579373296638492861e-05
2.803987433970841941e-05
1.728357870611472210e-04
2.688744969905134145e-04
1.569753878719666013e-05
4.162193141436095060e-06
5.440356917638504035e-05
1.110183716343431824e-05
2.441452635262952894e-05
6.815278229035194067e-08
3.246645050498705168e-06
5.110638334900680297e-05
9.551387267030561179e-05
5.336646389181083937e-05
8.062342311910841188e-05
1.744850546628341262e-08
1.659924427241150783e-04
2.093356791365796562e-05
5.293222626523821553e-05
1.509187384099077572e-04
4.102700816292611038e-06
3.701661312915586452e-05
5.173264516149137464e-05
3.854185810370926683e-05
3.143193715210602376e-05
4.810839813996521116e-05
2.314419045825357642e-05
4.107482584628725863e-06
2.114187480769751765e-04
1.397680359297965669e-04
5.909118614659690294e-05
7.570081466653519689e-05
7.619518819263982301e-06
2.754388538832605680e-04
1.595533935315156582e-06
8.198528251621975058e-06
2.573291808460994302e-05
7.490132229260996512e-05
8.885362354884413470e-05
1.023351557215419321e-04
7.755795197211775786e-07
2.561818963645659791e-04
5.248010301655063153e-05
3.802528663360328913e-05
5.665510724458127086e-08
2.888321077750713927e-06
2.505419832651742431e-05
2.362462321779169775e-06
7.447270865938780297e-07
2.580017826469375455e-05
1.451527329227806891e-05
5.749304475052555415e-06
2.841852715378131804e-05
3.653655746389195164e-06
4.904729598422364158e-05
3.758178394329955806e-06
2.597452825588188135e-06
6.885398176367350905e-06
9.071702396626390216e-04
2.385074499420739743e-05
1.795691686375939833e-06
4.748755762670862782e-04
1.711280601643512388e-06
2.256514026857394338e-04
1.666171730611904942e-04
7.088092099690567860e-05
7.181431260539335388e-05
4.991585161443882774e-04
1.109999298404401038e-04
1.376987419747707730e-05
1.264790782670943638e-04
1.193728033046392059e-04
3.860642161028391236e-05
6.788847025112613629e-05
2.563327881690579714e-04
2.534372251583600754e-04
7.261914805383709766e-05
2.455808592771489634e-04
6.917748435041667142e-07
2.306886487872921441e-04
1.312235048931242171e-04
3.208214237875447127e-04
9.770044361932062960e-05
4.227568681210245455e-05
7.569946687977467670e-05
1.150418184712903206e-04
5.867142306538521450e-04
1.803499963529216394e-04
9.191264863700658399e-05
2.126586716200126520e-04
5.803413402821007341e-04
6.104107419736720967e-04
2.099356750334150311e-04
2.076792211107768521e-04
3.466351480302138775e-04
6.541713031648392022e-04
9.681510805118507206e-06
1.415081712967279073e-03
3.734661464278004185e-04
2.464944940313377997e-04
3.160367171196892680e-04
1.077712553737490795e-04
4.748752420650086993e-04
3.962381192143464939e-04
1.366324489870326410e-04
9.148469049924472312e-07
5.159994365629435144e-04
6.594266326508271912e-04
1.749597658287918106e-05
2.420476792548346726e-06
4.690252553871879357e-04
6.687045439372657800e-04
1.775380363727980095e-05
3.637233283326714761e-04
3.784115047163797395e-04
1.246680733274476631e-04
1.566839305870038491e-04
2.535533794384141568e-05
1.128473203172368629e-06
6.978041701275030165e-04
1.725735537840498697e-04
1.917059004865331266e-04
5.082557019893574769e-04
5.187733004497125690e-04
2.687249961961094610e-04
3.626118313489044192e-04
5.599804823406287707e-04
6.064567152190886070e-04
2.602672403341589938e-04
5.580086713242546782e-04
1.471370913167403946e-04
9.158895603121642323e-05
1.014875647511007855e-03
2.747449066130159948e-04
8.965266743564902739e-04
5.729024789219918246e-04
8.138685616982179209e-04
7.993294745989892760e-06
1.065065249691132443e-05
6.776492009756418392e-04
4.151213860990531860e-04
3.988090148185276132e-04
9.719223483716788717e-05
3.018077270088085880e-04
3.107816427112554099e-04
3.742818418860329637e-04
6.115415499930697014e-04
6.141699438929071071e-04
6.053873169108508426e-04
1.101084504999297808e-03
1.481975518785302003e-03
6.943641546174325130e-04
1.648083492513609976e-04
4.516225552862241136e-04
6.483008288119027724e-04
1.016246950374000797e-03
1.232759145745831954e-04
2.381162095575110145e-04
9.542392762296462083e-04
8.110771094323977141e-04
2.663448719719794625e-06
3.424092466851102806e-04
4.117417544578590616e-04
4.481883976572667875e-04
2.943629701547480389e-04
7.853359721637948477e-04
7.230930561772817497e-04
5.387164280144187854e-04
1.335867421645077924e-04
1.132564224785375176e-03
1.132521280491520711e-04
6.727884686373665534e-04
6.722177314410438566e-07
5.039459373259764932e-04
3.597586918955578356e-04
2.654796790029533612e-04
4.797859095230250790e-04
3.884588730236100554e-04
6.961556970726523724e-04
2.356049133139818594e-04
2.886591574230283641e-04
2.488899861263075869e-04
5.996564253438715940e-05
1.942651173867962310e-05
8.840651045602349956e-04
2.003406652145688365e-04
2.832554345588032731e-04
2.060408874731704993e-04
4.143426706286730755e-05
1.925928161537497011e-04
3.377758468089329903e-04
1.248457039661477462e-04
1.222972274190915320e-04
8.167940099914066006e-04
1.021518438321934833e-05
5.209273465525901406e-04
1.977618960636226271e-04
8.267635372849193535e-04
1.129596018038541653e-03
6.066124936332410256e-04
3.805270733181244911e-04
4.031666242656356536e-05
4.191534666289227474e-04
1.348513472270834604e-03
9.007451858955333379e-04
4.769172813419137293e-04
1.792276500184806479e-04
6.163392921668937961e-04
1.139307780254295629e-03
6.973885428465415471e-04
3.189006821032958289e-04
7.551503972014558677e-04
1.395599261739618882e-03
2.247785580352463434e-04
1.810680814313820317e-04
3.473718581010992561e-04
2.952102584331428472e-04
7.551178403628051958e-04
4.410271409862590486e-04
8.210308669881227241e-04
1.412228397887384517e-04
1.741198682562106941e-05
1.936907027904617013e-05
7.173530362588821825e-04
3.148081004301189181e-05
4.463017811997583868e-04
5.044907016207598799e-04
3.156240082150932368e-04
3.181468302519346256e-05
1.931120828655808830e-04
1.773027720748431631e-04
3.941060476674072637e-04
1.003379429693325182e-03
3.237760527001388067e-04
6.049744306857577671e-04
5.822921371241151101e-04
1.034965896528887690e-03
6.776411763820181346e-04
6.308838475599465399e-04
5.317465323688829734e-05
1.336517570220864841e-03
1.090421828560889442e-03
6.403072286207315113e-04
1.868067174413825886e-04
2.296001825107360812e-07
5.698595162552512559e-04
1.235190080018131169e-03
8.403074675826647426e-04
1.927143291360109247e-04
5.961365315375481743e-04
2.751119410060157058e-04
5.318119501481525201e-04
1.111641066008559097e-03
1.192794385664112494e-04
2.268727837289935198e-04
4.415937458512837277e-04
7.380664857387549138e-05
5.388926500483486758e-05
2.475507780641414087e-04
8.091731565147419758e-04
4.547890665195504462e-05
2.017117594353742675e-04
1.530049205519687871e-04
4.082611582569095165e-04
3.221191799335557907e-04
2.621337713837400382e-04
8.659655518366645062e-05
7.138233117574442274e-04
1.391058946582269412e-04
5.034448172249525585e-04
3.414846594175278776e-04
5.931874442139216256e-04
4.066133354461056305e-04
1.202281104248309127e-03
5.674540175440047742e-04
5.178140071017221097e-04
2.745242876227784617e-04
1.541558045945435012e-04
3.066560217622746397e-04
7.324927351228627086e-04
6.033455159928492013e-05
3.855287184617994930e-04
2.718871508534502902e-04
2.848432354160517887e-04
9.235652227090944367e-04
5.856848567340390164e-04
8.273920980606694299e-04
3.594326555278703995e-04
3.662955246151379410e-04
6.906495253402635806e-04
5.587507715442281394e-04
6.778924795492017067e-04
8.691266053608076103e-04
5.706284863785869273e-04
8.307079649633401092e-04
5.431417636203221631e-04
4.979296717261537950e-04
1.844156588935209635e-04
6.637436820763957480e-05
3.499003876143717460e-04
2.808951352767055003e-04
5.748731181201575859e-04
9.599757354253838498e-04
2.681288208516952281e-04
8.990854957263019016e-04
6.956127933710671597e-04
8.254490512398231662e-04
1.328896663962978765e-03
5.254270332209401819e-04
3.046875361648602770e-04
8.024057937189034949e-04
7.038320078506904139e-04
4.624578311934831221e-04
9.295881681574088597e-05
3.916052422932959432e-04
2.674574852877817182e-04
4.644557807964609175e-04
1.982381150455657338e-04
9.269974386888905405e-05
2.320823677695839024e-04
6.715193681205189639e-04
7.518173678487471241e-04
3.973999565582850496e-04
1.667458406743292665e-04
1.648686333948025710e-04
4.867629508714965713e-04
2.793331760159428051e-04
7.801204730006629749e-04
1.834055273736938515e-04
6.583454902535394379e-04
3.605419658516344867e-04
3.819268058409807385e-04
5.063122009897808896e-04
2.066383246785838054e-04
1.595861224195929901e-04
3.108379086726856580e-05
7.429477255333009596e-04
6.968494038446770280e-04
1.157555331141245933e-03
2.548553631494458022e-04
1.945224143494001517e-06
1.209871121633464942e-04
3.501993979982401988e-04
7.887633980486070387e-04
2.465716039967860251e-04
2.015270970333448298e-04
5.311975080168213894e-04
9.487197953425811502e-05
8.213301371694355308e-04
8.013068557679485851e-04
2.734331350454168209e-05
6.980428892435585177e-04
5.822748515826535985e-04
4.336868750352547257e-04
2.877344605417194996e-04
1.406330217115228480e-03
1.331824883658220280e-03
6.747185850855801775e-04
7.429684860687893770e-04
5.168275862261667618e-04
1.176790663825485155e-04
7.323792008403300600e-04
1.826415657395706572e-04
5.351166867922966218e-04
3.366024301393230047e-04
1.036421831080345645e-03
5.764481908489234915e-04
8.198621053585762250e-04
6.133644687420660812e-05
6.221035435441471268e-04
5.400863096880979526e-05
2.874104833159056224e-04
9.423243718130544381e-04
1.279648607100203643e-03
5.559726740269139902e-04
2.854334106885059110e-04
5.090556982264660222e-04
5.089778980839770612e-04
4.743152515489088201e-04
2.618754551421293981e-04
8.616961665971428850e-04
8.331409457388302487e-04
2.947111894682892747e-04
1.352580923869028950e-03
2.398520325853475401e-04
2.914809663533640769e-04
1.086655429897095092e-03
2.396064657911765807e-04
1.178210535980630579e-06
3.123958456531819540e-04
3.906561047992472644e-04
6.418043349003109844e-04
1.259632557138965934e-03
1.065907506431624770e-03
5.346807143563761869e-04
5.761701978504970342e-04
3.610036460918633183e-04
3.624685209987846008e-04
1.243804850480412921e-03
1.319158703990887683e-04
6.594425253468264719e-04
8.350843932298556219e-04
5.726905125309585993e-05
1.106781301712453951e-05
5.837730193868517119e-04
3.700026071462045947e-04
1.453859937469908830e-03
7.376444683841054542e-04
8.245638060232721601e-04
3.342949937507646825e-04
2.029482040714879751e-04
1.797467618244852740e-04
6.286755629722073522e-04
6.750080158019371775e-04
6.988492994846227328e-04
5.228298302398068538e-04
3.551378530442792013e-04
3.118894075957575826e-04
2.769006333495082099e-04
1.067878208887967223e-03
5.151342378818034393e-04
3.556612110769712858e-04
3.105182112520998221e-04
2.459500216160929098e-04
7.616273853954095869e-05
1.190482964122206635e-03
5.214759896618325908e-05
6.578878907469924535e-04
3.220545804805678052e-04
1.807979983222382286e-04
8.445890851312249595e-04
5.355421236458549105e-04
2.787630930741744669e-04
2.620915068794659668e-04
9.459976631820706363e-04
1.215387103629981397e-03
7.553726806237559543e-04
5.606338778863436409e-04
4.172569034375887007e-04
4.905691583147502510e-04
2.303159927668894884e-05
9.238483695250277730e-04
6.091797585245369668e-04
1.131093500045548270e-03
6.319682840659158682e-04
5.046099973910956509e-04
3.392385162130805891e-04
4.444963915012439207e-04
7.123120945518359717e-04
5.562524428212950673e-04
4.479843000469784864e-04
2.458987030179275463e-04
3.981952329662725803e-04
1.560615211861634904e-04
1.042562606407920539e-03
2.001526717422640717e-04
9.187993251140261512e-05
6.529237332663469706e-04
9.224131793745252899e-05
7.971997660705238114e-04
7.693964914626186388e-04
3.651821822233087904e-04
3.651098066459745341e-04
1.023978874493313524e-03
1.182005802666952730e-03
1.822129381886771361e-03
9.012293510585844651e-04
4.066702642773708555e-04
7.102156465184272707e-04
6.494595746340535740e-04
3.130510112320348420e-04
1.059822017953800100e-03
3.829904298320550306e-04
9.888602942992551475e-04
3.895942450457991874e-04
5.493746661978301258e-04
3.048815562404688976e-04
5.311948480816001961e-04
1.232226192937218071e-04
2.257020014813096377e-04
1.404331944222611973e-03
9.499738453869449161e-04
5.718543713725124985e-04
1.042463811114548557e-03
3.494420334814680789e-04
3.069392182692783533e-04
9.135094170943083760e-04
4.565318036851672822e-04
4.922320852931008151e-04
1.612635492570325740e-04
1.384704290934614130e-03
3.026187743368636673e-04
4.939659922048032000e-04
5.511016535557790698e-04
6.409333220324002012e-04
6.868245643886249693e-04
7.803983112449009102e-04
3.785096839250308843e-04
6.442347813380186841e-05
3.032548189076084253e-04
1.695536883895908218e-04
1.024435029904142747e-04
9.663461981306687527e-04
9.074769713195959863e-04
2.310818725618488979e-04
3.731279510264665696e-04
2.122797271799736849e-04
3.491036871633089152e-04
1.672791823671686978e-04
1.338040753172593279e-03
4.491385740491782774e-04
4.876211541732343858e-04
1.749862243989051055e-04
3.229475236161802776e-04
3.152514108384215047e-04
2.094405662468233837e-04
3.996693796278791115e-04
5.611646954464568878e-04
4.466980782015597413e-04
4.833081343345101513e-05
2.301760813503205905e-04
1.513917732466589375e-04
1.291056182456213827e-04
5.365255705256485652e-05
5.715201522550255936e-04
8.844382723423372446e-04
3.928404225443831495e-04
4.679704763679780571e-04
5.656907563889361311e-06
2.983953794456653910e-04
3.488677692227415937e-05
2.029108805907452813e-04
2.755247670906841315e-04
6.311729935451783065e-05
2.208846192624422096e-04
5.457482258259405009e-04
5.620063080923645401e-04
1.375055808634893936e-04
5.091387201031004838e-05
7.056633188018122428e-04
6.056844296622636639e-04
2.039922715690461758e-04
1.413422161710196998e-03
1.041704683681450713e-03
5.798422183209303539e-04
5.394621001276666758e-04
6.756725647265949056e-04
2.548194337872387557e-04
3.380146994058635398e-05
6.195160261741375872e-04
5.792946249846117526e-04
5.080513584943566283e-04
1.182786921225834455e-03
1.025123938637793322e-03
9.247581890927163368e-04
7.582040790225299002e-04
1.152330582060016959e-03
5.721845006632915280e-04
2.279029880792900870e-04
6.854900807879735040e-04
7.698772920216303758e-04
1.562094264110490838e-04
4.326132645609259415e-04
1.536916004247381243e-03
1.364157902901896814e-04
1.315554814325572714e-03
3.734064127526429458e-04
5.293112830143383929e-04
1.311097647919521746e-04
9.257705033438411299e-05
1.169827030025028273e-03
3.014002670531208358e-04
2.856016851795920648e-04
7.692717734767842231e-04
2.669411121536592211e-04
7.176717418568817728e-05
7.548762857211570483e-04
5.992628126529660074e-04
1.546719584922358001e-04
4.559538671861407434e-05
1.762733949330292434e-04
3.852311750250455789e-06
