2.967025139274891837e-03
2.905179775967941733e-03
2.530862410017162192e-03
2.561995618667386055e-03
2.039597348048848187e-03
2.336214498064371082e-03
2.078117647427364743e-03
2.020695578138560766e-03
2.156653088805266655e-03
1.958745678885754488e-03
1.780287087656926394e-03
1.977630882820675690e-03
2.091910719831955971e-03
2.067780955230894783e-03
2.256065379491327058e-03
2.085719994307575278e-03
2.144870470364322688e-03
2.131205552342549468e-03
2.187851605577495039e-03
2.263213086517582191e-03
2.312328923432089255e-03
2.013208130980736511e-03
1.897101298326956016e-03
2.060394983410443037e-03
1.959265121521043627e-03
2.080070674668685338e-03
2.003318046431225644e-03
2.345536885696049116e-03
2.076029272353939817e-03
1.990550036769391136e-03
2.050289597206617770e-03
1.980851376547721442e-03
1.944442464095330093e-03
1.929753635598550768e-03
2.123447164598054899e-03
2.120274538816712719e-03
1.987646679944471417e-03
2.102806199430471302e-03
2.020552664691873702e-03
2.016478146725251240e-03
2.101855748550458293e-03
1.995749931058851331e-03
2.132998332993201254e-03
2.186574869727331977e-03
2.309904884517001520e-03
2.212483882585558788e-03
1.993391536765191062e-03
2.179710958667338289e-03
2.162881867708403572e-03
1.995949060954495258e-03
2.172359906422181679e-03
2.031372749078333255e-03
2.315675291076201014e-03
2.104555666027519735e-03
2.132606884733772353e-03
2.133396972698313031e-03
2.034618634084803951e-03
2.221141581397907509e-03
2.271668882679956161e-03
2.070492927123883040e-03
2.127567594295221454e-03
2.340924025666005215e-03
2.072979738895466481e-03
2.220578179345593026e-03
2.012187699561943880e-03
2.212527005181701579e-03
2.184049626862165881e-03
2.318009715743541040e-03
2.312762318066992340e-03
2.208432932041835394e-03
2.178077316337797588e-03
2.278237868800585958e-03
2.194363008657699947e-03
2.123245151178151761e-03
2.366463413600939161e-03
2.132325950014688463e-03
2.176410287491853824e-03
2.103005667299521868e-03
2.228463897783373657e-03
2.060209554866743609e-03
2.427810689568331987e-03
2.272246790092683887e-03
2.314829908218225037e-03
2.526126490092688286e-03
2.293662883013159685e-03
2.486782586894729745e-03
2.412516076282309862e-03
2.284927611904096368e-03
2.076927440528950671e-03
2.043393774898171790e-03
2.299438135894654039e-03
2.131216590171972937e-03
2.331128861590021570e-03
2.247326747832093571e-03
2.241340921895290661e-03
2.439313028768813098e-03
2.304251567292007856e-03
2.237083074799829478e-03
2.206368300184200198e-03
2.324278717929552547e-03
2.514817608472147588e-03
2.355286794700551297e-03
2.394047730709097238e-03
2.237926793316952385e-03
2.330772806639447130e-03
2.302089992502555187e-03
2.272107357247870815e-03
2.161317795356332283e-03
2.228773218075782991e-03
2.469143500744846228e-03
2.365333379088805765e-03
2.221870894356704068e-03
2.226234837586247000e-03
2.232426412242001414e-03
2.333772191056902087e-03
2.124087179691458958e-03
2.336383904847811298e-03
2.292472082001527790e-03
2.248304779390600250e-03
2.405172786977339758e-03
2.248860191218400584e-03
2.109339435963067735e-03
2.335513713654703907e-03
2.390331467341594556e-03
2.447066409941390207e-03
2.363558518855118570e-03
2.361487522839763025e-03
2.425861863419401590e-03
2.281175279572896387e-03
2.093672503609866030e-03
2.406550603083741722e-03
2.484249989901374418e-03
2.393671572279764369e-03
2.374694350443597429e-03
2.188334314881619155e-03
2.393302266422650364e-03
2.272001358916027162e-03
2.237885149657360944e-03
2.226421094485426556e-03
2.270923898454603462e-03
2.098330897063582084e-03
2.384968736425867233e-03
2.326441710832826901e-03
2.439078933826885516e-03
2.196093566505775540e-03
2.009747276478715018e-03
2.283383855754364880e-03
2.355352891575625621e-03
2.170987353887471067e-03
2.157014037624430548e-03
2.247748361334495244e-03
2.257629423650568332e-03
2.238667306773012115e-03
2.255961129092232901e-03
2.306588041972599916e-03
2.303317570731423097e-03
2.275791516001886283e-03
2.250552826673650388e-03
2.215461900612383881e-03
2.426888771866060526e-03
2.107516383119398436e-03
1.995072274738246554e-03
2.116613706754481156e-03
2.268416999628536726e-03
2.017640719387613947e-03
2.093957026986600911e-03
2.194048222461414833e-03
2.087348300751034474e-03
2.202242776310085748e-03
2.266927324530329003e-03
2.334755277093827908e-03
2.277739991582488407e-03
2.184094693249513056e-03
2.409518143562915278e-03
2.132178733930249238e-03
2.304880160618826002e-03
2.095918988044110070e-03
2.287495141786778999e-03
2.287470331224804310e-03
2.158821292551781415e-03
2.209608285440583554e-03
2.300954727765082593e-03
2.142308706466539234e-03
2.337359345055486579e-03
2.122123945459110372e-03
2.113281946754021375e-03
2.236896044457354401e-03
2.105646247080403960e-03
2.233419991829793585e-03
2.245390843030832095e-03
2.199345832953150150e-03
2.041604094783379744e-03
2.100657264706998640e-03
2.096204175682203977e-03
2.057937789365250816e-03
1.991415950982449758e-03
2.011126035260450608e-03
2.228885480294983366e-03
2.036404554963158232e-03
2.037122103363412165e-03
2.093477288396446753e-03
2.259863458181698721e-03
1.965502795439779196e-03
2.162798601677370317e-03
2.042219275088193609e-03
2.094385837006596668e-03
2.070518885350385377e-03
1.928011495551758140e-03
2.122810285282163926e-03
2.166805704831240194e-03
2.083149130402723627e-03
2.111893010423077869e-03
2.033655839467900239e-03
2.120008252284517978e-03
2.120338632700478204e-03
1.784912410765888578e-03
2.143053427753237577e-03
2.051297120621142951e-03
2.109236998443213534e-03
2.050298106873345988e-03
2.001848461383957598e-03
2.060194452764462641e-03
1.911086889870989604e-03
2.183226878375863281e-03
2.375461664504391768e-03
1.947228760346565940e-03
2.090073061683474752e-03
2.022181631332158492e-03
1.949300537298980212e-03
2.010894038088753555e-03
1.930467327500045259e-03
1.963196474081938155e-03
2.073057931618723683e-03
2.062277112410925567e-03
2.027908759247531740e-03
2.000182269263868235e-03
2.019095489089104984e-03
1.969440056731715065e-03
2.044899634062282041e-03
1.865684000818879518e-03
1.915791254368544479e-03
2.019834126452582646e-03
1.920688900135144629e-03
2.111618704717162232e-03
2.162437341321409197e-03
1.866881062009038451e-03
1.887519478342392868e-03
2.037333503965672692e-03
2.073848009718856460e-03
1.710420051860427667e-03
2.066313492002688768e-03
1.795283776727223069e-03
1.993123357311494051e-03
1.874065768801638733e-03
2.110824386373551936e-03
1.976627229421821716e-03
1.931565183096416822e-03
1.976631687760184268e-03
2.064774302917373166e-03
2.123816258070175197e-03
1.805108430091950916e-03
1.830077542281289583e-03
1.928327731794625627e-03
2.007036584182334254e-03
1.852990455161646110e-03
1.985495286355787054e-03
1.995517123027512260e-03
1.850060681380641739e-03
1.862593060078268376e-03
1.903820656327131610e-03
2.217784290415086932e-03
1.979907360211002887e-03
1.937026046538265758e-03
1.802940561362646093e-03
1.797381294200599017e-03
2.087799315183089689e-03
1.865144961556444280e-03
1.807072506957687697e-03
1.895684334375661402e-03
1.926784901829623094e-03
2.001494295043228060e-03
1.996321909918484429e-03
2.058431139061720795e-03
1.818126401309154514e-03
1.930480288565996662e-03
1.987521871850431165e-03
1.959227481657345102e-03
2.042730008288538672e-03
2.077737601176850996e-03
2.115627097365850758e-03
1.955937913943857701e-03
2.006146198199315785e-03
1.925170747253128001e-03
1.715507288453590670e-03
1.831834117195896500e-03
1.914486694844862169e-03
1.773742358547047114e-03
1.595739970026935394e-03
1.979333614163895742e-03
1.752310255076590688e-03
1.869551945590933791e-03
2.186634493518945996e-03
1.863242494687703974e-03
1.614783821989997613e-03
2.150926536676252970e-03
1.949324103489221425e-03
1.889858061653426190e-03
1.862749026145197901e-03
1.844782983190101054e-03
1.871065746642555172e-03
1.859580766744634147e-03
1.801363029232848833e-03
2.065233285433211441e-03
1.874968539882111967e-03
1.913448564144309711e-03
1.849175203545383667e-03
1.933268722059240446e-03
1.848026169326752715e-03
1.898626193025373075e-03
1.754574736755194677e-03
1.983330009391199352e-03
1.894951552174136680e-03
1.804320580699837057e-03
1.925592083069337709e-03
2.143017304494136167e-03
1.760408062936414525e-03
1.806983982317277287e-03
1.789546654649860295e-03
2.050499815798443020e-03
1.837024743527509779e-03
1.758778808523128127e-03
1.774726575972975819e-03
1.858544157937759827e-03
1.778135074891335019e-03
1.940668035985102045e-03
1.910650462613110862e-03
1.951788194320462806e-03
1.797828082324463232e-03
2.005555757351828831e-03
1.754041289571394227e-03
1.798654626559695411e-03
1.855782370592994491e-03
1.975978247298247181e-03
1.934575415667798802e-03
2.094240683194205886e-03
2.148936810078118029e-03
1.797787380595397555e-03
1.703699094464712236e-03
1.986995175219666981e-03
1.725860919576178727e-03
1.821435487380344137e-03
1.699820603406446877e-03
1.714142140348203641e-03
1.843410065359273086e-03
1.780304808587210340e-03
1.813578432958238206e-03
1.965860657595180829e-03
1.719992593405917551e-03
1.894984336758238214e-03
1.785343478118441105e-03
1.976765368810965394e-03
1.955358184596446558e-03
1.939148087710787114e-03
1.830470608802097551e-03
1.825126724472076562e-03
1.626144628727572115e-03
1.909966039520744454e-03
2.085410474383331877e-03
1.859922394213723044e-03
1.875292425025871460e-03
1.852678266462375349e-03
1.752860849045642135e-03
1.842090860226084596e-03
1.874866170039457547e-03
1.890718071729538758e-03
1.888284202226547196e-03
2.011935393488266562e-03
1.659142410119345554e-03
1.666007850687207257e-03
1.843748822429856727e-03
1.846109217055719393e-03
1.976112056166022708e-03
1.881532453623884545e-03
1.883324255024543172e-03
1.750300933304920750e-03
2.049780454437918030e-03
1.817952318443247749e-03
2.018971679577564841e-03
1.865552249986653045e-03
1.975260966145123490e-03
1.723412400160129979e-03
1.913356820807325925e-03
1.849820045579513971e-03
1.944515358079924178e-03
1.890003198334735913e-03
1.832520422680680629e-03
1.781356539623660425e-03
1.872470160384871827e-03
1.934969463095688675e-03
1.812953406490388185e-03
1.953300164206731374e-03
1.847947413089187380e-03
1.850522507099286017e-03
1.804994297818542049e-03
1.804148246135909173e-03
1.738513969350507105e-03
1.881912356909373925e-03
1.773263027939335490e-03
1.863283902507745921e-03
1.779675059911475614e-03
1.820146884272393290e-03
1.810718016871049486e-03
1.976575255506860841e-03
1.820132905072918651e-03
1.795067495318714013e-03
1.694139909274616643e-03
1.969859113123254273e-03
1.886520569075919238e-03
1.891763299715515292e-03
2.049509397788765175e-03
1.583561239775968434e-03
1.705684535021264985e-03
2.135707133754109061e-03
1.887954658955091729e-03
1.891825018757909045e-03
1.758206482171929125e-03
1.533538867224895283e-03
1.758949261572296478e-03
1.777838617656240724e-03
1.933519714849211589e-03
1.726605047839061251e-03
1.803372239265983463e-03
1.921882836075364297e-03
1.729786291927603702e-03
1.771836890729488806e-03
1.774677672214533715e-03
1.966477771332516850e-03
1.758499448828578643e-03
1.792689254679366009e-03
1.558072302601210771e-03
1.901823087069402871e-03
1.619349865500103840e-03
1.802900958191257317e-03
1.905763182878411188e-03
2.008145792784010990e-03
1.762225616305870997e-03
1.802464224519018977e-03
1.698138279454071940e-03
1.596952280963563836e-03
1.821013029895704634e-03
1.794092526436246761e-03
1.819411442957909446e-03
1.802308553133683249e-03
1.916819522076908559e-03
1.967644104962659821e-03
1.846547782335588922e-03
1.740302149702509498e-03
1.736697654118657397e-03
1.777537634918588015e-03
1.781137510381443616e-03
1.939788531735790831e-03
1.730913775972425794e-03
1.615739471494950872e-03
1.840735313951464896e-03
2.064730519784983148e-03
1.790630065272207213e-03
1.637134026277932896e-03
1.811160839539300085e-03
1.904917387505993768e-03
1.585437366927025526e-03
1.843172704104762685e-03
1.808008228035526931e-03
1.833404356484677998e-03
1.895789319002290666e-03
1.640849917930870851e-03
1.757612756608144386e-03
1.923195488432129967e-03
1.632497688061338272e-03
1.857334170946318280e-03
1.847861551155367127e-03
1.874181456161973800e-03
1.849796262156376591e-03
1.998138613925810360e-03
1.753048207083058273e-03
1.828445822892515137e-03
1.825672080157859705e-03
1.716504361331283677e-03
1.748605189804451100e-03
1.861567331350355960e-03
1.865419270349656395e-03
1.837912095491431091e-03
1.591487181888695231e-03
1.923324294865925424e-03
1.900703356755339794e-03
1.654872417333929074e-03
1.838485869460153126e-03
1.945613131711241856e-03
1.671684886386159237e-03
1.659361465583060425e-03
1.826866931757894705e-03
1.951637691562685363e-03
1.602003091003275509e-03
1.749484043971940824e-03
1.744230785026184508e-03
1.866628064754161619e-03
1.817472189740247266e-03
1.711449610047920903e-03
1.565486673974250155e-03
1.691314033065714848e-03
1.906296619623883701e-03
1.847621643383698126e-03
1.690129873159835084e-03
1.819542159260450261e-03
1.677504318692858145e-03
1.643225033248278807e-03
1.763243689649931622e-03
1.781796883489776334e-03
1.661260743442589298e-03
1.672938952799332820e-03
1.929907192281818309e-03
1.770543967391108049e-03
1.689195996905801071e-03
1.856146466644359363e-03
1.732952818573793227e-03
1.798578269921033770e-03
1.727337330700906559e-03
1.701871571775260801e-03
1.735303074621521741e-03
1.831801083724312294e-03
1.863662963542984203e-03
1.736162247885611205e-03
1.848082062610265303e-03
1.812530244834787340e-03
1.884769273291276009e-03
1.852078333609949836e-03
1.777909231280421724e-03
1.735576912832056213e-03
1.757493921059820156e-03
1.923158636069514016e-03
1.881196965577780185e-03
1.572541411723922099e-03
1.632852427390513563e-03
1.604103571117289481e-03
1.770013433240086786e-03
1.732698124949025916e-03
1.734773443339972590e-03
1.828351041058582944e-03
1.797068645063457700e-03
1.767817085676431530e-03
1.787296256566350047e-03
1.821382463540938135e-03
1.692047584059887819e-03
1.749360241572776257e-03
1.759436806240627718e-03
1.820886579921088657e-03
1.782732923255571367e-03
1.957908263235415194e-03
1.784025390377834506e-03
1.801081935483625409e-03
1.708232376312748824e-03
1.951336647786760343e-03
1.665574733759397387e-03
1.742857590574499894e-03
1.891798691090361677e-03
1.680668163905351276e-03
1.764497053475253376e-03
1.862333352622395563e-03
1.951090310367008945e-03
1.775280767689156776e-03
1.864148471023463656e-03
1.791410222493149346e-03
1.691409864986344108e-03
1.748119889325892243e-03
2.002112731264474223e-03
1.739136351753246389e-03
1.638886964125849674e-03
1.927863105023077187e-03
1.637445425858476914e-03
1.725998076957377175e-03
1.843235769273935060e-03
1.825083988291168217e-03
1.807774587213620016e-03
2.016814474770212747e-03
1.969300213177413439e-03
1.583650331490000628e-03
1.814756575446505385e-03
1.748698273137895901e-03
1.785040474065752256e-03
1.901751942887493045e-03
1.722334874639619255e-03
1.818964851216758926e-03
1.689554282188518225e-03
1.781722465770905258e-03
1.966652399258102864e-03
1.866683967537876047e-03
1.736828106953762409e-03
1.821885130449878631e-03
2.037782270124926902e-03
1.739312935590830739e-03
1.885879440849750829e-03
1.733305029740969325e-03
1.707243406862803646e-03
1.798329798566888817e-03
1.721116304584516428e-03
1.880781156920518886e-03
1.608506513938312696e-03
2.009725982492952413e-03
1.771945210951124221e-03
1.868423894794863120e-03
1.954575036787545295e-03
1.864012548156213957e-03
1.784918403537974875e-03
1.594652197483440196e-03
1.849026922831073852e-03
1.652961144740090890e-03
1.625175919730512640e-03
2.111516362344703635e-03
1.624752126586210621e-03
1.693258903229641907e-03
1.677764777929862880e-03
1.829023714419057700e-03
2.002571925461875835e-03
1.657893452319817362e-03
1.843372251837217552e-03
1.871365383140656188e-03
1.790800135336979848e-03
1.833156236889423724e-03
1.814752750421411197e-03
1.784116764677961230e-03
1.668263146077642945e-03
1.725699973801919553e-03
1.860605067797217911e-03
1.727585238433797894e-03
1.716680260928978453e-03
2.004595793792367416e-03
1.745014066334492830e-03
1.651900480511552839e-03
1.994858235019773135e-03
1.543289411575968608e-03
1.873526600012973909e-03
1.900762680612862578e-03
1.916427587300170796e-03
1.741279664508110520e-03
1.719091441671469862e-03
1.794014986372885522e-03
1.774077308002538177e-03
1.774441957668179649e-03
1.672287777152244633e-03
1.772699792625993895e-03
1.873385677950504527e-03
1.541183024785486386e-03
1.887389689581875927e-03
1.680786856582445251e-03
1.742290525496127153e-03
1.709958229649749441e-03
1.930399741264931775e-03
1.762695332193430419e-03
1.758556823951133328e-03
1.828250150527197058e-03
1.798054212368731643e-03
1.757505916752695593e-03
1.698365118233584239e-03
1.827368522668829445e-03
1.786619726356735967e-03
1.943503472854779274e-03
1.967129624997706553e-03
1.915089373628102009e-03
1.765716081840975043e-03
1.731222111346212341e-03
1.717837112331312057e-03
1.794668171776441510e-03
1.725766919319311104e-03
1.836633908436728028e-03
1.624014151915573016e-03
1.827405155994655606e-03
1.797799546170487407e-03
1.763049130593549903e-03
1.785357710267221993e-03
1.742794906658729197e-03
1.514598458089362262e-03
1.534615520440575209e-03
1.824323631388044585e-03
1.964644289213473248e-03
1.899286702113235203e-03
1.762330228223020229e-03
1.917772759428098411e-03
1.872208663348065051e-03
1.799388083463798445e-03
1.664359789972964885e-03
1.661566933364548148e-03
1.705157578569337518e-03
1.895299072745158450e-03
1.737307768418411801e-03
1.751462213516469116e-03
1.830826825501219489e-03
1.729847205061331265e-03
1.901838739863029662e-03
1.904957542286950028e-03
1.867675074041833926e-03
1.891165797775191601e-03
1.794190531152806828e-03
1.765591417022015393e-03
1.835027171421144132e-03
1.691858879796927229e-03
1.760473180274221144e-03
1.839990363587791283e-03
1.807684268558282323e-03
1.928405580402512299e-03
1.593636088267867028e-03
1.773877689879435355e-03
1.820421914501832786e-03
1.869653833927381560e-03
1.706020944940734099e-03
1.822176324152406310e-03
1.994355237003469106e-03
1.865773282972282582e-03
1.797669758987164136e-03
1.769147959664696445e-03
1.665080660852908409e-03
1.603315247633940819e-03
1.659086078654801143e-03
1.814351516464324287e-03
1.676367719175298962e-03
1.883455139769622550e-03
1.940898206919039774e-03
1.765180204657963194e-03
1.641211813138940137e-03
1.760761057136661298e-03
1.836456724796801119e-03
1.920579563665137518e-03
1.535354036693745323e-03
1.865529127443167666e-03
1.699084691283843981e-03
1.791361164939621851e-03
1.828337999113084558e-03
1.633410670361401225e-03
1.846364187286494984e-03
1.668243499851588098e-03
1.839477217826706278e-03
1.617239322136821474e-03
1.606273318936778539e-03
1.846753382469768553e-03
1.803634528822179329e-03
1.680091034823879550e-03
1.803216573878207822e-03
1.782580004987085152e-03
1.862264862306299042e-03
1.626413521165503496e-03
1.777207412075479907e-03
1.906575027345016205e-03
1.794797693841896583e-03
1.820339691507993039e-03
1.644158083710376902e-03
1.968463253570024510e-03
1.938830913716513803e-03
1.924184441814742351e-03
1.665408674446900187e-03
1.777589760626008134e-03
1.714057330766660756e-03
1.962125684963243136e-03
1.947552774523409564e-03
1.766509486573544568e-03
1.693236113903873186e-03
1.799124086575075269e-03
1.765289511789228365e-03
1.806011616362526067e-03
1.687115591516949453e-03
1.795740114940483877e-03
2.030088888079557580e-03
1.876387958299490953e-03
1.769803874019626553e-03
1.709547226587831677e-03
1.792379715244886082e-03
1.856471218270046514e-03
1.547151635373910684e-03
1.811457711129275949e-03
1.832823465980318051e-03
1.958357975400521617e-03
1.862681150567104503e-03
1.829955117266648078e-03
1.893433821197093320e-03
2.001400600044853182e-03
1.878495785562242417e-03
1.665333734308819657e-03
1.654777279879050779e-03
1.883016674894971015e-03
1.751392269341484932e-03
1.692032361177364273e-03
1.876384191667300992e-03
1.672217850636285516e-03
1.937399497084801511e-03
1.860011630585517569e-03
1.862253737950782207e-03
1.837231621810615952e-03
1.698874131880518832e-03
1.739940304166619559e-03
1.755594414830991034e-03
1.696554017981189311e-03
1.688599367269799905e-03
1.909650791213877551e-03
1.819766780960244829e-03
