6.475100762607213832e-04
1.488199039666108017e-03
3.513623811176241961e-04
7.399651223670774972e-04
1.051669071159740511e-03
2.641949249481640415e-03
1.518503639633566422e-03
5.848924646995074406e-04
1.468656383807148648e-03
1.268859616950236127e-03
9.479136924077806231e-04
1.096798165310166771e-03
5.660561575310502731e-04
5.363412394867974383e-04
2.418582865460859078e-03
1.270641068083512440e-03
6.330660516233694787e-04
6.650358618325082636e-04
1.159209777256397286e-03
1.070333229552534885e-03
1.905318192142370186e-03
7.994206560109823117e-04
1.290683019264402724e-03
1.018570391346285131e-03
7.309907956764817799e-04
1.529134958315938892e-03
1.124980693390993528e-03
1.321813745751092197e-03
1.279941039033277630e-03
1.051159626256472973e-03
1.305763498443111804e-03
6.880964175978711251e-04
7.916013573403239559e-04
1.887469848747175098e-03
1.424016207096372340e-03
8.965850153537116649e-04
7.343160226895309667e-04
1.435810779097752279e-03
1.667082467882829121e-03
1.908214576559287600e-03
1.672210752603171336e-03
1.951508269422492364e-03
1.977430251531393009e-03
2.318160659540314389e-03
1.255183240127796113e-03
1.426858060579904840e-03
2.420113612384846603e-03
2.093797812100277756e-03
1.169394579432275413e-03
1.258824058988913114e-03
6.819695807930660275e-04
1.769237341989952309e-03
5.131413921539755780e-04
1.874811327600406320e-03
1.331527214385902795e-03
2.153456896790487997e-03
1.897344763000577026e-03
1.318852807949261012e-03
2.750406439598040206e-03
1.506967407564187593e-03
2.439815772682109828e-03
1.475253611066235744e-03
1.987413260664489065e-03
3.386282385719148035e-03
2.606639830602512555e-03
1.785643799928588599e-03
1.208882063855917397e-03
2.064881273842250706e-03
1.083494831616405463e-03
1.486284083237734239e-03
1.898242882824766053e-03
8.928841668432977883e-04
2.384676157267643423e-03
2.685595221122207173e-03
2.589437019405691019e-03
1.627541507558397365e-03
2.312362111789119726e-03
7.616737316878368757e-04
2.812727792736206649e-03
1.571349030749326359e-03
2.281721155371319986e-03
1.258581392158837674e-03
2.174733150073908036e-03
1.485157515845992194e-03
3.557461454062256262e-04
1.166459878242167908e-03
2.158132258759062460e-03
1.729352460310783386e-03
3.086289276485802875e-03
1.124907501143747454e-03
1.763545714920104930e-03
2.561997267116138555e-03
2.095745897796435706e-03
1.612276438193401213e-03
2.791784513905820088e-03
1.889283849814337671e-03
1.458387359792174577e-03
3.270628141373502999e-03
1.812713451074900823e-03
1.840186757743867384e-03
2.944746305992594366e-03
2.593253619353887846e-03
2.485880059779360055e-03
1.684674947098570947e-03
1.785810537848166266e-03
2.298066087406946782e-03
1.655724210126462582e-03
2.085361521523759493e-03
1.416806088000010762e-03
1.810434129294580556e-03
1.571903083448042242e-03
1.752128609110281676e-03
2.235476201918937429e-03
3.259835868743924878e-03
8.867694923640207904e-04
1.663748047696972940e-03
1.194163534243012931e-03
3.092672414403368260e-03
2.130548105373030084e-03
9.396070095499537821e-04
2.308277445572274895e-03
1.634056032116110386e-03
1.310461509489889041e-03
2.394774622486493896e-03
2.374349929304309711e-03
1.765593222770042410e-03
2.703043335090735133e-03
1.526329052115243641e-03
2.225468740533561099e-03
1.765324350885375199e-03
6.813012702970639616e-04
2.436990118176992921e-03
1.972198579205339166e-03
3.494114854507845980e-03
3.457997214708945482e-03
1.911889679364034379e-03
1.332140072511408006e-03
1.098777751190392008e-03
2.348035287617837585e-03
2.414730613405790486e-03
2.262897978814361419e-03
1.811511089567445498e-03
2.664834170811185114e-03
1.794229426909766051e-03
1.217889924584425075e-03
1.050757681934376625e-03
2.133969886872941722e-03
1.624148782988555891e-03
1.740354262388401968e-03
1.878444121381364759e-03
2.048380103747541193e-03
1.386494183885887037e-03
9.158790829820325722e-04
2.891685049739270170e-03
2.432090074694631589e-03
2.545878438018547331e-03
1.953210853492615487e-03
1.990824765773837116e-03
1.352727129938618425e-03
2.248721577871226097e-03
1.023105635407815838e-03
1.851606301185432712e-03
2.488390030925706920e-03
8.819677769087102106e-04
1.055434816589786952e-03
1.584582275023807075e-03
1.343689319817776336e-03
1.565246756900229080e-03
2.249608651273627639e-03
2.721863187797032412e-03
2.068344737694739234e-03
2.197868277984968768e-03
7.452645443511340864e-04
1.988551648273211014e-03
1.444379294106419749e-03
1.253761076817870362e-03
1.864154797713054711e-03
1.365244674434237674e-03
1.233324591124678338e-03
9.695670842292656612e-04
1.625007492638405257e-03
2.360395246271917676e-04
7.095538311483846287e-04
7.067117382618935163e-04
1.226148995742620557e-03
1.321642126019255403e-03
7.403364257330666059e-04
1.111375704709695713e-03
1.108477269387016890e-03
1.042502023702774391e-03
3.278761018195695972e-04
1.295035134901507652e-03
7.937476551975493474e-04
7.753555203349970192e-04
6.037139806194125741e-04
8.844972420095689996e-04
1.577720602059407441e-03
1.763398747126636171e-03
1.638994629516726679e-03
1.018073554817346344e-03
2.314305109375919788e-03
7.342076975364637695e-04
3.078016716673406860e-04
4.319399340111465817e-04
5.635132840112388672e-04
6.966838227465906074e-04
7.697105928622811335e-04
1.378492522436383042e-03
6.881232914225327100e-04
1.171462317634724797e-03
9.367018891509362169e-04
1.067352914267221320e-03
1.333737960108578565e-03
1.013083287320229149e-03
1.824302948963068801e-03
1.399799979809408703e-03
1.309529985733223160e-03
1.019895017986766203e-03
1.165615956490957889e-03
6.321708290192559537e-04
7.833515186970457659e-04
2.298455133387033219e-03
1.689186918937506891e-03
1.174797980324888101e-03
1.751222431873592856e-03
9.541527188741403317e-04
8.928957222744487955e-04
1.621164347725575735e-04
4.773109525308003791e-04
3.149680535802784490e-04
7.244470539236038883e-04
5.947770581402184436e-04
3.331625354396478261e-04
7.844685828613228709e-04
6.993932953234578307e-04
1.313325179625558846e-04
8.805124793666902925e-04
5.737413146017689061e-04
6.807839873420255383e-04
9.738151216056919329e-04
2.243193477117119401e-04
9.547123630675401467e-04
8.069039053994666449e-04
1.476641958726683003e-03
9.655999163651667267e-04
4.645444095202837351e-04
7.707261056469377107e-04
4.354421065067715785e-04
1.225516310943420379e-03
3.617534696232306882e-04
3.314408525376659627e-04
1.136932156851553017e-03
1.053634383890405049e-03
1.189969834208313678e-03
8.213699865459349672e-04
6.780134535084966947e-04
1.093878043388211594e-03
7.110116042216580855e-05
8.005241420190458779e-04
8.651032858822253237e-04
1.002541018309985928e-03
4.540697277900910297e-04
9.012628843760978579e-04
6.706825571001312448e-04
6.214987731133095415e-04
3.747486229178450157e-04
6.165588167247852561e-04
7.632999563828956734e-04
4.852759284139824300e-04
3.116316141793518926e-04
6.525436377674448700e-04
8.377348784079665083e-04
1.456604350970625841e-04
5.728483406894643122e-04
4.677156064409349078e-04
7.926348193377136296e-04
1.104685649607503421e-03
9.968244202568394153e-04
8.964278468958968233e-04
5.742509242288886245e-04
2.646644926952371061e-04
3.970956884409605216e-04
5.465957170773077774e-04
2.880002043265535681e-04
8.409036215351578091e-04
6.666737619810515032e-04
5.609121041638353254e-04
6.892885514764888555e-04
7.708943220335105848e-04
5.686531218560371068e-04
4.373178289323179156e-04
1.392633862890214251e-03
4.346376164324880411e-04
1.211835448067735558e-03
2.846615190584546014e-04
2.818630053458534069e-04
3.766082883555014874e-04
3.396735536307634922e-04
6.982010167833026856e-04
4.382782706074917173e-04
5.077959017481518565e-04
2.116284856078850130e-04
5.275850119774284599e-05
3.037080229209157350e-04
1.165563296711130160e-03
5.606481633597670822e-04
6.364959248137662005e-04
3.191180274516425383e-04
5.818379297959377049e-04
9.825015399513509825e-04
2.353036212796712299e-04
5.856725903430579387e-04
1.123754048673044140e-03
3.984170751600493851e-04
4.226226136926256819e-04
6.141395651285937521e-04
5.101032029763665409e-04
1.384161569958867338e-04
1.591107530891121237e-03
3.499921347661619133e-04
4.804552064663642624e-04
4.632168894416686640e-04
2.503540935790113430e-04
2.247389349865259350e-04
1.048034121820614104e-04
2.481694018528962436e-04
1.063727111891424717e-03
3.648448614364894886e-04
9.850336762611616118e-04
1.079577734916953324e-04
6.825837509886654129e-05
3.598255847611398785e-04
1.613860943727266366e-04
3.004506571356664233e-04
7.132571419690741021e-04
8.886938029179997436e-04
1.048416798304489285e-03
8.570219359197852682e-04
5.444152157880923892e-04
1.972055424329777055e-04
6.441283664682112423e-04
1.593991749258050249e-04
5.438257817483678133e-04
6.970723721064994455e-04
2.914864111000046044e-04
4.911538138844550889e-04
2.057537027644187140e-04
1.866987648018395745e-03
3.494359877764671653e-04
7.936977545558440228e-04
2.149741848058093195e-04
8.520505153847101923e-06
3.331089039024518394e-04
4.734768503662415795e-04
4.844639256385462533e-04
8.223725305101967867e-04
4.879427145417971891e-05
1.203981221925010938e-03
4.661166512896323401e-04
2.611981089127789982e-04
1.097015632396643745e-03
2.117404987938108901e-04
2.056854541375755405e-05
2.992231057677923020e-04
4.318823730001836061e-04
4.698664334384206704e-05
1.050226546251686053e-03
4.034977675858183142e-04
1.298479290710886360e-04
4.383503534059076225e-04
3.623925603422509072e-04
2.049547816094689906e-04
1.923226954355688383e-04
3.558399365606178971e-04
8.981068025210526195e-04
6.366456361040761245e-04
7.603853083915828107e-04
1.603838370983472900e-04
3.471551679076057668e-04
2.334368015963925950e-04
6.230664028842637387e-04
8.966962836196385117e-04
6.373882555453339342e-04
3.725354052396271298e-04
5.067225424265159534e-04
8.421794108904526047e-04
4.188202982731299684e-04
7.871888412177979744e-04
3.767889234113920810e-04
6.180096910229635528e-04
6.102671324699135685e-05
3.837022205322243519e-04
1.675103582118497297e-05
2.976594556051768265e-04
4.806962468195980377e-04
1.647480447033245539e-04
6.770470965465688737e-04
5.228463233440755557e-05
3.573662348561681843e-05
6.155700191322940190e-04
9.178154524553294898e-04
5.959687670959865275e-05
3.795483859968926035e-04
4.473548810391260542e-04
9.141775011072181788e-04
5.465249399965427897e-04
3.968750469828079275e-04
8.547357347544890438e-05
5.285535444839726312e-04
5.516815035497250755e-04
2.114940886300874592e-04
4.175410169321536560e-04
8.987485440766244602e-04
1.109798045375407155e-03
1.501926531852686673e-03
6.023756330450086305e-05
6.165310551941309732e-04
2.630661587706240403e-04
5.915477609615403011e-04
1.107264399627070966e-03
5.633669093854738654e-04
4.486575494166950115e-04
4.087204944538802413e-04
4.943114831876799621e-04
5.548364879165131394e-04
2.765699987948702708e-04
4.856715823613977855e-05
1.444957164500309935e-04
5.632592203339133142e-04
1.321551907306903455e-03
2.085735670471121211e-06
2.857778706817028680e-04
5.576836698366575019e-04
2.501616172127993083e-04
1.104292800429671102e-03
1.210244502657285663e-03
1.060414615850139306e-03
2.023803341992331715e-04
4.051001577070500906e-04
3.244830614124210910e-05
4.415423611651109561e-04
4.654260501431599275e-04
2.390409913520799773e-04
1.187388685022977520e-03
7.571960210608807062e-04
5.272419341110396200e-04
4.563527794448686038e-04
1.501627080148626025e-04
1.501392277737582797e-05
4.192815970664204740e-04
3.592736374989478508e-04
7.995957218089020952e-04
1.017611318702219094e-05
2.936504347588969155e-04
4.869653362955211179e-04
1.116371043673859784e-03
3.641549605185045741e-04
3.062629729084500544e-04
4.319826479629097532e-04
5.718250751631171391e-04
9.385847229230347057e-04
4.877387736811395922e-04
4.119589859593446076e-07
1.470348088656380303e-08
1.171159814333731482e-03
1.693958968121142355e-04
1.072066762801251408e-03
2.872179317813464551e-04
8.384894571435648524e-04
4.589824839045147432e-04
1.551037631288262669e-04
2.462024244347078101e-04
5.101643601401775708e-04
6.343465796988539572e-04
8.294622573929810554e-05
7.970433967054777044e-04
4.608089302770585079e-04
8.191239068763974882e-05
7.077420365389494117e-04
2.768858461761271490e-04
6.766768785780849288e-04
5.405426461291071164e-04
5.965840815323679262e-04
1.351223926389871852e-04
6.734790697076102834e-04
6.553378862115176668e-04
3.103027756021188642e-04
9.060644706559928887e-07
4.778231777132694973e-04
5.015435905504316005e-04
4.981304276327209579e-04
1.764608638046338341e-05
3.794529459558088134e-04
5.221086653633830654e-04
3.162974686705853568e-04
6.703396910759481424e-04
3.935749169058333735e-04
3.171123271445287339e-05
5.454036484845623499e-04
1.958064491144159063e-04
1.601290239369896902e-04
4.473275159863822781e-04
3.757912460287230502e-04
4.116531473507836850e-05
4.243910326577222123e-04
1.018409509369165729e-04
6.768092120122885889e-04
1.590600698891121690e-04
5.911608589910246802e-07
2.665244984320353622e-04
6.751924385769133077e-04
5.192198212513774672e-04
4.620785838495070335e-04
5.687572003888542895e-05
7.493922541859548200e-04
7.318520599574923798e-04
1.446301557049590471e-04
4.936627529087106014e-04
2.342490886953822694e-04
5.408735552040225373e-05
6.058698332157814006e-04
1.275818362538442587e-04
6.366920427215542761e-04
3.803699643158307223e-04
1.258814031966750454e-04
6.231623228085502299e-05
6.607083216645188908e-04
4.003033897712338627e-04
6.844018881361145197e-04
6.225246914436545888e-05
2.818526726036946618e-04
4.705017863855670297e-04
2.087647167783989594e-04
1.220439065082731165e-05
1.821205239074717654e-04
1.999357469040419135e-04
3.098531007834717538e-04
2.567397196158632323e-04
9.964173504415677843e-04
1.329829770007982326e-03
6.202155311965973665e-04
3.217359012330606139e-05
1.059405786876094067e-04
3.233701615062983142e-04
1.711977137121870279e-04
7.831824501289375929e-04
7.909232669045037506e-05
1.788227063512374594e-04
1.949441364137740847e-04
3.298286999126355534e-04
9.337767278346331516e-04
3.582216615272288134e-04
1.857222229306303173e-04
2.200963826646064108e-04
1.124626724918623220e-04
3.064531166739180735e-04
1.018514903836265258e-04
2.802682319484201272e-04
3.831610461887873052e-04
8.797048567447574735e-05
6.667564395702546640e-04
5.003728875802855813e-05
2.200663017825262588e-04
6.695255321594396946e-04
3.666384648747629473e-04
5.062228651099826395e-04
8.228599512663351022e-05
6.942306784013516953e-04
1.385719949698789328e-04
1.356226167139900317e-03
8.308889425175375451e-04
8.734731456177871329e-05
4.705121305056129055e-04
5.734473592045526450e-04
3.426457659391792519e-04
1.657247584923539818e-04
8.150047578885757146e-04
3.532848622275632606e-04
1.126958555147545562e-04
5.867289517533953985e-04
2.909089138156608235e-04
5.741957287533837025e-04
3.144440681786607288e-04
3.715717374344627345e-04
5.186008932543025854e-04
2.058605056492983495e-04
8.480457952634504052e-05
3.811318887512028341e-04
2.627348180490330634e-04
1.857863629945925410e-04
6.619900288047595718e-04
1.630350036359340968e-05
2.159468942285276065e-04
6.814622290603795799e-04
4.772272175676033003e-04
1.921956852112908501e-04
6.654964265231609871e-04
6.601154915134521900e-04
1.301494106521506613e-04
1.276287243673430907e-04
1.007316593281695435e-04
4.789645914322955707e-04
3.392164728175728692e-06
6.726195742622398171e-04
7.466724387127835318e-04
1.856499448862498609e-04
9.586821487835892703e-04
1.772675332823535474e-04
9.277709741028949877e-04
7.904044265643124945e-04
1.065149102094475279e-03
6.901191212695783608e-04
1.821446237157413502e-04
4.786770444502820489e-04
5.441004188219328622e-05
2.674420896444117449e-04
2.140418680290535219e-05
5.357806613051885845e-04
1.879324485838940726e-04
2.101268376774223414e-04
1.118451801066595268e-05
3.827234935570715296e-04
5.017842817869377426e-05
4.788002691866356927e-04
7.258805047217979211e-04
7.960637274802677150e-04
4.425080319121120443e-04
1.758473609892117611e-06
8.276705266126647025e-07
3.989498428025126261e-04
6.057250030677902627e-04
2.993616765124081547e-04
3.726276704965767479e-06
6.537450241138183194e-04
9.696809295854057209e-04
3.163094344122341275e-04
1.193259969470605771e-04
1.754245781745829779e-04
1.631804871209142633e-04
9.256903052363981777e-04
8.257780532854852844e-04
7.155245228839926573e-04
2.723004739338293068e-04
2.964254840430674640e-04
3.734242273103500348e-04
1.525038265369222518e-04
1.149513854461285157e-03
1.062124866179719296e-04
6.632141822571387124e-05
5.210932490959751086e-04
1.488538281078582526e-04
1.340178342006436763e-04
2.305777973418716845e-04
1.673548989812679373e-04
4.558251817027712989e-04
1.115428470669148310e-03
2.974961980815226054e-05
1.658042590430194570e-04
2.817715685550737314e-04
1.008889358258836886e-03
2.545441868722371883e-04
1.103316410577904945e-04
6.345116265048525916e-04
6.371466167994116773e-04
8.343007889766329999e-04
4.845139309029188783e-04
3.570726575815085587e-04
1.847170168972885138e-04
4.488041594776215869e-05
2.136809275364592875e-04
3.133176221856484567e-04
1.518596748645365522e-04
1.945224678416868102e-04
4.696040357253924237e-05
4.845585643561129536e-04
4.366078969825289456e-05
1.641317362514746133e-04
9.560907804869013885e-04
2.136072616408816658e-04
3.902135523712962716e-05
1.019328367259998870e-04
5.400018603343706078e-04
1.260609865997044357e-04
6.318563664429559246e-04
4.822383313266734675e-04
1.232286619391533694e-03
6.359149105548062887e-05
2.419832018117582537e-04
4.941935299633814236e-04
6.103550442205105337e-04
7.924181947017054162e-04
1.804152114649557753e-04
8.718114544294855558e-05
3.822360028899744375e-04
2.909143425638067754e-04
3.076834297818986023e-04
1.939684532364081046e-04
1.099311195225967911e-04
8.945988031215213561e-04
1.785637371722762021e-04
2.389269406733834347e-04
2.862767341096277094e-04
4.162701133139840070e-04
1.632870796903824367e-04
6.937549161166204800e-06
2.681684200584786128e-04
7.057009997076956094e-04
3.728910594940718103e-04
1.130167992524571356e-04
1.747813899573834339e-04
4.856881868400164528e-06
2.839140402791362743e-04
3.788195916182782587e-04
1.198615162415899051e-04
6.106801527644843859e-04
2.345961266133113896e-04
8.833320773008602848e-04
8.387455274035895579e-04
1.007027662859396081e-04
2.100366374785913779e-04
8.038125611711574429e-05
1.648153775820629060e-04
3.355813802258303651e-04
2.462930659948211207e-04
4.679664674123987147e-04
1.776431315585086140e-04
3.187626362556043500e-04
4.359546592944317186e-05
1.930968884012802551e-03
3.825527893071902787e-04
1.146576164097965069e-04
1.998534948038452482e-04
2.229067667565612484e-04
3.562786180232696792e-04
4.483586997426034252e-04
5.539974543475576120e-05
9.448682261507733337e-07
5.696747829970061480e-04
3.561917614507741840e-04
2.774682000625880310e-04
2.034151742586534959e-07
5.438345330385358205e-04
1.750130079125573413e-05
6.500612053694241124e-04
9.755959784714325666e-04
6.267546578097421393e-06
1.899284003937887775e-04
2.099289215593556284e-09
3.395677761824129220e-04
4.553174912527944160e-04
3.982759480367426604e-04
5.079162230761287162e-04
3.004713303482322120e-05
1.167565340212502233e-03
1.087836787740070722e-04
1.223317179667487346e-04
5.830817453372507363e-04
8.975092629340906264e-04
4.509260897689828140e-04
6.633499574465713880e-04
3.698609503275316604e-05
4.511242956844043286e-04
8.879446516032820681e-04
3.953989657594881527e-04
1.365893036668183865e-03
5.706635637764133654e-04
3.603164310323035560e-04
9.443143543094842298e-05
1.608739088831446845e-03
1.181092780991219084e-03
2.789952539221344932e-04
2.457502726745554712e-05
1.432473809012834451e-03
1.355846190535618385e-04
4.815038867909526149e-04
1.600155999462407499e-04
2.673490481047207322e-04
1.028742063346393205e-04
5.280810835725737893e-04
2.342267304558463391e-04
7.489117266600332518e-04
4.491007691684964932e-04
7.779677071104765772e-04
6.095783611515441600e-04
5.034542048329247862e-04
2.249388020353870450e-04
3.816165502107512412e-04
2.664813959169017466e-04
6.335511013970657581e-04
8.849092676783213901e-06
3.324612388581193464e-05
7.866572298601109394e-04
2.853404724458986214e-04
6.118663785255341317e-04
7.806330687625991896e-05
1.361057662395105607e-04
1.087574332310537600e-03
2.357308803659845340e-04
6.345935822865181840e-04
5.553342589097236227e-04
4.810772303672133715e-04
