4.172043278700834391e-03
4.521815534772116556e-03
4.115438139115372776e-03
3.369902223217146730e-03
3.316525400134355626e-03
3.348304717802616255e-03
5.179511028188734691e-03
3.103641932725598445e-03
4.701635830358512000e-03
3.443572135546536014e-03
4.569172260642780613e-03
4.597042855772506646e-03
3.712401933157650699e-03
3.227237150453597919e-03
4.500150882558764422e-03
4.315887237945133237e-03
3.870477557516252554e-03
5.093988508489966961e-03
5.417570605082030512e-03
5.047619367002186171e-03
5.423607098788342518e-03
3.097406880659629887e-03
4.269340691784404007e-03
3.586810456654844319e-03
4.688298280304993224e-03
4.065514711522490339e-03
5.423471413829725717e-03
5.136542705007373678e-03
3.313562452589284991e-03
3.550953264922476239e-03
4.904335773045467167e-03
6.218001883070786544e-03
4.877009249143331691e-03
6.052279151938070451e-03
3.145026096785362695e-03
6.233599929895098680e-03
3.075557266848532884e-03
4.065447424917911431e-03
4.600621060895701726e-03
4.772665468030289591e-03
6.470262307160285116e-03
4.243721606259559694e-03
6.049094021119459999e-03
4.434429452296261356e-03
3.632881408583629301e-03
3.870514851366493609e-03
6.314045770791119200e-03
4.575542401999391391e-03
3.139608122223667714e-03
2.699715579959889242e-03
4.159595232843851277e-03
5.331890832476482434e-03
4.796220434877137249e-03
3.716921739234411732e-03
5.274581057357459468e-03
3.764826934318177710e-03
5.642058935968118256e-03
4.483862221937024231e-03
4.831614170566040159e-03
6.383040522152477053e-03
2.972716138562738353e-03
5.809427027757048216e-03
4.394146097129919375e-03
5.573660433719337601e-03
5.891541411543459172e-03
5.758959978960891644e-03
5.417753242824642317e-03
6.261985416644496975e-03
8.401096485147582088e-03
4.867077802614937221e-03
5.890308490981334931e-03
5.135221228299986264e-03
4.718318103107677769e-03
4.175154356492891995e-03
5.093258743656010716e-03
7.407851448974963997e-03
5.306186212811089993e-03
4.295725869291562582e-03
4.362034603736400160e-03
5.468560914406497483e-03
3.861367475180121477e-03
6.827864615704323792e-03
6.314425549715892844e-03
5.342065074882288746e-03
5.441517966371994461e-03
5.362975341202654532e-03
5.803503253238796039e-03
4.969822631465108977e-03
8.174849119967504338e-03
4.188492222010953281e-03
4.543617144919979457e-03
4.604575242506564817e-03
4.706934440175776328e-03
6.288374827552760046e-03
4.358693004088981179e-03
5.129536623192942207e-03
6.771596010607866534e-03
3.902292591730837854e-03
6.409927492369919301e-03
6.051383544843781659e-03
7.092891310088611512e-03
9.163913194924969488e-03
5.952206198956465702e-03
7.070471501497152013e-03
7.261295816098235940e-03
5.811808676017233416e-03
7.209470709712564700e-03
5.195221400754545735e-03
8.809952328374493630e-03
4.949602801876781116e-03
8.260006470916618493e-03
1.141997975849905374e-02
6.736234196167001712e-03
9.053725926055170362e-03
6.206248878315427479e-03
7.554857558778378494e-03
7.779900826408750643e-03
5.197820905454276358e-03
7.747168705221341850e-03
7.127011621028056174e-03
6.722942371082478961e-03
5.784874944022493602e-03
1.013293986220967745e-02
8.957340989714960428e-03
7.228582776094930398e-03
4.893233282513922283e-03
8.315666190645536887e-03
6.864229439585595692e-03
6.812974110886583189e-03
8.510711378346568282e-03
8.328265318181381910e-03
7.299641134205877256e-03
8.691872011944382775e-03
8.565518011833682735e-03
6.584837874558958741e-03
4.739513171395180920e-03
6.888449402342157468e-03
8.197016342194126878e-03
7.374480606489854963e-03
9.206740956012629887e-03
7.160439326539147498e-03
9.206662452726954021e-03
7.482712803973351305e-03
6.671834015627198938e-03
7.225716467840289162e-03
9.471370915273506080e-03
8.424492738388003957e-03
9.004399471265654709e-03
6.660329950790251641e-03
7.764172476894612082e-03
6.741871624831262226e-03
6.063113673847286313e-03
1.052246683339013236e-02
8.438563703433160298e-03
1.032152616993099736e-02
9.217357687058230428e-03
5.953107148840782598e-03
9.760584968366207634e-03
6.278466143853496731e-03
8.514178586168553650e-03
7.883450377390266786e-03
8.109033531942366757e-03
8.040255596980501115e-03
7.445616437922415731e-03
9.272133679319677010e-03
9.784088163309232269e-03
9.207505451056219661e-03
8.741001640863971245e-03
8.918117794743647339e-03
7.907758662787452500e-03
6.893051186725575839e-03
1.073106300532466334e-02
8.841742800549315731e-03
1.191564738041478964e-02
8.078561001201071956e-03
8.481730035669080361e-03
9.371352342862146120e-03
8.203821301547006145e-03
8.421434891617670532e-03
9.343939006499796252e-03
1.113199405253574234e-02
7.985182414224026998e-03
1.247335144877967025e-02
1.218994846288092883e-02
5.764944784129413455e-03
8.401869614656210655e-03
8.427523131931895228e-03
9.917871097078572590e-03
1.244320609251496797e-02
8.658440846790257592e-03
9.945512156786309732e-03
1.189950819029311074e-02
7.851588093216389092e-03
1.012063512113438833e-02
1.125398581137561534e-02
9.688662282788175484e-03
7.082603291464737577e-03
1.076017361017615574e-02
1.108750352644997765e-02
1.023061199276074050e-02
9.070313153443320536e-03
1.238644962971459547e-02
9.370771029963786622e-03
1.141173013196068557e-02
6.147202140794988563e-03
1.029806473675960905e-02
8.589456111061370691e-03
9.418064320971699169e-03
1.091153009046321072e-02
8.890080153067405830e-03
9.971636746802691603e-03
8.704318089689133675e-03
1.101025765558452836e-02
1.267327512609368011e-02
1.277095013467255923e-02
8.494513452190892780e-03
1.100642683562471497e-02
1.049712806903943009e-02
1.049565691602485397e-02
1.002153921282841059e-02
1.216791311509931098e-02
1.028347678782932755e-02
9.464571317581074034e-03
9.752520597796255838e-03
1.189068088034054074e-02
8.802623244818693835e-03
1.046043273863244555e-02
9.609450130239286653e-03
1.023882933365762374e-02
1.001419202829281589e-02
1.143671799639573751e-02
9.027477923519504691e-03
8.359283220201367895e-03
8.683775942878996582e-03
1.205470259446567161e-02
1.083531132626401605e-02
1.228561718421771962e-02
1.076940533157401229e-02
1.039432454255178641e-02
9.982993005907854836e-03
1.175042126411918013e-02
1.075145919950349152e-02
8.999669448005452252e-03
9.458285466690218024e-03
9.306240307893436786e-03
9.911516847567657107e-03
9.405349386037178266e-03
1.161027096264900284e-02
9.549001706930543287e-03
1.196363158480292371e-02
9.815463419422952931e-03
1.402097862790627550e-02
9.123525659417992817e-03
1.077368864212071078e-02
1.261677283792747573e-02
1.110947169168152379e-02
1.212456170312345080e-02
9.801301212487244924e-03
8.544029873276895101e-03
1.288191396892794313e-02
8.788474181256404963e-03
9.838575818522260832e-03
1.038261302112481604e-02
1.159396159116612111e-02
1.020708836817787839e-02
1.297375690919638780e-02
1.310005701537521848e-02
9.609423276825698398e-03
1.198814850578285539e-02
1.425596123421253927e-02
1.412230298737075090e-02
9.844679656678633622e-03
1.028726546415862329e-02
7.855383989480419979e-03
1.277129535441445113e-02
1.289179620632997271e-02
8.148373066193643002e-03
8.457677180754987617e-03
1.222401184134812649e-02
9.044507935107665153e-03
1.140037230959685052e-02
8.691227492784567646e-03
1.212209234954700170e-02
1.562939378347477648e-02
9.852079575406137366e-03
1.230940733117831358e-02
8.730012199855403596e-03
8.887471303605936485e-03
1.151847046091180639e-02
1.150055111770703804e-02
9.604633237614989758e-03
1.190998706714545795e-02
1.190533214310525098e-02
1.022768226729590772e-02
1.100401294952128503e-02
1.187056177071809000e-02
1.423316742977094249e-02
9.763975003514020062e-03
1.061553671952817843e-02
1.141117042080227843e-02
9.756034701732727715e-03
1.426582306131288051e-02
1.190812020674891607e-02
7.480425661774675605e-03
9.421979427080909297e-03
1.451685356607660023e-02
1.157369618026584529e-02
1.197192345113294414e-02
1.099319715103745307e-02
1.341654523459261637e-02
1.031150436896239794e-02
1.402417937718504481e-02
1.006026853371992831e-02
1.003167343277404540e-02
1.248696092708912082e-02
1.091387128825635489e-02
8.388199405546034951e-03
1.431021654763385727e-02
9.994691253939796266e-03
1.018115311550645344e-02
8.642224947971070131e-03
1.398943252089203219e-02
8.226085509135425827e-03
1.317426686508951089e-02
9.922211179393300787e-03
9.743132668524678158e-03
1.187490693048884501e-02
1.476290152150449599e-02
1.370128333269252791e-02
1.288917879735601395e-02
1.319358575672991210e-02
1.217223380346792519e-02
1.114072131200883123e-02
9.167968089986872418e-03
1.141210866626873877e-02
1.136762619966808462e-02
1.367452454886402408e-02
1.326422371111998962e-02
9.295697548747521716e-03
1.161094120216939717e-02
1.307877249894650803e-02
1.081533027447922554e-02
9.952110229049014253e-03
1.274622818345227428e-02
8.630302586122120742e-03
1.055971296539121029e-02
1.311943664809292129e-02
1.197757751022756126e-02
1.138795702038355659e-02
1.176637597479072810e-02
1.072746083787610299e-02
9.319761424486617055e-03
1.356278654455655812e-02
1.149484715897657050e-02
8.982414799975774189e-03
8.837036381689906614e-03
1.553731489855622074e-02
1.051230297052354809e-02
1.163743259269550342e-02
1.005814347244370077e-02
1.048615898181875367e-02
1.193800206238835801e-02
1.362998564909373087e-02
1.421927843781200032e-02
1.258870256696825903e-02
1.159701085411352604e-02
9.972610961645029040e-03
9.222032838583310230e-03
1.296072135286296424e-02
1.169497978073241046e-02
1.193773712860441739e-02
1.260889059431656231e-02
1.427096415169239012e-02
8.638923970617178386e-03
1.523173211154568198e-02
8.967798147818189028e-03
8.600488505056918045e-03
1.166671788416309176e-02
1.102242307720919211e-02
1.201478185474030499e-02
1.318831726338022883e-02
9.694534512437355880e-03
1.050845096461878667e-02
9.830663640601753836e-03
1.118441846778297534e-02
1.103717526849466203e-02
9.604710217654308449e-03
8.925442110300841822e-03
8.794963814665346727e-03
1.082504490267920637e-02
1.259362993189656714e-02
1.422064593997958946e-02
1.140781447716335273e-02
1.150814320533226527e-02
9.005855905746621912e-03
1.061474846703298024e-02
1.088504296017398475e-02
1.274117873797108412e-02
1.063926012850757372e-02
1.118573310501087305e-02
1.103515979396418357e-02
1.225311252649158300e-02
1.285429684811136009e-02
1.087247838179941466e-02
9.711267341475938661e-03
1.104348278202463111e-02
1.224279396395307022e-02
1.180850011930165665e-02
1.126534149877727459e-02
1.027980023097834275e-02
7.656145128497647903e-03
1.165973802269520271e-02
1.190307413197831676e-02
9.986949644690630915e-03
1.360937210318196276e-02
1.118442949923694092e-02
1.045623130732398209e-02
1.185053030360439831e-02
9.812791073999486621e-03
1.125478100689976217e-02
9.192633083264466903e-03
1.219168737103483273e-02
1.261048007284791897e-02
1.001981161675008329e-02
1.234222034233229195e-02
1.033363100502289467e-02
1.011032448838895814e-02
9.838274079911188061e-03
1.171487161662482235e-02
9.021221434828261346e-03
1.258785180779882842e-02
1.025321828848020297e-02
1.306923183324191357e-02
1.007070433740716968e-02
1.022433268174538154e-02
1.349904790894935168e-02
1.056720365521686064e-02
9.859846916416779503e-03
1.055209053462497285e-02
7.956245097426381876e-03
1.224847336535767918e-02
1.301344712331502750e-02
9.693386047018139398e-03
1.207181923177357355e-02
1.236273943364996943e-02
1.239212152946996687e-02
1.301007128541848204e-02
1.341851423033503521e-02
1.267116684298258585e-02
1.004299239403527028e-02
8.458259309292932501e-03
1.193205820810261039e-02
1.229062115215646435e-02
9.293862907165974241e-03
1.428393499367906078e-02
1.638312865207937341e-02
9.017323580842537961e-03
1.098312240808596227e-02
1.261788779269914541e-02
1.091372316092837670e-02
1.185162927483853802e-02
8.019863775289595015e-03
1.347571540833085620e-02
1.038454996796248260e-02
1.337802941563435641e-02
9.806559599352690157e-03
1.260222331437772271e-02
1.014680158947242269e-02
1.042562151885572698e-02
1.200541507257272232e-02
1.052018500509141648e-02
1.066388753864140788e-02
1.032909276343172041e-02
8.835222959799359996e-03
1.296466125931384702e-02
1.205685811896194809e-02
1.224127193094234380e-02
1.143479595759647020e-02
1.168030084619264136e-02
1.304589754747750852e-02
1.211469593072595635e-02
1.286853939113391694e-02
1.002331729209685572e-02
9.419925679591279952e-03
1.474242828777827009e-02
9.706758694089210812e-03
1.218679648102277170e-02
1.212764613415252130e-02
1.210917831749440746e-02
1.193749832527947127e-02
1.278567049292923287e-02
1.048289569190519709e-02
1.136326904873050797e-02
1.165070715300130233e-02
1.194130922125668029e-02
1.426117293684289744e-02
1.045621018501328124e-02
1.144890944183377286e-02
1.086475802245727949e-02
1.194625834266685623e-02
1.212104315891122941e-02
1.472201779581439225e-02
1.088754474427604604e-02
1.604600272360402757e-02
1.259250785127192206e-02
1.509269774622397017e-02
1.120470738429373003e-02
1.062378984898498281e-02
1.103724020954401606e-02
1.285468147402173480e-02
1.118823083128363260e-02
9.470741283789604198e-03
8.570472396863950543e-03
1.351257929563278067e-02
1.109960217097213583e-02
1.199264510330096990e-02
1.387514788313370766e-02
1.192412873204184119e-02
1.217423533026419820e-02
1.403250001534916795e-02
1.443450927466880841e-02
1.438684895511941307e-02
1.246673140397210403e-02
1.329117749192491003e-02
1.318663736283382307e-02
1.119983028660953214e-02
1.026005370755237595e-02
1.349617112415829948e-02
1.334849287407144196e-02
1.067233508371773394e-02
1.025861298424108822e-02
1.310094963087978653e-02
1.092579987292802667e-02
9.269037812278236796e-03
8.710166458648719787e-03
9.432950439372761106e-03
1.363855059953912770e-02
1.028388370299830948e-02
1.154687276180483765e-02
1.056544920048043713e-02
8.737520071596123483e-03
1.371610894351165885e-02
1.088451073449941617e-02
1.287184287134791535e-02
1.459432716332276572e-02
1.283538872074261455e-02
1.235467580522202000e-02
1.257042064567632025e-02
1.489059468437812367e-02
1.128659614792652637e-02
1.181847696864676139e-02
1.456091319177007723e-02
9.605478536437426357e-03
9.821329832817403752e-03
1.024310250750096705e-02
1.131086460916973582e-02
1.217708779260246073e-02
1.120804643961297205e-02
1.206701123878114491e-02
1.404117816946209504e-02
1.275791471031388624e-02
1.326837510176892033e-02
9.259475266567068416e-03
9.232191452771036644e-03
1.017930719697976091e-02
1.112322905635554880e-02
1.230437235624540736e-02
1.370037316877599845e-02
1.079540830085690822e-02
1.178145566305484858e-02
1.350053285457468964e-02
8.334845706391230680e-03
1.087651905697048851e-02
1.411306759474079305e-02
1.246267713067565445e-02
8.475353891792847608e-03
9.093786024390541206e-03
1.156408298926277223e-02
1.330376523156405304e-02
1.086310048652595547e-02
7.559793699659382929e-03
1.403688167910105769e-02
9.583132187789455275e-03
9.617498215355041458e-03
1.113989451389578098e-02
1.415930145027603955e-02
1.232749320093284341e-02
1.236514444340853884e-02
1.187439349011263322e-02
1.026040946268941267e-02
1.029729830739381340e-02
1.289468026722630570e-02
9.838536773515677014e-03
1.331830921935315062e-02
1.126943715837785617e-02
1.115668064182218609e-02
1.298166238408211479e-02
8.769166037818828044e-03
1.060642368222246279e-02
1.010835326570752417e-02
7.652471897931390800e-03
1.274593608841071042e-02
1.046748039343924422e-02
1.290610198150287519e-02
7.433523399391173819e-03
1.111882553242806403e-02
1.237623516942229496e-02
9.680371293941414726e-03
1.217087572992487168e-02
1.188554003235907895e-02
1.220240613920988565e-02
1.085956168791397253e-02
1.135235295255400227e-02
1.307725881580124733e-02
1.295122575249324157e-02
9.483615537725370234e-03
1.125107694103882026e-02
1.490279216077797404e-02
8.496764305342800055e-03
1.276407511551572171e-02
8.916353899348519393e-03
1.356953800626079128e-02
1.144931255741894575e-02
1.199396014682942331e-02
1.242091689235912469e-02
1.436415453430305716e-02
1.021490258317941935e-02
1.248414206847026434e-02
1.237315084060960219e-02
1.154912374924153134e-02
9.504813667685709649e-03
1.162784388607996516e-02
1.142635870807881364e-02
1.195787237099478657e-02
9.987872810572654206e-03
1.115453326332427504e-02
1.410408554945340349e-02
1.071807581754513454e-02
1.167031918085667704e-02
8.720461782094708972e-03
1.095196152797222114e-02
1.121682561936240656e-02
1.251083413259875855e-02
1.176327852810762735e-02
1.570574734097739469e-02
1.328128242218586975e-02
1.341961947696314501e-02
9.936202617597065384e-03
1.239727277415495973e-02
7.955226938312576213e-03
1.740521900991616466e-02
1.211269563864320227e-02
1.092638218844836639e-02
9.400312753809234728e-03
1.413194993561518210e-02
9.338487465189733439e-03
1.094651627905537938e-02
1.120326852820633691e-02
7.152149002266640007e-03
1.123243625296607012e-02
1.233934856061178267e-02
1.132552051502645589e-02
9.103155119131043499e-03
1.304865130864515596e-02
1.589561792778969307e-02
1.798137925548389665e-02
9.987098535412753872e-03
1.311821257018323285e-02
1.038058272205205114e-02
9.684863907750793088e-03
1.244598444184285418e-02
1.283189637520405248e-02
1.196935168405605793e-02
1.148812015590179592e-02
1.184884230755079218e-02
1.296283629877042695e-02
9.574607371585355103e-03
1.488338471555721368e-02
1.119620242970985162e-02
8.219602844287627122e-03
1.198751547756986106e-02
1.169279042204911245e-02
1.234675243671378569e-02
1.067186319125248972e-02
1.141672203472888017e-02
1.039063616901761584e-02
1.461244170026158341e-02
1.213498202487721563e-02
9.490988819649453026e-03
1.048197019932693881e-02
1.102756430762968747e-02
9.666393946125241207e-03
8.732695463816716325e-03
1.312537322232722875e-02
1.169686194946811288e-02
1.373097512495104373e-02
8.795568480497903754e-03
1.317580609052720550e-02
1.080140397684905412e-02
9.633989680698782851e-03
1.320815800740219280e-02
1.230294673273652807e-02
1.505174539369941167e-02
1.147544387012609975e-02
1.444309970968821535e-02
1.626137538012474223e-02
9.822060356277782095e-03
1.116870947585616586e-02
1.291806320683041610e-02
9.574972134053524528e-03
1.483474153094533655e-02
1.215846939426919182e-02
1.019157990565354617e-02
1.461201317688503448e-02
8.976581691589269330e-03
1.228382978376177034e-02
1.011432589449449276e-02
9.695576392426193124e-03
1.226313788784178481e-02
1.049606420156625267e-02
1.516792494522356365e-02
1.044628973352418333e-02
8.874046757935313487e-03
1.228984008908355456e-02
8.740837910958447129e-03
1.174752736251609073e-02
1.632576805671671905e-02
1.090374267606315090e-02
1.135383575135073993e-02
1.363942830307133744e-02
1.512611517826311855e-02
1.365577670131859662e-02
1.220862642517686614e-02
1.261310710696341049e-02
1.262486198434042452e-02
1.235019707822666325e-02
9.543638131525632520e-03
9.988863907328521946e-03
1.395180512570803714e-02
1.094589732679856868e-02
1.171996572492467990e-02
1.080159220074638701e-02
1.410917484012658152e-02
1.148108617019887728e-02
1.235486149966759026e-02
1.203334385301256700e-02
8.672581708994831981e-03
1.108201183763451309e-02
1.207354202828328678e-02
1.266787018095521730e-02
1.150206630051461842e-02
1.402615331136774016e-02
9.097197889472975751e-03
1.163031685283659120e-02
8.248980002902493724e-03
1.318096259753067170e-02
1.141844890574928058e-02
1.060592176379597865e-02
9.519812350858192218e-03
1.197491865786081376e-02
1.354422387741046133e-02
9.745824697195159397e-03
1.131871276219526164e-02
9.998622079342612753e-03
8.898694346048284173e-03
1.096068318508571816e-02
9.961536705587180698e-03
1.111710462965174312e-02
1.084495851398516349e-02
1.025142111015776673e-02
9.969457131630292748e-03
9.810373042928912865e-03
1.322062044442443192e-02
7.960340042686133918e-03
9.348809517762578930e-03
1.031303305319025004e-02
7.720680397006222766e-03
1.387369205577958925e-02
1.313880245885203253e-02
1.282014864564900297e-02
9.276856461944794907e-03
1.120505104634134975e-02
1.126671131427665895e-02
1.307871746963674975e-02
1.172678719557107736e-02
1.267983953827066419e-02
8.377448970687931956e-03
9.220369157070622962e-03
1.187154863115412809e-02
1.212223719981166646e-02
1.208413606853363936e-02
9.066290427824223383e-03
1.144154821930814386e-02
1.169413530279926790e-02
8.676668433140119485e-03
1.280875108494997951e-02
1.124621458504532039e-02
1.402494976691376176e-02
1.017702882122150689e-02
1.125267287565136567e-02
1.386325296760014536e-02
