4.075187572238381760e-03
2.913479239709504051e-03
2.859937155611426852e-03
3.429208040671120547e-03
3.505896584919424627e-03
4.021259047377236800e-03
4.011267786958113042e-03
2.379125132622666918e-03
3.052987639996319891e-03
2.013692987104198379e-03
2.225450049152037386e-03
3.095809938982591047e-03
1.799649896458805579e-03
1.193854436499123357e-03
1.367993206063373036e-03
4.022995402181805784e-03
2.280885225494488390e-03
4.719503458313778314e-03
2.684537045250747454e-03
1.182529499459151427e-03
3.101066926952985268e-03
1.454785296409786145e-03
1.772074339885370935e-03
2.090782393412992518e-03
2.500315492840561680e-03
3.046505844068948983e-03
2.610842452085367343e-03
3.229844675782849762e-03
2.599560767956110921e-03
1.341770987785297076e-03
1.746091624348288093e-03
3.156155023134198882e-03
2.165644821584218182e-03
2.644531042724877767e-03
3.040847389537771998e-03
1.498765667998052048e-03
1.464190037141110913e-03
1.273700183066105033e-03
1.607058432780575016e-03
1.674974815556611908e-03
2.843050096089109503e-03
2.693166834618386431e-03
1.698589008121750583e-03
2.486791031597301079e-03
1.285079251526867646e-03
2.025116879489809521e-03
2.674005794930398548e-03
3.915183991351752456e-03
2.615665834215906514e-03
3.633274447914470844e-03
1.323986362340643253e-03
2.018714166552033895e-03
2.179743752811644664e-03
2.271179534788050122e-03
1.955536882979305030e-03
1.865592443921928415e-03
3.326697361340882550e-03
1.046434002538116585e-03
2.399204870515394411e-03
1.356759259880559263e-03
3.078578451809583887e-03
2.332709336286326127e-03
2.286777189098997999e-03
2.085320901955483707e-03
1.505461340106160721e-03
1.068984599485885015e-03
2.168697152197848754e-03
2.228067156052520540e-03
2.884860722175854215e-03
2.096248183313398090e-03
2.667630382078509284e-03
2.205050366830930281e-03
4.201070879395800428e-03
1.389160422387743015e-03
2.389978044815664268e-03
9.744697028979145120e-04
2.098149507692574720e-03
2.257246910163547039e-03
2.244959207230550358e-03
2.570823492605529576e-03
2.379265964067843984e-03
1.889117875716039667e-03
6.813845088148671320e-04
2.439212488820393949e-03
3.500630597238297680e-03
1.930686508746818795e-03
2.394326896156575169e-03
2.319648848259933324e-03
6.701744971551400242e-04
1.073575406225379947e-03
2.084256909666487145e-03
1.495876143539436997e-03
2.325305724763885792e-03
1.592966892432923264e-03
2.505689761092786631e-03
1.430902707096977713e-03
2.500891219244226384e-03
1.674671543050678399e-03
2.261156804472350557e-03
1.750415882458340950e-03
9.996700298910547212e-04
1.561843805814658098e-03
3.643916028724394907e-03
2.156969912894451339e-03
1.379828266743806557e-03
1.727051995327167321e-03
9.363652265586154934e-04
1.754120850303346468e-03
1.027346329217465300e-03
2.796712781171708725e-03
1.661926365685906020e-03
3.368427696870188951e-03
1.820670601318655170e-03
1.788278991687212733e-03
2.497751258841948620e-03
6.329064589587204493e-04
1.973265422761867269e-03
2.164066923200501803e-03
1.604772466575999810e-03
2.875663645737956686e-03
1.925563377333416176e-03
1.630597440915621411e-03
1.985840586472983459e-03
5.996077184282762275e-04
1.343943053016379702e-03
9.763089331879410424e-04
2.381400292784889745e-03
2.122711060547625289e-03
1.331663614856946898e-03
1.756203510129361730e-03
1.960751436328714639e-03
1.681951962252767590e-03
1.788075962561725069e-03
9.700525820713723317e-04
1.614474206941016697e-03
2.085827743835468647e-03
1.457260033524421673e-03
2.604917900872567946e-03
2.804504061415238978e-03
1.718754870348667991e-03
1.132600037141139222e-03
2.536430376287521216e-03
2.220953695060308257e-03
1.697732215554198162e-03
9.387442574765933597e-04
7.001899715338304230e-04
8.858876262469578527e-04
6.209560889907233009e-04
6.989531051749889312e-04
1.490312092110400400e-03
1.305011566135133583e-03
2.561102831114092041e-03
1.290700345180167312e-03
3.024111462978858276e-03
7.993056370495937868e-04
2.101666328329905228e-03
1.416077543062096555e-03
1.313433813391932286e-03
1.228869284402461055e-03
8.957176028722398445e-04
1.771211701385265371e-03
1.213541955453850425e-03
2.345471908311644229e-03
8.750411141242819780e-04
2.294079272526286344e-03
1.339461919360221322e-03
1.977039720025686523e-03
1.473110768403405055e-03
1.228996582033705298e-03
1.585884227440033465e-03
2.349833994799794146e-03
1.590599203821268723e-03
2.568730014028016567e-03
1.896413189991337338e-03
2.163073155456886245e-03
1.880512758416606842e-03
8.461321020118818884e-04
1.223316382856005262e-03
1.753216084277867386e-03
5.335922873622008173e-04
2.259966130881636663e-03
1.729127099771956763e-03
1.375311737327567646e-03
1.200614031270068587e-03
9.719245076016967732e-04
1.127096560127671633e-03
1.203739464214529991e-03
1.315460525623595930e-03
1.886037070463565234e-03
2.725758092880486289e-03
1.909859676884551960e-03
2.239998718260280668e-03
1.242876874586041356e-03
1.545851232530923549e-03
1.208418938148091929e-03
9.523057265126284561e-04
1.433591069907554907e-03
1.154447755295086525e-03
1.035295816249824554e-03
1.642387784848707436e-03
4.092717466303891932e-04
1.249061457364111739e-03
2.002703358238312487e-03
1.337358256494917616e-03
1.050147848748570530e-03
1.532260607241091093e-03
1.412828835974837185e-03
1.663628699939749067e-03
1.892186302088772962e-03
2.044388861428278383e-03
1.496596125202418305e-03
7.875156003982713808e-04
1.787105838489691945e-03
1.592480610328951508e-03
1.916000238610657226e-03
1.997475109059328267e-03
5.976679588570744375e-04
1.523914378321569296e-03
1.151137716171757308e-03
1.924033249477884438e-03
6.664611101291524620e-04
1.149272897747441935e-03
1.345776230786941991e-03
2.358683699187491198e-03
1.167158299264897756e-03
7.941390003404253002e-04
1.271126947919615875e-03
2.518386152125836296e-03
1.956451801342165477e-03
8.817705109498644861e-04
2.415991827478401917e-03
1.142469506972545014e-03
2.458338672353029605e-03
4.730913648471999516e-04
1.810284482173455355e-03
1.190229852699161176e-03
6.942491210114822746e-04
3.019080882679220021e-03
9.176084028550778428e-04
8.252277703791764587e-04
2.132910273582652640e-03
1.201010999100997432e-03
8.510980128773900201e-04
1.983982704675570086e-03
1.544724153861903827e-03
7.003761840593436712e-04
5.869246821870590736e-04
1.924480978116806630e-03
5.511990276167622223e-04
1.334677691820707101e-03
1.276704771440654012e-03
1.380610723366534637e-03
1.421292660249273004e-03
1.209947584084186244e-03
2.228292860155804429e-03
7.735462354599966167e-04
1.359552366510585752e-03
1.179008028523894237e-03
6.129391667990753733e-04
9.278023403707076708e-04
2.753188689162762177e-03
1.136072733136981802e-03
8.120132007563788529e-04
9.506741300175328580e-04
5.281190907505511336e-04
1.103267092504402799e-03
1.986046293834798065e-03
3.370169281261635300e-04
1.502257532115812682e-03
1.189274726763371419e-03
7.686219200689859907e-04
1.801322820302375238e-03
2.470437947793252976e-03
5.303607076404403967e-04
2.215807940418569166e-03
9.003241591832562927e-04
1.314372195343527444e-03
1.377696288418646040e-03
1.752637608403296958e-03
1.210825596908273903e-03
1.315412421071018292e-03
2.298227089608420853e-03
1.812594437054463421e-03
1.003551897822640114e-03
8.313735688648019951e-04
6.563898222476898100e-04
5.848173235157659968e-04
4.682652073944299073e-04
1.519431081104686459e-03
8.124691946776953135e-04
9.312946113316676253e-04
6.085587884980079177e-04
9.426381604858191697e-04
1.178066033764457775e-03
9.772770210287142802e-04
1.007492069972245469e-03
8.024884864451047560e-04
4.031043355325018428e-04
1.555104319039280316e-03
2.217107069882347150e-03
1.466817343922794791e-03
4.942400232862910383e-04
1.394360308538381780e-03
1.183058085623966971e-03
1.860237195920542205e-03
1.092349385379467542e-03
1.675859828264975081e-03
2.971126453217990196e-03
1.053888341659503861e-03
1.129431618754106513e-03
9.201227534434420737e-04
2.212294446942074996e-03
6.801129888729366300e-04
1.210659046080023692e-03
9.618120625291047641e-04
9.037750638401810793e-04
5.096865100677118888e-04
1.212872459823112134e-03
1.459312538783668007e-03
1.150485267654101059e-03
7.618486548662443221e-04
1.424541567660644057e-03
1.450261873651945274e-03
1.667762318029004541e-03
1.121416051814184316e-03
4.464469791306481159e-04
6.314605413905974209e-04
1.208712052070951525e-03
1.697505994957444753e-03
1.791654543835757623e-03
3.043736313104207069e-03
2.374318515503853408e-03
8.998437247124876090e-04
1.495686372178380323e-03
1.041719502497952731e-03
3.799948468449326463e-04
8.288941664224392476e-04
7.309309728048252706e-04
1.921928837719420790e-03
1.707081905021083298e-03
1.097263653671969865e-03
1.843269815753615943e-03
1.030428208344096215e-03
9.922344000759257716e-04
3.692191366044571006e-03
1.144039568250952493e-03
7.790142916253082854e-04
1.543334879279846571e-03
8.487875029448497654e-04
1.532533787203202566e-03
1.445422588499383149e-03
1.636387187562850449e-03
1.203097390723405864e-03
1.486237343129630240e-03
6.358132741776745343e-04
5.245525664125251335e-04
1.311512974182095590e-03
8.166353370125245667e-04
2.891208812503773609e-03
1.528828205002464961e-03
2.679626975812191524e-03
1.178723959664898773e-03
4.786260246695120467e-04
9.374409867769491027e-04
1.529475417559736762e-03
1.331453538160912121e-03
7.289805219846299481e-04
7.115779885355285207e-04
1.173365680745777672e-03
1.273572060182189252e-03
7.718655803148833294e-04
1.582246547161737620e-03
1.058078878532681556e-03
2.012886486326769843e-03
8.390466588849998129e-04
1.575246804195370000e-03
8.895351556185723905e-04
1.489346217052571995e-03
1.397123525765364086e-03
2.806956347060700265e-03
1.642074287308446009e-03
1.102936417301308850e-03
1.445667746870825041e-03
1.872369169388380956e-03
1.401581761202633312e-03
9.337741627273344908e-04
1.095033809957380710e-03
1.358805357499844220e-03
2.709571715459536696e-03
9.233170696800252009e-04
1.342081796630217264e-03
1.024103506199357553e-03
7.309712603181826645e-04
6.215769245423883801e-04
2.535306520483368402e-03
8.749390845926688408e-04
1.550336861830954073e-03
1.416638033709351945e-03
8.884520502376370456e-04
6.708219166777847249e-04
1.456154966318100926e-03
1.358554372405477214e-03
1.354427536212058107e-03
1.702306938938915335e-03
8.003547550315249061e-04
1.099922841721741491e-03
1.018965751327082295e-03
1.307847053238412596e-03
4.427817152375173259e-04
6.991299683585371766e-04
1.715267992760775850e-03
1.378767881402837145e-03
8.000101634018985447e-04
1.526952460008777421e-03
1.451900159197541977e-03
1.682139793852725123e-03
1.913543968422305210e-03
4.499796962649659665e-04
6.324717701448690031e-04
7.626843317996449606e-04
6.714241295374162762e-04
3.073344185604806361e-04
1.666612248812380029e-03
1.058618434912516693e-03
1.622805033920426748e-03
7.759137271490495601e-04
9.435072236273527512e-04
1.381648798610709107e-03
1.681136932782879108e-03
9.572480290815666435e-04
3.226663081761003515e-04
1.971733522141649615e-03
2.037072452437794709e-03
2.919442202843520475e-04
1.515812774522144399e-03
1.256285912423226597e-03
1.658781723703631108e-03
6.514848999566249816e-04
1.689386198079889699e-03
3.947543999090089386e-04
1.587982668980112344e-03
4.663105772724987367e-04
8.876986683336516833e-04
3.376166575801350391e-04
1.007386054132632059e-03
1.370319618685694307e-03
1.247289523200257157e-03
1.108346996469016963e-03
2.098069973265621890e-03
1.222309779132399205e-03
1.647154511257745840e-03
1.563157970611149528e-03
4.356802139620349684e-04
5.727263317597002966e-04
9.388885774789689680e-04
1.394602983086977487e-03
1.225788643585367082e-03
1.178469960088586671e-03
1.618100924624450276e-03
1.131184912134189716e-03
1.018863550743513138e-03
4.822434208818122958e-04
6.307699365207202315e-04
1.571652194708093820e-03
1.072847409277395865e-03
1.661889574683643282e-03
6.629090342769786539e-04
1.086718609621875956e-03
9.490760022165624149e-04
1.252364498174492278e-03
8.182651112619091774e-04
1.633215033908088504e-03
6.992563483296193681e-04
1.120756533843098078e-03
1.408207164238864341e-03
7.555031147020447712e-04
1.085564130493952249e-03
5.739911348678101034e-04
5.772097667144030896e-04
7.317448872202905004e-04
1.493501159591031306e-03
6.652419413658989785e-04
5.587104076810209090e-04
2.006105889802042158e-03
5.781188976970069770e-04
1.153306652504665309e-03
1.472830799271816976e-03
1.742898216594923307e-03
4.211070856035538054e-04
8.424440435157098343e-04
1.288074876269288196e-03
8.181389156925254324e-04
9.749422873899184130e-04
2.075189773547998513e-03
9.805926994992651170e-04
1.432172459948823171e-03
1.392812784096828698e-03
2.051936350569995640e-03
1.039082357418110066e-03
1.648885336244981402e-03
1.276212307065496820e-03
2.620876300089103588e-03
1.410807880366188186e-03
1.740022144407859074e-03
1.722542923673820456e-03
1.808799626412518685e-03
3.213941289099026943e-03
7.795717014738513979e-04
2.853476312295230013e-04
1.479398131381663619e-03
8.930189604843862330e-04
2.086518047412694310e-03
3.205101355242214681e-03
1.653141076559835627e-03
7.127297625383760288e-04
1.895173399506733898e-03
1.171339041136695153e-03
5.900916294985881832e-04
1.154487726446077386e-03
3.926786014975546012e-04
1.303693283265925989e-03
1.237601375256856470e-03
6.133536271875093598e-04
1.611697181901695355e-03
1.479275375574001751e-03
9.263532866191970033e-04
1.012086578038217050e-03
1.140800633226943944e-03
3.536325388018195042e-04
1.719180893619510911e-03
8.809856293527141852e-04
1.691918603189491782e-03
1.403964966800595260e-03
6.234269805169956715e-04
1.088637571653371279e-03
2.704808456116577619e-04
1.339374061099032247e-03
1.168731967458737581e-03
1.601475326159417390e-03
5.604572069654460741e-04
1.508706576857386360e-03
1.763189469288703893e-03
5.956789466491652909e-04
5.664572722490961252e-04
6.606321375498662180e-04
4.853958300104906868e-04
1.098592948705060489e-03
1.221456534683430231e-03
4.608957296874560314e-04
8.678309272301353277e-04
1.285269684643889883e-03
3.617380215292171144e-04
1.503630266713100331e-03
1.372700895459814507e-03
2.861671437392343683e-04
2.944503174436581940e-04
1.596770589092341274e-03
1.758460865489453210e-03
5.651162166647313509e-04
1.029108447249205702e-03
1.506627269091905625e-03
2.123200411261004852e-03
1.387706425160063458e-03
9.431529954701624091e-04
1.301582040799001893e-03
2.493066125990271546e-03
9.706932556318507684e-04
1.874099070402665632e-03
7.513196463203225322e-04
8.364447318232704843e-04
9.289722865338755336e-04
1.165264712918250099e-03
2.164395247895270231e-03
7.538129510106885735e-04
8.589845738229464353e-04
9.762406052627618574e-04
2.319790083137034109e-03
1.541161212906018213e-03
1.241765855635223624e-03
7.179251391665490614e-04
1.742053499617790958e-04
7.730624811534171636e-04
1.390467730696708700e-03
4.880253010339243545e-04
1.629066642664485191e-03
5.390546290750381202e-04
7.483044469012054781e-04
1.224760241397918233e-03
4.344554808943971525e-04
8.576400954769673778e-04
1.232295386698188449e-03
1.964189805700373471e-03
9.172650344887276364e-04
4.757340608438680391e-04
2.014273358186868638e-03
2.101368937246889633e-04
1.158884085711546800e-03
2.437110142009362693e-04
1.108056356492502894e-03
1.040969912134956420e-03
8.067441719508247535e-04
8.554659898353986734e-04
1.024947867286858660e-03
1.124700460487791523e-03
3.953784844804553145e-04
9.380668959496173262e-04
4.618142825670714193e-04
1.223910845033022434e-03
1.259714464844836988e-03
4.231067747450185977e-04
4.108673788837758972e-04
1.709404310766525882e-03
6.871405794121828760e-04
1.309536390216683218e-03
1.084621961340825327e-03
1.017814145219668887e-03
8.470351276606689255e-04
1.930124451010934621e-03
9.175607338353398154e-04
1.050764981972328359e-03
1.070334443253243614e-03
8.507381105932541442e-04
2.156036559890138439e-04
8.324899893999005004e-04
9.545135861697427769e-04
1.427411077720480183e-03
4.283839009773879195e-04
1.218018992355515652e-03
9.491123723013608583e-04
9.043362155843643214e-04
5.534332973208991140e-04
1.350545867601653151e-03
1.230924140612956385e-03
1.040227932645026217e-03
1.523795478134221983e-03
1.189062693367189030e-03
1.566411437272084185e-03
2.384054362205843044e-03
8.454855391470481735e-04
1.384064995022533072e-03
8.846929345903589530e-04
8.217518565967572982e-04
1.280049800127800287e-03
2.432611667453782236e-03
2.172136536075412652e-03
8.768340162748979342e-04
1.225062431084418015e-03
1.122175588325207557e-03
9.766811183148781540e-04
1.864789446601441102e-03
1.069582740023151610e-03
7.063595175470377147e-04
8.422643680248229764e-04
7.291509259437739358e-04
1.774550570585239169e-03
1.826917805139930155e-03
1.274355022104388868e-03
9.348590790561189801e-04
1.131788844833546762e-03
4.410502872030400644e-04
8.277015487554718583e-04
7.399676298123532151e-04
9.013027117970116159e-04
1.797863115769102009e-03
7.360732552379706901e-04
8.795484782756399743e-04
9.746444382975066748e-04
5.296476161940431165e-04
1.160770255297181820e-03
6.346921070373762099e-04
1.741417004478114589e-03
9.484000750739537402e-04
7.286183811014144193e-04
3.103049421169995557e-04
7.337061712291920515e-04
3.467175263417015488e-03
1.466073240693048529e-05
4.239684792966057041e-04
1.493388543331876893e-03
9.801621946741625579e-04
2.786115749791306115e-04
1.759241940049472005e-03
4.991116466156998938e-04
1.147420461080080707e-03
8.311063322823306326e-04
5.519158183404464495e-04
1.282383406383588893e-03
1.569743073690289294e-03
1.890512410009925542e-03
1.245710752181602293e-03
1.721253115087625473e-03
4.507999807897795160e-04
2.058896997661232436e-03
6.110397160131611580e-04
1.036812354879282014e-03
2.493276396711659616e-03
1.035164842922518770e-03
1.467701079283194722e-04
8.877184183616236785e-04
1.310446469716046274e-03
8.513362829626141236e-04
9.287739601067990019e-04
8.796828233701007357e-04
5.745486528419975047e-04
1.572471140033091224e-03
1.479110908747962140e-03
7.874144179713318684e-04
2.844264555728637798e-04
1.343127012050550828e-03
9.646223131661470348e-04
1.011903318481082847e-03
1.653952739431628757e-03
1.514005815372999929e-03
2.139286953998773867e-03
1.717074152176053517e-03
1.455712499970373977e-03
1.707872479675695901e-03
1.390309252425942724e-03
1.907439650981530756e-03
1.677777975809501216e-03
5.650828002825516614e-04
8.208718285554435831e-04
9.816258606599409606e-04
6.892982614900989690e-04
5.677111388128641299e-04
1.638848436939570503e-03
1.282444397683149854e-03
5.091540152854769291e-04
6.988180093125145485e-04
7.583706410618541727e-04
4.420927423847059506e-04
3.028809249442251505e-03
1.629176561658089153e-03
9.010450363677085985e-04
9.962804706480797492e-04
7.080204291879083718e-04
9.540478013131495913e-04
3.367258950651971024e-04
9.389279586553441175e-04
3.029351705384553182e-04
6.101494742887684586e-04
1.463599504215411934e-03
1.644264082557468122e-03
1.329362558901878936e-03
4.168806305534477328e-04
1.443252243636376601e-03
7.102153564374109884e-04
8.099443927728414280e-04
8.969354975762058142e-05
1.028844948993617959e-03
5.684490888043575900e-04
5.797747561023478555e-04
1.399929142250633859e-03
1.314401028178504216e-03
1.712277015952262844e-04
2.427267207038267703e-04
1.675032136369329584e-03
7.136281028772693174e-04
4.855746941291301608e-04
7.626087385032879421e-04
1.537377784617715995e-03
1.418280982961503053e-03
2.113075673541113791e-03
5.386374965636067614e-04
4.830644125092250292e-04
1.823473029642673233e-03
1.881689486067459911e-03
4.417396578521346579e-04
6.958887909083828153e-04
1.108150763441981962e-03
8.577771287672770030e-04
1.493617947558867885e-04
7.341409991357682489e-04
1.256624653137467743e-03
1.494112821352335235e-03
8.863908731389172086e-04
7.190376199229957027e-04
1.112765108780272268e-03
8.638986092759451136e-04
8.978881216504860235e-04
1.107140647361584641e-03
8.244621956509501750e-04
1.011981630772165307e-03
6.802254603950335255e-04
1.472153788518910890e-03
1.184406991253589671e-03
9.259865405969449834e-04
2.394593900236958312e-03
1.302481011686021806e-03
1.159432222652297811e-03
3.753431202077756328e-04
7.747960736963191344e-04
1.141141102236422266e-03
9.667321878275327018e-04
9.624119888689503053e-04
8.674405569571693245e-04
1.745050745461903738e-03
7.049733723980161930e-04
2.033980873609004050e-03
2.082260517283140207e-03
1.027971186711733233e-03
