1.208507891219128385e-03
1.284296623385295516e-03
1.632599964158642017e-03
7.764142232629306145e-04
1.562578182219502088e-03
2.188344942499947932e-03
2.308797087955792408e-03
3.782905297841498028e-03
2.293122128595391149e-03
4.014365953386576924e-03
2.742526705446023550e-03
3.167813867823702015e-03
1.868990162612229082e-03
3.021719542580860417e-03
3.195966791402579058e-03
1.315818996905016068e-03
1.013287903219169247e-03
2.810661019066827433e-03
3.575421916555196825e-03
3.350431716151348795e-03
2.957667691017969603e-03
2.844138193234087113e-03
3.738112097512458210e-03
2.283433472159551551e-03
1.875040504397641620e-03
3.976856177961230789e-03
2.981050925309380178e-03
2.792433867701175649e-03
4.041216013640620136e-03
2.545329904310000401e-03
2.783878122094183335e-03
2.417623253282433042e-03
3.038859648940946644e-03
1.691889656095448393e-03
4.978557821708168296e-03
4.263418976096581756e-03
3.217248028810933049e-03
1.585497091662912018e-03
3.013605963809703851e-03
3.255224662051561715e-03
3.499285622403957349e-03
2.104900710258820334e-03
2.374266631254667338e-03
3.231300880308523443e-03
2.881544501242997835e-03
2.423615463015011805e-03
1.478270091844126550e-03
3.406368599778525352e-03
2.882159042628311928e-03
2.973767926376746137e-03
3.273293626779570122e-03
5.987890083232671676e-03
3.454178654941580592e-03
2.137317561106816515e-03
3.743426472612155359e-03
1.684828948859444118e-03
3.172786079366184987e-03
4.127886998376782170e-03
3.815442765285584088e-03
1.871874822385023295e-03
1.687421036502913035e-03
1.682524446888951320e-03
3.772593940294106333e-03
3.714678313378749503e-03
3.974128524694898155e-03
3.943793789885029905e-03
2.124895493213519414e-03
3.174283326803078054e-03
3.301943532649381091e-03
4.045623101480980664e-03
2.367383580497778566e-03
2.749456269743640567e-03
2.684667077608501179e-03
4.045970170826931889e-03
2.803529216031280889e-03
5.264612910200640664e-03
3.245784901895277467e-03
3.565574716502038864e-03
3.264693241243975252e-03
2.740249653779853328e-03
3.761869371562941589e-03
3.882196092476088937e-03
4.595422741740596943e-03
2.533657404692049326e-03
2.521034563980491770e-03
3.241029426450624251e-03
1.629854587609877881e-03
3.445811482656899270e-03
3.450675827578796994e-03
2.355117343192250547e-03
2.496721976027141410e-03
2.000948430513054682e-03
5.720081932801193182e-03
3.822554640524328164e-03
4.861457534295282081e-03
3.420956624511999576e-03
4.094429305750648014e-03
3.429300276532552209e-03
2.980533671855619803e-03
2.696531487459728239e-03
4.035890669445355364e-03
2.882343746026355593e-03
2.235921692870436028e-03
2.678165029980133973e-03
5.480163086801377419e-03
3.189837491460695111e-03
3.167131525887323384e-03
3.051124780160792416e-03
2.366876955547094971e-03
3.225359277276297967e-03
3.697201373360946546e-03
4.193769139466308263e-03
3.124773409644696597e-03
2.462855284887223960e-03
4.192379797551004823e-03
5.290704253019068611e-03
4.646953381420667294e-03
4.118841691057071631e-03
3.100498569753885707e-03
2.406505794501283962e-03
3.445053415278086228e-03
3.694749770549809933e-03
3.895688834171059933e-03
4.543752324503828183e-03
6.434962325576453618e-03
3.361341763599900220e-03
3.477102053761276824e-03
3.539487131240845030e-03
5.896680861777591626e-03
3.821795104129874655e-03
4.416314170400351125e-03
2.525695526725124564e-03
3.029121675552831627e-03
4.618907017472237420e-03
2.744436022759602200e-03
3.069994480339068802e-03
2.601916828890831097e-03
3.840000151374796042e-03
3.323083118779145053e-03
2.871423443222750286e-03
3.213529625077857221e-03
4.366568551202650722e-03
4.405396072786207408e-03
3.624551212890574688e-03
3.041878377411330950e-03
4.524326638549333590e-03
2.296600802865898534e-03
2.220081622952419734e-03
2.172497015337706162e-03
3.937879757969027852e-03
2.235489973594473496e-03
2.816339764186529329e-03
1.954884665813131674e-03
5.492638722641603882e-03
3.756221371801701965e-03
4.577891384330899302e-03
3.592343533637577281e-03
2.342114231491345799e-03
3.660204413500524855e-03
3.424834274439477085e-03
5.148238313428879498e-03
2.948060834049723994e-03
4.278417178868826505e-03
2.905431565416926806e-03
4.383701537737934306e-03
4.096439862117069904e-03
3.190972885357666773e-03
3.082974066984218130e-03
2.607298742815198755e-03
4.397574162173014181e-03
1.163115877962210901e-03
3.266434575114165843e-03
3.317668852086521746e-03
3.284884009156877147e-03
3.108091079060152848e-03
2.529968963083576057e-03
3.761447127079532455e-03
4.545787249972541716e-03
2.715245157224375257e-03
3.243734801131470478e-03
2.343417938766900570e-03
4.265643740340456860e-03
3.166819795726590493e-03
3.526813574789042054e-03
3.708930917000786542e-03
4.744743865294736955e-03
2.422106607453009160e-03
4.308165352577312916e-03
4.832730607962038710e-03
3.729382195294352140e-03
3.321053245171545851e-03
3.616170776324300132e-03
2.790651877656407515e-03
3.492684671624816332e-03
4.108093119303776221e-03
2.966178903538077127e-03
2.226669919425289940e-03
2.227302487742153104e-03
5.090946031004816609e-03
4.563844266785840875e-03
3.903937179273341516e-03
3.475673520095892439e-03
4.359977579411131177e-03
3.546272449068051027e-03
2.751449211062490397e-03
4.633329816256423830e-03
4.765806809300206746e-03
2.239869856351061478e-03
1.845568410956729705e-03
2.290706518377031830e-03
2.622996261904787622e-03
4.499639674038089822e-03
2.280251481368899234e-03
1.193016847053923832e-03
2.308865986571396415e-03
2.543233085752916265e-03
3.802609551445149724e-03
4.671475231523640123e-03
3.091822166478826531e-03
2.783577417015683023e-03
3.474620451962222301e-03
4.297647957418443930e-03
2.988474799157486792e-03
2.890822480951132142e-03
2.186031286430919519e-03
4.729477273969500892e-03
2.955068927358749618e-03
1.867021198069988754e-03
3.270919017176714648e-03
3.387390863943092519e-03
3.444978784428326130e-03
2.896381549219104613e-03
3.335584349251221204e-03
3.095422886772476213e-03
3.686178995836372155e-03
4.536211239889662017e-03
4.056717025769593539e-03
3.879968430838117918e-03
2.821138457510217589e-03
4.988467288261702604e-03
2.278353714574354438e-03
1.830147295719478269e-03
3.791780825549620655e-03
4.056161317216022515e-03
4.378150221086186608e-03
4.272636279150825514e-03
4.062263804094032663e-03
4.483649533449547697e-03
4.522707379337247320e-03
2.554784926053960126e-03
5.192796397659288701e-03
4.109330224105598242e-03
4.787255253723993881e-03
3.476470163641341097e-03
3.614721740366622603e-03
3.951890727128967717e-03
2.197871360831617302e-03
3.629481701322424120e-03
2.326334538717741637e-03
2.062722321679302459e-03
1.605220890936499356e-03
2.514464604111500950e-03
4.228613452743378368e-03
3.501020406551738975e-03
3.394569919297226075e-03
3.107627945072325912e-03
2.143341312151074082e-03
4.880073707925870231e-03
2.961383806917406315e-03
1.807097740581899538e-03
3.150281503370973811e-03
2.901043264558153013e-03
2.956755683730088319e-03
3.125747492876179440e-03
2.980467706956110505e-03
4.626974461008594858e-03
2.698988666604054763e-03
1.915067729740050620e-03
3.835050975851572730e-03
4.935096464564574237e-03
3.282383244041832578e-03
3.806849232535050847e-03
3.247209166432560908e-03
1.890516144587880585e-03
5.539097205002493050e-03
2.735045907717469516e-03
4.734010416100779134e-03
2.533372787482930308e-03
2.850068677935915177e-03
1.915434020508662840e-03
3.502602809391815349e-03
3.904347251961756866e-03
2.223233651212645247e-03
3.658353271071141700e-03
3.152801726280632204e-03
1.350303110778256757e-03
3.214194230961849117e-03
3.122965154852162459e-03
1.772934027476054082e-03
3.964567987591227118e-03
2.155581695556480198e-03
2.177150823732467311e-03
3.884700750192355764e-03
3.644767612893303962e-03
9.056565946703639671e-04
3.797668241204650574e-03
9.690770297785350441e-04
1.457813779534321503e-03
2.195571363049592887e-03
2.585424424155701242e-03
2.241622094662629704e-03
2.728848044426458903e-03
1.849508659334510308e-03
7.204171037461147781e-04
1.755974989793217212e-03
1.481714535639757236e-03
2.297729918071768872e-03
2.519580621349059874e-03
9.638893822790773171e-04
2.565120283127521154e-03
6.854388864739535073e-04
8.079846531969134228e-04
1.246766366831354418e-03
8.038351841961209523e-04
7.043752194589204688e-04
7.527288428306360465e-04
1.013084522462503198e-03
1.147658975334460950e-03
1.055556880520907518e-03
8.936203414789463829e-04
9.586868027037210270e-04
3.445447270306774279e-04
3.795902318280875592e-04
6.157356853164473211e-04
1.059636111898889328e-03
4.887873242374322262e-04
5.027872621478576571e-04
4.244114289589114410e-04
1.133417629984636568e-03
6.181277516038606373e-04
5.067185350202448729e-04
1.270968903996344502e-03
3.414971054421158812e-04
4.735980384323177001e-04
2.693771084351812505e-04
1.183938781663878908e-04
6.426116450165093516e-04
4.159995418629965970e-04
7.626181762623760688e-04
3.904424103147723524e-04
2.731179612921008599e-05
3.743279907605705182e-04
6.203826320592354055e-04
4.610328206638108334e-04
2.926803536908017134e-04
1.014452313926950512e-03
8.100600185181625144e-04
3.714872453900601489e-04
4.048201544075005287e-04
1.556889844776536804e-03
2.014866679008030497e-03
5.418067401791069975e-06
1.900109626696015915e-03
6.841638133261394037e-04
4.648481564847937834e-04
2.626376938566973851e-04
3.593601276571668757e-04
1.431596838488951489e-03
1.306919344560479026e-03
6.479130776094469335e-04
4.448430487401525894e-04
7.066441561060041870e-05
6.439893318972849138e-04
4.375721633561337187e-05
7.142484084531922853e-04
1.458416385291420436e-03
1.000337572022514223e-03
4.685184976858403094e-04
2.669774945693467955e-04
3.947457180284537001e-04
9.343489605085976727e-04
5.224724124722076018e-04
9.166651538621262661e-04
4.974146383015704042e-04
1.851663661306347439e-04
9.265075814695683748e-05
3.297761135702223403e-04
7.155829053625362233e-04
1.248221399726403224e-04
1.504765027689642385e-03
3.058275826651535908e-04
3.266624012523292389e-04
1.070379170344607335e-03
1.476697402712388211e-05
6.206301044979754301e-04
4.905900902051288522e-05
1.350310215050420253e-04
6.802694426264973594e-04
1.588279501269972095e-04
1.445070470602016679e-03
1.553117569843929927e-04
8.596977017179420867e-05
1.890562208924142238e-04
4.813128112115384969e-04
7.341198601913083563e-04
3.064000386983899453e-04
1.530911414866703091e-03
3.388639179376312996e-04
1.253830174227895452e-04
3.812198805981216270e-04
2.461499513089583429e-04
7.119847470515597515e-04
9.901715509194523954e-04
5.246588483573238473e-04
4.719469286003201707e-04
6.054511927258461471e-04
7.524210707183135545e-04
1.195312101080240556e-03
6.327948710000797861e-04
3.745389988443758060e-04
3.428913698963885373e-04
3.127334771014277982e-04
1.664785182918993110e-03
6.597523428164276922e-04
3.170161692982044043e-04
1.285466325924961798e-04
1.849912885092571660e-04
1.090463069608963624e-03
3.721935107306422320e-04
5.121101574641065066e-04
5.324392930593626954e-04
1.207873302034811374e-03
9.046006113296871549e-04
3.128515838913291706e-04
1.455544571491682558e-03
1.166645622749816946e-04
3.815551483496970034e-04
1.459093059904897297e-04
3.071518858862207452e-04
6.763013113927160034e-04
8.044216296878791382e-04
1.019545115654671560e-03
8.923443450799407439e-04
2.746591748960379876e-04
7.223786917916436923e-04
3.499570238925638955e-04
6.993738548723823969e-04
7.395127460130628515e-04
1.612425463186646819e-03
4.959772866528921629e-04
1.009158290662081660e-03
2.412540670561051529e-04
2.180249106563762469e-04
2.239409742854221697e-04
9.175300956136005388e-04
2.573783878671057849e-04
8.057658228534784507e-04
4.317148471176179489e-04
1.119466052605487625e-03
8.271451588014323408e-04
2.449355351831764742e-04
6.203015562507922494e-04
6.918747874287769779e-05
4.984955613431497554e-04
1.364418241972271267e-03
6.430966634422151298e-04
3.008239518486327123e-04
1.106350759431114217e-03
6.950277084579297706e-04
7.749027032420047244e-04
4.991687189749331125e-04
3.869816283589378532e-04
4.010421944965535199e-04
5.584160382657019691e-04
2.339000558041027871e-04
1.186435914140758106e-03
1.437516550297937871e-03
1.224404329424601647e-03
8.972255449584164762e-04
1.171971468000997281e-03
6.155207605742073901e-04
4.602914124623886131e-04
1.485203794264665800e-03
2.518561380898940751e-04
5.223747101898257132e-04
9.387591734279290834e-04
7.377896877059224616e-04
4.819799332068792322e-04
7.776965637024162636e-04
1.343900509759122803e-03
4.921200815864509989e-04
1.138276047901704870e-03
1.411507331264763446e-04
8.364574928967041150e-04
5.481884352487479762e-04
5.004775353023399904e-07
1.383876414804498505e-03
1.190007771738488008e-04
1.974169788353608642e-04
8.372146399504025362e-04
1.067827014418033967e-03
1.451278629809352530e-03
2.258257244712732559e-04
1.035503600527169343e-03
2.224233343182060888e-04
9.899588762975542518e-04
2.937128127968025829e-04
5.767826057022570896e-04
1.302672362736887835e-04
5.052449645327227509e-04
1.138407429949531841e-03
2.082781155703049812e-04
5.787107760937369857e-04
6.007774402253588091e-04
6.237980301859479861e-04
9.488925889231629570e-04
1.072265024842850847e-03
6.528071475138980551e-04
1.202556445078741681e-03
9.840589448062838848e-04
4.984809799373861577e-04
1.017360122026103039e-04
1.193227361743979869e-03
9.148862969007311684e-04
9.863127421841310326e-04
5.499114255540512404e-04
1.719328062959800353e-04
1.070206452515634317e-03
7.481023834214308365e-04
7.822362739588791924e-04
2.840416864349082772e-04
1.027628817654376194e-04
4.192467066995546332e-04
8.812857388779005846e-04
4.199750150671391086e-04
1.012608756713469791e-03
4.943007862043112153e-04
7.329438867124053302e-04
8.632677232949198618e-04
1.205400311961499302e-03
3.805934079244575928e-04
1.828366676311120710e-03
6.553035979505050118e-05
1.313005559995624372e-04
9.762099570048387827e-04
2.243100774945179629e-04
1.124685975034662219e-03
6.184608249885566742e-04
4.873152006890959218e-04
3.141112014558399674e-04
4.237415509909441078e-04
8.148441349123851981e-04
5.187838038979016800e-04
4.910938783618159619e-04
6.180358873617124984e-04
3.294303719434106634e-04
1.219401072397417870e-03
2.726065262915906015e-04
5.854085603419024791e-04
9.426683193865270129e-04
1.437209055947449637e-03
7.850596874823109403e-04
2.766132762775388673e-04
2.387654878902918827e-04
7.380122053934919492e-04
3.919417579227234228e-04
4.891932467711550140e-04
1.842977926695022283e-05
7.375172300234118913e-05
1.863140904294509337e-04
2.175630938716782269e-03
4.782511234149157235e-04
4.209136425076853206e-04
8.646935389704925410e-05
6.441044737879534753e-04
4.763056386006021413e-04
8.497908966829842187e-05
7.307304334941966666e-04
3.862640183612315215e-04
3.854613250096101821e-04
8.703168824707248515e-04
1.063711187313558579e-04
1.237182316089525079e-03
6.754948728606772991e-04
1.003711734342235687e-03
1.442555574656205312e-03
1.078434076263732819e-03
6.957919915541162324e-04
4.696954544791800469e-04
1.536038743916128934e-04
6.322819993804764315e-04
1.200056660790754706e-03
1.032495044535349177e-03
2.766797284611979368e-04
9.146477918632396793e-04
7.998279511196578840e-04
2.677750475782783297e-04
4.429494474776244435e-04
7.182818509160166333e-05
1.133585658910395101e-03
5.922239870838816572e-04
5.614308670012654011e-04
2.453155991843953087e-05
6.391546492254427878e-04
3.775697414962859923e-04
7.747580835971377413e-04
9.003342729740092037e-04
3.916967813972208794e-04
1.011477806486368782e-04
3.864422443236897767e-04
4.325451530427327292e-04
3.674196587521983120e-04
5.364270715197350320e-04
1.406393401856267586e-03
7.299769959324338723e-04
9.382741088676485207e-04
1.062561442362200317e-03
6.499552279176018044e-04
1.400791830237913926e-04
9.405632477194766049e-04
7.127379211308738232e-06
3.485110793972857543e-04
5.472121910508595316e-04
2.268564917544994776e-04
8.304993045817042098e-04
5.959006180971916037e-04
7.236229311590701430e-04
1.266274936894655348e-04
2.736421741337178551e-04
1.426764576148843765e-03
6.621161693757512999e-04
5.657463989784982435e-04
1.740140109906555338e-05
8.818953511279234480e-04
3.991090287897640604e-04
5.592800986693920997e-04
2.502532863526889880e-04
1.789527754979666416e-04
4.600182043822233571e-04
1.072115242622416302e-03
8.395638925014179159e-04
5.400755558489097555e-04
5.370877177812705128e-04
2.405533586461139589e-04
7.388948364119412573e-04
3.463073541264970775e-04
2.859533751749604663e-04
3.685111390591511935e-05
6.982331585899996746e-04
1.382052529128062479e-03
5.243487742705341906e-04
4.275627835117370274e-04
5.300502285384753711e-04
1.765380713195874253e-04
3.589332262705186797e-04
2.217557192054841965e-05
4.414141481517065593e-04
3.005120783357387326e-04
1.244977738907400357e-04
2.181016850675039501e-04
3.835948003612532522e-04
2.021921713919473380e-04
2.859532198420447198e-04
9.506886061632694360e-06
3.042156904142370526e-04
4.243543790178465097e-04
3.504909559712748109e-04
6.464297420842483671e-05
8.487778535273902535e-04
9.933533639114801479e-04
2.672877414920259327e-04
6.444916445126230332e-04
7.326226192517624103e-05
5.493206013225901971e-04
1.018798075719473076e-04
1.464686910288270363e-04
8.530071447234448441e-04
3.117518264428011609e-04
8.292534882662880346e-04
3.810008550612395233e-04
2.944332544122727478e-04
4.173251181456721529e-05
3.519684560139962871e-04
1.370259084790597477e-03
2.341169504906759997e-04
7.564458066963228181e-04
6.448817698818095972e-04
5.860117793188099756e-05
9.582007631630266777e-04
4.753035960027679170e-04
3.456319761497961924e-04
2.689192358584426446e-04
3.808864884584625189e-05
3.597803394856117967e-05
2.617421488824921388e-04
4.556201920677083682e-04
5.444491510196787683e-04
6.321056714010555135e-04
6.159750572159855813e-04
1.628476129328100650e-04
5.969839195797612286e-04
1.858432717603203995e-04
1.661545004680738114e-04
1.075472978623655154e-04
8.429390690658107024e-04
3.436975632884793500e-04
5.200890853395556131e-05
3.459984482375530078e-04
5.158869332178716996e-04
2.058569528685155118e-04
5.434551030407518954e-05
1.085659484743276777e-05
6.305951278789362975e-05
1.804007715477320018e-04
3.036063910797720750e-04
4.642544149207398466e-04
1.999490019580060698e-04
2.352634913089418609e-05
3.278270575056823895e-04
3.332299578428044116e-04
4.118271774772508446e-05
1.275240656081451992e-04
4.588895643926056526e-04
3.826660337042251596e-04
3.861283882795164628e-04
1.240085342162811251e-04
4.862139156239958412e-05
9.476281831543886293e-04
4.372148251403776205e-05
2.741362763425433773e-04
5.167561771791286113e-05
1.532367961380306175e-04
1.118469734704474939e-04
5.549163728157054153e-04
6.325067075118481720e-04
1.453191356495262346e-04
5.173018559701553372e-05
3.324205735608472463e-04
4.676978894548699639e-05
2.149501427533140189e-04
2.498002538466557185e-04
8.886818422352069221e-04
7.774995144404839905e-04
3.086154893949081017e-04
4.154228883692553096e-04
5.784338389295830794e-04
4.026834921091991819e-04
5.871767025984077343e-05
3.469136705290745562e-04
9.706228598540788126e-05
2.564629385982336932e-04
4.230214267234945805e-04
2.181523079723664076e-04
3.753956677114626112e-04
2.767528525599510653e-06
2.135722851025769983e-04
1.750244183704357040e-04
2.414417182914550776e-05
6.450258737190918933e-04
4.944513543218927078e-04
2.033430785691751539e-04
3.972933606592923676e-04
2.826049458005119039e-04
4.380345593700601194e-05
3.503077360153994575e-04
5.443392102999124876e-04
3.960752413099045857e-04
3.721140327795856273e-04
2.488391750181635840e-04
1.293057966089704244e-05
5.679866490810142442e-05
6.275751786344555428e-04
2.161840956938016129e-04
7.519431625825854495e-04
5.615401669256571861e-06
1.769654126517121277e-04
1.351860609408737729e-05
6.673953197339967548e-04
3.035815716851161090e-04
8.081738815518627874e-04
2.325887913178396676e-04
4.420098741909205421e-04
1.217642595287961809e-04
1.383585489021770887e-03
4.460470984023057607e-04
2.279040705869825941e-04
6.196285240961976444e-04
5.080327393268814582e-04
2.735963209918997009e-04
6.463523688574284278e-04
4.070101788023192178e-04
4.886532341557603453e-04
1.808791612286614174e-04
3.078693936825294499e-04
2.989649959369416196e-04
4.779523941963063688e-04
2.166669658646238380e-04
4.155900068233174749e-06
9.821909725711780795e-04
6.255032447580423025e-04
4.979725071647736739e-04
