2.357205710972772039e-02
2.685230059653422388e-02
2.293325056788952238e-02
2.362288927015198867e-02
2.615926463304950322e-02
2.298532400097031900e-02
2.256397084688376367e-02
2.310298084143791800e-02
2.629316556973642846e-02
2.521853103209825003e-02
2.465429588819750481e-02
2.829348380556285375e-02
2.111017242665764321e-02
1.921299435301072195e-02
2.735348358560665133e-02
2.929448450618806279e-02
2.382408687332589897e-02
2.738720026704429336e-02
2.792516541714958403e-02
2.937113387276462512e-02
2.469927366334858515e-02
2.735765096202771862e-02
2.327703099789902794e-02
2.701015337216341669e-02
2.380306371835142279e-02
2.386171972413203557e-02
2.674932139272552176e-02
2.152102888531555111e-02
2.233521064579863796e-02
2.766243070910390234e-02
2.216890175554251524e-02
2.608809810795989503e-02
2.578532775524351381e-02
2.083434555158593729e-02
2.322047423032267202e-02
2.511788626242917460e-02
2.500127522217940670e-02
2.677114282807155701e-02
2.433424255490869437e-02
2.541009709317947410e-02
2.816481714723979152e-02
2.103879220572259928e-02
1.925251709928088237e-02
2.750837375527738840e-02
2.466893749542435621e-02
2.362440700586013187e-02
2.044510566882941013e-02
2.678454937368959440e-02
2.177023180293407092e-02
1.997025285314018433e-02
2.752283692247820338e-02
2.606665295404017244e-02
2.250222167336567852e-02
2.619194391780981998e-02
2.518335528319586361e-02
2.293045119932614340e-02
2.624264635060377313e-02
2.844617245822135196e-02
2.246568968608399219e-02
2.811102761194395061e-02
2.368295206327532612e-02
2.926974182375700201e-02
2.152806683332568818e-02
2.261449204449643771e-02
2.741076884410682465e-02
2.355933119659605474e-02
2.586723622704822576e-02
2.290113090379359423e-02
2.851264280037981574e-02
2.543978507372281206e-02
2.849128011943826908e-02
2.375945308669290615e-02
3.015371890443342001e-02
2.542811101199442952e-02
2.801488695360962108e-02
2.375676313742726767e-02
2.361796404381218129e-02
2.460010538265369751e-02
2.484796881290612242e-02
2.453034758592941358e-02
2.666007964293961099e-02
2.500707655591028963e-02
2.723423648381029932e-02
2.898546132908941600e-02
2.588957280885842080e-02
2.690712882709138734e-02
2.367660914662095620e-02
2.220932025415938565e-02
2.796956710898823584e-02
2.524486818199402072e-02
2.603082903503087936e-02
2.350598409190238561e-02
2.716210350901606535e-02
2.516602475204933811e-02
2.830382464303087334e-02
1.615306240864816667e-02
2.389257862530716134e-02
2.452108454272483237e-02
2.475537389439605440e-02
2.696427400248569209e-02
2.893207005696908640e-02
3.030853097672081206e-02
1.950708037956113555e-02
2.665174615793623400e-02
2.545393075372388847e-02
2.376927112330643951e-02
2.900133309203547713e-02
2.377270199756095770e-02
2.239132211385371635e-02
2.282285181515034123e-02
2.714215609973171309e-02
2.595642266573783621e-02
2.275334604419777806e-02
2.416255786059446492e-02
2.665248995970597584e-02
2.898664263951724121e-02
2.622366434200851595e-02
2.637419137248187342e-02
2.768828336008620841e-02
2.403954993528569645e-02
2.391096787244147148e-02
2.124251398326894302e-02
2.494719056488024431e-02
2.131510874513647957e-02
2.663227519285714731e-02
2.065333723891957587e-02
2.476402746904983812e-02
2.661296017184883525e-02
2.582498961801277249e-02
2.932651702614211264e-02
2.647366351191094216e-02
2.222102088750969873e-02
2.460153427078529131e-02
2.392802095565761678e-02
2.820567636848769766e-02
2.339384832567999867e-02
2.435694136959744294e-02
2.683781728539022526e-02
2.196407976066377249e-02
2.406564134701399613e-02
2.600455656343445693e-02
2.210611617045244587e-02
2.109980197343527472e-02
2.682508149784506787e-02
2.377597006773162630e-02
2.225924294229137540e-02
2.355694446347828680e-02
2.455470312871971955e-02
2.678438844646554781e-02
2.519948590117268572e-02
2.658963641846507492e-02
2.803597958321766073e-02
2.460687101742594154e-02
2.360140905913438170e-02
2.398484956741556151e-02
2.803226710676557515e-02
2.286842786893907714e-02
2.270792166964824554e-02
2.737204377918426093e-02
2.385749686434775890e-02
2.168057641362350352e-02
2.690296194500431046e-02
2.406864314587437922e-02
2.610785830167706642e-02
2.183322708476607976e-02
2.511396664755725927e-02
2.313089987115680979e-02
2.864256755480920624e-02
2.745992300548650428e-02
2.672957430343352730e-02
2.613354879780256657e-02
2.870064021536961746e-02
2.624557758431594195e-02
2.628266323790955789e-02
2.248305484482023692e-02
2.840930318404230256e-02
1.915040396912752810e-02
2.538362367785787499e-02
2.388157244985728705e-02
2.823685474444147595e-02
2.740536995283358521e-02
2.532711281778853712e-02
2.832481715813259596e-02
2.519807677093679338e-02
2.286942643787437390e-02
2.710198785760173021e-02
2.295728928524482307e-02
2.851653153905504487e-02
2.348024531581067303e-02
2.483549962249206877e-02
2.719517385038856469e-02
2.862999787144702296e-02
3.068201432064363368e-02
2.530924111699775145e-02
2.475112691681842503e-02
2.181677663956147623e-02
2.233827707856120628e-02
2.313158346712552646e-02
2.535665234528710135e-02
2.640919644035324976e-02
2.568961808226751659e-02
2.305180157685657663e-02
2.346708252095597996e-02
2.592649902855245422e-02
2.919845564114235265e-02
2.591738032526388902e-02
2.782724419858562115e-02
2.254885210722930647e-02
3.001915811151480151e-02
2.344758012312385745e-02
2.421685037631275336e-02
2.394866878089318279e-02
2.685295742649511028e-02
2.301480363439345131e-02
2.886420035474394560e-02
2.525036735384597955e-02
2.697169876559802476e-02
2.083659696277956677e-02
2.701416221781457669e-02
2.321149886609333649e-02
2.282737473638365988e-02
2.567948781151803764e-02
2.231961460496365707e-02
2.351997690875375427e-02
2.057589033263743095e-02
2.560022055844576178e-02
2.306417616945884846e-02
2.807933913082933178e-02
2.594488739712152992e-02
2.665074734236521151e-02
2.409448846210582654e-02
2.585960498138423561e-02
3.043321005437682122e-02
2.086682998093208202e-02
2.568509575279219123e-02
2.213696737330758668e-02
2.502267213652564076e-02
2.283361630457585861e-02
2.350220721108953192e-02
2.243721578633102801e-02
2.219100090940149400e-02
2.717398045233280351e-02
2.564350165512211191e-02
2.883260221336721510e-02
2.504212998773835269e-02
2.712816212049962844e-02
2.590957583968151248e-02
2.423809378302923048e-02
2.455212575144874801e-02
2.613371108530904846e-02
2.740413180234790858e-02
2.548418305074797580e-02
2.940164738056817717e-02
2.329168700558033323e-02
2.542310091173584710e-02
2.697387667836217626e-02
2.484283221102594544e-02
2.677936305794277952e-02
2.832138773410540489e-02
2.931520466796680782e-02
2.252383054524651623e-02
2.439190388446610055e-02
2.697013691627239002e-02
2.574724920224282301e-02
2.232817279014265993e-02
2.608808503218446040e-02
2.756107224785530468e-02
1.923179013013807601e-02
2.479130754938083797e-02
2.653878609858345214e-02
2.461396166344716890e-02
2.516550698331504118e-02
2.396541278142257439e-02
2.112653478441138891e-02
2.187548787109294679e-02
2.479264195997712625e-02
2.634343301856712644e-02
2.288758842191369186e-02
2.144953237924266537e-02
2.595724917840261034e-02
2.258062126614092738e-02
3.509438584272187717e-02
2.194575268159687856e-02
2.565265197799320232e-02
2.288824769040929269e-02
2.920278393511739276e-02
2.055439441679444978e-02
2.346922120982125604e-02
2.160282441057802955e-02
2.516250231811302529e-02
2.563606002895640196e-02
2.306145070583485307e-02
2.729501900783750865e-02
2.456782522014925446e-02
2.323010746131586382e-02
2.473899459859812966e-02
2.033981812967585942e-02
2.345672667226147631e-02
1.923955600989923215e-02
1.875357629893313269e-02
2.362257018803992983e-02
2.183824641231665170e-02
1.990639720020048742e-02
2.371220646101883378e-02
1.932269461650228809e-02
1.526314481145423126e-02
1.695434163497564622e-02
1.948145931094724323e-02
1.985058781623891960e-02
1.654553628712685312e-02
2.006997913332017602e-02
1.416435052245121860e-02
1.627016936985490811e-02
1.703934488870837566e-02
1.423274577693873708e-02
1.200904413466099933e-02
1.098994436897266641e-02
1.348239823782947273e-02
9.756127465605531415e-03
9.064100502208986485e-03
8.848764089342439979e-03
9.491031572251224305e-03
6.812246040797672632e-03
5.903020781420594172e-03
5.878123237288275689e-03
4.458355430755066816e-03
3.265297855126265709e-03
4.274858280586237708e-03
3.340575065175685303e-03
2.391466579153508215e-03
1.811497065321858403e-03
1.636496378883348394e-03
1.388417142708746593e-03
9.946836749897874832e-04
4.825340093959192217e-04
5.094365111281422449e-04
5.789366082931331507e-04
3.401750085649629359e-04
7.400547316277672125e-05
2.212621217203349392e-05
2.094551816829801224e-04
3.515852697641375037e-05
2.527030162875668639e-06
1.801811981480560296e-04
1.186440327232149334e-05
8.186968856145005130e-04
5.519730604639185625e-05
2.750527653887180709e-05
1.870473930474747212e-04
6.645415324257744139e-04
6.806066481678926718e-04
1.375007671718548544e-03
8.135088539021299988e-04
1.626798316710691085e-04
9.353786492291472779e-04
4.651283415971078417e-04
1.067194314172282199e-03
1.042131804859620101e-03
6.734717703271620066e-04
1.469531379763941697e-03
3.042811099122249771e-03
2.170498292171303516e-03
8.584751661545726676e-04
1.247653033823289048e-03
1.068737594421236350e-03
2.045677935091503880e-03
2.141662973436242109e-03
5.039741528405185852e-04
1.209278553352548507e-03
1.172995802138027469e-03
2.684022400280557281e-03
2.562085439547146914e-03
2.197859202066201802e-03
2.547291608444286846e-03
2.546536435405841441e-03
2.662549555464078545e-03
1.811605604222532237e-03
1.177226687026472571e-03
2.904974560542376676e-03
3.448501112128340984e-03
2.397181337999913613e-03
4.199110070061655084e-03
3.796078443532522814e-03
4.280389786682260896e-03
2.329156832266689355e-03
5.179291895921628482e-03
3.141040150810363654e-03
4.914481005090452423e-03
2.373987616038628241e-03
2.577322560295034273e-03
3.637619339369189790e-03
2.558720743657815887e-03
3.889469405870563719e-03
2.795123313805858954e-03
3.099085407103088340e-03
2.727207862243935695e-03
5.107631210559653544e-03
2.937417649793406041e-03
2.611459575840600466e-03
3.908543498438786339e-03
4.302377887565095663e-03
2.712421088394066388e-03
2.716279158845713755e-03
3.204299563820929477e-03
3.194574001492250705e-03
2.290697084555703110e-03
3.892788624984487231e-03
4.035514225588171869e-03
3.696847118949009130e-03
2.778791837810382342e-03
4.511085083311354091e-03
2.057811684525611209e-03
3.181959830712924927e-03
3.290171658760040162e-03
3.248581191727449840e-03
3.573593997210505052e-03
3.384503986578264473e-03
4.049803749271304980e-03
3.618351821203719728e-03
3.842627326110934199e-03
2.734120912533549198e-03
4.032228389605104803e-03
3.571859260963814505e-03
7.190586267247297755e-03
4.462946172177954807e-03
1.734015577577561508e-03
1.714982070023820604e-03
2.386351870458951110e-03
1.697850221081061324e-03
2.403927702929608331e-03
2.406856519896511878e-03
3.239381077014490649e-03
2.395388123643889429e-03
2.097215492224969047e-03
2.918309629636211665e-03
1.713733274446133407e-03
2.626210357275093540e-03
4.511713767042074483e-03
1.676444421541514393e-03
3.305046346040044561e-03
4.791681312824863127e-03
1.963478021933679971e-03
4.500818709898957506e-03
4.238156860484274847e-03
4.353847081453782186e-03
4.112063935468234996e-03
3.328331362867696739e-03
3.905220840340780080e-03
3.908365379362978113e-03
2.288777124597923211e-03
4.089131259248795364e-03
3.959036142333770616e-03
2.502848590678952156e-03
3.816457601987917076e-03
3.971554657076242778e-03
4.895472591564928658e-03
3.375019779532074243e-03
3.498624583140802231e-03
3.335815517354249506e-03
3.626091012978531567e-03
3.377324805855975390e-03
3.454446814736458326e-03
2.175265318214813452e-03
2.122664724772969740e-03
3.525883131762119500e-03
4.146698638004984658e-03
3.459354457907089838e-03
3.380704603661034788e-03
2.818566162631783688e-03
2.205845720621558634e-03
2.651031356603186524e-03
2.732933108167861277e-03
1.767974970062306589e-03
3.427393553663660424e-03
3.463664573802576179e-03
3.361733982166744197e-03
2.042102315580740426e-03
2.185031193550456517e-03
2.646454696886292503e-03
3.556455491191491160e-03
2.452002216646889231e-03
2.818395543225471998e-03
2.012218073208371736e-03
2.510420322770600364e-03
3.178640692279444211e-03
2.342639943696516857e-03
2.627065503226826138e-03
1.864777461084952959e-03
1.134737620850986102e-03
3.062389284218445650e-03
3.103619810243516981e-03
1.827467205806567905e-03
4.054519742994337414e-03
2.039008154880299264e-03
1.946104265115724012e-03
2.026937421163910527e-03
2.138175438616376697e-03
1.807969392707327793e-03
1.587719391489718487e-03
3.839197328440288343e-03
2.115638477558988862e-03
1.714976201275617050e-03
2.204278358489112580e-03
1.609943452392033521e-03
2.798882625071418169e-03
2.688020735439059210e-03
3.031196542809335998e-03
2.128991641411293653e-03
2.408224969300700943e-03
2.836968667470210655e-03
1.808262548875833606e-03
3.770132489651898278e-03
2.034731898959459516e-03
2.564335337959237904e-03
3.620344885344572994e-03
3.613494375947220484e-03
2.506374999345080661e-03
4.279316187449339927e-03
3.866363103501207869e-03
3.648135944045907686e-03
4.106574922893268739e-03
2.428584496499335693e-03
3.466508825459826883e-03
3.439321220542884694e-03
4.395322271544151865e-03
5.759158021350391406e-03
3.939315898958089916e-03
2.945560570470420313e-03
3.039269614153511292e-03
4.079820628390077447e-03
2.686990775271228937e-03
3.232558096839572345e-03
2.753195769983824478e-03
3.680884562136281252e-03
2.750514591632244842e-03
3.304281072061886464e-03
3.554871004007016753e-03
1.815083235128964580e-03
3.134635625492702537e-03
2.105321511066129362e-03
6.517468205577672292e-03
4.058653310788518792e-03
2.556126273538424261e-03
2.491995475881563643e-03
4.158509613997692436e-03
4.117220474765694201e-03
3.907709624933834378e-03
3.581190215791662905e-03
5.014340643744555868e-03
3.908502866352573345e-03
2.643485870377272097e-03
4.873626406473111072e-03
2.724638568475031518e-03
4.671855915359626570e-03
4.495848201624628657e-03
3.737661031198227790e-03
2.607721538341848007e-03
4.337839286709064927e-03
3.202103168904479793e-03
4.906592185375921629e-03
3.147423098553554961e-03
5.069588282377903918e-03
3.564436486970217442e-03
5.155893010433552394e-03
4.110160559345740587e-03
5.549573590395893985e-03
3.724146907711970919e-03
4.587104040978878111e-03
4.789392102169933059e-03
4.987035090628883643e-03
3.488756710685071965e-03
4.157500460257213155e-03
2.668624950496844075e-03
3.203978263041172298e-03
3.187013711150159419e-03
3.973349081907539063e-03
3.036018581955866012e-03
4.752083561173131229e-03
6.126383142800471970e-03
2.340552250335302051e-03
3.824277809953316714e-03
1.605079287408151239e-03
3.234417743932663149e-03
2.079865868729427556e-03
2.566991485824890971e-03
3.311096339656712396e-03
3.384208794502460878e-03
3.985081896890133903e-03
1.898226787526883152e-03
1.057977006539386313e-03
3.112523139432195676e-03
2.219106858080778077e-03
1.328117347894335054e-03
2.425759414405263999e-03
3.639073249521075290e-03
3.542662218164580393e-03
3.011941996114069452e-03
1.731039195983028606e-03
3.265388299773048977e-03
4.501801626145789451e-03
2.849968963090599924e-03
2.928652249893842936e-03
2.089806814528066565e-03
3.422414778926104531e-03
5.954376973499484957e-04
2.852621338829469753e-03
1.193591794065435073e-03
1.186615012248158239e-03
8.479980667150139196e-04
1.433526156517648305e-03
1.143468172272243044e-03
1.261604368057917848e-03
1.787707933880317403e-03
1.863006945787020483e-03
1.936867115530898319e-03
2.067269556160667050e-03
1.493428457405437297e-03
2.334780289133996101e-03
7.205992391095399378e-04
8.416095625405169882e-04
5.305081097176264334e-04
1.681061121549942607e-03
1.045576079279134573e-03
1.222320605079411536e-03
1.230494357583601889e-04
5.891638849037884526e-04
3.035768566523179383e-04
3.797077540241034247e-04
9.499470937866711685e-04
7.562664362112299105e-04
7.301691565943018922e-04
6.451898097873946976e-04
5.170371047515066529e-04
9.554233791518833415e-04
6.452854825587271345e-04
6.178681720717694179e-04
1.358089427948751130e-04
3.121254802868538101e-04
1.707154928678504980e-03
1.810080636243824000e-04
1.169858296205068251e-03
9.642548733673001393e-04
9.034000456437811305e-04
1.191105724192146817e-03
1.111026047191824868e-03
3.939361827480497699e-05
3.636428654746426490e-04
5.037174703312577613e-04
5.884927800792074228e-04
8.676932961119799897e-04
2.270744289345536079e-04
2.642266874769024758e-09
9.375201227712368708e-05
8.896859259030209788e-05
2.223146058190541966e-04
1.193898066422168092e-05
6.054177940608926898e-04
1.841895980469650804e-04
6.436627560014640450e-04
1.321552232767306658e-04
1.345074928398568340e-04
4.770121669316196566e-05
4.847240898642993408e-04
8.231857940304873980e-05
7.482580762168847092e-04
5.178185812468105243e-05
1.930908544414078277e-04
7.783508771305890539e-05
6.582891040512892306e-05
8.616631914733373821e-05
5.796010969667585152e-06
1.207217273921295326e-04
3.554602929883037861e-05
2.974064988497792522e-04
1.229791421075985863e-04
1.231243810581708663e-04
1.096006107984463232e-03
4.244113064909492509e-05
1.790728252442863003e-04
9.583672659211683398e-04
1.653860708264740854e-04
3.942276792952447915e-06
1.856904255098905257e-04
2.617552819161425744e-04
4.634493088926904523e-04
6.399135587521316776e-04
2.041695013937339077e-04
3.338418961407343499e-04
3.910566407508266691e-04
4.914472595613655643e-04
3.293917706172393503e-04
1.845457740122284857e-04
1.863085652095233715e-03
3.342207389561595906e-04
1.224072791882182751e-03
4.787894454472029133e-04
3.139932639611886143e-04
1.480657757868928282e-04
6.488290603204860917e-04
7.610369575406950460e-04
2.898993160495504464e-04
9.373651543943945213e-04
9.973391828025158275e-04
6.639991233409121060e-04
4.510491679190227325e-04
1.200063259761214403e-03
1.092028582509145833e-03
1.536354001922574271e-03
1.057444361652022831e-03
8.219245889490204389e-04
6.689089436085527991e-04
5.130238316004517331e-04
4.918804429183248330e-04
8.904363805054839841e-04
1.423753739561055883e-03
1.486580340938541004e-03
8.958986696671591889e-04
4.799979831079345975e-04
1.376920904273784985e-03
1.174978988919132697e-03
1.932096441711650013e-03
1.817767074592178218e-03
1.183495653725501369e-03
2.215875021743086894e-03
1.930404200488813849e-03
7.031496620024104902e-04
1.518367372411827789e-03
1.662317848137113453e-03
8.145666580711241438e-04
1.787957696368768163e-03
2.026906574828915564e-03
2.107251121263662395e-03
1.827491109487163791e-03
1.953129024970235144e-03
1.986216919236130207e-03
1.748951095061395495e-03
2.583105673643993922e-03
2.060138132201066053e-03
1.333944645076861821e-03
1.125934114601201451e-03
1.880222568900988787e-03
1.743028872901457912e-03
2.328791076970413744e-03
1.784584154790264240e-03
2.521745601686586988e-03
2.198728009683477164e-03
2.891904577108577335e-03
1.667787853334800827e-03
2.205408088270004001e-03
2.748399526744729759e-03
1.570866634420924838e-03
2.308966991686297286e-03
2.784144639672856466e-03
2.193016427438593957e-03
3.008882525970089580e-03
2.184880210063243431e-03
1.932984346016299168e-03
2.392676714790167858e-03
2.346363719998908332e-03
1.891921256074519412e-03
1.991679618783554449e-03
3.952537600759402185e-03
2.401514148201865269e-03
3.362541049283228681e-03
1.127587504312819794e-03
1.680796063626638056e-03
1.536172152830223231e-03
2.689252272041720362e-03
4.402254243586039770e-03
3.534492454479752632e-03
2.397819776625252641e-03
4.108251565355688743e-03
4.099969393495678932e-03
3.322235178205677850e-03
2.528612796245163514e-03
3.344920122140996026e-03
2.251856064383012807e-03
6.539216883914658086e-03
4.504845098922104392e-03
1.928525458344183948e-03
3.858087251633747754e-03
3.974524726020837312e-03
3.767827987587677070e-03
2.790109516289168787e-03
3.610839434878094275e-03
4.010647245390245447e-03
5.371944375165926995e-03
5.484133207681967520e-03
1.835428983966221278e-03
3.582133963168724396e-03
3.945884783195459204e-03
2.630002205246313642e-03
2.612228990537162135e-03
5.308432484954673722e-03
2.801030558282356468e-03
4.177829454610032869e-03
3.079434622828003832e-03
3.050142480394018880e-03
3.459946871446311582e-03
2.545895792589597962e-03
3.797677621772299617e-03
